-1843.137329
-2274.509765
-2441.176513
-2343.137207
-1901.960815
-1343.137329
401.960784
1058.823608
1715.686279
2186.274658
2401.960937
2421.568603
2009.803955
676.470581
-147.058822
-852.941162
-1509.803955
-2088.235351
-2352.941162
-2431.372558
-2117.647216
-1705.882324
-1029.411743
725.490234
1362.745117
2000.000000
2303.921630
2431.372558
2264.705810
1862.745117
333.333343
-450.980407
-1107.843139
-1764.705932
-2196.078369
-2431.372558
-2401.960937
-1362.745117
-588.235290
245.098037
950.980407
1539.215698
2107.843261
2372.549072
2441.176513
2088.235351
1637.254882
-19.607843
-686.274536
-1343.137329
-1980.392211
-2303.921630
-2421.568603
-2215.686279
-1088.235351
-225.490203
519.607849
1176.470581
1823.529418
2225.490234
2421.568603
1862.745117
1294.117675
500.000000
-235.294128
-950.980407
-1588.235351
-2137.254882
-2382.353027
-2431.372558
-2117.647216
-823.529418
19.607843
686.274536
1343.137329
1960.784301
2274.509765
2411.764648
1803.921630
1156.862792
294.117645
-1235.294189
-1892.156860
-2274.509765
-2441.176513
-2323.529541
-1882.353027
-1323.529418
441.176483
1098.039184
1754.901977
2196.078369
2411.764648
2401.960937
1980.392211
627.450988
-196.078430
-921.568664
-1529.411743
-2127.450927
-2343.137207
-2441.176513
-1617.647094
-892.156860
813.725524
1460.784301
2039.215698
2352.941162
2431.372558
2127.450927
1745.098022
1107.843139
303.921569
-480.392150
-1147.058837
-1823.529418
-2225.490234
-2401.960937
-2372.549072
-1950.980468
-1421.568603
-656.862731
1000.000000
1607.843139
2117.647216
2362.745117
2431.372558
2088.235351
1588.235351
-78.431373
-764.705871
-1441.176513
-2029.411743
-2343.137207
-2421.568603
-2147.058837
-1029.411743
-147.058822
568.627441
1245.098022
1882.353027
2235.294189
2245.098144
1843.137329
1245.098022
450.980407
-323.529418
-1058.823608
-1705.882324
-2421.568603
-2392.156982
-1970.588256
-1441.176513
-656.862731
156.862747
833.333374
2107.843261
2382.353027
2431.372558
2088.235351
1627.451049
931.372558
127.450981
-1362.745117
-2000.000000
-2284.313720
-2441.176513
-2235.294189
-1852.941162
-1245.098022
500.000000
1098.039184
1764.705932
2196.078369
2392.156982
2401.960937
1372.549072
588.235290
-205.882354
-941.176513
-1568.627441
-2117.647216
-2372.549072
-2078.431396
-1578.431396
-843.137268
29.411766
686.274536
1352.941162
1970.588256
2441.176513
2147.058837
1784.313720
1147.058837
303.921569
-450.980407
-1117.647094
-2264.705810
-2431.372558
-2352.941162
-1921.568603
-1352.941162
-539.215698
284.313720
980.392150
1588.235351
2098.039306
2421.568603
2039.215698
1549.019653
-147.058822
-862.745117
-1490.196166
-2098.039306
-2343.137207
-2421.568603
-2137.254882
-931.372558
-98.039215
578.431396
1245.098022
1892.156860
2245.098144
2392.156982
1843.137329
1215.686279
411.764709
-382.352935
-1068.627441
-1725.490234
-2186.274658
-2372.549072
-1941.176513
-1421.568603
-637.254943
215.686279
921.568664
1509.803955
2078.431396
2352.941162
2421.568603
2107.843261
1696.078491
1019.607849
166.666671
-568.627441
-1235.294189
-1901.960815
-2274.509765
-2254.902099
-1862.745117
-1225.490234
-382.352935
421.568634
1088.235351
1754.901977
2186.274658
2401.960937
2392.156982
1990.196166
1480.392211
745.098083
-58.823532
-745.098083
-1392.156860
-2019.607910
-2323.529541
-2137.254882
-1715.686279
-1049.019653
-186.274520
568.627441
1186.274536
1862.745117
2421.568603
2254.902099
1862.745117
1264.705932
450.980407
-333.333343
-1029.411743
-1696.078491
-2166.666748
-2401.960937
-2421.568603
-2039.215698
-1539.215698
-774.509826
58.823532
745.098083
1382.353027
1980.392211
2441.176513
2147.058837
1745.098022
1098.039184
264.705902
-490.196075
-1156.862792
-2264.705810
-2421.568603
-2333.333496
-1901.960815
-1313.725463
-500.000000
254.901962
931.372558
1568.627441
2107.843261
2362.745117
2421.568603
2098.039306
1647.058837
970.588256
147.058822
-549.019592
-1245.098022
-2284.313720
-2460.784423
-2284.313720
-1872.549072
-1264.705932
-411.764709
372.549041
1794.117675
2225.490234
2411.764648
2362.745117
1931.372558
1431.372558
656.862731
-147.058822
-862.745117
-1509.803955
-2107.843261
-2352.941162
-2441.176513
-2107.843261
-1676.470581
-1000.000000
-205.882354
549.019592
1921.568603
2254.902099
2431.372558
2323.529541
1911.764770
1313.725463
490.196075
-1117.647094
-1774.509887
-2235.294189
-2421.568603
-2401.960937
-1970.588256
-1470.588256
-686.274536
166.666671
843.137268
2088.235351
2372.549072
2441.176513
1558.823608
862.745117
19.607843
-647.058837
-1303.921630
-1970.588256
-2294.117675
-2166.666748
-1784.313720
-1137.254882
-284.313720
490.196075
1147.058837
1794.117675
2431.372558
2352.941162
1911.764770
1333.333374
529.411804
-254.901962
-970.588256
-2147.058837
-2392.156982
-2421.568603
-2058.823486
-1549.019653
-803.921569
19.607843
676.470581
1352.941162
1980.392211
2294.117675
2411.764648
2225.490234
1852.941162
1225.490234
411.764709
-392.156860
-1068.627441
-2215.686279
-2441.176513
-2392.156982
-1931.372558
-1411.764770
-637.254943
186.274520
901.960815
1509.803955
2078.431396
2411.764648
2088.235351
1607.843139
921.568664
98.039215
-568.627441
-1254.901977
-2303.921630
-2450.980468
-2245.098144
-1843.137329
-1215.686279
-382.352935
411.764709
1813.725463
2225.490234
2411.764648
2333.333496
1901.960815
1392.156860
647.058837
-166.666671
-892.156860
-1529.411743
-2098.039306
-2352.941162
-2441.176513
-2098.039306
-1696.078491
-1000.000000
-215.686279
549.019592
1196.078491
1872.549072
2254.902099
2401.960937
2343.137207
1941.176513
1372.549072
-343.137268
-1049.019653
-1676.470581
-2156.862792
-2421.568603
-2431.372558
-2009.803955
-1539.215698
-794.117675
49.019607
696.078430
1343.137329
1970.588256
2313.725585
2421.568603
2215.686279
1823.529418
1225.490234
-500.000000
-1137.254882
-1813.725463
-2245.098144
-2421.568603
-2362.745117
-1941.176513
-1431.372558
-627.450988
215.686279
892.156860
1519.607910
2068.627441
2343.137207
2431.372558
2088.235351
1715.686279
1019.607849
-686.274536
-1362.745117
-2000.000000
-2303.921630
-2450.980468
-2284.313720
-1862.745117
-313.725494
460.784332
1147.058837
1784.313720
2205.882324
2411.764648
2382.353027
1970.588256
1470.588256
696.078430
-970.588256
-1578.431396
-2137.254882
-2421.568603
-2058.823486
-1549.019653
-823.529418
19.607843
686.274536
1352.941162
2323.529541
2460.784423
2147.058837
1803.921630
1147.058837
284.313720
-470.588256
-1901.960815
-2254.902099
-2431.372558
-2343.137207
-1921.568603
-1343.137329
-529.411804
1078.431396
1745.098022
2176.470703
2411.764648
2411.764648
2009.803955
1509.803955
774.509826
-49.019607
-715.686279
-2078.431396
-2352.941162
-2441.176513
-2117.647216
-1735.294189
-1049.019653
-176.470596
1333.333374
1950.980468
2284.313720
2421.568603
2264.705810
1852.941162
1225.490234
421.568634
-392.156860
-1068.627441
-2225.490234
-2421.568603
-2392.156982
-1352.941162
-539.215698
284.313720
970.588256
1588.235351
2098.039306
2352.941162
2039.215698
1539.215698
803.921569
0.000000
-578.431396
-1235.294189
-1911.764770
-2450.980468
-2225.490234
-1852.941162
-1245.098022
-401.960784
392.156860
1078.431396
2196.078369
2392.156982
2362.745117
1960.784301
1421.568603
676.470581
-156.862747
-1598.039184
-2137.254882
-2401.960937
-2421.568603
-2088.235351
-1607.843139
68.627449
764.705871
1401.960815
2009.803955
2313.725585
2411.764648
2176.470703
1088.235351
225.490203
-490.196075
-1176.470581
-1843.137329
-2245.098144
-2450.980468
-1892.156860
-1294.117675
-460.784332
352.941192
1029.411743
1676.470581
2176.470703
2392.156982
1960.784301
1500.000000
784.313720
0.000000
-607.843139
-1274.509887
-2303.921630
-2421.568603
-2235.294189
-1843.137329
-1205.882324
-343.137268
431.372558
1098.039184
1764.705932
2176.470703
2362.745117
1931.372558
1372.549072
598.039245
-186.274520
-911.764709
-1539.215698
-2382.353027
-2441.176513
-2088.235351
-1598.039184
-843.137268
-39.215686
656.862731
2019.607910
2323.529541
2421.568603
2166.666748
1803.921630
1147.058837
343.137268
-441.176483
-1127.451049
-1784.313720
-2421.568603
-2343.137207
-1911.764770
-450.980407
352.941192
1029.411743
1666.666748
2147.058837
2401.960937
2421.568603
1460.784301
705.882385
-98.039215
-784.313720
-1441.176513
-2049.019531
-2352.941162
-2098.039306
-1676.470581
-1000.000000
-196.078430
549.019592
1166.666748
1852.941162
2421.568603
2303.921630
1882.353027
1303.921630
490.196075
-323.529418
-1000.000000
-1627.451049
-2137.254882
-2392.156982
-2009.803955
-1519.607910
-774.509826
58.823532
725.490234
1372.549072
2009.803955
2411.764648
2137.254882
1754.901977
1107.843139
254.901962
-490.196075
-1166.666748
-2284.313720
-2450.980468
-2333.333496
-1901.960815
-1303.921630
-519.607849
313.725494
1000.000000
1617.647094
2098.039306
2382.353027
2450.980468
2078.431396
1637.254882
950.980407
137.254898
-588.235290
-1245.098022
-2294.117675
-2441.176513
-2245.098144
-1843.137329
-1225.490234
-382.352935
392.156860
1794.117675
2205.882324
2421.568603
2362.745117
1950.980468
1421.568603
666.666687
-147.058822
-862.745117
-1500.000000
-2068.627441
-2343.137207
-2470.588378
-2147.058837
-1745.098022
-1088.235351
-235.294128
509.803924
1911.764770
2274.509765
2411.764648
2303.921630
1882.353027
1323.529418
529.411804
-1078.431396
-1764.705932
-2215.686279
-2411.764648
-2411.764648
-1980.392211
-578.431396
245.098037
950.980407
1539.215698
2107.843261
2352.941162
2431.372558
1578.431396
862.745117
29.411766
-647.058837
-1313.725463
-1960.784301
-2303.921630
-2176.470703
-1784.313720
-1137.254882
-303.921569
450.980407
1107.843139
1803.921630
2392.156982
2323.529541
1911.764770
1362.745117
568.627441
-245.098037
-931.372558
-2156.862792
-2401.960937
-2441.176513
-2058.823486
-1558.823608
-843.137268
0.000000
578.431396
1245.098022
1882.353027
2245.098144
2411.764648
2323.529541
1901.960815
1352.941162
558.823547
-245.098037
-931.372558
-2137.254882
-2421.568603
-2421.568603
-2039.215698
-1549.019653
-813.725524
29.411766
1490.196166
2068.627441
2323.529541
2421.568603
2127.450927
1754.901977
1117.647094
264.705902
-480.392150
-1166.666748
-2264.705810
-2441.176513
-2313.725585
-1882.353027
-1323.529418
-519.607849
313.725494
1000.000000
1588.235351
2098.039306
2382.353027
2431.372558
2098.039306
1637.254882
960.784301
-735.294128
-1382.353027
-2029.411743
-2323.529541
-2450.980468
-2196.078369
-1803.921630
-196.078430
529.411804
1176.470581
1823.529418
2245.098144
2421.568603
1892.156860
1274.509887
519.607849
-303.921569
-1009.803955
-1666.666748
-2147.058837
-2431.372558
-2009.803955
-1480.392211
-725.490234
88.235298
754.901977
1401.960815
2333.333496
2450.980468
2107.843261
1705.882324
1058.823608
225.490203
-509.803924
-1901.960815
-2284.313720
-2431.372558
-2333.333496
-1882.353027
-1303.921630
-470.588256
1137.254882
1803.921630
2215.686279
2411.764648
2372.549072
1970.588256
578.431396
-245.098037
-941.176513
-1558.823608
-2127.450927
-2382.353027
-2460.784423
-1558.823608
-833.333374
9.803922
656.862731
1313.725463
1931.372558
2274.509765
2411.764648
2274.509765
1882.353027
1303.921630
490.196075
-323.529418
-1009.803955
-1696.078491
-2166.666748
-2411.764648
-2431.372558
-2039.215698
-1539.215698
-784.313720
49.019607
1500.000000
2058.823486
2323.529541
2421.568603
2147.058837
1794.117675
1127.451049
-588.235290
-1245.098022
-1911.764770
-2284.313720
-2431.372558
-2323.529541
-1215.686279
-372.549041
411.764709
1068.627441
1754.901977
2186.274658
2401.960937
2382.353027
1990.196166
1500.000000
823.529418
-843.137268
-1480.392211
-2078.431396
-2362.745117
-2441.176513
-2127.450927
-1705.882324
-1019.607849
-186.274520
558.823547
1215.686279
1872.549072
2254.902099
2421.568603
2343.137207
1921.568603
1382.353027
598.039245
-1058.823608
-1715.686279
-2147.058837
-2401.960937
-2450.980468
-2039.215698
-1529.411743
-794.117675
49.019607
725.490234
2039.215698
2343.137207
2431.372558
2147.058837
1764.705932
1137.254882
294.117645
-470.588256
-1147.058837
-1823.529418
-2411.764648
-2313.725585
-1872.549072
-1303.921630
-490.196075
323.529418
1019.607849
2166.666748
2401.960937
2401.960937
1990.196166
1500.000000
813.725524
-9.803922
-1421.568603
-2049.019531
-2362.745117
-2441.176513
-2127.450927
-1725.490234
-1127.451049
607.843139
1284.313720
1901.960815
2264.705810
2411.764648
2313.725585
1872.549072
1323.529418
519.607849
-303.921569
-1000.000000
-1607.843139
-2117.647216
-2392.156982
-2450.980468
-2098.039306
-1637.254882
-892.156860
794.117675
1450.980468
2039.215698
2352.941162
2441.176513
2147.058837
1735.294189
1127.451049
294.117645
-480.392150
-1156.862792
-1803.921630
-2225.490234
-2421.568603
-2382.353027
-1960.784301
-1431.372558
-637.254943
1019.607849
1676.470581
2137.254882
2382.353027
2431.372558
2058.823486
1588.235351
843.137268
9.803922
-607.843139
-1303.921630
-1931.372558
-2284.313720
-2450.980468
-2313.725585
-1882.353027
-1274.509887
-460.784332
1137.254882
1803.921630
2225.490234
2392.156982
2372.549072
1931.372558
1431.372558
-313.725494
-1009.803955
-1676.470581
-2147.058837
-2411.764648
-2421.568603
-2049.019531
-1558.823608
-843.137268
9.803922
637.254943
1294.117675
1931.372558
2313.725585
2431.372558
2264.705810
1862.745117
1294.117675
-460.784332
-1137.254882
-1794.117675
-2245.098144
-2421.568603
-2382.353027
-1941.176513
-549.019592
274.509796
980.392150
1598.039184
2117.647216
2372.549072
2421.568603
2078.431396
1607.843139
931.372558
-754.901977
-1392.156860
-2039.215698
-2450.980468
-2127.450927
-1725.490234
-1049.019653
-176.470596
549.019592
1205.882324
2254.902099
2401.960937
2284.313720
1862.745117
1284.313720
480.392150
-323.529418
-1735.294189
-2205.882324
-2421.568603
-2401.960937
-1990.196166
-1470.588256
-705.882385
117.647064
823.529418
1450.980468
2352.941162
2431.372558
2098.039306
1656.862792
990.196105
176.470596
-568.627441
-1960.784301
-2303.921630
-2450.980468
-2274.509765
-1901.960815
-1254.901977
-441.176483
1156.862792
1833.333374
2245.098144
2401.960937
2362.745117
1931.372558
539.215698
-284.313720
-990.196105
-1627.451049
-2147.058837
-2382.353027
-2450.980468
-1539.215698
-794.117675
58.823532
725.490234
1392.156860
1980.392211
2313.725585
2098.039306
1754.901977
1107.843139
264.705902
-490.196075
-1147.058837
-1833.333374
-2431.372558
-2323.529541
-1882.353027
-1303.921630
-480.392150
343.137268
1029.411743
1676.470581
2147.058837
2392.156982
1970.588256
1480.392211
735.294128
-931.372558
-1588.235351
-2107.843261
-2382.353027
-2441.176513
-2088.235351
-1647.058837
-931.372558
-98.039215
578.431396
1245.098022
1892.156860
2254.902099
2421.568603
2343.137207
1901.960815
1323.529418
539.215698
-264.705902
-980.392150
-1598.039184
-2137.254882
-2431.372558
-2039.215698
-1539.215698
-803.921569
49.019607
696.078430
1362.745117
2323.529541
2421.568603
2137.254882
1754.901977
1117.647094
254.901962
-490.196075
-1921.568603
-2284.313720
-2431.372558
-2323.529541
-1892.156860
-1313.725463
421.568634
1088.235351
1764.705932
2186.274658
2401.960937
2382.353027
1980.392211
617.647094
-186.274520
-921.568664
-1539.215698
-2127.450927
-2362.745117
-2441.176513
-1598.039184
-882.352966
-39.215686
656.862731
1313.725463
1931.372558
2264.705810
2186.274658
1803.921630
1186.274536
323.529418
-450.980407
-1107.843139
-1794.117675
-2431.372558
-2352.941162
-1931.372558
-1372.549072
-568.627441
284.313720
1686.274536
2147.058837
2401.960937
2421.568603
2039.215698
1519.607910
803.921569
-872.549011
-1490.196166
-2088.235351
-2352.941162
-2450.980468
-2127.450927
-1725.490234
-68.627449
617.647094
1274.509887
1911.764770
2264.705810
2441.176513
2323.529541
1892.156860
1313.725463
509.803924
-323.529418
-1000.000000
-1637.254882
-2137.254882
-2392.156982
-2431.372558
-2098.039306
-1617.647094
68.627449
754.901977
1411.764770
2019.607910
2313.725585
2421.568603
2205.882324
1098.039184
254.901962
-500.000000
-1127.451049
-1764.705932
-2215.686279
-2431.372558
-1911.764770
-1362.745117
-549.019592
264.705902
970.588256
1588.235351
2127.450927
2372.549072
2421.568603
2098.039306
1637.254882
980.392150
147.058822
-558.823547
-1225.490234
-1921.568603
-2284.313720
-2421.568603
-1862.745117
-1235.294189
-372.549041
421.568634
1088.235351
1735.294189
2186.274658
2392.156982
2401.960937
1990.196166
1509.803955
735.294128
-88.235298
-764.705871
-1431.372558
-2039.215698
-2323.529541
-2450.980468
-2147.058837
-1764.705932
-1117.647094
627.450988
1264.705932
1921.568603
2264.705810
2411.764648
2313.725585
1892.156860
421.568634
-382.352935
-1068.627441
-1725.490234
-2205.882324
-2421.568603
-2411.764648
-1431.372558
-647.058837
176.470596
862.745117
1509.803955
2088.235351
2333.333496
2088.235351
1617.647094
931.372558
107.843139
-617.647094
-1264.705932
-1911.764770
-2441.176513
-2205.882324
-1823.529418
-1196.078491
-352.941192
450.980407
1843.137329
2225.490234
2401.960937
2343.137207
1931.372558
1401.960815
627.450988
-1039.215698
-1696.078491
-2166.666748
-2401.960937
-2431.372558
-2039.215698
-1519.607910
176.470596
872.549011
1509.803955
2078.431396
2333.333496
2411.764648
2107.843261
960.784301
147.058822
-568.627441
-1235.294189
-1911.764770
-2284.313720
-2421.568603
-1843.137329
-1235.294189
-372.549041
411.764709
1078.431396
1735.294189
2411.764648
2362.745117
1960.784301
1431.372558
676.470581
-147.058822
-872.549011
-2127.450927
-2382.353027
-2450.980468
-2088.235351
-1647.058837
-950.980407
-127.450981
1411.764770
1980.392211
2313.725585
2421.568603
2196.078369
1823.529418
1196.078491
-539.215698
-1225.490234
-1882.353027
-2254.902099
-2450.980468
-2313.725585
-1274.509887
-450.980407
362.745117
1039.215698
1696.078491
2156.862792
2382.353027
1950.980468
1441.176513
696.078430
-127.450981
-843.137268
-1470.588256
-2078.431396
-2431.372558
-2107.843261
-1637.254882
-950.980407
-117.647064
607.843139
1274.509887
2294.117675
2431.372558
2235.294189
1833.333374
1205.882324
382.352935
-401.960784
-1088.235351
-1764.705932
-2225.490234
-2411.764648
-2392.156982
-1970.588256
-1470.588256
-705.882385
127.450981
843.137268
1480.392211
2343.137207
2411.764648
2088.235351
1666.666748
1009.803955
156.862747
-598.039245
-1980.392211
-2323.529541
-2450.980468
-2225.490234
-1833.333374
-1205.882324
-343.137268
450.980407
1107.843139
1803.921630
2196.078369
2392.156982
2392.156982
1970.588256
1470.588256
725.490234
-98.039215
-774.509826
-2098.039306
-2362.745117
-2431.372558
-2137.254882
-1715.686279
-990.196105
-196.078430
1294.117675
1960.784301
2284.313720
2441.176513
2245.098144
1843.137329
313.725494
-441.176483
-1137.254882
-1794.117675
-2235.294189
-2431.372558
-2382.353027
-1343.137329
-519.607849
313.725494
1000.000000
1578.431396
2098.039306
2382.353027
2039.215698
1578.431396
833.333374
0.000000
-568.627441
-1254.901977
-1911.764770
-2460.784423
-2235.294189
-1833.333374
-1186.274536
-343.137268
450.980407
1117.647094
2245.098144
2441.176513
2352.941162
1921.568603
1392.156860
607.843139
-205.882354
-1656.862792
-2137.254882
-2382.353027
-2431.372558
-2058.823486
-1588.235351
147.058822
843.137268
1470.588256
2068.627441
2333.333496
2441.176513
2127.450927
970.588256
147.058822
-558.823547
-1245.098022
-1872.549072
-2284.313720
-2441.176513
-1843.137329
-1205.882324
-382.352935
421.568634
1098.039184
1745.098022
2176.470703
2431.372558
2411.764648
2000.000000
725.490234
-98.039215
-784.313720
-1421.568603
-2058.823486
-2343.137207
-2450.980468
-2147.058837
-1754.901977
-1107.843139
-254.901962
500.000000
1088.235351
1764.705932
2215.686279
2313.725585
1911.764770
1372.549072
588.235290
-215.686279
-941.176513
-1558.823608
-2392.156982
-2431.372558
-2049.019531
-1558.823608
-852.941162
-9.803922
637.254943
2019.607910
2323.529541
2411.764648
2156.862792
1774.509887
1156.862792
-578.431396
-1235.294189
-1892.156860
-2274.509765
-2431.372558
-2313.725585
-1892.156860
-401.960784
411.764709
1098.039184
1715.686279
2186.274658
2411.764648
2401.960937
1450.980468
696.078430
-137.254898
-882.352966
-1490.196166
-2098.039306
-2352.941162
-2107.843261
-1637.254882
-931.372558
-88.235298
617.647094
1235.294189
1901.960815
2254.902099
2431.372558
2333.333496
1225.490234
401.960784
-372.549041
-1078.431396
-2235.294189
-2431.372558
-2401.960937
-1960.784301
-1431.372558
-637.254943
1019.607849
1666.666748
2166.666748
2362.745117
2401.960937
2049.019531
1558.823608
-98.039215
-784.313720
-1450.980468
-2039.215698
-2343.137207
-2460.784423
-2137.254882
-1000.000000
-205.882354
529.411804
1215.686279
1872.549072
2264.705810
2431.372558
2333.333496
1892.156860
1362.745117
588.235290
-235.294128
-960.784301
-1568.627441
-2117.647216
-2362.745117
-2441.176513
-2107.843261
-823.529418
19.607843
676.470581
1323.529418
1941.176513
2294.117675
2421.568603
1784.313720
1127.451049
303.921569
-450.980407
-1117.647094
-1803.921630
-2225.490234
-2372.549072
-1931.372558
-1362.745117
-558.823547
284.313720
980.392150
2156.862792
2382.353027
2421.568603
2049.019531
1549.019653
843.137268
9.803922
-1401.960815
-2039.215698
-2343.137207
-2431.372558
-2176.470703
-1774.509887
-1147.058837
588.235290
1254.901977
1872.549072
2235.294189
2392.156982
2343.137207
1921.568603
441.176483
-401.960784
-1058.823608
-1745.098022
-2176.470703
-2401.960937
-2421.568603
-1480.392211
-676.470581
147.058822
843.137268
1490.196166
2068.627441
2441.176513
2107.843261
1666.666748
960.784301
127.450981
-588.235290
-1245.098022
-2294.117675
-2441.176513
-2254.902099
-1862.745117
-1215.686279
-382.352935
421.568634
1803.921630
2225.490234
2411.764648
2343.137207
1931.372558
1401.960815
647.058837
-1000.000000
-1598.039184
-2147.058837
-2392.156982
-2411.764648
-2078.431396
-1627.451049
49.019607
705.882385
1362.745117
1980.392211
2303.921630
2421.568603
2196.078369
1852.941162
1215.686279
372.549041
-1196.078491
-1872.549072
-2264.705810
-2313.725585
-1892.156860
-1294.117675
-460.784332
362.745117
1039.215698
1676.470581
2401.960937
2401.960937
1960.784301
1480.392211
705.882385
-107.843139
-823.529418
-1470.588256
-2078.431396
-2362.745117
-2117.647216
-1656.862792
-960.784301
-107.843139
598.039245
1274.509887
1892.156860
2431.372558
2245.098144
1852.941162
1205.882324
411.764709
-392.156860
-1058.823608
-2215.686279
-2421.568603
-2372.549072
-1941.176513
-1431.372558
-647.058837
205.882354
901.960815
1519.607910
2078.431396
2421.568603
2078.431396
1627.451049
970.588256
117.647064
-588.235290
-1264.705932
-2323.529541
-2441.176513
-2225.490234
-1843.137329
-1196.078491
-362.745117
421.568634
1088.235351
1754.901977
2196.078369
2401.960937
2382.353027
1970.588256
1480.392211
735.294128
-107.843139
-813.725524
-1480.392211
-2372.549072
-2450.980468
-2117.647216
-1666.666748
-990.196105
-156.862747
558.823547
1225.490234
1892.156860
2245.098144
2235.294189
1852.941162
1225.490234
421.568634
-382.352935
-1058.823608
-1735.294189
-2421.568603
-2382.353027
-1950.980468
-1411.764770
-656.862731
176.470596
882.352966
2117.647216
2372.549072
2431.372558
2058.823486
1617.647094
931.372558
107.843139
-607.843139
-1274.509887
-1931.372558
-2450.980468
-2215.686279
-1823.529418
-235.294128
519.607849
1176.470581
1813.725463
2235.294189
2460.784423
2352.941162
1303.921630
500.000000
-254.901962
-950.980407
-1578.431396
-2127.450927
-2382.353027
-2058.823486
-1549.019653
-813.725524
9.803922
627.450988
1294.117675
1941.176513
2421.568603
2196.078369
1813.725463
1156.862792
323.529418
-450.980407
-1098.039184
-2264.705810
-2441.176513
-2362.745117
-1921.568603
-1382.353027
-568.627441
1049.019653
1705.882324
2176.470703
2392.156982
2431.372558
2029.411743
1519.607910
-176.470596
-911.764709
-1529.411743
-2107.843261
-2352.941162
-2450.980468
-2117.647216
-901.960815
-88.235298
627.450988
1264.705932
1892.156860
2264.705810
2421.568603
2313.725585
1911.764770
1343.137329
-431.372558
-1117.647094
-1784.313720
-2215.686279
-2401.960937
-2401.960937
-1970.588256
-588.235290
225.490203
931.372558
1539.215698
2098.039306
2333.333496
2421.568603
1598.039184
911.764709
98.039215
-578.431396
-1254.901977
-1921.568603
-2294.117675
-2225.490234
-1843.137329
-1205.882324
-382.352935
441.176483
1107.843139
1774.509887
2186.274658
2382.353027
2401.960937
1372.549072
617.647094
-225.490203
-931.372558
-1539.215698
-2107.843261
-2382.353027
-2450.980468
-2107.843261
-1666.666748
-960.784301
-117.647064
598.039245
1235.294189
1892.156860
2284.313720
2431.372558
2294.117675
1245.098022
411.764709
-362.745117
-1058.823608
-1715.686279
-2176.470703
-2401.960937
-1950.980468
-1421.568603
-666.666687
176.470596
862.745117
1500.000000
2058.823486
2303.921630
2431.372558
2147.058837
1029.411743
166.666671
-568.627441
-1245.098022
-1882.353027
-2264.705810
-2421.568603
-1882.353027
-1245.098022
-431.372558
392.156860
1049.019653
1696.078491
2137.254882
2382.353027
2411.764648
2039.215698
1529.411743
794.117675
-39.215686
-705.882385
-1382.353027
-2009.803955
-2323.529541
-2431.372558
-2186.274658
-1794.117675
-1166.666748
578.431396
1235.294189
1872.549072
2245.098144
2421.568603
2303.921630
1901.960815
441.176483
-372.549041
-1039.215698
-1725.490234
-2215.686279
-2382.353027
-2441.176513
-1431.372558
-666.666687
205.882354
901.960815
1519.607910
2088.235351
2333.333496
2098.039306
1637.254882
941.176513
98.039215
-568.627441
-1245.098022
-1882.353027
-2264.705810
-2431.372558
-2343.137207
-1235.294189
-411.764709
401.960784
1058.823608
1725.490234
2186.274658
2411.764648
1950.980468
1441.176513
666.666687
-147.058822
-862.745117
-1490.196166
-2098.039306
-2441.176513
-2107.843261
-1627.451049
-931.372558
-88.235298
607.843139
2000.000000
2303.921630
2441.176513
2264.705810
1852.941162
1264.705932
470.588256
-1156.862792
-1794.117675
-2235.294189
-2421.568603
-2401.960937
-1950.980468
-1431.372558
333.333343
1000.000000
1627.451049
2127.450927
2362.745117
2421.568603
2068.627441
813.725524
-9.803922
-666.666687
-1343.137329
-1960.784301
-2284.313720
-2431.372558
-1784.313720
-1117.647094
-284.313720
490.196075
1147.058837
1794.117675
2215.686279
2421.568603
2362.745117
1921.568603
539.215698
-294.117645
-990.196105
-1627.451049
-2127.450927
-2382.353027
-2441.176513
-2088.235351
-1588.235351
-872.549011
-39.215686
656.862731
1313.725463
1931.372558
2284.313720
2411.764648
2284.313720
1882.353027
343.137268
-450.980407
-1107.843139
-1784.313720
-2215.686279
-2411.764648
-2382.353027
-1372.549072
-558.823547
284.313720
970.588256
1578.431396
2088.235351
2352.941162
2411.764648
2117.647216
1637.254882
950.980407
147.058822
-588.235290
-1235.294189
-1892.156860
-2284.313720
-2431.372558
-2313.725585
-1215.686279
-382.352935
421.568634
1088.235351
1745.098022
2215.686279
2401.960937
1931.372558
1401.960815
637.254943
-186.274520
-911.764709
-1519.607910
-2107.843261
-2441.176513
-2088.235351
-1607.843139
-892.156860
-29.411766
647.058837
1303.921630
1931.372558
2294.117675
2441.176513
1784.313720
1156.862792
313.725494
-441.176483
-1137.254882
-1784.313720
-2205.882324
-2343.137207
-1892.156860
-1362.745117
-549.019592
284.313720
990.196105
2147.058837
2362.745117
2392.156982
2049.019531
1558.823608
852.941162
-9.803922
-1431.372558
-2029.411743
-2333.333496
-2450.980468
-2166.666748
-1764.705932
-1107.843139
617.647094
1264.705932
1921.568603
2264.705810
2411.764648
2294.117675
1862.745117
1294.117675
519.607849
-294.117645
-1735.294189
-2176.470703
-2411.764648
-2421.568603
-2000.000000
-1558.823608
-813.725524
39.215686
705.882385
1372.549072
1980.392211
2274.509765
2401.960937
2225.490234
1852.941162
245.098037
-500.000000
-1127.451049
-1774.509887
-2215.686279
-2431.372558
-2421.568603
-1382.353027
-578.431396
264.705902
960.784301
1568.627441
2107.843261
2333.333496
2411.764648
2078.431396
1666.666748
980.392150
166.666671
-568.627441
-1235.294189
-1882.353027
-2284.313720
-2421.568603
-2333.333496
-1235.294189
-421.568634
411.764709
1068.627441
1725.490234
2186.274658
2392.156982
1941.176513
1411.764770
666.666687
-166.666671
-901.960815
-1490.196166
-2088.235351
-2441.176513
-2098.039306
-1617.647094
-911.764709
-68.627449
607.843139
2000.000000
2294.117675
2421.568603
2254.902099
1862.745117
1254.901977
441.176483
-1147.058837
-1794.117675
-2225.490234
-2431.372558
-2372.549072
-1960.784301
-1421.568603
323.529418
1009.803955
1676.470581
2166.666748
2382.353027
2431.372558
2049.019531
1578.431396
872.549011
19.607843
-1421.568603
-2019.607910
-2323.529541
-2450.980468
-2176.470703
-1803.921630
-1147.058837
578.431396
1245.098022
1892.156860
2264.705810
2431.372558
2352.941162
1911.764770
450.980407
-343.137268
-1039.215698
-1705.882324
-2186.274658
-2421.568603
-2421.568603
-1441.176513
-686.274536
166.666671
852.941162
1529.411743
2078.431396
2421.568603
2088.235351
1607.843139
941.176513
127.450981
-598.039245
-1264.705932
-2323.529541
-2431.372558
-2235.294189
-1813.725463
-1196.078491
-352.941192
441.176483
1862.745117
2264.705810
2411.764648
2323.529541
1901.960815
1382.353027
598.039245
-215.686279
-931.372558
-1568.627441
-2137.254882
-2362.745117
-2450.980468
-2107.843261
-1666.666748
-960.784301
-98.039215
578.431396
1960.784301
2284.313720
2441.176513
2235.294189
1862.745117
1235.294189
411.764709
-1176.470581
-1794.117675
-2235.294189
-2411.764648
-2352.941162
-1911.764770
-1392.156860
352.941192
1039.215698
1686.274536
2176.470703
2411.764648
2441.176513
1470.588256
715.686279
-117.647064
-843.137268
-1470.588256
-2068.627441
-2343.137207
-2127.450927
-1637.254882
-931.372558
-127.450981
588.235290
1264.705932
1882.353027
2411.764648
2235.294189
1803.921630
1235.294189
392.156860
-392.156860
-1068.627441
-2225.490234
-2431.372558
-2372.549072
-1950.980468
-1431.372558
-637.254943
1019.607849
1656.862792
2147.058837
2392.156982
2401.960937
2039.215698
1578.431396
862.745117
29.411766
-647.058837
-1323.529418
-2333.333496
-2431.372558
-2176.470703
-1803.921630
-1156.862792
-303.921569
1264.705932
1901.960815
2284.313720
2431.372558
2303.921630
1882.353027
1333.333374
-421.568634
-1088.235351
-1774.509887
-2225.490234
-2411.764648
-2411.764648
-1990.196166
-588.235290
245.098037
931.372558
1539.215698
2088.235351
2352.941162
2431.372558
2088.235351
1676.470581
1000.000000
-647.058837
-1313.725463
-1950.980468
-2294.117675
-2450.980468
-2274.509765
-1872.549072
-303.921569
480.392150
1137.254882
1803.921630
2235.294189
2431.372558
2372.549072
1343.137329
568.627441
-245.098037
-960.784301
-1598.039184
-2107.843261
-2352.941162
-2058.823486
-1549.019653
-833.333374
19.607843
686.274536
1333.333374
2352.941162
2421.568603
2137.254882
1754.901977
1137.254882
303.921569
-490.196075
-1862.745117
-2245.098144
-2441.176513
-2333.333496
-1911.764770
-1343.137329
-539.215698
1098.039184
1754.901977
2196.078369
2392.156982
2401.960937
1970.588256
1500.000000
803.921569
-19.607843
-696.078430
-1352.941162
-2009.803955
-2284.313720
-2431.372558
-2215.686279
-1823.529418
-1176.470581
-343.137268
470.588256
1127.451049
1774.509887
2196.078369
2382.353027
2401.960937
1960.784301
1480.392211
735.294128
-98.039215
-803.921569
-1431.372558
-2039.215698
-2343.137207
-2431.372558
-1676.470581
-990.196105
-156.862747
568.627441
1225.490234
1892.156860
2245.098144
2431.372558
2323.529541
1901.960815
1352.941162
568.627441
-254.901962
-990.196105
-1568.627441
-2127.450927
-2382.353027
-2441.176513
-2088.235351
-1627.451049
-901.960815
754.901977
1411.764770
1990.196166
2303.921630
2431.372558
2166.666748
1784.313720
186.274520
-549.019592
-1215.686279
-1862.745117
-2254.902099
-2401.960937
-2333.333496
-1284.313720
-460.784332
392.156860
1039.215698
1696.078491
2117.647216
2411.764648
1960.784301
1460.784301
705.882385
-98.039215
-813.725524
-1460.784301
-2068.627441
-2421.568603
-2117.647216
-1676.470581
-1009.803955
-117.647064
617.647094
1970.588256
2294.117675
2411.764648
2254.902099
1843.137329
1235.294189
382.352935
-1176.470581
-1833.333374
-2225.490234
-2421.568603
-2362.745117
-1931.372558
-1382.353027
372.549041
1039.215698
1676.470581
2137.254882
2401.960937
2411.764648
2039.215698
1539.215698
813.725524
9.803922
-647.058837
-1294.117675
-1960.784301
-2294.117675
-2450.980468
-2274.509765
-1862.745117
-1254.901977
500.000000
1127.451049
1764.705932
2196.078369
2411.764648
2382.353027
1960.784301
637.254943
-196.078430
-901.960815
-1519.607910
-2117.647216
-2382.353027
-2450.980468
-2107.843261
-1676.470581
-980.392150
-156.862747
558.823547
1225.490234
1882.353027
2245.098144
2441.176513
2303.921630
1892.156860
421.568634
-372.549041
-1068.627441
-1705.882324
-2186.274658
-2392.156982
-2421.568603
-1431.372558
-637.254943
176.470596
882.352966
1480.392211
2078.431396
2323.529541
2421.568603
2127.450927
1705.882324
1029.411743
186.274520
-549.019592
-1205.882324
-1862.745117
-2264.705810
-2421.568603
-2333.333496
-1254.901977
-411.764709
401.960784
1068.627441
1696.078491
2137.254882
2392.156982
1950.980468
1450.980468
696.078430
-127.450981
-833.333374
-1490.196166
-2078.431396
-2441.176513
-2098.039306
-1637.254882
-950.980407
-117.647064
607.843139
1980.392211
2284.313720
2421.568603
2225.490234
1833.333374
1225.490234
401.960784
-1196.078491
-1852.941162
-2254.902099
-2421.568603
-2382.353027
-1950.980468
-1392.156860
-598.039245
245.098037
941.176513
2137.254882
2382.353027
2411.764648
2058.823486
1617.647094
901.960815
78.431373
-1372.549072
-2019.607910
-2333.333496
-2431.372558
-2196.078369
-1813.725463
-1156.862792
578.431396
1235.294189
1882.353027
2245.098144
2401.960937
2333.333496
1892.156860
1343.137329
539.215698
-264.705902
-1705.882324
-2186.274658
-2411.764648
-1960.784301
-1441.176513
-656.862731
176.470596
882.352966
1509.803955
2058.823486
2441.176513
2088.235351
1637.254882
941.176513
117.647064
-617.647094
-1274.509887
-2323.529541
-2421.568603
-2205.882324
-1823.529418
-1205.882324
-352.941192
441.176483
1843.137329
2245.098144
2421.568603
2352.941162
1921.568603
1392.156860
627.450988
-205.882354
-921.568664
-1539.215698
-2117.647216
-2392.156982
-2450.980468
-2088.235351
-1656.862792
-990.196105
-156.862747
588.235290
1960.784301
2303.921630
2411.764648
2235.294189
1852.941162
1245.098022
421.568634
-1166.666748
-1823.529418
-2235.294189
-2431.372558
-2382.353027
-1931.372558
-1392.156860
-607.843139
245.098037
892.156860
2137.254882
2362.745117
2411.764648
1539.215698
784.313720
-29.411766
-705.882385
-1401.960815
-2039.215698
-2323.529541
-2107.843261
-1715.686279
-1039.215698
-156.862747
578.431396
1235.294189
1901.960815
2421.568603
2264.705810
1872.549072
1264.705932
431.372558
-352.941192
-1029.411743
-2225.490234
-2431.372558
-2392.156982
-1950.980468
-1431.372558
-666.666687
1009.803955
1656.862792
2127.450927
2362.745117
2421.568603
2088.235351
1578.431396
-107.843139
-833.333374
-1480.392211
-2088.235351
-2362.745117
-2441.176513
-2137.254882
-941.176513
-98.039215
598.039245
1225.490234
1882.353027
2264.705810
2401.960937
1862.745117
1235.294189
401.960784
-362.745117
-1049.019653
-1725.490234
-2186.274658
-2411.764648
-1941.176513
-1421.568603
-637.254943
205.882354
901.960815
1519.607910
2058.823486
2343.137207
2421.568603
1647.058837
960.784301
137.254898
-588.235290
-1264.705932
-1921.568603
-2284.313720
-2235.294189
-1843.137329
-1196.078491
-392.156860
431.372558
1107.843139
2235.294189
2421.568603
2372.549072
1931.372558
1411.764770
637.254943
-205.882354
-1666.666748
-2147.058837
-2372.549072
-2421.568603
-2078.431396
-1588.235351
-862.745117
833.333374
1480.392211
2068.627441
2333.333496
2431.372558
2147.058837
1735.294189
1058.823608
235.294128
-529.411804
-1186.274536
-1862.745117
-2254.902099
-2411.764648
-2343.137207
-1931.372558
-1362.745117
-549.019592
1078.431396
1735.294189
2156.862792
2401.960937
2411.764648
2029.411743
1500.000000
833.333374
0.000000
-598.039245
-1970.588256
-2294.117675
-2450.980468
-2264.705810
-1137.254882
-294.117645
490.196075
1156.862792
1823.529418
2235.294189
2421.568603
2382.353027
1931.372558
1401.960815
656.862731
-156.862747
-892.156860
-1509.803955
-2088.235351
-2343.137207
-2421.568603
-2117.647216
-911.764709
-98.039215
598.039245
1254.901977
1892.156860
2245.098144
2411.764648
1882.353027
1225.490234
431.372558
-372.549041
-1058.823608
-1725.490234
-2186.274658
-2382.353027
-1941.176513
-1431.372558
-666.666687
215.686279
882.352966
2127.450927
2352.941162
2441.176513
2098.039306
1617.647094
941.176513
107.843139
-1401.960815
-2000.000000
-2323.529541
-2431.372558
-2215.686279
-1833.333374
-1215.686279
539.215698
1176.470581
1852.941162
2245.098144
2401.960937
2333.333496
1921.568603
490.196075
-323.529418
-1019.607849
-1666.666748
-2156.862792
-2382.353027
-2401.960937
-2039.215698
-1539.215698
-813.725524
39.215686
705.882385
1382.353027
1990.196166
2294.117675
2401.960937
2215.686279
1833.333374
254.901962
-509.803924
-1156.862792
-1823.529418
-2235.294189
-2441.176513
-2352.941162
-1323.529418
-509.803924
323.529418
1000.000000
1617.647094
2127.450927
2343.137207
2421.568603
2078.431396
1617.647094
931.372558
117.647064
-617.647094
-1294.117675
-1941.176513
-2264.705810
-2441.176513
-2313.725585
-1186.274536
-323.529418
441.176483
1098.039184
1764.705932
2196.078369
2401.960937
2392.156982
1980.392211
1450.980468
-245.098037
-960.784301
-1588.235351
-2392.156982
-2450.980468
-2049.019531
-1558.823608
-833.333374
9.803922
637.254943
2039.215698
2333.333496
2441.176513
2176.470703
1794.117675
1166.666748
343.137268
-1215.686279
-1892.156860
-2274.509765
-2441.176513
-2333.333496
-1921.568603
-1333.333374
-519.607849
313.725494
980.392150
1598.039184
2127.450927
2382.353027
2431.372558
2068.627441
1617.647094
931.372558
88.235298
-1382.353027
-2009.803955
-2323.529541
-2421.568603
-2196.078369
-1823.529418
-1196.078491
549.019592
1176.470581
1843.137329
2235.294189
2411.764648
2333.333496
1931.372558
1382.353027
578.431396
-235.294128
-960.784301
-1578.431396
-2117.647216
-2392.156982
-2431.372558
-2088.235351
-1617.647094
-921.568664
764.705871
1411.764770
2019.607910
2294.117675
2411.764648
2186.274658
1784.313720
235.294128
-529.411804
-1196.078491
-1852.941162
-2254.902099
-2441.176513
-2343.137207
-1294.117675
-470.588256
362.745117
1029.411743
1696.078491
2147.058837
2382.353027
1980.392211
1500.000000
794.117675
-29.411766
-735.294128
-1401.960815
-2352.941162
-2441.176513
-2137.254882
-1715.686279
-1039.215698
-196.078430
558.823547
1941.176513
2284.313720
2411.764648
2264.705810
1872.549072
1284.313720
490.196075
-1098.039184
-1784.313720
-2215.686279
-2431.372558
-2392.156982
-1950.980468
-1460.784301
294.117645
980.392150
1598.039184
2107.843261
2362.745117
2421.568603
1568.627441
823.529418
19.607843
-676.470581
-1343.137329
-1980.392211
-2313.725585
-2147.058837
-1754.901977
-1098.039184
-254.901962
500.000000
1107.843139
1764.705932
2401.960937
2313.725585
1911.764770
1392.156860
607.843139
-186.274520
-921.568664
-2156.862792
-2392.156982
-2441.176513
-2078.431396
-1568.627441
-852.941162
-9.803922
1421.568603
2049.019531
2333.333496
2421.568603
2156.862792
1774.509887
1147.058837
343.137268
-460.784332
-1127.451049
-1784.313720
-2225.490234
-2421.568603
-2392.156982
-1970.588256
-1450.980468
-686.274536
156.862747
1598.039184
2098.039306
2362.745117
2450.980468
2107.843261
1627.451049
931.372558
117.647064
-617.647094
-1274.509887
-1921.568603
-2284.313720
-2431.372558
-2303.921630
-1892.156860
-1284.313720
-470.588256
343.137268
1745.098022
2196.078369
2392.156982
2372.549072
1980.392211
1460.784301
725.490234
-921.568664
-1558.823608
-2127.450927
-2392.156982
-2421.568603
-2088.235351
-1676.470581
-980.392150
-127.450981
588.235290
1225.490234
1892.156860
2254.902099
2254.902099
1843.137329
1274.509887
460.784332
-372.549041
-1039.215698
-1715.686279
-2431.372558
-2401.960937
-1980.392211
-1441.176513
-656.862731
166.666671
892.156860
2107.843261
2352.941162
2411.764648
2088.235351
1607.843139
921.568664
127.450981
-1362.745117
-2019.607910
-2313.725585
-2450.980468
-2176.470703
-1813.725463
-1147.058837
-313.725494
441.176483
1107.843139
2215.686279
2421.568603
2323.529541
1245.098022
460.784332
-343.137268
-1029.411743
-1705.882324
-2176.470703
-2401.960937
-1960.784301
-1431.372558
-686.274536
176.470596
862.745117
1480.392211
2078.431396
2411.764648
2088.235351
1637.254882
950.980407
147.058822
-588.235290
-1245.098022
-1901.960815
-2284.313720
-2450.980468
-1852.941162
-1215.686279
-382.352935
411.764709
1078.431396
1735.294189
2186.274658
2372.549072
1911.764770
1411.764770
637.254943
-176.470596
-892.156860
-1519.607910
-2098.039306
-2343.137207
-2431.372558
-2127.450927
-1686.274536
-1000.000000
-196.078430
539.215698
1176.470581
1823.529418
2235.294189
2294.117675
1852.941162
1284.313720
480.392150
-323.529418
-1019.607849
-1686.274536
-2411.764648
-2411.764648
-1970.588256
-1470.588256
-705.882385
147.058822
833.333374
1460.784301
2058.823486
2313.725585
2421.568603
2127.450927
1735.294189
1098.039184
254.901962
-490.196075
-1156.862792
-1843.137329
-2421.568603
-2284.313720
-1882.353027
-1294.117675
-480.392150
362.745117
1019.607849
1666.666748
2137.254882
2392.156982
1990.196166
1470.588256
725.490234
-78.431373
-764.705871
-1431.372558
-2049.019531
-2323.529541
-2431.372558
-2127.450927
-1774.509887
-1107.843139
-264.705902
480.392150
1147.058837
2264.705810
2401.960937
2313.725585
1901.960815
1343.137329
529.411804
-274.509796
-1725.490234
-2166.666748
-2411.764648
-2431.372558
-2009.803955
-1519.607910
205.882354
892.156860
1519.607910
2098.039306
2352.941162
2431.372558
2098.039306
950.980407
127.450981
-588.235290
-1254.901977
-1921.568603
-2274.509765
-2431.372558
-1833.333374
-1205.882324
-343.137268
441.176483
1098.039184
1754.901977
2196.078369
2343.137207
1911.764770
1382.353027
627.450988
-196.078430
-882.352966
-1529.411743
-2088.235351
-2352.941162
-2431.372558
-2117.647216
-1666.666748
-970.588256
-127.450981
568.627441
1235.294189
1901.960815
2264.705810
2254.902099
1862.745117
1235.294189
431.372558
-382.352935
-1058.823608
-1735.294189
-2431.372558
-2392.156982
-1950.980468
-1401.960815
-627.450988
215.686279
882.352966
1490.196166
2078.431396
2343.137207
2431.372558
2098.039306
1696.078491
1058.823608
156.862747
-549.019592
-1215.686279
-1862.745117
-2431.372558
-2294.117675
-1137.254882
-284.313720
490.196075
1127.451049
1774.509887
2215.686279
2401.960937
1901.960815
1343.137329
598.039245
-1058.823608
-1705.882324
-2186.274658
-2401.960937
-2450.980468
-2000.000000
-1568.627441
117.647064
833.333374
1470.588256
2068.627441
2323.529541
2431.372558
2107.843261
970.588256
147.058822
-588.235290
-1245.098022
-1882.353027
-2264.705810
-2421.568603
-2343.137207
-1911.764770
-1333.333374
-509.803924
313.725494
1009.803955
1647.058837
2127.450927
2372.549072
2421.568603
2068.627441
784.313720
-68.627449
-725.490234
-1392.156860
-2029.411743
-2333.333496
-2421.568603
-1715.686279
-1049.019653
-176.470596
549.019592
1215.686279
1862.745117
2215.686279
2392.156982
2333.333496
1892.156860
1382.353027
598.039245
-205.882354
-941.176513
-1568.627441
-2127.450927
-2382.353027
-2450.980468
-1578.431396
-843.137268
-9.803922
637.254943
1294.117675
1941.176513
2264.705810
2176.470703
1784.313720
1176.470581
352.941192
-450.980407
-1117.647094
-1764.705932
-2196.078369
-2411.764648
-2392.156982
-1970.588256
-1470.588256
-686.274536
156.862747
852.941162
1480.392211
2068.627441
2333.333496
2421.568603
2107.843261
1725.490234
107.843139
-598.039245
-1284.313720
-1931.372558
-2294.117675
-2421.568603
-2313.725585
-1186.274536
-352.941192
470.588256
1127.451049
1784.313720
2186.274658
2411.764648
1921.568603
1401.960815
588.235290
-215.686279
-931.372558
-1578.431396
-2117.647216
-2382.353027
-2431.372558
-2088.235351
-852.941162
9.803922
627.450988
1284.313720
1921.568603
2274.509765
2411.764648
2303.921630
1862.745117
1303.921630
509.803924
-303.921569
-1009.803955
-1637.254882
-2147.058837
-2401.960937
-2009.803955
-1480.392211
-725.490234
107.843139
823.529418
1431.372558
2372.549072
2421.568603
2098.039306
1676.470581
1039.215698
156.862747
-568.627441
-1960.784301
-2303.921630
-2450.980468
-2254.902099
-1862.745117
-1245.098022
500.000000
1107.843139
1764.705932
2205.882324
2411.764648
2401.960937
1960.784301
598.039245
-225.490203
-931.372558
-1549.019653
-2078.431396
-2343.137207
-2450.980468
-1568.627441
-862.745117
0.000000
568.627441
1205.882324
1852.941162
2225.490234
2284.313720
1852.941162
1235.294189
441.176483
-372.549041
-1058.823608
-1705.882324
-2176.470703
-2401.960937
-2421.568603
-1450.980468
-705.882385
166.666671
862.745117
1490.196166
2078.431396
2303.921630
2078.431396
1627.451049
950.980407
127.450981
-578.431396
-1264.705932
-1901.960815
-2441.176513
-2215.686279
-1843.137329
-1186.274536
-343.137268
450.980407
1107.843139
1754.901977
2176.470703
2392.156982
1901.960815
1401.960815
647.058837
-186.274520
-892.156860
-1539.215698
-2088.235351
-2450.980468
-2088.235351
-1607.843139
-882.352966
-29.411766
656.862731
1294.117675
1931.372558
2294.117675
2421.568603
2254.902099
1833.333374
1274.509887
460.784332
-343.137268
-1039.215698
-1715.686279
-2166.666748
-2401.960937
-1960.784301
-1450.980468
-676.470581
147.058822
852.941162
1470.588256
2068.627441
2343.137207
2421.568603
1637.254882
960.784301
166.666671
-578.431396
-1970.588256
-2294.117675
-2441.176513
-2254.902099
-1852.941162
-1205.882324
509.803924
1156.862792
1852.941162
2254.902099
2421.568603
2323.529541
1921.568603
509.803924
-294.117645
-1000.000000
-1598.039184
-2117.647216
-2382.353027
-2431.372558
-1509.803955
-794.117675
29.411766
715.686279
1372.549072
1980.392211
2264.705810
2431.372558
2215.686279
1833.333374
245.098037
-500.000000
-1127.451049
-1764.705932
-2196.078369
-2431.372558
-2392.156982
-1362.745117
-568.627441
274.509796
980.392150
1598.039184
2107.843261
2352.941162
2068.627441
1568.627441
833.333374
-9.803922
-666.666687
-1313.725463
-1941.176513
-2284.313720
-2441.176513
-2254.902099
-1833.333374
-1225.490234
-382.352935
411.764709
1078.431396
1754.901977
2196.078369
2401.960937
1931.372558
1421.568603
647.058837
-137.254898
-872.549011
-1519.607910
-2098.039306
-2441.176513
-2088.235351
-1617.647094
-921.568664
-78.431373
598.039245
1254.901977
1901.960815
2274.509765
2431.372558
2303.921630
1882.353027
1274.509887
500.000000
-254.901962
-941.176513
-1588.235351
-2127.450927
-2441.176513
-2039.215698
-1558.823608
-803.921569
9.803922
647.058837
1294.117675
2303.921630
2421.568603
2156.862792
1794.117675
1156.862792
352.941192
-441.176483
-1862.745117
-2274.509765
-2421.568603
-2352.941162
-1911.764770
-1372.549072
382.352935
1058.823608
1705.882324
2137.254882
2401.960937
2401.960937
2029.411743
686.274536
-137.254898
-852.941162
-1500.000000
-2078.431396
-2343.137207
-2441.176513
-2147.058837
-1735.294189
-1088.235351
637.254943
1294.117675
1911.764770
2264.705810
2421.568603
2274.509765
1862.745117
382.352935
-431.372558
-1117.647094
-1745.098022
-2196.078369
-2401.960937
-2392.156982
-1392.156860
-607.843139
245.098037
931.372558
1549.019653
2088.235351
2333.333496
2068.627441
1607.843139
901.960815
58.823532
-627.450988
-1294.117675
-1931.372558
-2284.313720
-2441.176513
-2274.509765
-1852.941162
-1254.901977
-441.176483
382.352935
1058.823608
1705.882324
2147.058837
2401.960937
1950.980468
1441.176513
666.666687
-156.862747
-852.941162
-1529.411743
-2098.039306
-2441.176513
-2098.039306
-1627.451049
-921.568664
-107.843139
617.647094
1274.509887
1892.156860
2254.902099
2431.372558
2323.529541
1892.156860
1313.725463
490.196075
-303.921569
-990.196105
-1637.254882
-2137.254882
-2421.568603
-2019.607910
-1509.803955
-764.705871
49.019607
705.882385
1382.353027
2323.529541
2431.372558
2107.843261
1735.294189
1088.235351
235.294128
-519.607849
-1921.568603
-2294.117675
-2421.568603
-2323.529541
-1892.156860
-1303.921630
470.588256
1117.647094
1764.705932
2176.470703
2411.764648
2401.960937
1960.784301
1460.784301
725.490234
-107.843139
-803.921569
-2117.647216
-2372.549072
-2450.980468
-2107.843261
-1647.058837
-980.392150
696.078430
1333.333374
1990.196166
2274.509765
2431.372558
2225.490234
1843.137329
274.509796
-480.392150
-1127.451049
-1813.725463
-2245.098144
-2411.764648
-2362.745117
-1333.333374
-509.803924
303.921569
1000.000000
1607.843139
2137.254882
2323.529541
2058.823486
1568.627441
833.333374
9.803922
-637.254943
-1323.529418
-1960.784301
-2441.176513
-2186.274658
-1794.117675
-1147.058837
-264.705902
480.392150
1892.156860
2225.490234
2411.764648
2303.921630
1892.156860
1352.941162
568.627441
-1058.823608
-1735.294189
-2205.882324
-2411.764648
-2431.372558
-1990.196166
-1480.392211
-715.686279
117.647064
843.137268
1480.392211
2078.431396
2333.333496
2421.568603
2098.039306
1735.294189
1107.843139
-627.450988
-1284.313720
-1950.980468
-2421.568603
-2186.274658
-1823.529418
-1186.274536
-343.137268
460.784332
1117.647094
2215.686279
2411.764648
2352.941162
1911.764770
1382.353027
598.039245
-225.490203
-950.980407
-1549.019653
-2117.647216
-2411.764648
-2058.823486
-1588.235351
-872.549011
-19.607843
656.862731
1323.529418
2294.117675
2382.353027
2166.666748
1794.117675
1147.058837
323.529418
-450.980407
-1872.549072
-2254.902099
-2441.176513
-2352.941162
-1931.372558
-1362.745117
-549.019592
1078.431396
1725.490234
2166.666748
2382.353027
2382.353027
1990.196166
1500.000000
823.529418
19.607843
-676.470581
-2039.215698
-2333.333496
-2431.372558
-2147.058837
-1784.313720
-1107.843139
-254.901962
1294.117675
1911.764770
2264.705810
2411.764648
2313.725585
1892.156860
1303.921630
519.607849
-294.117645
-1000.000000
-1598.039184
-2117.647216
-2392.156982
-2450.980468
-2098.039306
-1627.451049
-911.764709
-78.431373
1392.156860
2009.803955
2313.725585
2431.372558
2186.274658
1784.313720
1186.274536
-558.823547
-1225.490234
-1892.156860
-2264.705810
-2441.176513
-2313.725585
-1911.764770
-1323.529418
-509.803924
313.725494
1725.490234
2166.666748
2401.960937
1931.372558
1421.568603
637.254943
-156.862747
-872.549011
-1519.607910
-2088.235351
-2431.372558
-2078.431396
-1647.058837
-931.372558
-78.431373
588.235290
1245.098022
2294.117675
2441.176513
2215.686279
1813.725463
1196.078491
401.960784
-401.960784
-1794.117675
-2225.490234
-2431.372558
-2352.941162
-1931.372558
-1411.764770
333.333343
1000.000000
1637.254882
2117.647216
2392.156982
2460.784423
2078.431396
813.725524
-39.215686
-735.294128
-1411.764770
-2009.803955
-2303.921630
-2431.372558
-1725.490234
-1058.823608
-205.882354
539.215698
1196.078491
1843.137329
2245.098144
2421.568603
2343.137207
1921.568603
490.196075
-323.529418
-1029.411743
-1676.470581
-2156.862792
-2411.764648
-2411.764648
-1480.392211
-676.470581
137.254898
833.333374
1470.588256
2039.215698
2303.921630
2078.431396
1627.451049
960.784301
156.862747
-568.627441
-1235.294189
-1901.960815
-2441.176513
-2245.098144
-1862.745117
-1225.490234
-392.156860
431.372558
1088.235351
1725.490234
2156.862792
2392.156982
1921.568603
1421.568603
656.862731
-176.470596
-872.549011
-1500.000000
-2078.431396
-2411.764648
-2117.647216
-1666.666748
-980.392150
-147.058822
598.039245
1235.294189
1882.353027
2245.098144
2401.960937
2303.921630
1882.353027
1333.333374
558.823547
-254.901962
-960.784301
-1598.039184
-2127.450927
-2372.549072
-2431.372558
-2117.647216
-1627.451049
-921.568664
-88.235298
617.647094
1980.392211
2313.725585
2431.372558
2205.882324
1803.921630
1196.078491
382.352935
-421.568634
-1107.843139
-1764.705932
-2196.078369
-2431.372558
-2411.764648
-1990.196166
-1460.784301
-696.078430
137.254898
852.941162
2088.235351
2333.333496
2421.568603
2107.843261
1656.862792
980.392150
156.862747
-1362.745117
-1990.196166
-2313.725585
-2431.372558
-2205.882324
-1823.529418
-215.686279
519.607849
1186.274536
1843.137329
2245.098144
2401.960937
2333.333496
1274.509887
509.803924
-323.529418
-1009.803955
-1686.274536
-2156.862792
-2401.960937
-1980.392211
-1450.980468
-696.078430
137.254898
833.333374
1480.392211
2058.823486
2431.372558
2078.431396
1637.254882
960.784301
147.058822
-568.627441
-1225.490234
-2303.921630
-2441.176513
-2264.705810
-1862.745117
-1225.490234
-401.960784
1186.274536
1823.529418
2235.294189
2421.568603
2352.941162
1901.960815
1382.353027
-343.137268
-1039.215698
-1686.274536
-2196.078369
-2401.960937
-2411.764648
-2019.607910
-676.470581
147.058822
862.745117
1470.588256
2068.627441
2362.745117
2441.176513
2098.039306
1705.882324
1058.823608
235.294128
-529.411804
-1196.078491
-1843.137329
-2235.294189
-2441.176513
-2333.333496
-1911.764770
-470.588256
372.549041
1039.215698
1676.470581
2166.666748
2392.156982
2421.568603
2039.215698
1539.215698
794.117675
-872.549011
-1509.803955
-2107.843261
-2441.176513
-2107.843261
-1617.647094
-911.764709
-78.431373
617.647094
1284.313720
2303.921630
2441.176513
2245.098144
1813.725463
1196.078491
392.156860
-421.568634
-1813.725463
-2235.294189
-2411.764648
-2352.941162
-1941.176513
-1392.156860
-588.235290
1049.019653
1686.274536
2176.470703
2392.156982
2411.764648
2019.607910
1539.215698
803.921569
-29.411766
-705.882385
-2049.019531
-2352.941162
-2421.568603
-1686.274536
-980.392150
-176.470596
558.823547
1225.490234
1872.549072
2254.902099
2254.902099
1852.941162
1274.509887
480.392150
-343.137268
-1049.019653
-1705.882324
-2421.568603
-2411.764648
-1960.784301
-1470.588256
-666.666687
166.666671
852.941162
2117.647216
2382.353027
2431.372558
2068.627441
1647.058837
960.784301
137.254898
-1372.549072
-1990.196166
-2323.529541
-2431.372558
-2186.274658
-1803.921630
-1147.058837
-303.921569
470.588256
1107.843139
2254.902099
2431.372558
2333.333496
1892.156860
1372.549072
578.431396
-235.294128
-1676.470581
-2166.666748
-2382.353027
-2411.764648
-2019.607910
-1539.215698
186.274520
882.352966
1490.196166
2107.843261
2372.549072
2421.568603
2107.843261
1676.470581
1039.215698
186.274520
-539.215698
-1215.686279
-1852.941162
-2254.902099
-2284.313720
-1872.549072
-1274.509887
-431.372558
382.352935
1058.823608
1686.274536
2147.058837
2401.960937
2411.764648
2029.411743
1549.019653
823.529418
0.000000
-588.235290
-1245.098022
-1872.549072
-2274.509765
-2254.902099
-1852.941162
-1215.686279
-392.156860
421.568634
1078.431396
1735.294189
2215.686279
2411.764648
2382.353027
1411.764770
637.254943
-166.666671
-892.156860
-1519.607910
-2098.039306
-2362.745117
-2098.039306
-1598.039184
-921.568664
-78.431373
617.647094
1264.705932
1901.960815
2411.764648
2225.490234
1833.333374
1225.490234
392.156860
-392.156860
-1088.235351
-2225.490234
-2421.568603
-2382.353027
-1950.980468
-1411.764770
-617.647094
186.274520
892.156860
1509.803955
2088.235351
2421.568603
2098.039306
1617.647094
931.372558
117.647064
-588.235290
-1264.705932
-2284.313720
-2431.372558
-2225.490234
-1843.137329
-1186.274536
-323.529418
441.176483
1098.039184
1764.705932
2196.078369
2392.156982
2401.960937
1980.392211
1480.392211
735.294128
-78.431373
-764.705871
-1450.980468
-2362.745117
-2450.980468
-2107.843261
-1696.078491
-1029.411743
-137.254898
588.235290
1960.784301
2294.117675
2421.568603
2245.098144
1872.549072
1254.901977
450.980407
-352.941192
-1039.215698
-1715.686279
-2166.666748
-2401.960937
-2431.372558
-2000.000000
-1568.627441
-823.529418
29.411766
696.078430
2029.411743
2323.529541
2441.176513
2127.450927
1764.705932
1147.058837
303.921569
-1235.294189
-1892.156860
-2254.902099
-2421.568603
-2313.725585
-1901.960815
-1323.529418
421.568634
1098.039184
1745.098022
2186.274658
2401.960937
2421.568603
1401.960815
627.450988
-176.470596
-882.352966
-1529.411743
-2107.843261
-2382.353027
-2088.235351
-1598.039184
-862.745117
-19.607843
647.058837
1284.313720
1950.980468
2431.372558
2186.274658
1794.117675
1156.862792
333.333343
-431.372558
-1107.843139
-1784.313720
-2225.490234
-2431.372558
-1911.764770
-1362.745117
-558.823547
274.509796
960.784301
1578.431396
2088.235351
2411.764648
2029.411743
1539.215698
833.333374
-19.607843
-686.274536
-1372.549072
-2303.921630
-2421.568603
-2137.254882
-1764.705932
-1107.843139
-235.294128
519.607849
1166.666748
1833.333374
2205.882324
2323.529541
1852.941162
1274.509887
-421.568634
-1107.843139
-1774.509887
-2205.882324
-2431.372558
-2411.764648
-1960.784301
-578.431396
264.705902
950.980407
1568.627441
2107.843261
2372.549072
2421.568603
1578.431396
862.745117
19.607843
-637.254943
-1313.725463
-1960.784301
-2274.509765
-2450.980468
-2274.509765
-1872.549072
-1245.098022
-421.568634
392.156860
1058.823608
1686.274536
2156.862792
2382.353027
2401.960937
2019.607910
1509.803955
823.529418
-862.745117
-1500.000000
-2078.431396
-2352.941162
-2441.176513
-2127.450927
-1735.294189
-98.039215
588.235290
1254.901977
1882.353027
2235.294189
2401.960937
2313.725585
1254.901977
421.568634
-372.549041
-1058.823608
-1715.686279
-2166.666748
-2401.960937
-1980.392211
-1441.176513
-647.058837
196.078430
882.352966
1500.000000
2058.823486
2421.568603
2098.039306
1676.470581
1029.411743
176.470596
-549.019592
-1235.294189
-2294.117675
-2441.176513
-2264.705810
-1862.745117
-1215.686279
-382.352935
1176.470581
1833.333374
2245.098144
2401.960937
2313.725585
1901.960815
1382.353027
-343.137268
-1049.019653
-1696.078491
-2166.666748
-2401.960937
-2421.568603
-2039.215698
-1539.215698
-784.313720
49.019607
715.686279
1382.353027
2000.000000
2294.117675
2421.568603
2254.902099
1862.745117
1264.705932
-460.784332
-1147.058837
-1803.921630
-2225.490234
-2421.568603
-2382.353027
-1941.176513
-529.411804
303.921569
990.196105
1617.647094
2117.647216
2382.353027
2421.568603
1539.215698
813.725524
-9.803922
-637.254943
-1343.137329
-1960.784301
-2294.117675
-2186.274658
-1764.705932
-1107.843139
-254.901962
490.196075
1156.862792
2264.705810
2411.764648
2303.921630
1882.353027
1343.137329
568.627441
-284.313720
-1696.078491
-2166.666748
-2411.764648
-2411.764648
-2009.803955
-1509.803955
-784.313720
911.764709
1539.215698
2107.843261
2352.941162
2392.156982
2088.235351
1666.666748
39.215686
-647.058837
-1323.529418
-1970.588256
-2303.921630
-2431.372558
-2264.705810
-1186.274536
-303.921569
470.588256
1137.254882
1794.117675
2225.490234
2323.529541
1892.156860
1343.137329
568.627441
-254.901962
-960.784301
-1598.039184
-2392.156982
-2431.372558
-2039.215698
-1539.215698
-813.725524
29.411766
696.078430
2068.627441
2333.333496
2411.764648
2147.058837
1735.294189
1107.843139
284.313720
-1235.294189
-1911.764770
-2274.509765
-2441.176513
-2313.725585
-1882.353027
-343.137268
431.372558
1078.431396
1764.705932
2196.078369
2382.353027
2382.353027
1382.353027
607.843139
-205.882354
-901.960815
-1539.215698
-2088.235351
-2352.941162
-2068.627441
-1558.823608
-862.745117
-19.607843
637.254943
1323.529418
1980.392211
2274.509765
2392.156982
2235.294189
1843.137329
1235.294189
421.568634
-372.549041
-1058.823608
-1725.490234
-2166.666748
-2392.156982
-1941.176513
-1421.568603
303.921569
1009.803955
1647.058837
2117.647216
2372.549072
2421.568603
2068.627441
774.509826
-58.823532
-745.098083
-1382.353027
-1990.196166
-2323.529541
-2450.980468
-1705.882324
-1049.019653
-196.078430
529.411804
1186.274536
1843.137329
2254.902099
2284.313720
1862.745117
1284.313720
490.196075
-343.137268
-1019.607849
-1666.666748
-2411.764648
-2411.764648
-1960.784301
-1460.784301
-696.078430
127.450981
1598.039184
2098.039306
2362.745117
2401.960937
2088.235351
1637.254882
990.196105
-686.274536
-1362.745117
-2009.803955
-2323.529541
-2460.784423
-2196.078369
-1813.725463
-245.098037
509.803924
1186.274536
1843.137329
2235.294189
2401.960937
2343.137207
1313.725463
500.000000
-254.901962
-970.588256
-1578.431396
-2127.450927
-2401.960937
-2058.823486
-1558.823608
-813.725524
19.607843
686.274536
1362.745117
1970.588256
2294.117675
2441.176513
2205.882324
1813.725463
1196.078491
382.352935
-411.764709
-1078.431396
-1735.294189
-2186.274658
-2392.156982
-2421.568603
-1990.196166
-1480.392211
254.901962
970.588256
1598.039184
2098.039306
2343.137207
2421.568603
2098.039306
872.549011
49.019607
-607.843139
-1313.725463
-1950.980468
-2284.313720
-2441.176513
-1823.529418
-1166.666748
-294.117645
470.588256
1137.254882
1784.313720
2205.882324
2401.960937
2372.549072
1960.784301
1441.176513
696.078430
-147.058822
-852.941162
-1490.196166
-2068.627441
-2343.137207
-2450.980468
-1637.254882
-931.372558
-98.039215
607.843139
1254.901977
1892.156860
2274.509765
2225.490234
1843.137329
1235.294189
411.764709
-382.352935
-1058.823608
-1715.686279
-2431.372558
-2372.549072
-1960.784301
-1441.176513
-637.254943
205.882354
911.764709
1529.411743
2088.235351
2362.745117
2431.372558
2078.431396
1676.470581
1019.607849
166.666671
-568.627441
-1225.490234
-1862.745117
-2245.098144
-2450.980468
-2323.529541
-1245.098022
-431.372558
382.352935
1049.019653
1686.274536
2166.666748
2401.960937
1941.176513
1450.980468
676.470581
-137.254898
-833.333374
-1509.803955
-2058.823486
-2441.176513
-2107.843261
-1627.451049
-911.764709
-98.039215
607.843139
1274.509887
1892.156860
2245.098144
2411.764648
2294.117675
1892.156860
1333.333374
509.803924
-294.117645
-1000.000000
-1588.235351
-2127.450927
-2431.372558
-2029.411743
-1509.803955
-794.117675
39.215686
715.686279
1382.353027
1980.392211
2313.725585
2431.372558
1735.294189
1078.431396
245.098037
-500.000000
-1137.254882
-1784.313720
-2205.882324
-2343.137207
-1892.156860
-1333.333374
431.372558
1088.235351
1745.098022
2176.470703
2401.960937
2382.353027
2009.803955
666.666687
-156.862747
-872.549011
-1509.803955
-2088.235351
-2372.549072
-2450.980468
-1637.254882
-931.372558
-88.235298
588.235290
1254.901977
1872.549072
2264.705810
2254.902099
1843.137329
1245.098022
