-2235.294189
-2421.568603
-2303.921630
-1901.960815
-431.372558
372.549041
1039.215698
1696.078491
2166.666748
2401.960937
2401.960937
1990.196166
1509.803955
774.509826
-29.411766
-725.490234
-1372.549072
-2000.000000
-2303.921630
-2411.764648
-2215.686279
-1823.529418
-284.313720
490.196075
1156.862792
1813.725463
2186.274658
2392.156982
2343.137207
1323.529418
529.411804
-294.117645
-1000.000000
-1588.235351
-2127.450927
-2362.745117
-2039.215698
-1519.607910
-803.921569
29.411766
715.686279
1372.549072
1980.392211
2284.313720
2411.764648
2186.274658
1107.843139
264.705902
-480.392150
-1147.058837
-1813.725463
-2225.490234
-2421.568603
-1892.156860
-1323.529418
-509.803924
313.725494
980.392150
1607.843139
2127.450927
2352.941162
2421.568603
2058.823486
1598.039184
911.764709
117.647064
-627.450988
-1264.705932
-1931.372558
-2274.509765
-2421.568603
-1813.725463
-1176.470581
-343.137268
450.980407
1088.235351
1745.098022
2156.862792
2343.137207
1921.568603
1382.353027
627.450988
-205.882354
-901.960815
-1529.411743
-2372.549072
-2421.568603
-2088.235351
-1617.647094
-901.960815
-58.823532
1392.156860
2019.607910
2303.921630
2401.960937
2205.882324
1803.921630
1186.274536
-539.215698
-1225.490234
-1862.745117
-2254.902099
-2401.960937
-2323.529541
-1921.568603
-450.980407
372.549041
1049.019653
1656.862792
2137.254882
2362.745117
2382.353027
2029.411743
1539.215698
803.921569
-9.803922
-656.862731
-1303.921630
-1960.784301
-2284.313720
-2441.176513
-2235.294189
-1833.333374
-294.117645
480.392150
1147.058837
1794.117675
2196.078369
2372.549072
2343.137207
1352.941162
568.627441
-264.705902
-960.784301
-1588.235351
-2117.647216
-2362.745117
-2411.764648
-2078.431396
-1598.039184
88.235298
745.098083
1372.549072
1970.588256
2303.921630
2411.764648
2215.686279
1117.647094
274.509796
-480.392150
-1127.451049
-1794.117675
-2235.294189
-2411.764648
-2343.137207
-1931.372558
-1382.353027
-598.039245
215.686279
911.764709
1519.607910
2088.235351
2313.725585
2421.568603
2088.235351
1686.274536
1009.803955
127.450981
-568.627441
-1960.784301
-2303.921630
-2401.960937
-2235.294189
-1852.941162
-1225.490234
500.000000
1107.843139
1774.509887
2186.274658
2372.549072
2352.941162
1931.372558
549.019592
-274.509796
-941.176513
-1578.431396
-2107.843261
-2382.353027
-2431.372558
-1539.215698
-803.921569
29.411766
705.882385
1352.941162
1960.784301
2274.509765
2392.156982
2205.882324
1852.941162
264.705902
-500.000000
-1107.843139
-1764.705932
-2196.078369
-2411.764648
-2392.156982
-1372.549072
-598.039245
245.098037
941.176513
1558.823608
2088.235351
2352.941162
2049.019531
1578.431396
852.941162
49.019607
-627.450988
-1264.705932
-1901.960815
-2470.588378
-2196.078369
-1813.725463
-1176.470581
-323.529418
441.176483
1852.941162
2235.294189
2392.156982
2313.725585
1892.156860
1372.549072
568.627441
-1058.823608
-1696.078491
-2176.470703
-2411.764648
-2421.568603
-2019.607910
-1529.411743
196.078430
882.352966
1509.803955
2068.627441
2313.725585
2411.764648
2088.235351
931.372558
137.254898
-588.235290
-1254.901977
-1901.960815
-2264.705810
-2431.372558
-1833.333374
-1196.078491
-372.549041
421.568634
1068.627441
1735.294189
2166.666748
2382.353027
2372.549072
1960.784301
1490.196166
754.901977
-78.431373
-745.098083
-1392.156860
-2029.411743
-2303.921630
-2431.372558
-2147.058837
-1813.725463
-1137.254882
617.647094
1254.901977
1911.764770
2274.509765
2421.568603
2294.117675
1862.745117
401.960784
-401.960784
-1058.823608
-1725.490234
-2176.470703
-2372.549072
-2392.156982
-1441.176513
-656.862731
196.078430
872.549011
1500.000000
2049.019531
2303.921630
2401.960937
2117.647216
1745.098022
1127.451049
313.725494
-480.392150
-1137.254882
-1803.921630
-2235.294189
-2411.764648
-2343.137207
-1333.333374
-529.411804
303.921569
990.196105
1627.451049
2117.647216
2323.529541
2421.568603
2078.431396
1598.039184
931.372558
58.823532
-598.039245
-1264.705932
-1901.960815
-2264.705810
-2441.176513
-2313.725585
-1196.078491
-362.745117
431.372558
1068.627441
1754.901977
2186.274658
2401.960937
1892.156860
1392.156860
607.843139
-176.470596
-901.960815
-1509.803955
-2098.039306
-2343.137207
-2441.176513
-2098.039306
-1686.274536
-1000.000000
-205.882354
549.019592
1196.078491
1823.529418
2235.294189
2372.549072
1872.549072
1284.313720
480.392150
-323.529418
-1009.803955
-1666.666748
-2137.254882
-2401.960937
-1970.588256
-1450.980468
-715.686279
147.058822
823.529418
1441.176513
2049.019531
2294.117675
2401.960937
2088.235351
1715.686279
1078.431396
245.098037
-500.000000
-1107.843139
-1794.117675
-2215.686279
-2323.529541
-1901.960815
-1323.529418
-539.215698
303.921569
980.392150
1588.235351
2382.353027
2382.353027
2009.803955
1539.215698
803.921569
0.000000
-588.235290
-1225.490234
-1901.960815
-2284.313720
-2215.686279
-1823.529418
-1205.882324
-352.941192
441.176483
1117.647094
1754.901977
2401.960937
2323.529541
1911.764770
1392.156860
598.039245
-205.882354
-911.764709
-2137.254882
-2382.353027
-2421.568603
-2068.627441
-1607.843139
-882.352966
-19.607843
647.058837
1303.921630
1921.568603
2411.764648
2166.666748
1784.313720
205.882354
-519.607849
-1166.666748
-1823.529418
-2254.902099
-2401.960937
-2323.529541
-1294.117675
-460.784332
362.745117
1029.411743
1696.078491
2127.450927
2372.549072
1950.980468
1450.980468
696.078430
-107.843139
-784.313720
-1460.784301
-2078.431396
-2421.568603
-2107.843261
-1666.666748
-970.588256
-137.254898
588.235290
1215.686279
1862.745117
2245.098144
2411.764648
2294.117675
1882.353027
1333.333374
539.215698
-274.509796
-990.196105
-1588.235351
-2098.039306
-2431.372558
-2009.803955
-1509.803955
-784.313720
58.823532
705.882385
1352.941162
2323.529541
2392.156982
2098.039306
1735.294189
1098.039184
254.901962
-509.803924
-1882.353027
-2264.705810
-2431.372558
-2333.333496
-1901.960815
-1333.333374
431.372558
1088.235351
1745.098022
2176.470703
2382.353027
2343.137207
1970.588256
666.666687
-186.274520
-892.156860
-1509.803955
-2098.039306
-2352.941162
-2441.176513
-1617.647094
-921.568664
-98.039215
598.039245
1235.294189
1892.156860
2225.490234
2215.686279
1823.529418
1225.490234
401.960784
-401.960784
-1058.823608
-1705.882324
-2421.568603
-2382.353027
-1950.980468
-1421.568603
-666.666687
186.274520
1617.647094
2088.235351
2372.549072
2392.156982
2049.019531
1598.039184
921.568664
-735.294128
-1411.764770
-2039.215698
-2362.745117
-2431.372558
-2127.450927
-1764.705932
-147.058822
558.823547
1235.294189
1892.156860
2254.902099
2401.960937
2284.313720
1254.901977
441.176483
-1137.254882
-1794.117675
-2245.098144
-2323.529541
-1901.960815
-1343.137329
-539.215698
313.725494
990.196105
1607.843139
2382.353027
2401.960937
2039.215698
1529.411743
823.529418
-19.607843
-686.274536
-2078.431396
-2343.137207
-2421.568603
-2137.254882
-1725.490234
-1068.627441
-215.686279
1264.705932
1911.764770
2235.294189
2421.568603
2274.509765
1872.549072
343.137268
-411.764709
-1098.039184
-1764.705932
-2205.882324
-2401.960937
-2372.549072
-1401.960815
-578.431396
245.098037
911.764709
1529.411743
2098.039306
2333.333496
2068.627441
1568.627441
892.156860
58.823532
-627.450988
-1274.509887
-1911.764770
-2411.764648
-2176.470703
-1823.529418
-1176.470581
-352.941192
460.784332
1107.843139
2235.294189
2401.960937
2333.333496
1921.568603
1362.745117
578.431396
-245.098037
-921.568664
-1558.823608
-2117.647216
-2352.941162
-2431.372558
-2088.235351
-1637.254882
-921.568664
-98.039215
568.627441
1235.294189
2294.117675
2411.764648
2205.882324
1813.725463
1205.882324
411.764709
-392.156860
-1784.313720
-2235.294189
-2411.764648
-2352.941162
-1921.568603
-1401.960815
343.137268
1009.803955
1666.666748
2127.450927
2362.745117
2382.353027
2029.411743
715.686279
-107.843139
-833.333374
-1480.392211
-2088.235351
-2333.333496
-2441.176513
-1656.862792
-941.176513
-98.039215
588.235290
1235.294189
1911.764770
2254.902099
2225.490234
1823.529418
1235.294189
411.764709
-382.352935
-1068.627441
-1705.882324
-2411.764648
-2352.941162
-1941.176513
-1392.156860
-617.647094
215.686279
1666.666748
2107.843261
2362.745117
2411.764648
2078.431396
1558.823608
862.745117
-833.333374
-1470.588256
-2058.823486
-2352.941162
-2392.156982
-2117.647216
-1715.686279
-78.431373
607.843139
1264.705932
1892.156860
2245.098144
2401.960937
2303.921630
1872.549072
1323.529418
519.607849
-1078.431396
-1745.098022
-2196.078369
-2411.764648
-2382.353027
-1980.392211
-1490.196166
-705.882385
137.254898
843.137268
1470.588256
2039.215698
2313.725585
2392.156982
2098.039306
1725.490234
1088.235351
254.901962
-1284.313720
-1921.568603
-2284.313720
-2431.372558
-2294.117675
-1872.549072
-1254.901977
470.588256
1147.058837
1764.705932
2205.882324
2372.549072
2362.745117
1950.980468
1441.176513
666.666687
-156.862747
-1607.843139
-2117.647216
-2372.549072
-2421.568603
-2058.823486
-1598.039184
-892.156860
784.313720
1411.764770
2009.803955
2294.117675
2411.764648
2137.254882
1764.705932
1156.862792
294.117645
-450.980407
-1127.451049
-1784.313720
-2245.098144
-2411.764648
-2343.137207
-1931.372558
-1411.764770
-647.058837
1009.803955
1647.058837
2117.647216
2352.941162
2392.156982
2039.215698
1568.627441
843.137268
19.607843
-656.862731
-1323.529418
-1960.784301
-2294.117675
-2441.176513
-2235.294189
-1843.137329
-1225.490234
-372.549041
1186.274536
1862.745117
2245.098144
2392.156982
2323.529541
1892.156860
1362.745117
607.843139
-235.294128
-931.372558
-1539.215698
-2107.843261
-2362.745117
-2441.176513
-2088.235351
-1637.254882
-921.568664
-88.235298
1382.353027
2000.000000
2284.313720
2401.960937
2245.098144
1862.745117
1274.509887
-470.588256
-1137.254882
-1813.725463
-2235.294189
-2431.372558
-2343.137207
-1303.921630
-500.000000
284.313720
950.980407
1558.823608
2078.431396
2352.941162
2058.823486
1558.823608
852.941162
29.411766
-627.450988
-1303.921630
-1941.176513
-2431.372558
-2147.058837
-1784.313720
-1147.058837
-313.725494
470.588256
1127.451049
2225.490234
2392.156982
2343.137207
1892.156860
1372.549072
568.627441
-254.901962
-1666.666748
-2137.254882
-2382.353027
-2401.960937
-2029.411743
-1519.607910
-803.921569
862.745117
1490.196166
2068.627441
2333.333496
2441.176513
2088.235351
901.960815
98.039215
-588.235290
-1245.098022
-1911.764770
-2294.117675
-2431.372558
-1843.137329
-1205.882324
-352.941192
431.372558
1098.039184
1715.686279
2166.666748
2313.725585
1931.372558
1382.353027
617.647094
-186.274520
-901.960815
-1529.411743
-2362.745117
-2411.764648
-2058.823486
-1588.235351
-862.745117
-9.803922
627.450988
1284.313720
1911.764770
2254.902099
2215.686279
1823.529418
1196.078491
382.352935
-401.960784
-1068.627441
-1725.490234
-2392.156982
-2352.941162
-1931.372558
-1382.353027
-588.235290
225.490203
901.960815
1519.607910
2098.039306
2343.137207
2049.019531
1607.843139
931.372558
88.235298
-578.431396
-1264.705932
-1892.156860
-2274.509765
-2411.764648
-2303.921630
-1882.353027
-1294.117675
-450.980407
343.137268
990.196105
2166.666748
2382.353027
2392.156982
1980.392211
1470.588256
735.294128
-68.627449
-745.098083
-1392.156860
-2009.803955
-2421.568603
-2107.843261
-1686.274536
-1039.215698
-156.862747
568.627441
1225.490234
2274.509765
2411.764648
2245.098144
1843.137329
1254.901977
470.588256
-343.137268
-1745.098022
-2176.470703
-2411.764648
-2392.156982
-1941.176513
-1450.980468
284.313720
950.980407
1568.627441
2088.235351
2352.941162
2431.372558
2078.431396
823.529418
0.000000
-568.627441
-1254.901977
-1892.156860
-2274.509765
-2411.764648
-1823.529418
-1196.078491
-372.549041
421.568634
1068.627441
1705.882324
2147.058837
2362.745117
1921.568603
1401.960815
627.450988
-166.666671
-882.352966
-1500.000000
-2352.941162
-2441.176513
-2078.431396
-1647.058837
-960.784301
-147.058822
558.823547
1235.294189
1872.549072
2254.902099
2401.960937
2294.117675
1882.353027
1333.333374
539.215698
-274.509796
-970.588256
-1607.843139
-2392.156982
-2421.568603
-2029.411743
-1529.411743
-774.509826
49.019607
715.686279
2039.215698
2323.529541
2421.568603
2117.647216
1735.294189
1068.627441
254.901962
-490.196075
-1137.254882
-1823.529418
-2421.568603
-2303.921630
-1872.549072
-392.156860
401.960784
1068.627441
1715.686279
2196.078369
2392.156982
2382.353027
1401.960815
637.254943
-166.666671
-882.352966
-1509.803955
-2078.431396
-2333.333496
-2078.431396
-1588.235351
-892.156860
-49.019607
598.039245
1254.901977
1882.353027
2421.568603
2196.078369
1823.529418
1196.078491
372.549041
-411.764709
-1078.431396
-1754.901977
-2176.470703
-2392.156982
-1941.176513
-1392.156860
-578.431396
245.098037
901.960815
1519.607910
2068.627441
2411.764648
2058.823486
1598.039184
892.156860
78.431373
-607.843139
-1254.901977
-2294.117675
-2431.372558
-2215.686279
-1833.333374
-1176.470581
-333.333343
1215.686279
1852.941162
2235.294189
2411.764648
2323.529541
1901.960815
1333.333374
539.215698
-274.509796
-970.588256
-1578.431396
-2382.353027
-2401.960937
-2029.411743
-1519.607910
-794.117675
49.019607
715.686279
1352.941162
1980.392211
2274.509765
2117.647216
1745.098022
1117.647094
-578.431396
-1284.313720
-1931.372558
-2264.705810
-2421.568603
-2294.117675
-1882.353027
-343.137268
441.176483
1107.843139
1754.901977
2166.666748
2392.156982
2392.156982
1980.392211
1460.784301
705.882385
-950.980407
-1578.431396
-2088.235351
-2372.549072
-2441.176513
-2088.235351
-1627.451049
19.607843
715.686279
1343.137329
1950.980468
2274.509765
2401.960937
2225.490234
1117.647094
284.313720
-480.392150
-1127.451049
-1813.725463
-2196.078369
-2411.764648
-1892.156860
-1333.333374
-500.000000
254.901962
950.980407
1539.215698
2362.745117
2401.960937
2058.823486
1588.235351
892.156860
58.823532
-627.450988
-2009.803955
-2294.117675
-2421.568603
-2205.882324
-1823.529418
-1176.470581
-333.333343
1225.490234
1843.137329
2245.098144
2411.764648
2284.313720
1892.156860
1333.333374
-392.156860
-1078.431396
-1745.098022
-2186.274658
-2382.353027
-2382.353027
-1980.392211
-1470.588256
-715.686279
137.254898
1568.627441
2068.627441
2352.941162
2421.568603
2078.431396
1617.647094
950.980407
-715.686279
-1372.549072
-2000.000000
-2294.117675
-2441.176513
-2235.294189
-1852.941162
-1225.490234
-392.156860
431.372558
1058.823608
1715.686279
2166.666748
2372.549072
2372.549072
1990.196166
1500.000000
833.333374
-843.137268
-1509.803955
-2068.627441
-2352.941162
-2411.764648
-2107.843261
-1696.078491
-68.627449
627.450988
1274.509887
1921.568603
2274.509765
2392.156982
2254.902099
1862.745117
1303.921630
509.803924
-284.313720
-1000.000000
-1588.235351
-2117.647216
-2372.549072
-2421.568603
-2088.235351
-1588.235351
78.431373
745.098083
1392.156860
1980.392211
2284.313720
2401.960937
2166.666748
1813.725463
1166.666748
343.137268
-1196.078491
-1872.549072
-2245.098144
-2254.902099
-1872.549072
-1254.901977
-450.980407
362.745117
1019.607849
1666.666748
2392.156982
2352.941162
1950.980468
1441.176513
705.882385
-117.647064
-823.529418
-2107.843261
-2352.941162
-2421.568603
-2088.235351
-1666.666748
-960.784301
-117.647064
1362.745117
2000.000000
2264.705810
2411.764648
2245.098144
1843.137329
1235.294189
421.568634
-382.352935
-1068.627441
-2205.882324
-2411.764648
-2352.941162
-1313.725463
-539.215698
303.921569
980.392150
1598.039184
2107.843261
2343.137207
1970.588256
1519.607910
823.529418
-9.803922
-656.862731
-1333.333374
-1970.588256
-2421.568603
-2147.058837
-1745.098022
-1137.254882
-274.509796
490.196075
1137.254882
2245.098144
2401.960937
2313.725585
1901.960815
1343.137329
568.627441
-235.294128
-1676.470581
-2147.058837
-2382.353027
-2421.568603
-2019.607910
-1529.411743
147.058822
852.941162
1480.392211
2068.627441
2323.529541
2421.568603
2098.039306
941.176513
117.647064
-607.843139
-1264.705932
-1911.764770
-2264.705810
-2421.568603
-1852.941162
-1205.882324
-343.137268
450.980407
1088.235351
1735.294189
2186.274658
2323.529541
1892.156860
1362.745117
607.843139
-225.490203
-921.568664
-1549.019653
-2117.647216
-2362.745117
-2421.568603
-2107.843261
-1637.254882
-960.784301
-127.450981
598.039245
1225.490234
1882.353027
2254.902099
2235.294189
1823.529418
1215.686279
401.960784
-382.352935
-1058.823608
-1725.490234
-2392.156982
-2352.941162
-1931.372558
-1411.764770
-647.058837
205.882354
911.764709
1519.607910
2068.627441
2333.333496
2372.549072
2068.627441
1676.470581
1019.607849
176.470596
-539.215698
-1196.078491
-1852.941162
-2431.372558
-2245.098144
-1852.941162
-1235.294189
-401.960784
392.156860
1019.607849
1666.666748
2156.862792
2372.549072
1921.568603
1401.960815
686.274536
-147.058822
-843.137268
-1490.196166
-2068.627441
-2441.176513
-2088.235351
-1627.451049
49.019607
696.078430
1343.137329
1970.588256
2284.313720
2421.568603
2215.686279
1127.451049
303.921569
-470.588256
-1127.451049
-1813.725463
-2215.686279
-2392.156982
-1882.353027
-1323.529418
-519.607849
323.529418
1000.000000
1578.431396
2088.235351
2362.745117
2411.764648
2058.823486
1598.039184
892.156860
98.039215
-578.431396
-1225.490234
-1882.353027
-2274.509765
-2421.568603
-1813.725463
-1205.882324
-372.549041
421.568634
1088.235351
1715.686279
2166.666748
2352.941162
1901.960815
1382.353027
617.647094
-205.882354
-901.960815
-1549.019653
-2098.039306
-2372.549072
-2411.764648
-1627.451049
-901.960815
-58.823532
607.843139
1284.313720
1911.764770
2254.902099
2382.353027
2294.117675
1852.941162
1284.313720
480.392150
-323.529418
-1019.607849
-1676.470581
-2401.960937
-2372.549072
-1970.588256
-1186.274536
-647.058837
127.450981
813.725524
1460.784301
2039.215698
2323.529541
2411.764648
2117.647216
1696.078491
1068.627441
235.294128
-519.607849
-1186.274536
-1843.137329
-2401.960937
-2284.313720
-1862.745117
-1264.705932
-450.980407
343.137268
1009.803955
2176.470703
2382.353027
2372.549072
1941.176513
1470.588256
715.686279
-98.039215
-1509.803955
-2088.235351
-2352.941162
-2421.568603
-2098.039306
-1656.862792
-29.411766
686.274536
1323.529418
1941.176513
2284.313720
2431.372558
2245.098144
1147.058837
313.725494
-460.784332
-1117.647094
-1764.705932
-2205.882324
-2401.960937
-1892.156860
-1362.745117
-549.019592
284.313720
960.784301
1588.235351
2088.235351
2352.941162
2431.372558
2058.823486
823.529418
0.000000
-578.431396
-1235.294189
-1892.156860
-2274.509765
-2431.372558
-1852.941162
-1225.490234
-392.156860
411.764709
1078.431396
1715.686279
2176.470703
2343.137207
1921.568603
1411.764770
637.254943
-186.274520
-882.352966
-1490.196166
-2088.235351
-2372.549072
-2431.372558
-1598.039184
-901.960815
-49.019607
598.039245
1245.098022
1892.156860
2254.902099
2411.764648
2284.313720
1862.745117
1333.333374
529.411804
-284.313720
-1000.000000
-1617.647094
-2382.353027
-2421.568603
-2029.411743
-1558.823608
-803.921569
29.411766
676.470581
2019.607910
2313.725585
2431.372558
2127.450927
1754.901977
1107.843139
264.705902
-450.980407
-1127.451049
-1784.313720
-2215.686279
-2401.960937
-2362.745117
-1921.568603
-1431.372558
-647.058837
196.078430
852.941162
2098.039306
2352.941162
2392.156982
2058.823486
1617.647094
950.980407
137.254898
-1372.549072
-1980.392211
-2294.117675
-2431.372558
-2176.470703
-1764.705932
-1196.078491
-362.745117
441.176483
1088.235351
1764.705932
2196.078369
2392.156982
2362.745117
1950.980468
1431.372558
696.078430
-137.254898
-1558.823608
-2117.647216
-2362.745117
-2450.980468
-2088.235351
-1617.647094
-931.372558
754.901977
1401.960815
2000.000000
2303.921630
2411.764648
2215.686279
1127.451049
294.117645
-470.588256
-1137.254882
-1784.313720
-2205.882324
-2411.764648
-1892.156860
-1294.117675
-480.392150
323.529418
990.196105
1598.039184
2107.843261
2362.745117
2421.568603
2049.019531
774.509826
-19.607843
-686.274536
-1352.941162
-1990.196166
-2284.313720
-2431.372558
-1715.686279
-1029.411743
-186.274520
539.215698
1176.470581
1843.137329
2235.294189
2245.098144
1843.137329
1254.901977
460.784332
-362.745117
-1039.215698
-1696.078491
-2401.960937
-2411.764648
-1960.784301
-1421.568603
-666.666687
137.254898
852.941162
1480.392211
2058.823486
2323.529541
2078.431396
1607.843139
931.372558
98.039215
-578.431396
-1235.294189
-1882.353027
-2431.372558
-2215.686279
-1833.333374
-1196.078491
-343.137268
421.568634
1068.627441
1715.686279
2176.470703
2382.353027
2382.353027
1960.784301
1460.784301
764.705871
-68.627449
-745.098083
-1401.960815
-2019.607910
-2411.764648
-2107.843261
-1715.686279
-1029.411743
-176.470596
568.627441
1225.490234
2264.705810
2401.960937
2284.313720
1882.353027
1284.313720
460.784332
-343.137268
-1764.705932
-2196.078369
-2411.764648
-2382.353027
-1941.176513
-1450.980468
264.705902
960.784301
1568.627441
2078.431396
2352.941162
2392.156982
2078.431396
813.725524
-19.607843
-696.078430
-1323.529418
-1980.392211
-2303.921630
-2401.960937
-1745.098022
-1098.039184
-235.294128
500.000000
1107.843139
1764.705932
2186.274658
2313.725585
1901.960815
1362.745117
598.039245
-225.490203
-921.568664
-1549.019653
-2372.549072
-2421.568603
-2068.627441
-1598.039184
-892.156860
-58.823532
1411.764770
2009.803955
2303.921630
2392.156982
2137.254882
1774.509887
1166.666748
-558.823547
-1235.294189
-1892.156860
-2294.117675
-2411.764648
-2303.921630
-1882.353027
-372.549041
411.764709
1078.431396
1715.686279
2147.058837
2382.353027
2392.156982
1980.392211
1480.392211
725.490234
-78.431373
-764.705871
-1411.764770
-2029.411743
-2303.921630
-2431.372558
-2147.058837
-1774.509887
-166.666671
549.019592
1205.882324
1862.745117
2245.098144
2411.764648
2294.117675
1245.098022
450.980407
-1117.647094
-1784.313720
-2225.490234
-2431.372558
-2362.745117
-1941.176513
-1411.764770
-656.862731
186.274520
872.549011
1490.196166
2078.431396
2343.137207
2421.568603
2058.823486
931.372558
88.235298
-578.431396
-1254.901977
-1901.960815
-2264.705810
-2421.568603
-1862.745117
-1225.490234
-382.352935
411.764709
1068.627441
1735.294189
2186.274658
2382.353027
2401.960937
1980.392211
637.254943
-196.078430
-872.549011
-1539.215698
-2088.235351
-2333.333496
-2431.372558
-1588.235351
-872.549011
-68.627449
647.058837
1264.705932
1931.372558
2401.960937
2176.470703
1794.117675
1176.470581
372.549041
-421.568634
-1098.039184
-2235.294189
-2401.960937
-2362.745117
-1901.960815
-1392.156860
-598.039245
215.686279
901.960815
1529.411743
2078.431396
2401.960937
2068.627441
1578.431396
872.549011
39.215686
-617.647094
-1303.921630
-2303.921630
-2441.176513
-2176.470703
-1823.529418
-1176.470581
-333.333343
441.176483
1843.137329
2205.882324
2411.764648
2333.333496
1911.764770
1333.333374
578.431396
-1049.019653
-1676.470581
-2156.862792
-2392.156982
-2411.764648
-2000.000000
-1549.019653
-813.725524
9.803922
647.058837
1990.196166
2294.117675
2411.764648
2147.058837
1803.921630
1166.666748
333.333343
-1215.686279
-1882.353027
-2245.098144
-2401.960937
-2323.529541
-1892.156860
-1343.137329
411.764709
1058.823608
1705.882324
2166.666748
2392.156982
2392.156982
1392.156860
627.450988
-166.666671
-911.764709
-1529.411743
-2088.235351
-2343.137207
-2088.235351
-1578.431396
-862.745117
-19.607843
637.254943
1284.313720
1921.568603
2421.568603
2205.882324
1813.725463
1166.666748
352.941192
-450.980407
-1088.235351
-2225.490234
-2401.960937
-2333.333496
-1911.764770
-1352.941162
-558.823547
264.705902
941.176513
1549.019653
2068.627441
2431.372558
2049.019531
1568.627441
-98.039215
-754.901977
-1411.764770
-2039.215698
-2313.725585
-2441.176513
-2127.450927
-1019.607849
-147.058822
578.431396
1235.294189
1862.745117
2245.098144
2421.568603
1813.725463
1235.294189
401.960784
-382.352935
-1068.627441
-1725.490234
-2205.882324
-2352.941162
-1950.980468
-1392.156860
-607.843139
196.078430
892.156860
1509.803955
2058.823486
2333.333496
2421.568603
2088.235351
1676.470581
1000.000000
225.490203
-519.607849
-1166.666748
-1823.529418
-2245.098144
-2284.313720
-1892.156860
-1284.313720
-470.588256
343.137268
1029.411743
1686.274536
2382.353027
2382.353027
1950.980468
1450.980468
696.078430
-107.843139
-833.333374
-2098.039306
-2343.137207
-2421.568603
-2098.039306
-1676.470581
-980.392150
725.490234
1352.941162
1941.176513
2274.509765
2392.156982
2215.686279
1813.725463
274.509796
-480.392150
-1156.862792
-1833.333374
-2235.294189
-2421.568603
-2343.137207
-1323.529418
-529.411804
323.529418
1000.000000
1598.039184
2098.039306
2333.333496
2029.411743
1568.627441
813.725524
-9.803922
-656.862731
-1303.921630
-1941.176513
-2441.176513
-2147.058837
-1764.705932
-1137.254882
-284.313720
480.392150
1872.549072
2235.294189
2392.156982
2284.313720
1892.156860
1343.137329
558.823547
-1068.627441
-1715.686279
-2196.078369
-2401.960937
-2411.764648
-1970.588256
-1480.392211
215.686279
911.764709
1529.411743
2098.039306
2313.725585
2401.960937
2088.235351
901.960815
88.235298
-588.235290
-1235.294189
-1911.764770
-2274.509765
-2441.176513
-1833.333374
-1205.882324
-372.549041
411.764709
1088.235351
1745.098022
2392.156982
2323.529541
1921.568603
1411.764770
647.058837
-176.470596
-872.549011
-2107.843261
-2362.745117
-2441.176513
-2088.235351
-1617.647094
-892.156860
-68.627449
1392.156860
1980.392211
2284.313720
2411.764648
2147.058837
1803.921630
1186.274536
-549.019592
-1205.882324
-1882.353027
-2254.902099
-2421.568603
-2313.725585
-1882.353027
-1313.725463
-549.019592
284.313720
1715.686279
2147.058837
2352.941162
2401.960937
1990.196166
1539.215698
803.921569
-862.745117
-1519.607910
-2088.235351
-2362.745117
-2441.176513
-2117.647216
-911.764709
-68.627449
607.843139
1274.509887
1911.764770
2254.902099
2401.960937
1833.333374
1205.882324
382.352935
-421.568634
-1088.235351
-1735.294189
-2196.078369
-2352.941162
-1931.372558
-1372.549072
-588.235290
225.490203
911.764709
1519.607910
2343.137207
2401.960937
2058.823486
1607.843139
921.568664
88.235298
-578.431396
-1990.196166
-2313.725585
-2431.372558
-2196.078369
-1823.529418
-1176.470581
-333.333343
441.176483
1098.039184
1764.705932
2372.549072
2303.921630
1901.960815
500.000000
-264.705902
-960.784301
-1558.823608
-2107.843261
-2333.333496
-2431.372558
-1529.411743
-803.921569
39.215686
705.882385
1362.745117
1950.980468
2303.921630
2107.843261
1705.882324
1098.039184
245.098037
-480.392150
-1156.862792
-1823.529418
-2441.176513
-2313.725585
-1872.549072
-1294.117675
-460.784332
343.137268
1039.215698
1676.470581
2156.862792
2382.353027
1950.980468
1460.784301
715.686279
-107.843139
-803.921569
-1450.980468
-2049.019531
-2431.372558
-2098.039306
-1637.254882
-1000.000000
-186.274520
549.019592
1186.274536
1833.333374
2245.098144
2421.568603
2313.725585
1892.156860
1333.333374
558.823547
-264.705902
-950.980407
-1549.019653
-2117.647216
-2411.764648
-2049.019531
-1558.823608
-833.333374
9.803922
627.450988
1284.313720
2284.313720
2401.960937
2196.078369
1803.921630
1215.686279
372.549041
-421.568634
-1823.529418
-2235.294189
-2411.764648
-2333.333496
-1911.764770
-1372.549072
372.549041
1019.607849
1666.666748
2117.647216
2372.549072
2372.549072
2039.215698
666.666687
-127.450981
-823.529418
-1480.392211
-2098.039306
-2352.941162
-2401.960937
-2117.647216
-1725.490234
-1039.215698
676.470581
1313.725463
1941.176513
2284.313720
2401.960937
2245.098144
1862.745117
303.921569
-460.784332
-1147.058837
-1803.921630
-2225.490234
-2401.960937
-2382.353027
-1352.941162
-539.215698
294.117645
1000.000000
1558.823608
2098.039306
2352.941162
2039.215698
1568.627441
843.137268
9.803922
-627.450988
-1264.705932
-1921.568603
-2274.509765
-2431.372558
-2294.117675
-1872.549072
-1264.705932
-460.784332
362.745117
1029.411743
1666.666748
2147.058837
2372.549072
1941.176513
1441.176513
686.274536
-107.843139
-843.137268
-1470.588256
-2068.627441
-2421.568603
-2088.235351
-1627.451049
-960.784301
-127.450981
578.431396
1254.901977
1882.353027
2264.705810
2421.568603
1813.725463
1225.490234
421.568634
-1147.058837
-1813.725463
-2225.490234
-2421.568603
-2372.549072
-1911.764770
-1392.156860
333.333343
1000.000000
1637.254882
2117.647216
2382.353027
2392.156982
2058.823486
784.313720
-49.019607
-715.686279
-1372.549072
-1990.196166
-2294.117675
-2431.372558
-1745.098022
-1078.431396
-205.882354
529.411804
1186.274536
1852.941162
2245.098144
2411.764648
2323.529541
1882.353027
490.196075
-323.529418
-1009.803955
-1686.274536
-2166.666748
-2401.960937
-2421.568603
-1450.980468
-705.882385
137.254898
823.529418
1460.784301
2058.823486
2323.529541
2421.568603
2117.647216
1735.294189
127.450981
-578.431396
-1245.098022
-2303.921630
-2431.372558
-2215.686279
-1833.333374
-1196.078491
-362.745117
431.372558
1823.529418
2215.686279
2392.156982
2313.725585
1901.960815
1382.353027
617.647094
-196.078430
-921.568664
-1539.215698
-2382.353027
-2431.372558
-2058.823486
-1588.235351
-852.941162
0.000000
549.019592
1941.176513
2284.313720
2450.980468
2254.902099
1862.745117
1245.098022
450.980407
-1117.647094
-1784.313720
-2215.686279
-2411.764648
-2372.549072
-1941.176513
-1441.176513
-647.058837
196.078430
862.745117
2078.431396
2362.745117
2421.568603
2078.431396
1637.254882
921.568664
127.450981
-1372.549072
-2000.000000
-2274.509765
-2421.568603
-2245.098144
-1862.745117
-1254.901977
500.000000
1098.039184
1735.294189
2166.666748
2401.960937
2392.156982
1960.784301
1460.784301
725.490234
-98.039215
-764.705871
-1421.568603
-2039.215698
-2343.137207
-2431.372558
-2137.254882
-1745.098022
-1088.235351
627.450988
1274.509887
1892.156860
2274.509765
2401.960937
2274.509765
1862.745117
401.960784
-392.156860
-1078.431396
-1725.490234
-2196.078369
-2401.960937
-2401.960937
-1421.568603
-656.862731
196.078430
872.549011
1500.000000
2029.411743
2303.921630
2431.372558
2127.450927
1745.098022
156.862747
-578.431396
-1245.098022
-2274.509765
-2431.372558
-2254.902099
-1862.745117
-1254.901977
-392.156860
401.960784
1774.509887
2196.078369
2411.764648
2343.137207
1911.764770
1392.156860
647.058837
-990.196105
-1598.039184
-2107.843261
-2372.549072
-2450.980468
-2098.039306
-1598.039184
58.823532
705.882385
1362.745117
1980.392211
2294.117675
2431.372558
2186.274658
1803.921630
1176.470581
352.941192
-1196.078491
-1862.745117
-2254.902099
-2411.764648
-2313.725585
-1901.960815
-1352.941162
411.764709
1049.019653
1705.882324
2186.274658
2382.353027
2382.353027
1421.568603
647.058837
-137.254898
-872.549011
-1519.607910
-2068.627441
-2352.941162
-2078.431396
-1607.843139
-921.568664
-68.627449
607.843139
1264.705932
1892.156860
2401.960937
2196.078369
1813.725463
1186.274536
392.156860
-411.764709
-1088.235351
-2225.490234
-2372.549072
-2352.941162
-1931.372558
-1401.960815
-598.039245
196.078430
872.549011
1509.803955
2078.431396
2333.333496
2421.568603
2107.843261
1686.274536
1000.000000
245.098037
-490.196075
-1166.666748
-2264.705810
-2431.372558
-2313.725585
-1872.549072
-1313.725463
-490.196075
352.941192
1009.803955
1647.058837
2107.843261
2362.745117
1960.784301
1470.588256
715.686279
-98.039215
-764.705871
-1411.764770
-2343.137207
-2431.372558
-2107.843261
-1686.274536
-1000.000000
-225.490203
509.803924
1911.764770
2235.294189
2401.960937
2294.117675
1852.941162
1294.117675
490.196075
-303.921569
-1009.803955
-1656.862792
-2411.764648
-2392.156982
-1941.176513
-607.843139
225.490203
882.352966
1539.215698
2098.039306
2333.333496
2401.960937
1607.843139
892.156860
68.627449
-588.235290
-1264.705932
-1921.568603
-2284.313720
-2205.882324
-1794.117675
-1156.862792
-313.725494
441.176483
1068.627441
1774.509887
2392.156982
2313.725585
1882.353027
1362.745117
588.235290
-215.686279
-941.176513
-2137.254882
-2401.960937
-2421.568603
-2039.215698
-1539.215698
-813.725524
872.549011
1490.196166
2049.019531
2303.921630
2411.764648
2117.647216
1715.686279
88.235298
-578.431396
-1254.901977
-1892.156860
-2274.509765
-2411.764648
-2313.725585
-1196.078491
-362.745117
431.372558
1117.647094
1725.490234
2166.666748
2372.549072
1931.372558
1392.156860
627.450988
-176.470596
-892.156860
-1519.607910
-2088.235351
-2421.568603
-2078.431396
-1617.647094
-921.568664
-78.431373
607.843139
1264.705932
1921.568603
2264.705810
2401.960937
1823.529418
1215.686279
382.352935
-1176.470581
-1823.529418
-2245.098144
-2421.568603
-2323.529541
-1921.568603
-1382.353027
372.549041
1029.411743
1696.078491
2127.450927
2352.941162
2401.960937
2009.803955
1539.215698
823.529418
-9.803922
-1441.176513
-2039.215698
-2323.529541
-2431.372558
-2117.647216
-1735.294189
-1078.431396
647.058837
1284.313720
1921.568603
2254.902099
2382.353027
2294.117675
1852.941162
1284.313720
490.196075
-323.529418
-1754.901977
-2176.470703
-2411.764648
-2392.156982
-1960.784301
-1470.588256
-735.294128
127.450981
833.333374
1450.980468
2088.235351
2313.725585
2411.764648
2098.039306
1725.490234
147.058822
-588.235290
-1215.686279
-1852.941162
-2274.509765
-2441.176513
-2323.529541
-1235.294189
-392.156860
411.764709
1068.627441
1725.490234
2166.666748
2343.137207
1901.960815
1421.568603
666.666687
-156.862747
-882.352966
-1509.803955
-2382.353027
-2421.568603
-2078.431396
-1598.039184
-921.568664
-88.235298
607.843139
1990.196166
2284.313720
2411.764648
2166.666748
1794.117675
1205.882324
372.549041
-1176.470581
-1843.137329
-2245.098144
-2411.764648
-2323.529541
-1921.568603
-1343.137329
392.156860
1058.823608
1696.078491
2156.862792
2352.941162
2401.960937
1441.176513
686.274536
-137.254898
-852.941162
-1490.196166
-2098.039306
-2352.941162
-2088.235351
-1617.647094
-911.764709
-98.039215
588.235290
1245.098022
1872.549072
2392.156982
2215.686279
1823.529418
1235.294189
431.372558
-372.549041
-1058.823608
-2196.078369
-2421.568603
-2392.156982
-1950.980468
-1421.568603
-656.862731
186.274520
872.549011
1480.392211
2058.823486
2323.529541
2421.568603
2078.431396
1676.470581
1029.411743
186.274520
-549.019592
-1196.078491
-1872.549072
-2264.705810
-2401.960937
-1862.745117
-1245.098022
-431.372558
362.745117
1049.019653
1676.470581
2147.058837
2362.745117
1901.960815
1450.980468
686.274536
-137.254898
-862.745117
-1500.000000
-2333.333496
-2421.568603
-2107.843261
-1696.078491
-1009.803955
-127.450981
588.235290
1245.098022
1852.941162
2254.902099
2392.156982
2284.313720
1872.549072
1352.941162
529.411804
-294.117645
-980.392150
-1607.843139
-2401.960937
-2431.372558
-2009.803955
-1519.607910
-774.509826
9.803922
656.862731
2029.411743
2313.725585
2411.764648
2137.254882
1774.509887
1166.666748
313.725494
-1205.882324
-1882.353027
-2254.902099
-2431.372558
-2323.529541
-1892.156860
-401.960784
401.960784
1058.823608
1696.078491
2156.862792
2372.549072
2382.353027
1421.568603
676.470581
-137.254898
-852.941162
-1480.392211
-2068.627441
-2362.745117
-2058.823486
-1607.843139
-901.960815
-78.431373
607.843139
1274.509887
1901.960815
2401.960937
2176.470703
1823.529418
1186.274536
372.549041
-372.549041
-1068.627441
-2235.294189
-2411.764648
-2352.941162
-1911.764770
-1362.745117
-588.235290
1049.019653
1676.470581
2137.254882
2362.745117
2382.353027
2009.803955
1529.411743
-156.862747
-862.745117
-1509.803955
-2088.235351
-2352.941162
-2450.980468
-2117.647216
-901.960815
-88.235298
598.039245
1235.294189
1901.960815
2235.294189
2392.156982
1833.333374
1225.490234
401.960784
-392.156860
-1078.431396
-1735.294189
-2176.470703
-2343.137207
-1921.568603
-1401.960815
-627.450988
225.490203
892.156860
2098.039306
2343.137207
2401.960937
2068.627441
1627.451049
941.176513
127.450981
-1372.549072
-2000.000000
-2274.509765
-2431.372558
-2245.098144
-1843.137329
-1215.686279
519.607849
1156.862792
1843.137329
2205.882324
2382.353027
2294.117675
1911.764770
509.803924
-313.725494
-1009.803955
-1637.254882
-2156.862792
-2392.156982
-2401.960937
-2039.215698
-1558.823608
-843.137268
862.745117
1460.784301
2068.627441
2303.921630
2392.156982
2107.843261
1715.686279
88.235298
-588.235290
-1245.098022
-1901.960815
-2264.705810
-2411.764648
-2313.725585
-1235.294189
-401.960784
392.156860
1058.823608
1725.490234
2156.862792
2352.941162
1921.568603
1460.784301
676.470581
-117.647064
-852.941162
-1470.588256
-2372.549072
-2431.372558
-2078.431396
-1637.254882
-941.176513
-98.039215
578.431396
1921.568603
2274.509765
2421.568603
2225.490234
1823.529418
1225.490234
450.980407
-1137.254882
-1803.921630
-2215.686279
-2411.764648
-2362.745117
-1911.764770
-1401.960815
343.137268
1009.803955
1647.058837
2117.647216
2352.941162
2401.960937
1450.980468
735.294128
-88.235298
-774.509826
-1431.372558
-2039.215698
-2333.333496
-2107.843261
-1686.274536
-1000.000000
-205.882354
529.411804
1196.078491
1852.941162
2401.960937
2254.902099
1872.549072
1274.509887
490.196075
-323.529418
-1029.411743
-2205.882324
-2401.960937
-2392.156982
-1950.980468
-1450.980468
-696.078430
117.647064
813.725524
1460.784301
2049.019531
2313.725585
2401.960937
2098.039306
1735.294189
1088.235351
274.509796
-490.196075
-1147.058837
-2254.902099
-2401.960937
-2323.529541
-1892.156860
-1343.137329
-539.215698
284.313720
1696.078491
2166.666748
2382.353027
2372.549072
1980.392211
1509.803955
774.509826
-19.607843
-725.490234
-1362.745117
-2000.000000
-2294.117675
-2431.372558
-2196.078369
-1843.137329
-1205.882324
-352.941192
421.568634
1823.529418
2205.882324
2392.156982
2323.529541
1911.764770
1392.156860
617.647094
-1009.803955
-1676.470581
-2156.862792
-2372.549072
-2411.764648
-2058.823486
-705.882385
117.647064
813.725524
1441.176513
2029.411743
2313.725585
2421.568603
1656.862792
980.392150
176.470596
-549.019592
-1205.882324
-1872.549072
-2254.902099
-2264.705810
-1852.941162
-1235.294189
-421.568634
392.156860
1058.823608
1705.882324
2147.058837
2362.745117
2362.745117
1431.372558
656.862731
-166.666671
-862.745117
-1470.588256
-2098.039306
-2372.549072
-2098.039306
-1627.451049
-960.784301
-98.039215
568.627441
1245.098022
1882.353027
2401.960937
2215.686279
1843.137329
1254.901977
421.568634
-362.745117
-1068.627441
-2215.686279
-2401.960937
-2362.745117
-1931.372558
-1411.764770
-617.647094
1019.607849
1637.254882
2137.254882
2372.549072
2401.960937
2068.627441
1568.627441
-88.235298
-784.313720
-1441.176513
-2049.019531
-2352.941162
-2431.372558
-2137.254882
-980.392150
-137.254898
588.235290
1225.490234
1872.549072
2235.294189
2372.549072
1862.745117
1254.901977
421.568634
-372.549041
-1058.823608
-1696.078491
-2176.470703
-2362.745117
-1941.176513
-1431.372558
-656.862731
176.470596
882.352966
2107.843261
2333.333496
2421.568603
2078.431396
1627.451049
950.980407
117.647064
-1382.353027
-2009.803955
-2294.117675
-2421.568603
-2176.470703
-1823.529418
-1196.078491
558.823547
1186.274536
1852.941162
2215.686279
2421.568603
2333.333496
1911.764770
450.980407
-343.137268
-1039.215698
-1705.882324
-2166.666748
-2392.156982
-2411.764648
-2009.803955
-1509.803955
-764.705871
68.627449
715.686279
1382.353027
1960.784301
2284.313720
2392.156982
2186.274658
1823.529418
264.705902
-490.196075
-1156.862792
-1823.529418
-2245.098144
-2411.764648
-2362.745117
-1303.921630
-509.803924
323.529418
1000.000000
1617.647094
2098.039306
2362.745117
2392.156982
2068.627441
1617.647094
-19.607843
-686.274536
-1362.745117
-1990.196166
-2294.117675
-2411.764648
-2196.078369
-1794.117675
-1166.666748
-323.529418
1245.098022
1872.549072
2235.294189
2235.294189
1833.333374
1235.294189
421.568634
-392.156860
-1039.215698
-1725.490234
-2421.568603
-2333.333496
-1941.176513
-1401.960815
-637.254943
205.882354
882.352966
2088.235351
2343.137207
2401.960937
2068.627441
1607.843139
931.372558
98.039215
-1362.745117
-2000.000000
-2274.509765
-2441.176513
-2235.294189
-1833.333374
-1215.686279
519.607849
1156.862792
1823.529418
2205.882324
2421.568603
2323.529541
1303.921630
509.803924
-313.725494
-1039.215698
-1676.470581
-2156.862792
-2392.156982
-1970.588256
-1470.588256
-686.274536
117.647064
833.333374
1480.392211
2049.019531
2421.568603
2078.431396
1647.058837
990.196105
156.862747
-558.823547
-1225.490234
-2294.117675
-2411.764648
-2225.490234
-1833.333374
-1215.686279
-382.352935
421.568634
1078.431396
1725.490234
2156.862792
2372.549072
2372.549072
1960.784301
1490.196166
735.294128
-68.627449
-764.705871
-1421.568603
-2343.137207
-2441.176513
-2107.843261
-1686.274536
-1029.411743
-166.666671
588.235290
1225.490234
1872.549072
2254.902099
2431.372558
2303.921630
1872.549072
1343.137329
539.215698
-284.313720
-970.588256
-1588.235351
-2401.960937
-2431.372558
-2029.411743
-1529.411743
-794.117675
58.823532
705.882385
2049.019531
2303.921630
2421.568603
2127.450927
1745.098022
1098.039184
274.509796
-480.392150
-1127.451049
-1794.117675
-2421.568603
-2313.725585
-1882.353027
-421.568634
411.764709
1049.019653
1686.274536
2147.058837
2382.353027
2392.156982
1441.176513
686.274536
-137.254898
-852.941162
-1480.392211
-2078.431396
-2343.137207
-2098.039306
-1637.254882
-941.176513
-107.843139
617.647094
1235.294189
1901.960815
2421.568603
2215.686279
1813.725463
1186.274536
372.549041
-401.960784
-1078.431396
-1735.294189
-2166.666748
-2392.156982
-1921.568603
-1392.156860
-598.039245
245.098037
901.960815
1509.803955
2078.431396
2401.960937
2078.431396
1598.039184
901.960815
88.235298
-578.431396
-1235.294189
-2294.117675
-2431.372558
-2215.686279
-1813.725463
-1166.666748
-333.333343
1205.882324
1852.941162
2225.490234
2421.568603
2284.313720
1892.156860
1333.333374
-392.156860
-1068.627441
-1725.490234
-2166.666748
-2411.764648
-2392.156982
-1980.392211
-617.647094
205.882354
911.764709
1519.607910
2078.431396
2362.745117
2411.764648
2088.235351
1666.666748
1000.000000
215.686279
-539.215698
-1196.078491
-1843.137329
-2245.098144
-2421.568603
-2333.333496
-1892.156860
-450.980407
362.745117
1009.803955
1676.470581
2137.254882
2362.745117
2372.549072
1460.784301
715.686279
-107.843139
-813.725524
-1470.588256
-2058.823486
-2343.137207
-2431.372558
-2117.647216
-1715.686279
-1058.823608
-186.274520
549.019592
1205.882324
1862.745117
2264.705810
2411.764648
2313.725585
1284.313720
490.196075
-323.529418
-1019.607849
-1666.666748
-2147.058837
-2392.156982
-1990.196166
-1470.588256
-696.078430
117.647064
813.725524
1441.176513
2049.019531
2333.333496
2421.568603
2117.647216
1735.294189
1078.431396
245.098037
-500.000000
-1107.843139
-1784.313720
-2215.686279
-2401.960937
-1901.960815
-1343.137329
-539.215698
303.921569
970.588256
1588.235351
2098.039306
2343.137207
2401.960937
2078.431396
1617.647094
941.176513
127.450981
-578.431396
-1254.901977
-1911.764770
-2284.313720
-2431.372558
-1823.529418
-1196.078491
-372.549041
421.568634
1098.039184
1754.901977
2176.470703
2352.941162
1892.156860
1401.960815
637.254943
-205.882354
-901.960815
-1500.000000
-2058.823486
-2343.137207
-2431.372558
-2127.450927
-1705.882324
-1039.215698
-156.862747
539.215698
1205.882324
1862.745117
2264.705810
2225.490234
1833.333374
1245.098022
431.372558
-401.960784
-1058.823608
-1705.882324
-2431.372558
-2372.549072
-1941.176513
-1421.568603
-647.058837
176.470596
843.137268
1480.392211
2078.431396
2303.921630
2411.764648
2088.235351
1686.274536
1029.411743
186.274520
-558.823547
-1215.686279
-1862.745117
-2431.372558
-2245.098144
-1862.745117
-1235.294189
-401.960784
411.764709
1058.823608
1705.882324
2147.058837
2372.549072
2382.353027
2000.000000
1558.823608
882.352966
39.215686
-627.450988
-1303.921630
-1931.372558
-2264.705810
-2431.372558
-2264.705810
-1862.745117
-1245.098022
-431.372558
392.156860
1764.705932
2196.078369
2392.156982
2372.549072
1950.980468
1450.980468
686.274536
-960.784301
-1588.235351
-2107.843261
-2362.745117
-2431.372558
-2088.235351
-813.725524
29.411766
696.078430
1333.333374
1950.980468
2264.705810
2401.960937
1754.901977
1117.647094
294.117645
-480.392150
-1127.451049
-1784.313720
-2205.882324
-2313.725585
-1911.764770
-1313.725463
-529.411804
313.725494
980.392150
1598.039184
2392.156982
2392.156982
2009.803955
1509.803955
803.921569
19.607843
-686.274536
-2039.215698
-2323.529541
-2431.372558
-2127.450927
-1745.098022
-1098.039184
-225.490203
500.000000
1107.843139
1794.117675
2382.353027
2333.333496
1892.156860
1372.549072
598.039245
-225.490203
-921.568664
-2127.450927
-2401.960937
-2421.568603
-2049.019531
-1598.039184
-862.745117
-49.019607
1431.372558
1980.392211
2303.921630
2421.568603
2127.450927
1764.705932
166.666671
-549.019592
-1225.490234
-1882.353027
-2254.902099
-2401.960937
-2323.529541
-1254.901977
-411.764709
382.352935
1029.411743
1686.274536
2147.058837
2372.549072
1950.980468
1460.784301
696.078430
-107.843139
-813.725524
-1470.588256
-2058.823486
-2431.372558
-2078.431396
-1656.862792
-960.784301
-117.647064
598.039245
1254.901977
1892.156860
2235.294189
2392.156982
2294.117675
1882.353027
1294.117675
500.000000
-245.098037
-911.764709
-1568.627441
-2127.450927
-2421.568603
-2078.431396
-1568.627441
-813.725524
0.000000
558.823547
1215.686279
2264.705810
2411.764648
2235.294189
1852.941162
1264.705932
450.980407
-362.745117
-1764.705932
-2205.882324
-2411.764648
-2382.353027
-1941.176513
-1411.764770
-676.470581
980.392150
1598.039184
2117.647216
2333.333496
2401.960937
2058.823486
784.313720
-9.803922
-656.862731
-1333.333374
-1950.980468
-2294.117675
-2421.568603
-1774.509887
-1117.647094
-303.921569
500.000000
1098.039184
1754.901977
2186.274658
2313.725585
1911.764770
1392.156860
617.647094
-176.470596
-882.352966
-1539.215698
-2362.745117
-2411.764648
-2068.627441
-1588.235351
-872.549011
-29.411766
647.058837
2019.607910
2303.921630
2401.960937
2147.058837
1784.313720
1166.666748
352.941192
-441.176483
-1117.647094
-1764.705932
-2196.078369
-2411.764648
-2372.549072
-1950.980468
-1450.980468
-666.666687
156.862747
843.137268
2088.235351
2362.745117
2411.764648
2058.823486
1617.647094
931.372558
117.647064
-1372.549072
-1990.196166
-2313.725585
-2431.372558
-2176.470703
-1794.117675
-196.078430
519.607849
1176.470581
1813.725463
2225.490234
2421.568603
2323.529541
1284.313720
490.196075
-303.921569
-990.196105
-1627.451049
-2147.058837
-2372.549072
-2000.000000
-1549.019653
-843.137268
19.607843
666.666687
1323.529418
1950.980468
2411.764648
2147.058837
1784.313720
1156.862792
294.117645
-450.980407
-1127.451049
-2235.294189
-2411.764648
-2343.137207
-1892.156860
-1343.137329
-509.803924
284.313720
990.196105
1568.627441
2098.039306
2401.960937
2029.411743
1549.019653
-137.254898
-852.941162
-1509.803955
-2078.431396
-2333.333496
-2421.568603
-2117.647216
-921.568664
-88.235298
588.235290
1274.509887
1882.353027
2235.294189
2401.960937
1833.333374
1205.882324
401.960784
-382.352935
-1039.215698
-1725.490234
-2176.470703
-2392.156982
-2401.960937
-1990.196166
-637.254943
215.686279
911.764709
1519.607910
2078.431396
2333.333496
2411.764648
1607.843139
901.960815
107.843139
-627.450988
-1284.313720
-1921.568603
-2284.313720
-2196.078369
-1823.529418
-1196.078491
-333.333343
460.784332
1117.647094
1764.705932
2156.862792
2362.745117
2362.745117
1950.980468
1460.784301
715.686279
-98.039215
-774.509826
-1421.568603
-2039.215698
-2333.333496
-2431.372558
-2137.254882
-1735.294189
-117.647064
588.235290
1235.294189
1892.156860
2284.313720
2411.764648
2294.117675
1215.686279
372.549041
-392.156860
-1068.627441
-1754.901977
-2186.274658
-2431.372558
-1931.372558
-1382.353027
-607.843139
235.294128
911.764709
1539.215698
2107.843261
2392.156982
2049.019531
1588.235351
872.549011
49.019607
-637.254943
-1274.509887
-2284.313720
-2431.372558
-2196.078369
-1823.529418
-1166.666748
-343.137268
1225.490234
1872.549072
2254.902099
2411.764648
2313.725585
1892.156860
1352.941162
-362.745117
-1029.411743
-1705.882324
-2166.666748
-2431.372558
-2411.764648
-1970.588256
-637.254943
186.274520
892.156860
1529.411743
2058.823486
2303.921630
2411.764648
2078.431396
1686.274536
1019.607849
-666.666687
-1343.137329
-1980.392211
-2421.568603
-2127.450927
-1764.705932
-1088.235351
-264.705902
509.803924
1186.274536
2254.902099
2392.156982
2313.725585
1882.353027
1303.921630
519.607849
-284.313720
-1725.490234
-2176.470703
-2392.156982
-2392.156982
-1980.392211
-1500.000000
-833.333374
872.549011
1490.196166
2049.019531
2303.921630
2411.764648
2088.235351
1725.490234
1058.823608
186.274520
-549.019592
-1186.274536
-1852.941162
-2235.294189
-2421.568603
-2333.333496
-1901.960815
-1352.941162
-539.215698
1088.235351
1735.294189
2176.470703
2372.549072
2372.549072
1960.784301
1480.392211
754.901977
-58.823532
-745.098083
-1392.156860
-2019.607910
-2313.725585
-2411.764648
-2176.470703
-1784.313720
-1166.666748
-303.921569
1245.098022
1892.156860
2245.098144
2411.764648
2303.921630
1872.549072
1333.333374
549.019592
-264.705902
-970.588256
-1598.039184
-2107.843261
-2372.549072
-2411.764648
-2088.235351
-1598.039184
-911.764709
-78.431373
1382.353027
1970.588256
2303.921630
2401.960937
2186.274658
1784.313720
1166.666748
-539.215698
-1215.686279
-1882.353027
-2225.490234
-2401.960937
-2303.921630
-1901.960815
-431.372558
392.156860
1039.215698
1666.666748
2156.862792
2382.353027
1921.568603
1392.156860
666.666687
-137.254898
-843.137268
-1490.196166
-2098.039306
-2421.568603
-2098.039306
-1627.451049
-950.980407
-117.647064
607.843139
1274.509887
2294.117675
2411.764648
2196.078369
1843.137329
1196.078491
372.549041
-382.352935
-1088.235351
-1745.098022
-2196.078369
-2343.137207
-1931.372558
-1421.568603
-637.254943
215.686279
911.764709
1509.803955
2343.137207
2411.764648
2058.823486
1617.647094
931.372558
98.039215
-558.823547
-1970.588256
-2303.921630
-2431.372558
-2215.686279
-1833.333374
-1205.882324
-362.745117
1176.470581
1823.529418
2225.490234
2411.764648
2343.137207
1901.960815
1362.745117
578.431396
-235.294128
-941.176513
-2156.862792
-2382.353027
-2431.372558
-2039.215698
-1558.823608
-813.725524
19.607843
686.274536
1333.333374
1960.784301
2264.705810
2401.960937
2215.686279
1803.921630
1235.294189
411.764709
-392.156860
-1049.019653
-2215.686279
-2411.764648
-2372.549072
-1931.372558
-1411.764770
-647.058837
176.470596
1588.235351
2098.039306
2362.745117
2401.960937
2058.823486
1588.235351
931.372558
107.843139
-617.647094
-1274.509887
-2284.313720
-2431.372558
-2215.686279
-1078.431396
-215.686279
539.215698
1166.666748
1833.333374
2215.686279
2392.156982
1852.941162
1274.509887
480.392150
-323.529418
-1019.607849
-1676.470581
-2147.058837
-2392.156982
-1970.588256
-1480.392211
-705.882385
117.647064
833.333374
1441.176513
2049.019531
2323.529541
2411.764648
1637.254882
970.588256
147.058822
-588.235290
-1931.372558
-2294.117675
-2421.568603
-2254.902099
-1833.333374
-1215.686279
519.607849
1156.862792
1833.333374
2225.490234
2382.353027
2294.117675
1901.960815
490.196075
-313.725494
-1009.803955
-1676.470581
-2137.254882
-2392.156982
-2431.372558
-2029.411743
-1539.215698
-823.529418
892.156860
1500.000000
2058.823486
2303.921630
2392.156982
2117.647216
1754.901977
147.058822
-549.019592
-1205.882324
-1872.549072
-2274.509765
-2441.176513
-2313.725585
-1225.490234
-411.764709
392.156860
1049.019653
1705.882324
2137.254882
2372.549072
2382.353027
2009.803955
1519.607910
803.921569
-39.215686
-696.078430
-1362.745117
-1980.392211
-2294.117675
-2441.176513
-2196.078369
-1078.431396
-225.490203
519.607849
1176.470581
1823.529418
2225.490234
2401.960937
1862.745117
1284.313720
500.000000
-245.098037
-931.372558
-1549.019653
-2117.647216
-2431.372558
-2049.019531
-1568.627441
-823.529418
19.607843
666.666687
1343.137329
1950.980468
2235.294189
2421.568603
1774.509887
1156.862792
313.725494
-1254.901977
-1901.960815
-2274.509765
-2411.764648
-2303.921630
-1882.353027
-1333.333374
431.372558
1098.039184
1745.098022
2186.274658
2401.960937
2401.960937
1980.392211
637.254943
-196.078430
-911.764709
-1529.411743
-2098.039306
-2352.941162
-2421.568603
-1598.039184
-892.156860
-58.823532
637.254943
1284.313720
1911.764770
2431.372558
2186.274658
1803.921630
1166.666748
333.333343
-441.176483
-1088.235351
-2245.098144
-2421.568603
-2333.333496
-1921.568603
-1372.549072
-578.431396
245.098037
1666.666748
2127.450927
2372.549072
2411.764648
2029.411743
1558.823608
823.529418
-833.333374
-1470.588256
-2068.627441
-2333.333496
-2441.176513
-2117.647216
-1705.882324
-1029.411743
-166.666671
549.019592
1931.372558
2294.117675
2421.568603
1764.705932
1166.666748
323.529418
-450.980407
-1127.451049
-1774.509887
-2196.078369
-2343.137207
-1901.960815
-1362.745117
-578.431396
264.705902
921.568664
1539.215698
2372.549072
2401.960937
2029.411743
1558.823608
862.745117
39.215686
-637.254943
-2009.803955
-2303.921630
-2411.764648
-2137.254882
-1794.117675
-1127.451049
-264.705902
500.000000
1088.235351
1735.294189
2401.960937
2313.725585
1901.960815
1382.353027
627.450988
-205.882354
-901.960815
-2137.254882
-2382.353027
-2421.568603
-2058.823486
-1598.039184
-882.352966
-39.215686
1411.764770
2009.803955
2294.117675
2401.960937
2156.862792
1774.509887
186.274520
-539.215698
-1196.078491
-1862.745117
-2264.705810
-2401.960937
-2313.725585
-1264.705932
-441.176483
401.960784
1039.215698
1696.078491
2137.254882
2362.745117
1950.980468
1450.980468
705.882385
-117.647064
-852.941162
-1480.392211
-2088.235351
-2411.764648
-2107.843261
-1647.058837
-950.980407
-137.254898
598.039245
1235.294189
1892.156860
2235.294189
2372.549072
1833.333374
1215.686279
382.352935
-1166.666748
-1813.725463
-2215.686279
-2411.764648
-2352.941162
-1901.960815
-1352.941162
382.352935
1039.215698
1705.882324
2156.862792
2372.549072
2392.156982
2000.000000
754.901977
-68.627449
-745.098083
-1392.156860
-2019.607910
-2323.529541
-2421.568603
-1715.686279
-1049.019653
-196.078430
529.411804
1186.274536
1843.137329
2235.294189
2421.568603
2333.333496
1892.156860
431.372558
-352.941192
-1058.823608
-2205.882324
-2411.764648
-2401.960937
-1970.588256
-1450.980468
-676.470581
156.862747
1578.431396
2088.235351
2382.353027
2411.764648
2058.823486
1598.039184
931.372558
-725.490234
-1411.764770
-2009.803955
-2303.921630
-2431.372558
-2176.470703
-1813.725463
-205.882354
529.411804
1205.882324
1833.333374
2245.098144
2401.960937
1843.137329
1284.313720
490.196075
-323.529418
-1009.803955
-1666.666748
-2156.862792
-2401.960937
-1960.784301
-1450.980468
-715.686279
107.843139
823.529418
1460.784301
2343.137207
2421.568603
2078.431396
1647.058837
990.196105
176.470596
-539.215698
-1941.176513
-2284.313720
-2421.568603
-2254.902099
-1862.745117
-1235.294189
-401.960784
1147.058837
1843.137329
2205.882324
2392.156982
2313.725585
1901.960815
519.607849
-294.117645
-1019.607849
-1666.666748
-2137.254882
-2392.156982
-2431.372558
-1460.784301
-715.686279
117.647064
823.529418
1431.372558
2049.019531
2294.117675
2078.431396
1656.862792
1009.803955
137.254898
-558.823547
-1245.098022
-1872.549072
-2421.568603
-2245.098144
-1823.529418
-1235.294189
-401.960784
401.960784
1058.823608
1705.882324
2176.470703
2411.764648
1931.372558
1421.568603
686.274536
-147.058822
-852.941162
-1490.196166
-2098.039306
-2343.137207
-2431.372558
-2117.647216
-1686.274536
-1009.803955
-147.058822
578.431396
1235.294189
1882.353027
2245.098144
2401.960937
1833.333374
1225.490234
431.372558
-392.156860
-1058.823608
-1705.882324
-2166.666748
-2401.960937
-2392.156982
-2000.000000
-715.686279
117.647064
833.333374
1450.980468
2039.215698
2303.921630
2411.764648
2117.647216
1725.490234
1088.235351
-637.254943
-1303.921630
-1941.176513
-2274.509765
-2421.568603
-2254.902099
-1852.941162
-313.725494
450.980407
1098.039184
1754.901977
2176.470703
2392.156982
2392.156982
1372.549072
627.450988
-196.078430
-882.352966
-1539.215698
-2107.843261
-2352.941162
-2411.764648
-2098.039306
-1676.470581
-19.607843
666.666687
1333.333374
1941.176513
2264.705810
2392.156982
2254.902099
1147.058837
313.725494
-450.980407
-1117.647094
-1784.313720
-2196.078369
-2401.960937
-1892.156860
-1372.549072
-568.627441
274.509796
980.392150
1578.431396
2098.039306
2323.529541
2392.156982
2068.627441
1617.647094
960.784301
156.862747
-568.627441
-1225.490234
-1901.960815
-2254.902099
-2431.372558
-1833.333374
-1225.490234
-392.156860
411.764709
1068.627441
1725.490234
2166.666748
2343.137207
1911.764770
1411.764770
647.058837
-156.862747
-882.352966
-1500.000000
-2343.137207
-2441.176513
-2098.039306
-1656.862792
-980.392150
-127.450981
1372.549072
1990.196166
2284.313720
2421.568603
2205.882324
1813.725463
1215.686279
-500.000000
-1147.058837
-1813.725463
-2205.882324
-2411.764648
-2372.549072
-1941.176513
-519.607849
313.725494
990.196105
1598.039184
2088.235351
2362.745117
2411.764648
1529.411743
803.921569
-9.803922
-656.862731
-1343.137329
-1970.588256
-2294.117675
-2431.372558
-2225.490234
-1823.529418
-1215.686279
-343.137268
431.372558
1107.843139
1735.294189
2176.470703
2382.353027
2382.353027
1401.960815
607.843139
-205.882354
-921.568664
-1539.215698
-2098.039306
-2352.941162
-2068.627441
-1578.431396
-862.745117
-9.803922
647.058837
1284.313720
1911.764770
2245.098144
2421.568603
2303.921630
1862.745117
1294.117675
490.196075
-323.529418
-1019.607849
-1686.274536
-2147.058837
-2392.156982
-2421.568603
-2029.411743
-1539.215698
166.666671
872.549011
1480.392211
2068.627441
2323.529541
2431.372558
2098.039306
960.784301
156.862747
-598.039245
-1235.294189
-1901.960815
-2264.705810
-2401.960937
-1843.137329
-1186.274536
-372.549041
431.372558
1078.431396
1725.490234
2176.470703
2382.353027
2401.960937
1980.392211
1470.588256
754.901977
-68.627449
-745.098083
-1392.156860
-2009.803955
-2323.529541
-2127.450927
-1705.882324
-1058.823608
647.058837
1323.529418
1941.176513
2284.313720
2401.960937
2254.902099
1843.137329
313.725494
-460.784332
-1156.862792
-1803.921630
-2215.686279
-2401.960937
-2372.549072
-1343.137329
-539.215698
284.313720
960.784301
1588.235351
2098.039306
2352.941162
2421.568603
2078.431396
1627.451049
-29.411766
-735.294128
-1392.156860
-2000.000000
-2441.176513
-2156.862792
-1774.509887
-1147.058837
-284.313720
480.392150
1862.745117
2235.294189
2401.960937
2323.529541
1862.745117
1323.529418
539.215698
-1058.823608
-1735.294189
-2166.666748
-2401.960937
-2392.156982
-1980.392211
-1470.588256
254.901962
921.568664
1529.411743
2068.627441
2323.529541
2421.568603
2078.431396
1637.254882
980.392150
156.862747
-1333.333374
-1970.588256
-2303.921630
-2127.450927
-1735.294189
-1078.431396
-254.901962
500.000000
1117.647094
1764.705932
2401.960937
2313.725585
1872.549072
1352.941162
598.039245
-225.490203
-931.372558
-2127.450927
-2382.353027
-2411.764648
-2058.823486
-1578.431396
-872.549011
-9.803922
1401.960815
2019.607910
2294.117675
2431.372558
2156.862792
1754.901977
1166.666748
294.117645
-470.588256
-1137.254882
-1823.529418
-2235.294189
-2401.960937
-2352.941162
-1931.372558
-1411.764770
-617.647094
215.686279
1627.451049
2098.039306
2343.137207
2401.960937
2068.627441
1617.647094
892.156860
-764.705871
-1411.764770
-2039.215698
-2323.529541
-2421.568603
-2127.450927
-1735.294189
-156.862747
578.431396
1245.098022
1852.941162
2235.294189
2382.353027
1833.333374
1225.490234
411.764709
-362.745117
-1068.627441
-1735.294189
-2186.274658
-2372.549072
-1941.176513
-1421.568603
-637.254943
196.078430
872.549011
1490.196166
2362.745117
2401.960937
2058.823486
1607.843139
921.568664
88.235298
-578.431396
-1970.588256
-2303.921630
-2431.372558
-2225.490234
-1843.137329
-1205.882324
529.411804
1166.666748
1843.137329
2225.490234
2392.156982
2323.529541
1901.960815
470.588256
-352.941192
-1039.215698
-1666.666748
-2147.058837
-2382.353027
-2411.764648
-1441.176513
-666.666687
147.058822
843.137268
1470.588256
2049.019531
2343.137207
2058.823486
1627.451049
950.980407
147.058822
-578.431396
-1235.294189
-1892.156860
-2264.705810
-2411.764648
-2313.725585
-1205.882324
-392.156860
421.568634
1078.431396
1715.686279
2176.470703
2382.353027
1921.568603
1411.764770
647.058837
-156.862747
-892.156860
-1509.803955
-2078.431396
-2431.372558
-2078.431396
-1617.647094
-921.568664
-88.235298
598.039245
1264.705932
1892.156860
2254.902099
2382.353027
2284.313720
1872.549072
1333.333374
549.019592
-284.313720
-980.392150
-1598.039184
-2117.647216
-2372.549072
-2411.764648
-2088.235351
-794.117675
58.823532
705.882385
1362.745117
1990.196166
2294.117675
2411.764648
1715.686279
1068.627441
225.490203
-509.803924
-1156.862792
-1823.529418
-2205.882324
-2294.117675
-1882.353027
-1284.313720
-480.392150
343.137268
1000.000000
1607.843139
2392.156982
2392.156982
1990.196166
1490.196166
774.509826
-49.019607
-725.490234
-2049.019531
-2333.333496
-2411.764648
-2117.647216
-1735.294189
-1058.823608
666.666687
1303.921630
1931.372558
2274.509765
2421.568603
2254.902099
1852.941162
343.137268
-460.784332
-1107.843139
-1764.705932
-2205.882324
-2411.764648
-2392.156982
-1362.745117
-539.215698
294.117645
970.588256
1598.039184
2088.235351
2362.745117
2411.764648
2058.823486
1617.647094
931.372558
98.039215
-558.823547
-1245.098022
-1882.353027
-2254.902099
-2401.960937
-2303.921630
-1245.098022
-421.568634
392.156860
1058.823608
1705.882324
2137.254882
2362.745117
1941.176513
1441.176513
656.862731
-147.058822
-911.764709
-1490.196166
-2078.431396
-2343.137207
-2421.568603
-2088.235351
-931.372558
-78.431373
598.039245
1284.313720
1911.764770
2235.294189
2392.156982
1833.333374
1225.490234
392.156860
-1156.862792
-1823.529418
-2245.098144
-2401.960937
-2343.137207
-1931.372558
-1382.353027
343.137268
1009.803955
1666.666748
2117.647216
2382.353027
2431.372558
2019.607910
696.078430
-98.039215
