-784.313720
-1431.372558
-2049.019531
-2313.725585
-2421.568603
-1696.078491
-1039.215698
-156.862747
558.823547
1245.098022
1852.941162
2421.568603
2245.098144
1843.137329
1235.294189
421.568634
-382.352935
-1049.019653
-2205.882324
-2411.764648
-2362.745117
-1931.372558
-1421.568603
-617.647094
205.882354
1647.058837
2107.843261
2372.549072
2421.568603
2058.823486
1578.431396
882.352966
-774.509826
-1421.568603
-2029.411743
-2323.529541
-2431.372558
-2117.647216
-1745.098022
-1098.039184
-235.294128
500.000000
1833.333374
2225.490234
2401.960937
2333.333496
1892.156860
1352.941162
568.627441
-254.901962
-960.784301
-1578.431396
-2401.960937
-2411.764648
-2029.411743
-1539.215698
-833.333374
29.411766
715.686279
2009.803955
2294.117675
2401.960937
2147.058837
1754.901977
1127.451049
294.117645
-1245.098022
-1941.176513
-2264.705810
-2431.372558
-2303.921630
-1882.353027
-372.549041
421.568634
1068.627441
1705.882324
2186.274658
2392.156982
2362.745117
1372.549072
627.450988
-196.078430
-892.156860
-1519.607910
-2098.039306
-2333.333496
-2088.235351
-1607.843139
-892.156860
-58.823532
617.647094
1245.098022
1901.960815
2254.902099
2401.960937
2284.313720
1215.686279
392.156860
-401.960784
-1078.431396
-1725.490234
-2176.470703
-2411.764648
-1921.568603
-1411.764770
-607.843139
186.274520
911.764709
1529.411743
2088.235351
2411.764648
2049.019531
1617.647094
892.156860
98.039215
-568.627441
-1245.098022
-2303.921630
-2450.980468
-2225.490234
-1852.941162
-1205.882324
-362.745117
421.568634
1098.039184
1725.490234
2166.666748
2382.353027
2382.353027
1970.588256
1460.784301
764.705871
-68.627449
-745.098083
-2068.627441
-2323.529541
-2441.176513
-2107.843261
-1705.882324
-1029.411743
-166.666671
1343.137329
1960.784301
2284.313720
2421.568603
2205.882324
1803.921630
284.313720
-470.588256
-1127.451049
-1803.921630
-2225.490234
-2401.960937
-2352.941162
-1921.568603
-1382.353027
-627.450988
196.078430
882.352966
1490.196166
2058.823486
2333.333496
2411.764648
2068.627441
1686.274536
1019.607849
166.666671
-578.431396
-1215.686279
-2274.509765
-2421.568603
-2245.098144
-1843.137329
-1245.098022
-421.568634
362.745117
1039.215698
1705.882324
2156.862792
2362.745117
1921.568603
1401.960815
-313.725494
-980.392150
-1617.647094
-2107.843261
-2362.745117
-2421.568603
-2068.627441
-1588.235351
-882.352966
-39.215686
647.058837
1294.117675
1921.568603
2264.705810
2156.862792
1803.921630
1166.666748
-558.823547
-1215.686279
-1892.156860
-2264.705810
-2421.568603
-2303.921630
-1892.156860
-401.960784
392.156860
1068.627441
1676.470581
2156.862792
2372.549072
2401.960937
1431.372558
686.274536
-980.392150
-1598.039184
-2117.647216
-2382.353027
-2029.411743
-1529.411743
-784.313720
29.411766
705.882385
1362.745117
2323.529541
2411.764648
2088.235351
1725.490234
1088.235351
235.294128
-519.607849
-1882.353027
-2254.902099
-2441.176513
-2323.529541
-1892.156860
-1313.725463
-509.803924
1088.235351
1754.901977
2186.274658
2372.549072
2352.941162
1931.372558
1460.784301
-245.098037
-941.176513
-1578.431396
-2127.450927
-2362.745117
-2421.568603
-2088.235351
-1627.451049
-931.372558
-98.039215
598.039245
1254.901977
1872.549072
2235.294189
2411.764648
2323.529541
1872.549072
1303.921630
-421.568634
-1117.647094
-1754.901977
-2196.078369
-2421.568603
-2382.353027
-1960.784301
-598.039245
225.490203
911.764709
1539.215698
2078.431396
2323.529541
2039.215698
1568.627441
882.352966
39.215686
-627.450988
-1284.313720
-1950.980468
-2421.568603
-2186.274658
-1823.529418
-1196.078491
-333.333343
460.784332
1107.843139
2235.294189
2392.156982
2333.333496
1882.353027
1343.137329
568.627441
-245.098037
-1666.666748
-2137.254882
-2382.353027
-2421.568603
-2009.803955
-1529.411743
-784.313720
39.215686
705.882385
1352.941162
2313.725585
2431.372558
2068.627441
1725.490234
1098.039184
254.901962
-500.000000
-1843.137329
-2254.902099
-2411.764648
-2333.333496
-1901.960815
-1352.941162
-568.627441
1058.823608
1705.882324
2176.470703
2382.353027
2401.960937
2000.000000
1568.627441
843.137268
19.607843
-637.254943
-2039.215698
-2323.529541
-2431.372558
-1686.274536
-1029.411743
-166.666671
578.431396
1235.294189
1872.549072
2225.490234
2245.098144
1833.333374
1235.294189
411.764709
-372.549041
-1078.431396
-1696.078491
-2411.764648
-2362.745117
-1950.980468
-1411.764770
-627.450988
186.274520
892.156860
2088.235351
2352.941162
2421.568603
2098.039306
1627.451049
950.980407
117.647064
-568.627441
-1274.509887
-1892.156860
-2421.568603
-2225.490234
-1843.137329
-264.705902
500.000000
1098.039184
1735.294189
2186.274658
2392.156982
2362.745117
1372.549072
607.843139
-205.882354
-921.568664
-1558.823608
-2117.647216
-2362.745117
-2058.823486
-1578.431396
-852.941162
-19.607843
656.862731
1313.725463
1970.588256
2411.764648
2137.254882
1764.705932
1117.647094
294.117645
-450.980407
-1107.843139
-1794.117675
-2235.294189
-2411.764648
-2362.745117
-1941.176513
-1392.156860
-627.450988
205.882354
872.549011
1509.803955
2068.627441
2411.764648
2068.627441
1598.039184
921.568664
117.647064
-598.039245
-1274.509887
-2284.313720
-2421.568603
-2235.294189
-1823.529418
-1196.078491
-362.745117
431.372558
1088.235351
1725.490234
2176.470703
2382.353027
2392.156982
1970.588256
1480.392211
735.294128
-88.235298
-754.901977
-1421.568603
-2343.137207
-2431.372558
-2107.843261
-1705.882324
-1019.607849
-176.470596
558.823547
1931.372558
2235.294189
2401.960937
2245.098144
1852.941162
1254.901977
441.176483
-362.745117
-1039.215698
-1705.882324
-2176.470703
-2392.156982
-2411.764648
-1990.196166
-1490.196166
-745.098083
68.627449
735.294128
1392.156860
1960.784301
2294.117675
2088.235351
1715.686279
1078.431396
245.098037
-509.803924
-1147.058837
-1813.725463
-2421.568603
-2323.529541
-1862.745117
-1284.313720
-490.196075
313.725494
990.196105
2176.470703
2372.549072
2372.549072
2000.000000
1549.019653
833.333374
29.411766
-1441.176513
-2058.823486
-2323.529541
-2431.372558
-2127.450927
-1754.901977
-1078.431396
-245.098037
500.000000
1107.843139
2235.294189
2392.156982
2323.529541
1901.960815
1333.333374
558.823547
-254.901962
-1696.078491
-2156.862792
-2392.156982
-2431.372558
-2019.607910
-1519.607910
-794.117675
872.549011
1500.000000
2049.019531
2303.921630
2401.960937
2127.450927
970.588256
166.666671
-558.823547
-1215.686279
-1872.549072
-2254.902099
-2421.568603
-2313.725585
-1911.764770
-1343.137329
-549.019592
1058.823608
1705.882324
2156.862792
2382.353027
2372.549072
1980.392211
617.647094
-176.470596
-892.156860
-1490.196166
-2098.039306
-2352.941162
-2421.568603
-1617.647094
-911.764709
-58.823532
617.647094
1274.509887
1921.568603
2264.705810
2225.490234
1823.529418
1225.490234
401.960784
-392.156860
-1068.627441
-1715.686279
-2186.274658
-2401.960937
-2411.764648
-1382.353027
-627.450988
196.078430
892.156860
1500.000000
2049.019531
2333.333496
2058.823486
1627.451049
1000.000000
205.882354
-519.607849
-1186.274536
-1872.549072
-2411.764648
-2264.705810
-1872.549072
-1245.098022
-470.588256
352.941192
1029.411743
2205.882324
2401.960937
2343.137207
1931.372558
1450.980468
686.274536
-107.843139
-1568.627441
-2117.647216
-2362.745117
-2421.568603
-2088.235351
-1598.039184
58.823532
715.686279
1372.549072
2000.000000
2264.705810
2421.568603
2274.509765
1156.862792
313.725494
-450.980407
-1117.647094
-1764.705932
-2186.274658
-2411.764648
-1901.960815
-1343.137329
-558.823547
294.117645
950.980407
1568.627441
2078.431396
2392.156982
2000.000000
1578.431396
882.352966
68.627449
-598.039245
-1274.509887
-1911.764770
-2274.509765
-2411.764648
-1823.529418
-1176.470581
-333.333343
441.176483
1107.843139
1754.901977
2186.274658
2313.725585
1911.764770
1362.745117
588.235290
-215.686279
-950.980407
-1549.019653
-2382.353027
-2431.372558
-2058.823486
-1588.235351
-852.941162
0.000000
549.019592
1196.078491
1843.137329
2235.294189
2254.902099
1852.941162
1245.098022
460.784332
-323.529418
-1039.215698
-1686.274536
-2421.568603
-2372.549072
-1941.176513
-1431.372558
-647.058837
176.470596
843.137268
2088.235351
2352.941162
2392.156982
2058.823486
1617.647094
950.980407
127.450981
-598.039245
-1254.901977
-1892.156860
-2421.568603
-2225.490234
-1852.941162
-1215.686279
-372.549041
401.960784
1058.823608
2215.686279
2392.156982
2343.137207
1911.764770
1421.568603
627.450988
-156.862747
-1598.039184
-2117.647216
-2362.745117
-2431.372558
-2068.627441
-1607.843139
78.431373
754.901977
1392.156860
2009.803955
2294.117675
2431.372558
2166.666748
1049.019653
225.490203
-519.607849
-1196.078491
-1833.333374
-2254.902099
-2421.568603
-2352.941162
-1911.764770
-1333.333374
362.745117
1039.215698
1705.882324
2166.666748
2392.156982
2401.960937
2000.000000
745.098083
-58.823532
-774.509826
-1421.568603
-2039.215698
-2294.117675
-2421.568603
-1725.490234
-1049.019653
-166.666671
558.823547
1205.882324
1882.353027
2245.098144
2254.902099
1823.529418
1235.294189
431.372558
-382.352935
-1068.627441
-1705.882324
-2176.470703
-2392.156982
-2392.156982
-1411.764770
-647.058837
176.470596
882.352966
1490.196166
2078.431396
2333.333496
2431.372558
2088.235351
1676.470581
1019.607849
186.274520
-549.019592
-1205.882324
-1843.137329
-2264.705810
-2441.176513
-2303.921630
-1245.098022
-441.176483
401.960784
1049.019653
1696.078491
2117.647216
2372.549072
1960.784301
1450.980468
696.078430
-117.647064
-843.137268
-1460.784301
-2058.823486
-2421.568603
-2107.843261
-1656.862792
-990.196105
-147.058822
578.431396
1235.294189
1882.353027
2235.294189
2392.156982
2303.921630
1892.156860
1323.529418
549.019592
-264.705902
-970.588256
-1578.431396
-2107.843261
-2421.568603
-2009.803955
-1519.607910
-803.921569
49.019607
686.274536
1333.333374
1941.176513
2284.313720
2401.960937
1735.294189
1098.039184
274.509796
-470.588256
-1137.254882
-1803.921630
-2245.098144
-2313.725585
-1911.764770
-1313.725463
-519.607849
303.921569
980.392150
1588.235351
2088.235351
2343.137207
2411.764648
1509.803955
803.921569
-19.607843
-676.470581
-2049.019531
-2333.333496
-2431.372558
-2137.254882
-1745.098022
-1088.235351
637.254943
1294.117675
1901.960815
2254.902099
2421.568603
2294.117675
1882.353027
362.745117
-421.568634
-1088.235351
-1754.901977
-2196.078369
-2421.568603
-2392.156982
-1362.745117
-568.627441
254.901962
941.176513
1558.823608
2088.235351
2352.941162
2421.568603
2078.431396
1627.451049
970.588256
137.254898
-588.235290
-1245.098022
-1872.549072
-2274.509765
-2421.568603
-2323.529541
-1892.156860
-1323.529418
-519.607849
1088.235351
1735.294189
2186.274658
2392.156982
2372.549072
1970.588256
1480.392211
-245.098037
-931.372558
-1549.019653
-2107.843261
-2362.745117
-2441.176513
-2078.431396
-843.137268
0.000000
568.627441
1205.882324
1872.549072
2245.098144
2411.764648
1862.745117
1254.901977
460.784332
-343.137268
-1049.019653
-1705.882324
-2166.666748
-2401.960937
-2401.960937
-2019.607910
-676.470581
147.058822
852.941162
1500.000000
2039.215698
2303.921630
2411.764648
1696.078491
1019.607849
166.666671
-558.823547
-1215.686279
-1882.353027
-2254.902099
-2294.117675
-1823.529418
-1264.705932
-431.372558
392.156860
1058.823608
1686.274536
2156.862792
2392.156982
2401.960937
1411.764770
676.470581
-137.254898
-843.137268
-1500.000000
-2058.823486
-2333.333496
-2098.039306
-1666.666748
-1000.000000
-196.078430
549.019592
1205.882324
1843.137329
2215.686279
2392.156982
2313.725585
1901.960815
1362.745117
568.627441
-245.098037
-931.372558
-1578.431396
-2107.843261
-2372.549072
-2049.019531
-1549.019653
-803.921569
19.607843
666.666687
1323.529418
1970.588256
2401.960937
2147.058837
1764.705932
1147.058837
303.921569
-470.588256
-1127.451049
-2254.902099
-2431.372558
-2323.529541
-1882.353027
-1323.529418
-529.411804
1098.039184
1725.490234
2176.470703
2382.353027
2372.549072
1980.392211
1480.392211
-215.686279
-921.568664
-1529.411743
-2098.039306
-2372.549072
-2421.568603
-2098.039306
-892.156860
-58.823532
637.254943
1294.117675
1950.980468
2264.705810
2411.764648
1803.921630
1196.078491
382.352935
-421.568634
-1088.235351
-1764.705932
-2205.882324
-2323.529541
-1911.764770
-1382.353027
-578.431396
235.294128
950.980407
2107.843261
2352.941162
2411.764648
2049.019531
1578.431396
872.549011
49.019607
-1392.156860
-2000.000000
-2284.313720
-2431.372558
-2225.490234
-1813.725463
-1205.882324
529.411804
1196.078491
1833.333374
2235.294189
2401.960937
2303.921630
1901.960815
500.000000
-245.098037
-950.980407
-1558.823608
-2107.843261
-2362.745117
-2431.372558
-2078.431396
-1627.451049
-901.960815
764.705871
1401.960815
2000.000000
2274.509765
2421.568603
2245.098144
1852.941162
313.725494
-490.196075
-1127.451049
-1784.313720
-2225.490234
-2392.156982
-2362.745117
-1941.176513
-1411.764770
-627.450988
1009.803955
1666.666748
2147.058837
2362.745117
2421.568603
2029.411743
1539.215698
-127.450981
-833.333374
-1500.000000
-2029.411743
-2313.725585
-2431.372558
-2127.450927
-1000.000000
-205.882354
529.411804
1186.274536
1833.333374
2215.686279
2392.156982
2323.529541
1892.156860
1352.941162
-382.352935
-1058.823608
-1715.686279
-2156.862792
-2401.960937
-2421.568603
-1980.392211
-637.254943
196.078430
892.156860
1509.803955
2068.627441
2303.921630
2058.823486
1607.843139
931.372558
117.647064
-598.039245
-1254.901977
-1921.568603
-2431.372558
-2196.078369
-1823.529418
-1196.078491
-333.333343
431.372558
1098.039184
2235.294189
2411.764648
2323.529541
1882.353027
1352.941162
598.039245
-215.686279
-931.372558
-1558.823608
-2107.843261
-2441.176513
-2039.215698
-1558.823608
-843.137268
0.000000
558.823547
1235.294189
2264.705810
2411.764648
2245.098144
1843.137329
1264.705932
450.980407
-352.941192
-1754.901977
-2205.882324
-2401.960937
-2382.353027
-1960.784301
-1441.176513
-686.274536
1000.000000
1578.431396
2098.039306
2343.137207
2401.960937
2058.823486
1647.058837
960.784301
156.862747
-568.627441
-1235.294189
-1892.156860
-2264.705810
-2421.568603
-2323.529541
-1892.156860
-1303.921630
-500.000000
1058.823608
1715.686279
2156.862792
2382.353027
2401.960937
2009.803955
1509.803955
-166.666671
-892.156860
-1500.000000
-2058.823486
-2343.137207
-2431.372558
-2127.450927
-990.196105
-166.666671
578.431396
1225.490234
1862.745117
2254.902099
2235.294189
1833.333374
1215.686279
392.156860
-401.960784
-1068.627441
-1745.098022
-2421.568603
-2352.941162
-1921.568603
-1411.764770
-637.254943
205.882354
892.156860
2107.843261
2372.549072
2421.568603
2058.823486
1607.843139
901.960815
127.450981
-1382.353027
-2009.803955
-2294.117675
-2431.372558
-2156.862792
-1774.509887
-1147.058837
-284.313720
470.588256
1117.647094
2235.294189
2401.960937
2323.529541
1882.353027
1333.333374
519.607849
-264.705902
-1686.274536
-2156.862792
-2392.156982
-2401.960937
-2019.607910
-1509.803955
-794.117675
49.019607
705.882385
1352.941162
1960.784301
2284.313720
2401.960937
2196.078369
1813.725463
1196.078491
392.156860
-392.156860
-1784.313720
-2205.882324
-2411.764648
-2343.137207
-1901.960815
-1401.960815
-617.647094
1029.411743
1686.274536
2127.450927
2362.745117
2382.353027
2039.215698
705.882385
-117.647064
-833.333374
-1470.588256
-2068.627441
-2333.333496
-2431.372558
-1647.058837
-950.980407
-127.450981
578.431396
1235.294189
1892.156860
2235.294189
2215.686279
1813.725463
1235.294189
382.352935
-421.568634
-1078.431396
-1754.901977
-2196.078369
-2411.764648
-2382.353027
-1382.353027
-598.039245
215.686279
931.372558
1539.215698
2078.431396
2343.137207
2058.823486
1578.431396
882.352966
58.823532
-617.647094
-1274.509887
-1931.372558
-2431.372558
-2186.274658
-1803.921630
-1156.862792
-323.529418
460.784332
1127.451049
1764.705932
2176.470703
2362.745117
1892.156860
1362.745117
588.235290
-1039.215698
-1705.882324
-2147.058837
-2401.960937
-2401.960937
-2029.411743
-1509.803955
176.470596
901.960815
1519.607910
2068.627441
2313.725585
2411.764648
2127.450927
960.784301
137.254898
-598.039245
-1245.098022
-1901.960815
-2235.294189
-2431.372558
-1843.137329
-1225.490234
-382.352935
411.764709
1078.431396
1735.294189
2147.058837
2382.353027
2392.156982
1970.588256
637.254943
-186.274520
-911.764709
-1529.411743
-2107.843261
-2352.941162
-2421.568603
-2098.039306
-1656.862792
-990.196105
676.470581
1343.137329
1970.588256
2274.509765
2401.960937
2245.098144
1843.137329
313.725494
-460.784332
-1147.058837
-1794.117675
-2235.294189
-2421.568603
-2362.745117
-1931.372558
-1401.960815
-617.647094
1009.803955
1666.666748
2117.647216
2382.353027
1970.588256
1460.784301
725.490234
-98.039215
-774.509826
-1421.568603
-2343.137207
-2401.960937
-2127.450927
-1705.882324
-1029.411743
-166.666671
578.431396
1911.764770
2254.902099
2411.764648
2264.705810
1852.941162
1264.705932
460.784332
-1117.647094
-1784.313720
-2205.882324
-2411.764648
-2372.549072
-1941.176513
-1421.568603
-666.666687
186.274520
892.156860
2088.235351
2343.137207
2401.960937
2088.235351
1627.451049
950.980407
127.450981
-1382.353027
-1990.196166
-2313.725585
-2431.372558
-2176.470703
-1794.117675
-1176.470581
549.019592
1205.882324
1862.745117
2225.490234
2401.960937
2323.529541
1245.098022
431.372558
-352.941192
-1049.019653
-1686.274536
-2156.862792
-2392.156982
-1941.176513
-1421.568603
-656.862731
205.882354
892.156860
1490.196166
2068.627441
2411.764648
2049.019531
1588.235351
911.764709
98.039215
-588.235290
-1245.098022
-2284.313720
-2411.764648
-2225.490234
-1833.333374
-1215.686279
-343.137268
431.372558
1098.039184
1735.294189
2166.666748
2392.156982
2382.353027
1960.784301
1470.588256
705.882385
-98.039215
-764.705871
-1411.764770
-2039.215698
-2313.725585
-2431.372558
-1686.274536
-990.196105
-166.666671
568.627441
1235.294189
1882.353027
2245.098144
2245.098144
1852.941162
1264.705932
450.980407
-343.137268
-1029.411743
-1676.470581
-2431.372558
-2372.549072
-1950.980468
-1441.176513
-666.666687
186.274520
843.137268
1470.588256
2068.627441
2323.529541
2431.372558
2098.039306
1696.078491
1058.823608
205.882354
-509.803924
-1176.470581
-1843.137329
-2431.372558
-2284.313720
-1882.353027
-1284.313720
-460.784332
352.941192
1000.000000
2156.862792
2382.353027
2401.960937
2000.000000
1558.823608
823.529418
29.411766
-1421.568603
-2019.607910
-2343.137207
-2421.568603
-2127.450927
-1754.901977
-1127.451049
-264.705902
490.196075
1156.862792
2215.686279
2401.960937
2294.117675
1882.353027
1313.725463
519.607849
-284.313720
-1715.686279
-2166.666748
-2411.764648
-2382.353027
-1970.588256
-1480.392211
254.901962
911.764709
1549.019653
2088.235351
2343.137207
2411.764648
2098.039306
882.352966
88.235298
-607.843139
-1274.509887
-1911.764770
-2274.509765
-2421.568603
-1823.529418
-1196.078491
529.411804
1186.274536
1833.333374
2235.294189
2401.960937
2323.529541
1911.764770
480.392150
-323.529418
-1009.803955
-1666.666748
-2147.058837
-2372.549072
-2421.568603
-1490.196166
-696.078430
127.450981
823.529418
1450.980468
2029.411743
2294.117675
2078.431396
1666.666748
980.392150
186.274520
-568.627441
-1205.882324
-1882.353027
-2421.568603
-2274.509765
-1852.941162
-1245.098022
-401.960784
392.156860
1774.509887
2205.882324
2401.960937
2372.549072
1941.176513
1441.176513
696.078430
-960.784301
-1578.431396
-2117.647216
-2362.745117
-2411.764648
-2078.431396
-1578.431396
68.627449
735.294128
1401.960815
2000.000000
2284.313720
2411.764648
2245.098144
1137.254882
303.921569
-480.392150
-1117.647094
-1803.921630
-2215.686279
-2421.568603
-1901.960815
-1343.137329
-539.215698
303.921569
990.196105
1607.843139
2382.353027
2431.372558
2029.411743
1519.607910
794.117675
-29.411766
-725.490234
-2058.823486
-2343.137207
-2441.176513
-2137.254882
-1735.294189
-1078.431396
-205.882354
1303.921630
1911.764770
2254.902099
2401.960937
2274.509765
1852.941162
1274.509887
450.980407
-343.137268
-1029.411743
-2205.882324
-2401.960937
-2372.549072
-1941.176513
-1441.176513
-656.862731
176.470596
1598.039184
2098.039306
2343.137207
2421.568603
2088.235351
1627.451049
941.176513
117.647064
-588.235290
-1274.509887
-2303.921630
-2421.568603
-2235.294189
-1813.725463
-1196.078491
-362.745117
441.176483
1813.725463
2215.686279
2401.960937
1852.941162
1303.921630
490.196075
-313.725494
-1049.019653
-1666.666748
-2147.058837
-2382.353027
-1970.588256
-1441.176513
-696.078430
156.862747
852.941162
1460.784301
2362.745117
2411.764648
2098.039306
1627.451049
960.784301
147.058822
-568.627441
-1215.686279
-1882.353027
-2264.705810
-2235.294189
-1852.941162
-1215.686279
500.000000
1098.039184
1754.901977
2176.470703
2401.960937
2392.156982
1950.980468
588.235290
-225.490203
-941.176513
-1539.215698
-2107.843261
-2362.745117
-2441.176513
-1558.823608
-833.333374
9.803922
647.058837
1284.313720
1911.764770
2274.509765
2215.686279
1813.725463
1205.882324
372.549041
-411.764709
-1088.235351
-1745.098022
-2392.156982
-2352.941162
-1921.568603
-1392.156860
-588.235290
245.098037
911.764709
1529.411743
2058.823486
2313.725585
2401.960937
2078.431396
1656.862792
1000.000000
235.294128
-500.000000
-1117.647094
-1784.313720
-2431.372558
-2303.921630
-1882.353027
-1323.529418
-519.607849
284.313720
970.588256
2166.666748
2372.549072
2411.764648
2009.803955
1519.607910
813.725524
-9.803922
-1441.176513
-2049.019531
-2313.725585
-2431.372558
-2127.450927
-1745.098022
-1107.843139
-245.098037
490.196075
1137.254882
2225.490234
2411.764648
2323.529541
1882.353027
1313.725463
529.411804
-274.509796
-1705.882324
-2166.666748
-2392.156982
-2411.764648
-1980.392211
-1500.000000
-823.529418
39.215686
686.274536
1352.941162
1970.588256
2264.705810
2392.156982
2225.490234
1833.333374
1196.078491
401.960784
-401.960784
-1784.313720
-2235.294189
-2411.764648
-2362.745117
-1931.372558
-1382.353027
-637.254943
1019.607849
1686.274536
2137.254882
2362.745117
2382.353027
2029.411743
715.686279
-88.235298
-784.313720
-1431.372558
-2039.215698
-2333.333496
-2441.176513
-1666.666748
-970.588256
-156.862747
578.431396
1225.490234
1872.549072
2254.902099
2245.098144
1843.137329
1254.901977
441.176483
-352.941192
-1029.411743
-1696.078491
-2411.764648
-2362.745117
-1941.176513
-1411.764770
-647.058837
186.274520
872.549011
1509.803955
2068.627441
2343.137207
2421.568603
2088.235351
1696.078491
1039.215698
215.686279
-529.411804
-1196.078491
-1862.745117
-2421.568603
-2284.313720
-1862.745117
-1264.705932
-421.568634
372.549041
1058.823608
2196.078369
2392.156982
2372.549072
1931.372558
1431.372558
666.666687
-137.254898
-1588.235351
-2117.647216
-2372.549072
-2441.176513
-2088.235351
-1598.039184
68.627449
745.098083
1372.549072
1980.392211
2294.117675
2411.764648
2186.274658
1068.627441
215.686279
-519.607849
-1196.078491
-1843.137329
-2205.882324
-2431.372558
-1872.549072
-1284.313720
-470.588256
372.549041
1019.607849
1666.666748
2147.058837
2362.745117
2431.372558
2009.803955
1529.411743
833.333374
9.803922
-627.450988
-1264.705932
-1921.568603
-2274.509765
-2431.372558
-1784.313720
-1176.470581
-303.921569
470.588256
1127.451049
1754.901977
2196.078369
2323.529541
1911.764770
1352.941162
568.627441
-235.294128
-960.784301
-1558.823608
-2107.843261
-2362.745117
-2421.568603
-2068.627441
-1637.254882
-941.176513
-117.647064
627.450988
1254.901977
1921.568603
2264.705810
2205.882324
1833.333374
1205.882324
382.352935
-421.568634
-1078.431396
-1735.294189
-2411.764648
-2333.333496
-1921.568603
-1382.353027
-598.039245
215.686279
931.372558
1529.411743
2088.235351
2343.137207
2401.960937
2068.627441
1666.666748
960.784301
176.470596
-549.019592
-1205.882324
-1872.549072
-2235.294189
-2421.568603
-2313.725585
-1245.098022
-431.372558
372.549041
1009.803955
1676.470581
2156.862792
2392.156982
1960.784301
1431.372558
676.470581
-117.647064
-833.333374
-1500.000000
-2049.019531
-2411.764648
-2098.039306
-1696.078491
-1019.607849
-156.862747
588.235290
1215.686279
2264.705810
2401.960937
2254.902099
1862.745117
1254.901977
441.176483
-362.745117
-1774.509887
-2205.882324
-2411.764648
-2382.353027
-1950.980468
-1431.372558
313.725494
980.392150
1607.843139
2098.039306
2343.137207
2411.764648
2058.823486
813.725524
-29.411766
-705.882385
-1362.745117
-1980.392211
-2303.921630
-2421.568603
-1764.705932
-1098.039184
-225.490203
519.607849
1166.666748
1784.313720
2235.294189
2294.117675
1882.353027
1284.313720
509.803924
-313.725494
-990.196105
-1647.058837
-2401.960937
-2401.960937
-2009.803955
-1519.607910
-784.313720
58.823532
1480.392211
2068.627441
2313.725585
2401.960937
2088.235351
1715.686279
1049.019653
-647.058837
-1343.137329
-1970.588256
-2284.313720
-2431.372558
-2225.490234
-1823.529418
-284.313720
480.392150
1147.058837
1794.117675
2205.882324
2392.156982
2362.745117
1921.568603
1401.960815
637.254943
-166.666671
-892.156860
-1509.803955
-2098.039306
-2362.745117
-2431.372558
-2107.843261
-1686.274536
-39.215686
647.058837
1303.921630
1921.568603
2274.509765
2382.353027
2264.705810
1225.490234
372.549041
-401.960784
-1068.627441
-1735.294189
-2205.882324
-2411.764648
-1911.764770
-1382.353027
-598.039245
245.098037
931.372558
1549.019653
2088.235351
2333.333496
2392.156982
2078.431396
1676.470581
990.196105
196.078430
-558.823547
-1225.490234
-1852.941162
-2235.294189
-2421.568603
-1862.745117
-1245.098022
-431.372558
401.960784
1058.823608
1705.882324
2156.862792
2382.353027
2401.960937
2000.000000
1558.823608
833.333374
19.607843
-617.647094
-1294.117675
-1931.372558
-2294.117675
-2431.372558
-1794.117675
-1147.058837
-313.725494
480.392150
1137.254882
1784.313720
2196.078369
2313.725585
1872.549072
1352.941162
578.431396
-254.901962
-960.784301
-1598.039184
-2098.039306
-2372.549072
-2421.568603
-2078.431396
-1647.058837
-950.980407
-147.058822
588.235290
1264.705932
1892.156860
2245.098144
2225.490234
1813.725463
1235.294189
411.764709
-392.156860
-1058.823608
-1715.686279
-2401.960937
-2392.156982
-1931.372558
-1411.764770
-637.254943
205.882354
862.745117
1519.607910
2078.431396
2333.333496
2401.960937
2098.039306
1676.470581
1049.019653
186.274520
-539.215698
-1215.686279
-1843.137329
-2421.568603
-2274.509765
-1862.745117
-1264.705932
-431.372558
382.352935
1039.215698
1686.274536
2117.647216
2382.353027
2382.353027
2009.803955
1519.607910
784.313720
-29.411766
-705.882385
-1362.745117
-2000.000000
-2441.176513
-2147.058837
-1764.705932
-1107.843139
-284.313720
500.000000
1088.235351
2225.490234
2401.960937
2323.529541
1901.960815
1372.549072
627.450988
-186.274520
-1647.058837
-2127.450927
-2401.960937
-2421.568603
-2078.431396
-1578.431396
-872.549011
823.529418
1450.980468
2068.627441
2313.725585
2421.568603
2117.647216
1000.000000
215.686279
-539.215698
-1196.078491
-1852.941162
-2235.294189
-2421.568603
-1852.941162
-1254.901977
-421.568634
382.352935
1039.215698
1696.078491
2166.666748
2362.745117
1931.372558
1431.372558
666.666687
-166.666671
-872.549011
-1490.196166
-2362.745117
-2441.176513
-2098.039306
-1637.254882
-921.568664
-98.039215
578.431396
1235.294189
1892.156860
2264.705810
2401.960937
2294.117675
1901.960815
1303.921630
519.607849
-294.117645
-990.196105
-1617.647094
-2392.156982
-2382.353027
-2019.607910
-1529.411743
-774.509826
39.215686
735.294128
2029.411743
2313.725585
2401.960937
2107.843261
1745.098022
1098.039184
264.705902
-500.000000
-1107.843139
-1764.705932
-2215.686279
-2411.764648
-2372.549072
-1941.176513
-1421.568603
-656.862731
166.666671
852.941162
2107.843261
2362.745117
2392.156982
2019.607910
1588.235351
921.568664
98.039215
-1362.745117
-1990.196166
-2294.117675
-2411.764648
-2176.470703
-1803.921630
-1176.470581
539.215698
1196.078491
1852.941162
2264.705810
2411.764648
2323.529541
1254.901977
460.784332
-352.941192
-1029.411743
-1696.078491
-2147.058837
-2392.156982
-1950.980468
-1411.764770
-656.862731
176.470596
882.352966
1519.607910
2068.627441
2401.960937
2068.627441
1627.451049
931.372558
117.647064
-578.431396
-1254.901977
-2303.921630
-2431.372558
-2196.078369
-1823.529418
-1186.274536
-343.137268
1225.490234
1872.549072
2225.490234
2392.156982
2303.921630
1892.156860
1343.137329
-401.960784
-1058.823608
-1725.490234
-2176.470703
-2401.960937
-2411.764648
-1990.196166
-666.666687
186.274520
901.960815
1500.000000
2058.823486
2303.921630
2392.156982
1666.666748
1000.000000
225.490203
-509.803924
-1176.470581
-1833.333374
-2235.294189
-2411.764648
-2343.137207
-1911.764770
-1352.941162
-549.019592
274.509796
950.980407
1539.215698
2058.823486
2343.137207
2401.960937
1558.823608
872.549011
49.019607
-607.843139
-1274.509887
-1931.372558
-2274.509765
-2196.078369
-1813.725463
-1186.274536
-333.333343
470.588256
1117.647094
1735.294189
2401.960937
2323.529541
1892.156860
1352.941162
598.039245
-225.490203
-921.568664
-2137.254882
-2392.156982
-2411.764648
-2068.627441
-1578.431396
-852.941162
813.725524
1441.176513
2009.803955
2284.313720
2411.764648
2127.450927
1754.901977
137.254898
-588.235290
-1254.901977
-1882.353027
-2254.902099
-2411.764648
-2313.725585
-1215.686279
-382.352935
411.764709
1078.431396
1715.686279
2166.666748
2392.156982
2401.960937
1980.392211
1480.392211
745.098083
-78.431373
-754.901977
-1401.960815
-2019.607910
-2313.725585
-2431.372558
-2156.862792
-1039.215698
-176.470596
558.823547
1205.882324
1872.549072
2235.294189
2401.960937
1852.941162
1274.509887
460.784332
-343.137268
-1029.411743
-1696.078491
-2156.862792
-2382.353027
-1950.980468
-1450.980468
-686.274536
147.058822
833.333374
2098.039306
2313.725585
2401.960937
2078.431396
1656.862792
970.588256
156.862747
-1362.745117
-1990.196166
-2294.117675
-2441.176513
-2186.274658
-1803.921630
-1176.470581
-333.333343
450.980407
1107.843139
2215.686279
2382.353027
2333.333496
1892.156860
1372.549072
607.843139
-235.294128
-1656.862792
-2147.058837
-2401.960937
-2411.764648
-2049.019531
-1568.627441
-813.725524
862.745117
1490.196166
2058.823486
2323.529541
2411.764648
2088.235351
1696.078491
1049.019653
205.882354
-539.215698
-1205.882324
-1872.549072
-2245.098144
-2431.372558
-2333.333496
-1901.960815
-1313.725463
-539.215698
1088.235351
1745.098022
2176.470703
2362.745117
2392.156982
1990.196166
1470.588256
764.705871
-68.627449
-745.098083
-1382.353027
-2009.803955
-2303.921630
-2431.372558
-2166.666748
-1774.509887
-1137.254882
-284.313720
1235.294189
1882.353027
2274.509765
2411.764648
2323.529541
1872.549072
1323.529418
-401.960784
-1078.431396
-1735.294189
-2186.274658
-2392.156982
-2401.960937
-1960.784301
-1460.784301
-725.490234
98.039215
1519.607910
2078.431396
2352.941162
2049.019531
1588.235351
892.156860
68.627449
-617.647094
-1274.509887
-1931.372558
-2421.568603
-2215.686279
-1823.529418
-1186.274536
-352.941192
450.980407
1098.039184
2245.098144
2392.156982
2303.921630
1901.960815
1382.353027
627.450988
-196.078430
-1637.254882
-2117.647216
-2362.745117
-2401.960937
-2078.431396
-1578.431396
-843.137268
-9.803922
637.254943
1274.509887
1901.960815
2264.705810
2411.764648
2294.117675
1852.941162
1303.921630
460.784332
-333.333343
-1764.705932
-2196.078369
-2411.764648
-2382.353027
-1950.980468
-1450.980468
-705.882385
960.784301
1558.823608
2088.235351
2372.549072
2401.960937
2088.235351
1637.254882
960.784301
156.862747
-558.823547
-1990.196166
-2303.921630
-2431.372558
-2205.882324
-1823.529418
-1196.078491
-352.941192
1215.686279
1843.137329
2225.490234
2401.960937
2303.921630
1901.960815
470.588256
-362.745117
-1029.411743
-1696.078491
-2186.274658
-2382.353027
-2401.960937
-1431.372558
-656.862731
186.274520
882.352966
1470.588256
2049.019531
2333.333496
2068.627441
1598.039184
931.372558
98.039215
-588.235290
-1225.490234
-1892.156860
-2441.176513
-2225.490234
-1803.921630
-1225.490234
-372.549041
441.176483
1068.627441
1705.882324
2166.666748
2382.353027
2372.549072
1970.588256
1500.000000
833.333374
0.000000
-588.235290
-1264.705932
-1911.764770
-2421.568603
-2225.490234
-1843.137329
-1196.078491
-382.352935
411.764709
1078.431396
2215.686279
2411.764648
2352.941162
1901.960815
1382.353027
617.647094
-176.470596
-1637.254882
-2127.450927
-2362.745117
-2411.764648
-2058.823486
-1578.431396
-852.941162
-9.803922
627.450988
1284.313720
1911.764770
2254.902099
2392.156982
2284.313720
1862.745117
1303.921630
500.000000
-245.098037
-1676.470581
-2137.254882
-2401.960937
-2431.372558
-2029.411743
-1509.803955
-813.725524
39.215686
725.490234
1352.941162
2323.529541
2411.764648
2107.843261
1715.686279
1078.431396
215.686279
-500.000000
-1872.549072
-2245.098144
-2411.764648
-2323.529541
-1921.568603
-1323.529418
-549.019592
1058.823608
1715.686279
2205.882324
2392.156982
2372.549072
1970.588256
1490.196166
754.901977
-58.823532
-745.098083
-1401.960815
-2029.411743
-2323.529541
-2401.960937
-2156.862792
-1774.509887
-1137.254882
-294.117645
1235.294189
1901.960815
2245.098144
2392.156982
2313.725585
1882.353027
1303.921630
-441.176483
-1068.627441
-1774.509887
-2186.274658
-2441.176513
-2382.353027
-1362.745117
-578.431396
264.705902
941.176513
1568.627441
2088.235351
2362.745117
2029.411743
1539.215698
833.333374
19.607843
-656.862731
-1333.333374
-1980.392211
-2421.568603
-2137.254882
-1745.098022
-1098.039184
-254.901962
470.588256
1127.451049
2254.902099
2401.960937
2313.725585
1872.549072
1333.333374
549.019592
-274.509796
-1686.274536
-2156.862792
-2382.353027
-2401.960937
-2009.803955
-1490.196166
215.686279
901.960815
1519.607910
2078.431396
2352.941162
2401.960937
2078.431396
901.960815
98.039215
-598.039245
-1245.098022
-1901.960815
-2254.902099
-2421.568603
-1833.333374
-1205.882324
-343.137268
431.372558
1078.431396
1745.098022
2186.274658
2343.137207
1892.156860
1372.549072
617.647094
-205.882354
-901.960815
-1529.411743
-2362.745117
-2421.568603
-2078.431396
-1588.235351
-872.549011
-39.215686
647.058837
1294.117675
1911.764770
2245.098144
2401.960937
2294.117675
1872.549072
1284.313720
490.196075
-323.529418
-1029.411743
-1676.470581
-2401.960937
-2392.156982
-1950.980468
-1441.176513
-686.274536
147.058822
843.137268
1480.392211
2068.627441
2313.725585
2392.156982
2098.039306
1715.686279
1039.215698
225.490203
-509.803924
-1176.470581
-1833.333374
-2431.372558
-2313.725585
-1862.745117
-1254.901977
-460.784332
362.745117
1029.411743
2176.470703
2362.745117
2362.745117
1931.372558
1421.568603
676.470581
-117.647064
-862.745117
-1480.392211
-2078.431396
-2431.372558
-2078.431396
-1627.451049
58.823532
764.705871
1382.353027
1990.196166
2284.313720
2392.156982
2176.470703
1078.431396
245.098037
-470.588256
-1147.058837
-1803.921630
-2235.294189
-2421.568603
-1882.353027
-1313.725463
-500.000000
264.705902
950.980407
1549.019653
2098.039306
2401.960937
2049.019531
1568.627441
872.549011
58.823532
-627.450988
-1284.313720
-1931.372558
-2264.705810
-2431.372558
-1813.725463
-1176.470581
-303.921569
1235.294189
1882.353027
2235.294189
2382.353027
2284.313720
1872.549072
1343.137329
-411.764709
-1088.235351
-1735.294189
-2186.274658
-2401.960937
-2392.156982
-1970.588256
-1460.784301
-696.078430
137.254898
1568.627441
2107.843261
2343.137207
2401.960937
2078.431396
1617.647094
941.176513
-735.294128
-1372.549072
-1990.196166
-2323.529541
-2431.372558
-2166.666748
-1764.705932
-1137.254882
-294.117645
470.588256
1872.549072
2225.490234
2382.353027
2294.117675
1872.549072
1352.941162
549.019592
-1068.627441
-1745.098022
-2186.274658
-2352.941162
-1921.568603
-1421.568603
-647.058837
176.470596
892.156860
1500.000000
2333.333496
2401.960937
2117.647216
1676.470581
1019.607849
147.058822
-568.627441
-1950.980468
-2274.509765
-2421.568603
-2254.902099
-1843.137329
-1254.901977
-431.372558
1176.470581
1803.921630
2196.078369
2372.549072
2343.137207
1931.372558
1401.960815
627.450988
-166.666671
-892.156860
-1509.803955
-2098.039306
-2333.333496
-2431.372558
-2107.843261
-1656.862792
-1009.803955
-137.254898
1382.353027
1980.392211
2303.921630
2392.156982
2166.666748
1794.117675
1176.470581
372.549041
-421.568634
-1098.039184
-1754.901977
-2205.882324
-2401.960937
-2392.156982
-1950.980468
-1431.372558
-696.078430
147.058822
823.529418
1450.980468
2029.411743
2411.764648
2078.431396
1637.254882
960.784301
156.862747
-558.823547
-1235.294189
-2274.509765
-2421.568603
-2254.902099
-1852.941162
-1235.294189
-392.156860
401.960784
1774.509887
2186.274658
2411.764648
2362.745117
1931.372558
1431.372558
627.450988
-980.392150
-1588.235351
-2107.843261
-2382.353027
-2431.372558
-2078.431396
-1578.431396
-862.745117
-9.803922
617.647094
1980.392211
2274.509765
2421.568603
2196.078369
1833.333374
1235.294189
392.156860
-1176.470581
-1843.137329
-2225.490234
-2421.568603
-2333.333496
-1921.568603
-470.588256
343.137268
1009.803955
1666.666748
2127.450927
2343.137207
2411.764648
1450.980468
696.078430
-98.039215
-774.509826
-1411.764770
-2039.215698
-2303.921630
-2098.039306
-1696.078491
-1009.803955
-137.254898
568.627441
1215.686279
1862.745117
2431.372558
2215.686279
1823.529418
1205.882324
401.960784
-392.156860
-1058.823608
-1725.490234
-2176.470703
-2401.960937
-1960.784301
-1421.568603
-656.862731
990.196105
1598.039184
2107.843261
2352.941162
2421.568603
2049.019531
1598.039184
-58.823532
-774.509826
-1401.960815
-2029.411743
-2303.921630
-2411.764648
-2156.862792
-1774.509887
-1127.451049
-274.509796
1254.901977
1892.156860
2264.705810
2411.764648
2303.921630
1862.745117
1303.921630
-401.960784
-1088.235351
-1745.098022
-2176.470703
-2411.764648
-2382.353027
-2000.000000
-686.274536
137.254898
843.137268
1480.392211
2058.823486
2323.529541
2421.568603
1627.451049
950.980407
137.254898
-558.823547
-1235.294189
-1882.353027
-2264.705810
-2431.372558
-2313.725585
-1892.156860
-392.156860
392.156860
1068.627441
1696.078491
2137.254882
2392.156982
2382.353027
1411.764770
686.274536
-147.058822
-852.941162
-1500.000000
-2049.019531
-2333.333496
-2441.176513
-2127.450927
-1754.901977
-137.254898
607.843139
1254.901977
1911.764770
2235.294189
2411.764648
2264.705810
1225.490234
421.568634
-392.156860
-1078.431396
-1725.490234
-2186.274658
-2401.960937
-1921.568603
-1411.764770
-617.647094
186.274520
901.960815
1519.607910
2058.823486
2323.529541
2411.764648
2088.235351
911.764709
88.235298
-578.431396
-1980.392211
-2284.313720
-2411.764648
-2225.490234
-1803.921630
-1205.882324
-352.941192
421.568634
1107.843139
1754.901977
2196.078369
2411.764648
2382.353027
1950.980468
637.254943
-186.274520
-911.764709
-2117.647216
-2372.549072
-2441.176513
-2068.627441
-1588.235351
-892.156860
-49.019607
1411.764770
2009.803955
2313.725585
2392.156982
2156.862792
1774.509887
1176.470581
-549.019592
-1225.490234
-1872.549072
-2254.902099
-2431.372558
-2323.529541
-1872.549072
-1323.529418
-539.215698
303.921569
1745.098022
2156.862792
2362.745117
2392.156982
1980.392211
1490.196166
745.098083
-911.764709
-1529.411743
-2098.039306
-2372.549072
-2411.764648
-2098.039306
-1666.666748
-9.803922
637.254943
1284.313720
1901.960815
2245.098144
2411.764648
1813.725463
1186.274536
372.549041
-411.764709
-1068.627441
-1745.098022
-2186.274658
-2411.764648
-2382.353027
-1950.980468
-1450.980468
264.705902
950.980407
1558.823608
2107.843261
2352.941162
2401.960937
1568.627441
872.549011
29.411766
-637.254943
-1303.921630
-1950.980468
-2294.117675
-2156.862792
-1764.705932
-1117.647094
-264.705902
480.392150
1137.254882
1774.509887
2392.156982
2284.313720
1892.156860
1323.529418
558.823547
-254.901962
-941.176513
-1558.823608
-2088.235351
-2382.353027
-2029.411743
-1539.215698
-803.921569
29.411766
696.078430
1343.137329
1950.980468
2401.960937
2088.235351
1754.901977
1107.843139
274.509796
-490.196075
-1127.451049
-2254.902099
-2421.568603
-2323.529541
-1901.960815
-1333.333374
-519.607849
284.313720
970.588256
1588.235351
2098.039306
2343.137207
2421.568603
2078.431396
1607.843139
931.372558
98.039215
-578.431396
-1245.098022
-1882.353027
-2264.705810
-2431.372558
-2284.313720
-1872.549072
-1294.117675
-490.196075
333.333343
1019.607849
1656.862792
2127.450927
2382.353027
2372.549072
2029.411743
1558.823608
-98.039215
-813.725524
-1431.372558
-2039.215698
-2343.137207
-2421.568603
-2127.450927
-970.588256
-156.862747
558.823547
1235.294189
1862.745117
2235.294189
2215.686279
1803.921630
1225.490234
411.764709
-382.352935
-1058.823608
-1696.078491
-2411.764648
-2372.549072
-1950.980468
-1401.960815
-647.058837
186.274520
872.549011
2107.843261
2352.941162
2401.960937
2068.627441
1617.647094
931.372558
107.843139
-1382.353027
-2009.803955
-2313.725585
-2431.372558
-2166.666748
-1774.509887
-1127.451049
-303.921569
470.588256
1147.058837
2245.098144
2392.156982
2294.117675
1862.745117
1323.529418
558.823547
-264.705902
-1696.078491
-2156.862792
-2401.960937
-2392.156982
-1990.196166
-1500.000000
-843.137268
-9.803922
656.862731
1303.921630
1931.372558
2245.098144
2411.764648
2274.509765
1852.941162
1303.921630
450.980407
-333.333343
-1754.901977
-2196.078369
-2333.333496
-1921.568603
-1392.156860
-598.039245
1029.411743
1696.078491
2137.254882
2401.960937
2411.764648
2029.411743
676.470581
-137.254898
-843.137268
-1460.784301
-2068.627441
-2313.725585
-2421.568603
-1617.647094
-941.176513
-107.843139
598.039245
1245.098022
1892.156860
2264.705810
2225.490234
1803.921630
1205.882324
382.352935
-382.352935
-1078.431396
-1735.294189
-2166.666748
-2401.960937
-2382.353027
-1401.960815
-617.647094
225.490203
901.960815
1509.803955
2068.627441
2313.725585
2058.823486
1588.235351
911.764709
98.039215
-598.039245
-1254.901977
-1901.960815
-2411.764648
-2215.686279
-1833.333374
-1196.078491
-352.941192
450.980407
1088.235351
1735.294189
2147.058837
2372.549072
2362.745117
1960.784301
1470.588256
715.686279
-88.235298
-764.705871
-1421.568603
-2029.411743
-2421.568603
-2098.039306
-1676.470581
-1009.803955
-166.666671
588.235290
1205.882324
2254.902099
2401.960937
2235.294189
1833.333374
1235.294189
421.568634
-362.745117
-1784.313720
-2205.882324
-2431.372558
-2352.941162
-1941.176513
-1411.764770
333.333343
1000.000000
1617.647094
2107.843261
2343.137207
2382.353027
2039.215698
803.921569
-19.607843
-1480.392211
-2088.235351
-2333.333496
-2411.764648
-1647.058837
-960.784301
-127.450981
588.235290
1254.901977
1882.353027
2235.294189
2382.353027
2284.313720
1882.353027
1323.529418
549.019592
-254.901962
-960.784301
-1578.431396
-2107.843261
-2362.745117
-2411.764648
-1519.607910
-794.117675
29.411766
686.274536
1372.549072
1950.980468
2294.117675
2117.647216
1754.901977
1107.843139
274.509796
-500.000000
-1098.039184
-1774.509887
-2205.882324
-2401.960937
-2372.549072
-1362.745117
-588.235290
254.901962
921.568664
1539.215698
2068.627441
2313.725585
2039.215698
1558.823608
852.941162
29.411766
-637.254943
-1303.921630
-1941.176513
-2421.568603
-2176.470703
-1794.117675
-1137.254882
-294.117645
480.392150
1137.254882
1774.509887
2186.274658
2372.549072
2362.745117
1921.568603
1441.176513
666.666687
-137.254898
-833.333374
-1500.000000
-2049.019531
-2431.372558
-2098.039306
-1666.666748
-990.196105
-176.470596
558.823547
1205.882324
2284.313720
2411.764648
2215.686279
1843.137329
1235.294189
421.568634
-382.352935
-1764.705932
-2215.686279
-2411.764648
-2392.156982
-1941.176513
-1411.764770
313.725494
1000.000000
1598.039184
2117.647216
2343.137207
2401.960937
2058.823486
813.725524
-19.607843
-686.274536
-1352.941162
-1970.588256
-2303.921630
-2431.372558
-1715.686279
-1058.823608
-225.490203
500.000000
1107.843139
1754.901977
2205.882324
2303.921630
1892.156860
1343.137329
588.235290
-235.294128
-941.176513
-1568.627441
-2127.450927
-2352.941162
-2450.980468
-1539.215698
-823.529418
9.803922
637.254943
1294.117675
1911.764770
2245.098144
2205.882324
1784.313720
1186.274536
343.137268
-421.568634
-1098.039184
-1745.098022
-2401.960937
-2343.137207
-1911.764770
-1362.745117
-568.627441
284.313720
941.176513
1578.431396
2088.235351
2343.137207
2029.411743
1539.215698
813.725524
-9.803922
-627.450988
-1294.117675
-1950.980468
-2284.313720
-2411.764648
-2245.098144
-1127.451049
-313.725494
490.196075
1117.647094
1774.509887
2196.078369
2372.549072
1901.960815
1343.137329
578.431396
-254.901962
-950.980407
-1578.431396
-2098.039306
-2431.372558
-2039.215698
-1558.823608
-843.137268
9.803922
656.862731
1294.117675
1931.372558
2274.509765
2411.764648
1794.117675
1156.862792
313.725494
-450.980407
-1098.039184
-1764.705932
-2186.274658
-2323.529541
-1911.764770
-1343.137329
-549.019592
294.117645
960.784301
1558.823608
2117.647216
2372.549072
2401.960937
2068.627441
1617.647094
921.568664
127.450981
-588.235290
-1245.098022
-1911.764770
-2274.509765
-2205.882324
-1823.529418
-1205.882324
-333.333343
431.372558
1078.431396
1735.294189
2156.862792
2392.156982
2382.353027
1352.941162
588.235290
-235.294128
-921.568664
-1549.019653
-2107.843261
-2333.333496
-2049.019531
-1588.235351
-823.529418
0.000000
558.823547
1215.686279
1872.549072
2392.156982
2225.490234
1843.137329
1235.294189
421.568634
-362.745117
-1049.019653
-1705.882324
-2176.470703
-2401.960937
-2392.156982
-1980.392211
-1470.588256
-735.294128
98.039215
754.901977
1382.353027
2000.000000
2264.705810
2392.156982
2215.686279
1823.529418
1245.098022
421.568634
-372.549041
-1049.019653
-1686.274536
-2147.058837
-2392.156982
-2411.764648
-1990.196166
-1490.196166
-745.098083
931.372558
1549.019653
2088.235351
2313.725585
2401.960937
2078.431396
1656.862792
990.196105
196.078430
-549.019592
-1205.882324
-1862.745117
-2254.902099
-2421.568603
-2343.137207
-1911.764770
-1333.333374
-519.607849
1068.627441
1754.901977
2166.666748
2372.549072
2372.549072
1980.392211
1470.588256
715.686279
-98.039215
-764.705871
-1411.764770
-2029.411743
-2313.725585
-2431.372558
-2127.450927
-1754.901977
-1117.647094
-254.901962
1245.098022
1882.353027
2245.098144
2421.568603
2323.529541
1882.353027
1313.725463
-411.764709
-1078.431396
-1745.098022
-2186.274658
-2411.764648
-2392.156982
-1960.784301
-1450.980468
-715.686279
147.058822
1568.627441
2088.235351
2352.941162
2421.568603
2068.627441
1627.451049
931.372558
127.450981
-607.843139
-1254.901977
-1921.568603
-2284.313720
-2411.764648
-2294.117675
-1872.549072
-1274.509887
-460.784332
362.745117
1745.098022
2166.666748
2401.960937
2382.353027
1941.176513
1460.784301
715.686279
-941.176513
-1568.627441
-2117.647216
-2362.745117
-2421.568603
-2098.039306
-1637.254882
49.019607
705.882385
1333.333374
1941.176513
2264.705810
2401.960937
1745.098022
1127.451049
303.921569
-470.588256
-1117.647094
-1803.921630
-2235.294189
-2313.725585
-1901.960815
-1313.725463
-490.196075
294.117645
980.392150
1607.843139
2362.745117
2392.156982
2009.803955
1539.215698
794.117675
-19.607843
-715.686279
-1372.549072
-2000.000000
-2284.313720
-2127.450927
-1764.705932
-1117.647094
-284.313720
480.392150
1156.862792
1803.921630
2401.960937
2284.313720
1892.156860
1303.921630
529.411804
-274.509796
-950.980407
-2147.058837
-2392.156982
-2411.764648
-2009.803955
-1539.215698
-794.117675
58.823532
686.274536
1352.941162
2000.000000
2245.098144
2411.764648
2264.705810
1862.745117
1274.509887
470.588256
-343.137268
-1029.411743
-2205.882324
-2401.960937
-2392.156982
-1970.588256
-1431.372558
-686.274536
166.666671
1588.235351
2107.843261
2372.549072
2411.764648
2078.431396
1607.843139
911.764709
78.431373
-598.039245
-1254.901977
-2313.725585
-2401.960937
-2215.686279
-1813.725463
-1196.078491
-372.549041
441.176483
1803.921630
2196.078369
2411.764648
2352.941162
1911.764770
1392.156860
637.254943
-166.666671
-882.352966
-1519.607910
-2098.039306
-2352.941162
-2441.176513
-2098.039306
-1656.862792
-1009.803955
-147.058822
588.235290
1950.980468
2274.509765
2392.156982
2225.490234
1843.137329
1245.098022
441.176483
-1137.254882
-1803.921630
-2392.156982
-2303.921630
-1892.156860
-421.568634
392.156860
1049.019653
1686.274536
2156.862792
2362.745117
2392.156982
1411.764770
647.058837
-147.058822
-852.941162
-1490.196166
-2098.039306
-2362.745117
-2078.431396
-1637.254882
-941.176513
-78.431373
627.450988
1245.098022
1882.353027
2401.960937
2225.490234
1833.333374
1245.098022
401.960784
-362.745117
-1049.019653
-1696.078491
-2186.274658
-2401.960937
-2411.764648
-1970.588256
-1509.803955
215.686279
921.568664
1519.607910
2078.431396
2303.921630
2392.156982
2078.431396
901.960815
58.823532
-578.431396
-1284.313720
-1921.568603
-2264.705810
-2411.764648
-1813.725463
-1166.666748
-313.725494
480.392150
1137.254882
1764.705932
2186.274658
2333.333496
1901.960815
1352.941162
578.431396
-235.294128
-941.176513
-1588.235351
-2098.039306
-2362.745117
-2431.372558
-1539.215698
-803.921569
39.215686
705.882385
1362.745117
1970.588256
2313.725585
2107.843261
1725.490234
1088.235351
274.509796
-480.392150
-1127.451049
-1813.725463
-2215.686279
-2401.960937
-2372.549072
-1921.568603
-1392.156860
-617.647094
205.882354
901.960815
1509.803955
2088.235351
2323.529541
2411.764648
2107.843261
1666.666748
39.215686
-647.058837
-1294.117675
-1941.176513
-2274.509765
-2411.764648
-2274.509765
-1147.058837
-284.313720
470.588256
1098.039184
1754.901977
2186.274658
2401.960937
1901.960815
1362.745117
568.627441
-235.294128
-950.980407
-1558.823608
-2127.450927
-2431.372558
-2049.019531
-1568.627441
-823.529418
0.000000
568.627441
1235.294189
2254.902099
2401.960937
2225.490234
1852.941162
1245.098022
441.176483
-382.352935
-1754.901977
-2225.490234
-2431.372558
-2352.941162
-1941.176513
-1421.568603
313.725494
980.392150
1588.235351
2107.843261
2352.941162
2392.156982
2049.019531
784.313720
-58.823532
-735.294128
-1401.960815
-2000.000000
-2303.921630
-2431.372558
-1764.705932
-1107.843139
-245.098037
500.000000
1107.843139
1745.098022
2186.274658
2313.725585
1892.156860
1372.549072
617.647094
-215.686279
-911.764709
-1519.607910
-2372.549072
-2441.176513
-2078.431396
-1588.235351
-862.745117
-29.411766
647.058837
1294.117675
1921.568603
2264.705810
2392.156982
2284.313720
1862.745117
1254.901977
460.784332
-362.745117
-1039.215698
-1705.882324
-2156.862792
-2382.353027
-2401.960937
-1441.176513
-647.058837
176.470596
872.549011
1480.392211
2068.627441
2333.333496
2078.431396
1598.039184
892.156860
98.039215
-588.235290
-1235.294189
-1892.156860
-2401.960937
-2225.490234
-1843.137329
-1205.882324
-343.137268
421.568634
1088.235351
1754.901977
2156.862792
2382.353027
2372.549072
1970.588256
1480.392211
735.294128
-88.235298
-764.705871
-1411.764770
-2039.215698
-2411.764648
-2107.843261
-1656.862792
-990.196105
-186.274520
539.215698
1225.490234
2284.313720
2362.745117
2264.705810
1852.941162
1274.509887
460.784332
-333.333343
-1764.705932
-2186.274658
-2411.764648
-2401.960937
-1950.980468
-1431.372558
303.921569
960.784301
1598.039184
2107.843261
2333.333496
2401.960937
2068.627441
1607.843139
911.764709
98.039215
-568.627441
-1950.980468
-2313.725585
-2411.764648
-2235.294189
-1823.529418
-1196.078491
529.411804
1186.274536
1833.333374
2235.294189
2382.353027
2333.333496
1882.353027
480.392150
-333.333343
-1000.000000
-1627.451049
-2137.254882
-2382.353027
-2431.372558
-1480.392211
-754.901977
88.235298
754.901977
1392.156860
1990.196166
2294.117675
2078.431396
1725.490234
1049.019653
235.294128
-529.411804
-1156.862792
-1833.333374
-2411.764648
-2284.313720
-1852.941162
-1264.705932
-450.980407
372.549041
1754.901977
2186.274658
2392.156982
2362.745117
1941.176513
1441.176513
686.274536
-980.392150
-1568.627441
-2137.254882
-2372.549072
-2441.176513
-2068.627441
-1588.235351
58.823532
725.490234
1392.156860
2009.803955
2274.509765
2411.764648
2166.666748
1098.039184
254.901962
-509.803924
-1166.666748
-1813.725463
-2245.098144
-2431.372558
-2333.333496
-1921.568603
-1352.941162
-568.627441
274.509796
960.784301
1549.019653
2088.235351
2372.549072
2421.568603
2098.039306
872.549011
58.823532
-637.254943
-1294.117675
-1950.980468
-2284.313720
-2431.372558
-2254.902099
-1843.137329
-1215.686279
500.000000
1098.039184
1745.098022
2176.470703
2382.353027
2382.353027
1970.588256
598.039245
-205.882354
-921.568664
-1539.215698
-2107.843261
-2372.549072
-2431.372558
-2078.431396
-1647.058837
-970.588256
725.490234
1362.745117
1960.784301
2264.705810
2392.156982
2215.686279
1823.529418
264.705902
-490.196075
-1156.862792
-1813.725463
-2215.686279
-2421.568603
-2352.941162
-1294.117675
-460.784332
343.137268
1019.607849
1656.862792
2137.254882
2401.960937
1941.176513
1450.980468
715.686279
-107.843139
-823.529418
-1460.784301
-2343.137207
-2431.372558
-2098.039306
-1666.666748
-980.392150
-147.058822
598.039245
1941.176513
2274.509765
2401.960937
2264.705810
1833.333374
1235.294189
411.764709
-1147.058837
-1823.529418
-2225.490234
-2411.764648
-2352.941162
-1921.568603
-1372.549072
-598.039245
205.882354
901.960815
1509.803955
2058.823486
2323.529541
2421.568603
2088.235351
1705.882324
1019.607849
147.058822
-1343.137329
-1980.392211
-2294.117675
-2431.372558
-2205.882324
-1813.725463
-1186.274536
549.019592
1186.274536
1833.333374
2225.490234
2401.960937
2323.529541
1245.098022
450.980407
-343.137268
-1039.215698
-1686.274536
-2147.058837
-2372.549072
-1970.588256
-1431.372558
-656.862731
156.862747
852.941162
1470.588256
2019.607910
2421.568603
2068.627441
1647.058837
960.784301
127.450981
-549.019592
-1215.686279
-2303.921630
-2431.372558
-2254.902099
-1843.137329
-1215.686279
-362.745117
401.960784
1058.823608
1715.686279
2156.862792
2382.353027
2382.353027
1990.196166
1509.803955
764.705871
-68.627449
-735.294128
-1392.156860
-2352.941162
-2421.568603
-2107.843261
-1725.490234
-1049.019653
-186.274520
549.019592
1205.882324
1852.941162
2245.098144
2401.960937
2303.921630
1882.353027
1352.941162
568.627441
-245.098037
-960.784301
-1549.019653
-2382.353027
-2411.764648
-2058.823486
-1558.823608
-843.137268
0.000000
1343.137329
1990.196166
2274.509765
2107.843261
1725.490234
1098.039184
264.705902
-480.392150
-1156.862792
-1813.725463
-2401.960937
-2323.529541
-1901.960815
-1323.529418
-529.411804
313.725494
990.196105
2137.254882
2382.353027
2401.960937
2009.803955
1519.607910
823.529418
-9.803922
-1431.372558
-2039.215698
-2323.529541
-2421.568603
-2127.450927
-1764.705932
-1107.843139
-274.509796
519.607849
1147.058837
1784.313720
2205.882324
2392.156982
2333.333496
1892.156860
1411.764770
647.058837
-156.862747
-1627.451049
-2147.058837
-2382.353027
-2450.980468
-2058.823486
-1578.431396
-901.960815
803.921569
1441.176513
2029.411743
2284.313720
2382.353027
2117.647216
1000.000000
235.294128
-500.000000
-1137.254882
-1794.117675
-2225.490234
-2411.764648
-2362.745117
-1931.372558
-1382.353027
-617.647094
1009.803955
1676.470581
2137.254882
2362.745117
2372.549072
2019.607910
735.294128
-88.235298
-764.705871
-1401.960815
-2039.215698
-2323.529541
-2441.176513
-1666.666748
-1019.607849
-137.254898
598.039245
1225.490234
1892.156860
2245.098144
2215.686279
1823.529418
1215.686279
401.960784
-382.352935
-1049.019653
-1725.490234
-2421.568603
-2362.745117
-1921.568603
-1392.156860
-627.450988
186.274520
872.549011
1509.803955
2088.235351
2333.333496
2401.960937
2088.235351
1676.470581
1000.000000
254.901962
-500.000000
-1127.451049
-1764.705932
-2411.764648
-2323.529541
-1892.156860
-1333.333374
-549.019592
294.117645
970.588256
2137.254882
2362.745117
2401.960937
2029.411743
1529.411743
813.725524
0.000000
-1372.549072
-2009.803955
-2313.725585
-2431.372558
-2186.274658
-1794.117675
-1176.470581
558.823547
1186.274536
1862.745117
2225.490234
2392.156982
2323.529541
1245.098022
441.176483
-372.549041
-1039.215698
-1725.490234
-2176.470703
-2392.156982
-1941.176513
-1411.764770
-637.254943
186.274520
901.960815
1500.000000
2078.431396
2294.117675
2392.156982
2088.235351
1725.490234
1088.235351
245.098037
-480.392150
-1892.156860
-2264.705810
-2441.176513
-2294.117675
-1872.549072
-1294.117675
-500.000000
274.509796
960.784301
1558.823608
2382.353027
2392.156982
2039.215698
745.098083
-78.431373
-754.901977
-1411.764770
-2029.411743
-2303.921630
-2441.176513
-2117.647216
-1745.098022
-1117.647094
-264.705902
1264.705932
1892.156860
2274.509765
2401.960937
2294.117675
1843.137329
382.352935
-382.352935
-1078.431396
-1735.294189
-2196.078369
-2392.156982
-2392.156982
-1372.549072
-607.843139
235.294128
911.764709
1539.215698
2088.235351
2333.333496
2039.215698
1558.823608
892.156860
49.019607
-627.450988
-1264.705932
-1901.960815
-2264.705810
-2411.764648
-2274.509765
-1872.549072
-1284.313720
-460.784332
352.941192
1019.607849
1656.862792
2147.058837
2372.549072
2392.156982
2019.607910
1549.019653
852.941162
39.215686
-637.254943
-1333.333374
-2343.137207
-2421.568603
-2137.254882
-1735.294189
-1098.039184
-245.098037
500.000000
1833.333374
2215.686279
2392.156982
2323.529541
1892.156860
1352.941162
598.039245
-245.098037
-921.568664
-1558.823608
-2362.745117
-2450.980468
-2039.215698
-1549.019653
-843.137268
-19.607843
647.058837
2000.000000
2254.902099
2431.372558
2215.686279
1823.529418
1205.882324
392.156860
-1166.666748
-1833.333374
-2225.490234
-2411.764648
-2352.941162
-1931.372558
-1343.137329
-578.431396
254.901962
950.980407
2107.843261
2372.549072
2421.568603
2039.215698
1568.627441
852.941162
19.607843
-1421.568603
-2029.411743
-2323.529541
-2421.568603
-2147.058837
-1754.901977
-1107.843139
607.843139
1264.705932
1901.960815
2264.705810
2401.960937
2313.725585
1215.686279
372.549041
-401.960784
-1078.431396
-1725.490234
-2176.470703
-2411.764648
-1941.176513
-1401.960815
-617.647094
196.078430
872.549011
1490.196166
2078.431396
2411.764648
2058.823486
1588.235351
901.960815
88.235298
-598.039245
-1254.901977
-2274.509765
-2431.372558
-2205.882324
-1823.529418
-1176.470581
-352.941192
421.568634
1088.235351
1735.294189
2156.862792
2411.764648
2382.353027
1970.588256
1470.588256
715.686279
-98.039215
-774.509826
-1411.764770
-2352.941162
-2421.568603
-2078.431396
-1696.078491
-1000.000000
-235.294128
539.215698
1911.764770
2254.902099
2382.353027
2294.117675
1852.941162
1294.117675
490.196075
-303.921569
-1000.000000
-1607.843139
-2117.647216
-2362.745117
-2421.568603
-2078.431396
-1578.431396
-872.549011
-49.019607
617.647094
1980.392211
2284.313720
2411.764648
2166.666748
1794.117675
1166.666748
333.333343
-1205.882324
-1872.549072
-2245.098144
-2431.372558
-2323.529541
-1892.156860
-421.568634
382.352935
1039.215698
1696.078491
2156.862792
2392.156982
2392.156982
1411.764770
656.862731
-147.058822
-872.549011
-1490.196166
-2088.235351
-2352.941162
-2068.627441
-1617.647094
-901.960815
-88.235298
617.647094
1245.098022
1892.156860
2401.960937
2186.274658
1794.117675
1196.078491
382.352935
-421.568634
-1088.235351
-1725.490234
-2186.274658
-2401.960937
-1931.372558
-1372.549072
-578.431396
235.294128
921.568664
1539.215698
2058.823486
2421.568603
2049.019531
1568.627441
882.352966
39.215686
-627.450988
-1274.509887
-2303.921630
-2411.764648
-2176.470703
-1803.921630
-1176.470581
-333.333343
460.784332
1107.843139
1754.901977
2186.274658
2343.137207
1901.960815
1352.941162
578.431396
-264.705902
-941.176513
-1568.627441
-2382.353027
-2411.764648
-2058.823486
-1549.019653
-803.921569
39.215686
686.274536
1352.941162
1950.980468
2274.509765
2401.960937
2215.686279
1813.725463
1225.490234
421.568634
-382.352935
-1058.823608
-1725.490234
-2411.764648
-2352.941162
-1931.372558
-1382.353027
-617.647094
215.686279
901.960815
1519.607910
2107.843261
2343.137207
2411.764648
2088.235351
1656.862792
990.196105
186.274520
-549.019592
-1205.882324
-1862.745117
-2411.764648
-2274.509765
-1833.333374
-1225.490234
-401.960784
392.156860
1039.215698
2205.882324
2401.960937
2392.156982
1931.372558
1421.568603
647.058837
-127.450981
-1578.431396
-2107.843261
-2352.941162
-2431.372558
-2058.823486
-1598.039184
78.431373
735.294128
1392.156860
2000.000000
2274.509765
2411.764648
2245.098144
1117.647094
303.921569
-490.196075
-1117.647094
-1794.117675
-2205.882324
-2411.764648
-1901.960815
-1343.137329
-519.607849
294.117645
960.784301
1607.843139
2117.647216
2392.156982
2000.000000
1558.823608
843.137268
29.411766
-647.058837
-1284.313720
-2294.117675
-2421.568603
-2186.274658
-1794.117675
-1137.254882
-294.117645
1235.294189
1872.549072
2235.294189
2411.764648
2294.117675
1872.549072
1323.529418
-431.372558
-1078.431396
-1735.294189
-2196.078369
-2401.960937
-2392.156982
-1980.392211
-578.431396
235.294128
941.176513
1549.019653
2098.039306
2333.333496
2431.372558
1558.823608
862.745117
29.411766
-647.058837
-1313.725463
-1950.980468
-2284.313720
-2401.960937
-2245.098144
-1843.137329
-294.117645
480.392150
1107.843139
1764.705932
2176.470703
2392.156982
2372.549072
1362.745117
578.431396
-254.901962
-950.980407
-1549.019653
-2098.039306
-2372.549072
-2058.823486
-1598.039184
-843.137268
-9.803922
637.254943
1294.117675
1911.764770
2245.098144
2382.353027
2254.902099
1862.745117
1313.725463
480.392150
-303.921569
-1019.607849
-1647.058837
-2156.862792
-2382.353027
-1970.588256
-1460.784301
-735.294128
127.450981
813.725524
1431.372558
2058.823486
2303.921630
2421.568603
2127.450927
1735.294189
1078.431396
254.901962
-460.784332
-1156.862792
-1794.117675
-2205.882324
-2411.764648
-1872.549072
-1303.921630
-480.392150
343.137268
1009.803955
1647.058837
2117.647216
2372.549072
2421.568603
2039.215698
1549.019653
833.333374
-9.803922
-617.647094
-1294.117675
-1960.784301
-2274.509765
-2441.176513
-1774.509887
-1137.254882
-303.921569
470.588256
1137.254882
1794.117675
2205.882324
2303.921630
1882.353027
1323.529418
539.215698
-284.313720
-980.392150
-1607.843139
-2117.647216
-2382.353027
-2431.372558
-2068.627441
-1607.843139
-892.156860
-68.627449
637.254943
1274.509887
1892.156860
2254.902099
2421.568603
2294.117675
1852.941162
362.745117
-421.568634
-1078.431396
-1745.098022
