450.980407
-362.745117
-1029.411743
-1705.882324
-2411.764648
-2411.764648
-1960.784301
-1441.176513
-666.666687
166.666671
1627.451049
2107.843261
2362.745117
2401.960937
2068.627441
1588.235351
882.352966
-774.509826
-1431.372558
-2039.215698
-2333.333496
-2441.176513
-2137.254882
-1735.294189
-117.647064
598.039245
1264.705932
1882.353027
2264.705810
2411.764648
2303.921630
1892.156860
1333.333374
588.235290
-254.901962
-970.588256
-1598.039184
-2127.450927
-2392.156982
-2431.372558
-2088.235351
-1637.254882
58.823532
725.490234
1362.745117
1990.196166
2284.313720
2421.568603
2245.098144
1117.647094
254.901962
-500.000000
-1098.039184
-1774.509887
-2215.686279
-2411.764648
-2382.353027
-1960.784301
-1460.784301
-676.470581
127.450981
872.549011
1500.000000
2049.019531
2333.333496
2421.568603
2127.450927
1764.705932
1137.254882
303.921569
-480.392150
-1852.941162
-2284.313720
-2450.980468
-2352.941162
-1921.568603
-1343.137329
421.568634
1098.039184
1735.294189
2205.882324
2401.960937
2382.353027
1980.392211
647.058837
-176.470596
-892.156860
-1529.411743
-2098.039306
-2352.941162
-2441.176513
-1607.843139
-892.156860
-68.627449
637.254943
1284.313720
1931.372558
2294.117675
2431.372558
2284.313720
1852.941162
1274.509887
490.196075
-323.529418
-1019.607849
-1666.666748
-2166.666748
-2392.156982
-1960.784301
-1460.784301
-705.882385
107.843139
843.137268
1460.784301
2039.215698
2323.529541
2431.372558
2147.058837
1754.901977
1117.647094
274.509796
-500.000000
-1107.843139
-1764.705932
-2205.882324
-2441.176513
-1911.764770
-1362.745117
-539.215698
274.509796
950.980407
1607.843139
2127.450927
2362.745117
2401.960937
2088.235351
823.529418
0.000000
-568.627441
-1254.901977
-1882.353027
-2274.509765
-2421.568603
-1872.549072
-1245.098022
-401.960784
392.156860
1049.019653
1696.078491
2147.058837
2372.549072
1960.784301
1450.980468
686.274536
-107.843139
-833.333374
-1470.588256
-2362.745117
-2450.980468
-2098.039306
-1656.862792
-950.980407
-117.647064
588.235290
1245.098022
1892.156860
2254.902099
2264.705810
1852.941162
1245.098022
411.764709
-362.745117
-1058.823608
-1725.490234
-2441.176513
-2372.549072
-1950.980468
-1431.372558
-627.450988
176.470596
882.352966
1519.607910
2068.627441
2333.333496
2421.568603
2107.843261
1696.078491
1049.019653
205.882354
-529.411804
-1196.078491
-1872.549072
-2441.176513
-2294.117675
-1872.549072
-1264.705932
-441.176483
372.549041
1058.823608
2196.078369
2382.353027
2362.745117
1970.588256
1441.176513
696.078430
-107.843139
-1568.627441
-2127.450927
-2392.156982
-2441.176513
-2098.039306
-1637.254882
58.823532
735.294128
1392.156860
1980.392211
2294.117675
2411.764648
2196.078369
1098.039184
254.901962
-509.803924
-1166.666748
-1823.529418
-2264.705810
-2441.176513
-1911.764770
-1313.725463
-490.196075
333.333343
1009.803955
1656.862792
2117.647216
2362.745117
2401.960937
2058.823486
1578.431396
843.137268
19.607843
-647.058837
-1303.921630
-1970.588256
-2303.921630
-2441.176513
-1784.313720
-1147.058837
-294.117645
480.392150
1127.451049
1794.117675
2225.490234
2431.372558
2372.549072
1941.176513
539.215698
-284.313720
-980.392150
-1607.843139
-2127.450927
-2382.353027
-2441.176513
-1519.607910
-784.313720
39.215686
696.078430
1333.333374
1990.196166
2284.313720
2137.254882
1745.098022
1107.843139
274.509796
-480.392150
-1156.862792
-1823.529418
-2235.294189
-2401.960937
-2362.745117
-1333.333374
-519.607849
313.725494
990.196105
1607.843139
2117.647216
2372.549072
2039.215698
1519.607910
794.117675
-39.215686
-715.686279
-1382.353027
-2009.803955
-2450.980468
-2147.058837
-1745.098022
-1088.235351
-205.882354
539.215698
1196.078491
1843.137329
2235.294189
2392.156982
1872.549072
1294.117675
490.196075
-1107.843139
-1784.313720
-2215.686279
-2411.764648
-2382.353027
-1980.392211
-1421.568603
-656.862731
176.470596
872.549011
2107.843261
2362.745117
2431.372558
2088.235351
1637.254882
941.176513
107.843139
-1392.156860
-2009.803955
-2323.529541
-2450.980468
-2166.666748
-1794.117675
-1147.058837
578.431396
1235.294189
1931.372558
2274.509765
2431.372558
2323.529541
1862.745117
1303.921630
519.607849
-294.117645
-980.392150
-1617.647094
-2137.254882
-2382.353027
-2441.176513
-2078.431396
-1607.843139
-892.156860
794.117675
1441.176513
2049.019531
2284.313720
2421.568603
2156.862792
1784.313720
166.666671
-558.823547
-1225.490234
-1892.156860
-2254.902099
-2431.372558
-2343.137207
-1274.509887
-421.568634
392.156860
1058.823608
1696.078491
2166.666748
2401.960937
1950.980468
1470.588256
705.882385
-107.843139
-813.725524
-1480.392211
-2098.039306
-2333.333496
-2441.176513
-2127.450927
-970.588256
-137.254898
607.843139
1274.509887
1872.549072
2245.098144
2235.294189
1843.137329
1215.686279
392.156860
-411.764709
-1098.039184
-1735.294189
-2411.764648
-2362.745117
-1931.372558
-1411.764770
-607.843139
254.901962
921.568664
2117.647216
2382.353027
2421.568603
2058.823486
1617.647094
911.764709
98.039215
-1372.549072
-2009.803955
-2313.725585
-2441.176513
-2186.274658
-1813.725463
-1176.470581
558.823547
1225.490234
1843.137329
2254.902099
2431.372558
2352.941162
1264.705932
450.980407
-343.137268
-1058.823608
-1705.882324
-2176.470703
-2411.764648
-1960.784301
-1441.176513
-666.666687
186.274520
882.352966
1490.196166
2078.431396
2333.333496
2431.372558
2127.450927
931.372558
117.647064
-598.039245
-1274.509887
-1931.372558
-2284.313720
-2431.372558
-1823.529418
-1166.666748
-333.333343
470.588256
1117.647094
1754.901977
2186.274658
2343.137207
1911.764770
1382.353027
598.039245
-215.686279
-921.568664
-1549.019653
-2117.647216
-2372.549072
-2431.372558
-1598.039184
-862.745117
-19.607843
666.666687
1323.529418
1950.980468
2284.313720
2186.274658
1784.313720
1137.254882
333.333343
-441.176483
-1117.647094
-1794.117675
-2235.294189
-2411.764648
-2392.156982
-1931.372558
-1421.568603
-627.450988
196.078430
892.156860
1509.803955
2088.235351
2362.745117
2078.431396
1607.843139
941.176513
107.843139
-617.647094
-1284.313720
-1931.372558
-2421.568603
-2215.686279
-1813.725463
-1176.470581
-333.333343
480.392150
1127.451049
1774.509887
2245.098144
2421.568603
1911.764770
1392.156860
607.843139
-225.490203
-911.764709
-1539.215698
-2098.039306
-2450.980468
-2078.431396
-1588.235351
-872.549011
-29.411766
656.862731
1294.117675
1931.372558
2303.921630
2431.372558
2264.705810
1852.941162
1254.901977
441.176483
-362.745117
-1049.019653
-1725.490234
-2196.078369
-2411.764648
-2401.960937
-2039.215698
-666.666687
176.470596
872.549011
1500.000000
2058.823486
2313.725585
2401.960937
1696.078491
1029.411743
166.666671
-558.823547
-1245.098022
-1892.156860
-2264.705810
-2254.902099
-1852.941162
-1235.294189
-382.352935
421.568634
1078.431396
1735.294189
2401.960937
2382.353027
1921.568603
1421.568603
656.862731
-176.470596
-892.156860
-2137.254882
-2392.156982
-2421.568603
-2078.431396
-1637.254882
-911.764709
774.509826
1392.156860
1980.392211
2284.313720
2411.764648
2205.882324
1803.921630
235.294128
-529.411804
-1196.078491
-1843.137329
-2264.705810
-2421.568603
-2352.941162
-1294.117675
-470.588256
382.352935
1058.823608
1705.882324
2147.058837
2372.549072
2392.156982
2049.019531
1549.019653
-147.058822
-872.549011
-1490.196166
-2107.843261
-2362.745117
-2441.176513
-2117.647216
-921.568664
-88.235298
617.647094
1264.705932
1921.568603
2264.705810
2401.960937
1852.941162
1235.294189
421.568634
-392.156860
-1058.823608
-1725.490234
-2176.470703
-2382.353027
-1970.588256
-1441.176513
-627.450988
205.882354
882.352966
2098.039306
2362.745117
2401.960937
2078.431396
1637.254882
970.588256
117.647064
-1372.549072
-2019.607910
-2303.921630
-2450.980468
-2176.470703
-1803.921630
-1196.078491
539.215698
1196.078491
1862.745117
2235.294189
2411.764648
2362.745117
1911.764770
1392.156860
598.039245
-196.078430
-931.372558
-1578.431396
-2107.843261
-2382.353027
-2431.372558
-2098.039306
-1647.058837
-950.980407
-137.254898
607.843139
1254.901977
1892.156860
2245.098144
2421.568603
2343.137207
1235.294189
401.960784
-372.549041
-1774.509887
-2205.882324
-2431.372558
-2382.353027
-1941.176513
-1431.372558
-656.862731
1009.803955
1656.862792
2127.450927
2382.353027
2411.764648
2068.627441
1578.431396
-98.039215
-764.705871
-1421.568603
-2058.823486
-2333.333496
-2450.980468
-2166.666748
-1039.215698
-147.058822
558.823547
1215.686279
1892.156860
2245.098144
2254.902099
1862.745117
1254.901977
470.588256
-343.137268
-1049.019653
-1705.882324
-2431.372558
-2372.549072
-1970.588256
-1460.784301
-686.274536
166.666671
862.745117
2117.647216
2362.745117
2421.568603
2088.235351
1637.254882
960.784301
137.254898
-1362.745117
-2009.803955
-2323.529541
-2450.980468
-2205.882324
-1794.117675
-1176.470581
-323.529418
460.784332
1117.647094
1774.509887
2225.490234
2392.156982
2401.960937
1941.176513
1450.980468
705.882385
-78.431373
-1558.823608
-2088.235351
-2362.745117
-2431.372558
-2117.647216
-1647.058837
-970.588256
735.294128
1372.549072
2000.000000
2294.117675
2441.176513
2254.902099
1862.745117
1274.509887
450.980407
-362.745117
-1764.705932
-2235.294189
-2411.764648
-2411.764648
-1950.980468
-1450.980468
-686.274536
980.392150
1617.647094
2107.843261
2372.549072
2450.980468
2098.039306
1627.451049
950.980407
137.254898
-588.235290
-1235.294189
-1901.960815
-2274.509765
-2441.176513
-2323.529541
-1882.353027
-1323.529418
-500.000000
1068.627441
1745.098022
2176.470703
2392.156982
2382.353027
2000.000000
1578.431396
-117.647064
-833.333374
-1470.588256
-2068.627441
-2333.333496
-2450.980468
-2137.254882
-1735.294189
-1068.627441
-205.882354
1333.333374
1970.588256
2274.509765
2156.862792
1784.313720
1166.666748
323.529418
-460.784332
-1117.647094
-1813.725463
-2441.176513
-2313.725585
-1911.764770
-1333.333374
-509.803924
303.921569
1000.000000
1607.843139
2107.843261
2343.137207
2019.607910
1568.627441
833.333374
0.000000
-588.235290
-1264.705932
-1911.764770
-2431.372558
-2225.490234
-1833.333374
-1205.882324
-372.549041
421.568634
1078.431396
2235.294189
2411.764648
2343.137207
1921.568603
1382.353027
637.254943
-205.882354
-1647.058837
-2137.254882
-2401.960937
-2441.176513
-2068.627441
-1578.431396
-833.333374
9.803922
637.254943
1284.313720
2313.725585
2431.372558
2186.274658
1803.921630
1186.274536
352.941192
-441.176483
-1852.941162
-2254.902099
-2431.372558
-2352.941162
-1931.372558
-1352.941162
-558.823547
274.509796
941.176513
1588.235351
2392.156982
2431.372558
2039.215698
725.490234
-107.843139
-813.725524
-1470.588256
-2068.627441
-2343.137207
-2431.372558
-2127.450927
-1725.490234
-1049.019653
637.254943
1284.313720
1892.156860
2245.098144
2421.568603
2294.117675
1862.745117
333.333343
-450.980407
-1117.647094
-1754.901977
-2215.686279
-2411.764648
-2411.764648
-1352.941162
-558.823547
274.509796
960.784301
1568.627441
2088.235351
2362.745117
2039.215698
1558.823608
833.333374
0.000000
-598.039245
-1235.294189
-1901.960815
-2254.902099
-2441.176513
-2303.921630
-1235.294189
-392.156860
421.568634
1068.627441
1715.686279
2156.862792
2392.156982
1941.176513
1392.156860
637.254943
-186.274520
-901.960815
-1509.803955
-2098.039306
-2421.568603
-2098.039306
-1627.451049
-921.568664
-68.627449
588.235290
1254.901977
1911.764770
2284.313720
2411.764648
1833.333374
1235.294189
392.156860
-1186.274536
-1862.745117
-2254.902099
-2421.568603
-2352.941162
-1921.568603
-1382.353027
392.156860
1029.411743
1705.882324
2156.862792
2392.156982
2421.568603
2049.019531
696.078430
-147.058822
-852.941162
-1480.392211
-2088.235351
-2343.137207
-2431.372558
-2117.647216
-1705.882324
-1039.215698
-156.862747
598.039245
1254.901977
1862.745117
2235.294189
2411.764648
2323.529541
1901.960815
411.764709
-362.745117
-1049.019653
-1715.686279
-2186.274658
-2421.568603
-2421.568603
-1450.980468
-647.058837
176.470596
852.941162
1480.392211
2078.431396
2313.725585
2421.568603
2098.039306
1715.686279
98.039215
-598.039245
-1245.098022
-2294.117675
-2441.176513
-2245.098144
-1852.941162
-1235.294189
-382.352935
431.372558
1078.431396
1754.901977
2186.274658
2382.353027
2392.156982
1970.588256
1500.000000
-156.862747
-872.549011
-1519.607910
-2382.353027
-2441.176513
-2098.039306
-1627.451049
-931.372558
-88.235298
607.843139
2000.000000
2264.705810
2421.568603
2284.313720
1862.745117
1274.509887
470.588256
-1127.451049
-1774.509887
-2215.686279
-2421.568603
-2392.156982
-1960.784301
-1450.980468
-696.078430
156.862747
852.941162
2107.843261
2362.745117
2421.568603
2098.039306
1627.451049
960.784301
156.862747
-1352.941162
-1970.588256
-2323.529541
-2450.980468
-2235.294189
-1852.941162
-1166.666748
539.215698
1225.490234
1882.353027
2235.294189
2401.960937
2313.725585
1882.353027
1372.549072
598.039245
-235.294128
-950.980407
-1578.431396
-2117.647216
-2343.137207
-2460.784423
-2098.039306
-1647.058837
-960.784301
-137.254898
607.843139
1254.901977
2313.725585
2431.372558
2235.294189
1833.333374
1205.882324
392.156860
-401.960784
-1813.725463
-2245.098144
-2411.764648
-2362.745117
-1931.372558
-1392.156860
-607.843139
1029.411743
1696.078491
2166.666748
2411.764648
2421.568603
2039.215698
1558.823608
813.725524
-9.803922
-666.666687
-2049.019531
-2323.529541
-2431.372558
-2176.470703
-1039.215698
-176.470596
568.627441
1225.490234
1882.353027
2225.490234
2274.509765
1872.549072
1294.117675
460.784332
-352.941192
-1039.215698
-1715.686279
-2431.372558
-2392.156982
-1960.784301
-1431.372558
-666.666687
176.470596
872.549011
2098.039306
2343.137207
2431.372558
2098.039306
1637.254882
950.980407
156.862747
-1333.333374
-1980.392211
-2313.725585
-2431.372558
-2215.686279
-1813.725463
-225.490203
500.000000
1117.647094
1774.509887
2186.274658
2401.960937
2372.549072
1343.137329
578.431396
-245.098037
-950.980407
-1578.431396
-2117.647216
-2382.353027
-2068.627441
-1568.627441
-833.333374
19.607843
676.470581
1343.137329
1960.784301
2431.372558
2166.666748
1784.313720
1117.647094
294.117645
-460.784332
-1127.451049
-2274.509765
-2421.568603
-2323.529541
-1911.764770
-1343.137329
-529.411804
313.725494
980.392150
1617.647094
2098.039306
2352.941162
2411.764648
2068.627441
1637.254882
941.176513
117.647064
-588.235290
-1284.313720
-2313.725585
-2441.176513
-2215.686279
-1803.921630
-1186.274536
-362.745117
441.176483
1098.039184
1784.313720
2196.078369
2313.725585
1921.568603
1382.353027
607.843139
-205.882354
-921.568664
-1558.823608
-2382.353027
-2450.980468
-2058.823486
-1588.235351
-852.941162
-29.411766
666.666687
2049.019531
2303.921630
2411.764648
2176.470703
1794.117675
1156.862792
333.333343
-460.784332
-1107.843139
-1774.509887
-2441.176513
-2362.745117
-1901.960815
-1333.333374
-558.823547
274.509796
950.980407
2137.254882
2382.353027
2411.764648
2029.411743
1549.019653
833.333374
29.411766
-656.862731
-1343.137329
-1990.196166
-2303.921630
-2441.176513
-2225.490234
-1833.333374
-1196.078491
-362.745117
431.372558
1107.843139
2225.490234
2421.568603
2362.745117
1921.568603
1392.156860
637.254943
-205.882354
-1656.862792
-2147.058837
-2392.156982
-2450.980468
-2068.627441
-1578.431396
-852.941162
0.000000
558.823547
1225.490234
2284.313720
2392.156982
2254.902099
1843.137329
1264.705932
450.980407
-343.137268
-1774.509887
-2205.882324
-2421.568603
-2392.156982
-1950.980468
-1441.176513
-686.274536
970.588256
1598.039184
2137.254882
2352.941162
2401.960937
2078.431396
813.725524
0.000000
-588.235290
-1245.098022
-1901.960815
-2264.705810
-2441.176513
-2313.725585
-1882.353027
-1323.529418
-490.196075
1107.843139
1745.098022
2196.078369
2401.960937
2401.960937
1980.392211
1470.588256
735.294128
-98.039215
-774.509826
-1421.568603
-2039.215698
-2333.333496
-2431.372558
-2147.058837
-1745.098022
-1127.451049
-264.705902
1264.705932
1901.960815
2254.902099
2411.764648
2294.117675
1892.156860
1333.333374
529.411804
-294.117645
-1009.803955
-2205.882324
-2421.568603
-2421.568603
-1421.568603
-647.058837
196.078430
882.352966
1500.000000
2049.019531
2303.921630
2088.235351
1686.274536
990.196105
186.274520
-558.823547
-1205.882324
-1882.353027
-2431.372558
-2245.098144
-1862.745117
-1264.705932
-431.372558
401.960784
1049.019653
2205.882324
2411.764648
2362.745117
1950.980468
1421.568603
656.862731
-147.058822
-862.745117
-1500.000000
-2058.823486
-2450.980468
-2107.843261
-1666.666748
-990.196105
-156.862747
568.627441
1245.098022
2294.117675
2421.568603
2254.902099
1843.137329
1254.901977
450.980407
-352.941192
-1764.705932
-2215.686279
-2411.764648
-2411.764648
-1960.784301
-1450.980468
-686.274536
147.058822
843.137268
1480.392211
2352.941162
2450.980468
2098.039306
1656.862792
980.392150
147.058822
-558.823547
-1960.784301
-2294.117675
-2450.980468
-2254.902099
-1872.549072
-1245.098022
-431.372558
1156.862792
1823.529418
2225.490234
2411.764648
2333.333496
1921.568603
509.803924
-303.921569
-1000.000000
-1617.647094
-2127.450927
-2372.549072
-2441.176513
-2088.235351
-1617.647094
-901.960815
-58.823532
1401.960815
2000.000000
2294.117675
2421.568603
2254.902099
1862.745117
1245.098022
441.176483
-382.352935
-1049.019653
-1715.686279
-2196.078369
-2431.372558
-2421.568603
-1990.196166
-1490.196166
-745.098083
68.627449
1519.607910
2078.431396
2343.137207
2441.176513
2088.235351
1686.274536
1009.803955
176.470596
-558.823547
-1215.686279
-2284.313720
-2441.176513
-2235.294189
-1833.333374
-1215.686279
-382.352935
411.764709
1813.725463
2196.078369
2401.960937
2343.137207
1931.372558
1441.176513
637.254943
-186.274520
-901.960815
-1529.411743
-2382.353027
-2441.176513
-2068.627441
-784.313720
49.019607
715.686279
1382.353027
1990.196166
2294.117675
2401.960937
1764.705932
1127.451049
284.313720
-480.392150
-1127.451049
-1803.921630
-2225.490234
-2431.372558
-2372.549072
-1941.176513
-519.607849
323.529418
980.392150
1598.039184
2107.843261
2382.353027
2431.372558
1529.411743
813.725524
-9.803922
-656.862731
-1323.529418
-1980.392211
-2323.529541
-2147.058837
-1754.901977
-1107.843139
-274.509796
490.196075
1166.666748
1803.921630
2401.960937
2294.117675
1882.353027
1323.529418
539.215698
-294.117645
-980.392150
-2166.666748
-2401.960937
-2411.764648
-2029.411743
-1519.607910
-764.705871
892.156860
1539.215698
2088.235351
2352.941162
2421.568603
2078.431396
1676.470581
49.019607
-617.647094
-1313.725463
-1931.372558
-2284.313720
-2441.176513
-2294.117675
-1156.862792
-313.725494
470.588256
1117.647094
1784.313720
2205.882324
2411.764648
1901.960815
1352.941162
588.235290
-245.098037
-931.372558
-1588.235351
-2107.843261
-2450.980468
-2029.411743
-1568.627441
-813.725524
19.607843
686.274536
1333.333374
1970.588256
2284.313720
2441.176513
2245.098144
1833.333374
1215.686279
392.156860
-401.960784
-1088.235351
-1735.294189
-2196.078369
-2362.745117
-1931.372558
-1401.960815
-617.647094
205.882354
911.764709
1519.607910
2068.627441
2343.137207
2431.372558
1647.058837
921.568664
88.235298
-1392.156860
-1990.196166
-2303.921630
-2411.764648
-2186.274658
-1813.725463
-1166.666748
558.823547
1245.098022
1901.960815
2245.098144
2401.960937
2343.137207
1882.353027
441.176483
-352.941192
-1039.215698
-1715.686279
-2156.862792
-2411.764648
-2421.568603
-2019.607910
-1519.607910
-784.313720
892.156860
1509.803955
2088.235351
2343.137207
2441.176513
2088.235351
1666.666748
29.411766
-656.862731
-1323.529418
-1970.588256
-2284.313720
-2431.372558
-2245.098144
-1147.058837
-313.725494
470.588256
1147.058837
1784.313720
2225.490234
2303.921630
1892.156860
1343.137329
578.431396
-245.098037
-950.980407
-1588.235351
-2401.960937
-2421.568603
-2058.823486
-1578.431396
-843.137268
9.803922
666.666687
2000.000000
2274.509765
2421.568603
2264.705810
1872.549072
1264.705932
460.784332
-1137.254882
-1803.921630
-2235.294189
-2421.568603
-2372.549072
-1941.176513
-1421.568603
-647.058837
186.274520
901.960815
1500.000000
2049.019531
2333.333496
2431.372558
2127.450927
1745.098022
1137.254882
294.117645
-1254.901977
-1901.960815
-2254.902099
-2431.372558
-2323.529541
-1901.960815
-1294.117675
450.980407
1107.843139
1774.509887
2196.078369
2411.764648
2411.764648
1970.588256
1470.588256
745.098083
-68.627449
-754.901977
-1411.764770
-2019.607910
-2313.725585
-2441.176513
-2176.470703
-1803.921630
-1147.058837
588.235290
1225.490234
1882.353027
2254.902099
2421.568603
2313.725585
1911.764770
1343.137329
549.019592
-254.901962
-970.588256
-1588.235351
-2137.254882
-2392.156982
-2450.980468
-2098.039306
-1627.451049
-941.176513
-98.039215
588.235290
1254.901977
1882.353027
2264.705810
2411.764648
2313.725585
1225.490234
392.156860
-372.549041
-1049.019653
-1705.882324
-2166.666748
-2401.960937
-1950.980468
-1431.372558
-647.058837
176.470596
852.941162
1500.000000
2049.019531
2460.784423
2088.235351
1656.862792
990.196105
205.882354
-539.215698
-1196.078491
-2284.313720
-2421.568603
-2284.313720
-1892.156860
-1284.313720
-431.372558
1166.666748
1794.117675
2235.294189
2421.568603
2372.549072
1911.764770
1401.960815
-313.725494
-1019.607849
-1676.470581
-2156.862792
-2392.156982
-2441.176513
-2058.823486
-1549.019653
-813.725524
9.803922
1421.568603
2039.215698
2333.333496
2450.980468
2176.470703
1754.901977
1147.058837
-578.431396
-1245.098022
-1901.960815
-2264.705810
-2441.176513
-2333.333496
-1892.156860
-401.960784
401.960784
1049.019653
1735.294189
2166.666748
2421.568603
2392.156982
1990.196166
1500.000000
833.333374
0.000000
-568.627441
-1245.098022
-1892.156860
-2264.705810
-2441.176513
-2333.333496
-1892.156860
-411.764709
411.764709
1058.823608
1725.490234
2166.666748
2401.960937
2421.568603
1441.176513
696.078430
-137.254898
-862.745117
-1480.392211
-2088.235351
-2372.549072
-2098.039306
-1637.254882
-941.176513
-98.039215
598.039245
1254.901977
1872.549072
2264.705810
2421.568603
2333.333496
1215.686279
411.764709
-382.352935
-1068.627441
-2205.882324
-2421.568603
-2392.156982
-1941.176513
-1401.960815
-637.254943
196.078430
911.764709
1519.607910
2078.431396
2343.137207
2431.372558
2098.039306
931.372558
98.039215
-578.431396
-1235.294189
-2294.117675
-2450.980468
-2245.098144
-1843.137329
-1196.078491
-382.352935
1196.078491
1843.137329
2284.313720
2421.568603
2352.941162
1882.353027
1362.745117
578.431396
-245.098037
-921.568664
-1558.823608
-2117.647216
-2382.353027
-2421.568603
-2088.235351
-1647.058837
-950.980407
-98.039215
588.235290
1264.705932
1872.549072
2254.902099
2274.509765
1852.941162
1264.705932
480.392150
-352.941192
-1049.019653
-1696.078491
-2411.764648
-2382.353027
-1950.980468
-1441.176513
-666.666687
176.470596
1617.647094
2107.843261
2352.941162
2421.568603
2068.627441
1627.451049
941.176513
-754.901977
-1421.568603
-2029.411743
-2323.529541
-2441.176513
-2156.862792
-1774.509887
-166.666671
558.823547
1254.901977
1852.941162
2245.098144
2421.568603
2313.725585
1892.156860
1343.137329
558.823547
-264.705902
-970.588256
-1588.235351
-2137.254882
-2382.353027
-2450.980468
-2078.431396
-1617.647094
49.019607
725.490234
1372.549072
1990.196166
2323.529541
2431.372558
2196.078369
1127.451049
274.509796
-480.392150
-1147.058837
-1784.313720
-2235.294189
-2411.764648
-1892.156860
-1333.333374
-500.000000
264.705902
960.784301
1558.823608
2088.235351
2343.137207
2450.980468
2107.843261
1647.058837
980.392150
156.862747
-558.823547
-1225.490234
-1901.960815
-2274.509765
-2431.372558
-1843.137329
-1225.490234
-392.156860
411.764709
1078.431396
1715.686279
2156.862792
2392.156982
2392.156982
1980.392211
1509.803955
774.509826
-58.823532
-735.294128
-1401.960815
-2019.607910
-2313.725585
-2450.980468
-1705.882324
-1068.627441
-176.470596
549.019592
1205.882324
1862.745117
2245.098144
2294.117675
1852.941162
1264.705932
480.392150
-343.137268
-1039.215698
-1666.666748
-2166.666748
-2401.960937
-2431.372558
-1460.784301
-676.470581
147.058822
862.745117
1480.392211
2068.627441
2352.941162
2068.627441
1656.862792
960.784301
156.862747
-588.235290
-1235.294189
-1911.764770
-2431.372558
-2254.902099
-1833.333374
-1205.882324
-352.941192
441.176483
1833.333374
2215.686279
2401.960937
2333.333496
1901.960815
1382.353027
617.647094
-186.274520
-901.960815
-1558.823608
-2107.843261
-2372.549072
-2431.372558
-2117.647216
-892.156860
-68.627449
627.450988
1284.313720
1941.176513
2245.098144
2392.156982
1803.921630
1176.470581
372.549041
-421.568634
-1117.647094
-1745.098022
-2196.078369
-2362.745117
-1921.568603
-1401.960815
-588.235290
235.294128
911.764709
1529.411743
2078.431396
2352.941162
2431.372558
1588.235351
882.352966
58.823532
-1401.960815
-2039.215698
-2333.333496
-2441.176513
-2166.666748
-1774.509887
-1156.862792
588.235290
1235.294189
1911.764770
2274.509765
2411.764648
2313.725585
1892.156860
421.568634
-392.156860
-1068.627441
-1735.294189
-2176.470703
-2392.156982
-2421.568603
-1421.568603
-656.862731
186.274520
892.156860
1519.607910
2078.431396
2362.745117
2441.176513
2107.843261
1676.470581
1029.411743
176.470596
-558.823547
-1950.980468
-2274.509765
-2450.980468
-2284.313720
-1862.745117
-1274.509887
-450.980407
1107.843139
1794.117675
2225.490234
2431.372558
2352.941162
1950.980468
1421.568603
666.666687
-127.450981
-852.941162
-1509.803955
-2098.039306
-2352.941162
-2431.372558
-2107.843261
-1696.078491
-1019.607849
-147.058822
588.235290
1245.098022
1862.745117
2431.372558
2254.902099
1872.549072
1284.313720
460.784332
-333.333343
-1049.019653
-2235.294189
-2411.764648
-2382.353027
-1970.588256
-1460.784301
-686.274536
137.254898
1598.039184
2117.647216
2362.745117
2441.176513
2078.431396
1647.058837
911.764709
-754.901977
-1411.764770
-2029.411743
-2303.921630
-2441.176513
-2176.470703
-1784.313720
-1137.254882
-284.313720
500.000000
1833.333374
2245.098144
2372.549072
2333.333496
1921.568603
1411.764770
647.058837
-1019.607849
-1647.058837
-2166.666748
-2401.960937
-2401.960937
-2039.215698
-1549.019653
-843.137268
-19.607843
676.470581
1343.137329
1980.392211
2303.921630
2421.568603
2235.294189
1843.137329
1225.490234
411.764709
-1147.058837
-1803.921630
-2235.294189
-2431.372558
-2382.353027
-1941.176513
-1382.353027
-607.843139
225.490203
901.960815
2127.450927
2372.549072
2441.176513
2068.627441
1588.235351
901.960815
58.823532
-1392.156860
-1990.196166
-2323.529541
-2441.176513
-2166.666748
-1774.509887
-1147.058837
578.431396
1245.098022
1892.156860
2264.705810
2411.764648
2303.921630
1254.901977
450.980407
-352.941192
-1019.607849
-1686.274536
-2156.862792
-2411.764648
-2411.764648
-2019.607910
-1509.803955
-754.901977
921.568664
1539.215698
2117.647216
2372.549072
2411.764648
2088.235351
901.960815
68.627449
-598.039245
-1274.509887
-1892.156860
-2274.509765
-2421.568603
-1833.333374
-1186.274536
-343.137268
431.372558
1088.235351
1745.098022
2186.274658
2362.745117
1911.764770
1372.549072
627.450988
-215.686279
-911.764709
-1539.215698
-2392.156982
-2441.176513
-2068.627441
-1578.431396
-843.137268
-19.607843
666.666687
1313.725463
1950.980468
2303.921630
2411.764648
2264.705810
1862.745117
1235.294189
431.372558
-362.745117
-1058.823608
-1696.078491
-2411.764648
-2392.156982
-1970.588256
-1450.980468
-676.470581
147.058822
843.137268
1490.196166
2068.627441
2333.333496
2088.235351
1637.254882
931.372558
127.450981
-568.627441
-1254.901977
-1911.764770
-2431.372558
-2225.490234
-1833.333374
-1196.078491
-343.137268
470.588256
1078.431396
2205.882324
2401.960937
2352.941162
1921.568603
1392.156860
627.450988
-186.274520
-1617.647094
-2127.450927
-2382.353027
-2411.764648
-2058.823486
-1588.235351
127.450981
813.725524
1441.176513
2029.411743
2343.137207
2431.372558
2107.843261
990.196105
196.078430
-539.215698
-1196.078491
-1882.353027
-2254.902099
-2421.568603
-1862.745117
-1264.705932
-441.176483
382.352935
1058.823608
1705.882324
2137.254882
2372.549072
2401.960937
2029.411743
686.274536
-127.450981
-843.137268
-1480.392211
-2362.745117
-2441.176513
-2117.647216
-1637.254882
-931.372558
-88.235298
1382.353027
2009.803955
2284.313720
2431.372558
2225.490234
1803.921630
1205.882324
-539.215698
-1205.882324
-1872.549072
-2254.902099
-2421.568603
-2352.941162
-1921.568603
-460.784332
362.745117
1009.803955
1686.274536
2137.254882
2372.549072
2421.568603
2039.215698
1539.215698
784.313720
-872.549011
-1509.803955
-2098.039306
-2431.372558
-2078.431396
-1617.647094
-911.764709
-98.039215
607.843139
1235.294189
2313.725585
2431.372558
2245.098144
1813.725463
1215.686279
382.352935
-392.156860
-1794.117675
-2235.294189
-2411.764648
-2362.745117
-1931.372558
-1392.156860
-617.647094
1029.411743
1686.274536
2186.274658
2392.156982
2401.960937
2019.607910
715.686279
-98.039215
-794.117675
-1460.784301
-2049.019531
-2343.137207
-2441.176513
-1686.274536
-980.392150
-147.058822
578.431396
1235.294189
1892.156860
2245.098144
2264.705810
1823.529418
1264.705932
450.980407
-362.745117
-1058.823608
-1676.470581
-2401.960937
-2421.568603
-1970.588256
-1450.980468
-686.274536
137.254898
833.333374
2107.843261
2352.941162
2421.568603
2078.431396
1637.254882
950.980407
147.058822
-568.627441
-1245.098022
-1892.156860
-2441.176513
-2235.294189
-1852.941162
-264.705902
470.588256
1147.058837
1803.921630
2235.294189
2392.156982
2372.549072
1343.137329
549.019592
-274.509796
-990.196105
-1607.843139
-2127.450927
-2382.353027
-2039.215698
-1539.215698
-794.117675
49.019607
696.078430
1343.137329
1960.784301
2303.921630
2421.568603
2235.294189
1127.451049
284.313720
-480.392150
-1137.254882
-1803.921630
-2225.490234
-2421.568603
-1911.764770
-1343.137329
-519.607849
313.725494
990.196105
1588.235351
2117.647216
2411.764648
2009.803955
1529.411743
784.313720
-29.411766
-705.882385
-1352.941162
-2019.607910
-2303.921630
-2431.372558
-2215.686279
-1813.725463
-1186.274536
-313.725494
460.784332
1137.254882
1784.313720
2225.490234
2333.333496
1911.764770
1343.137329
558.823547
-284.313720
-980.392150
-1578.431396
-2127.450927
-2392.156982
-2441.176513
-2088.235351
-1617.647094
-911.764709
-68.627449
607.843139
1284.313720
1911.764770
2284.313720
2196.078369
1823.529418
1196.078491
372.549041
-411.764709
-1068.627441
-1754.901977
-2431.372558
-2333.333496
-1921.568603
-1362.745117
-598.039245
235.294128
941.176513
1558.823608
2088.235351
2372.549072
2049.019531
1588.235351
862.745117
49.019607
-617.647094
-1294.117675
-1941.176513
-2441.176513
-2186.274658
-1784.313720
-1156.862792
-303.921569
460.784332
1127.451049
1784.313720
2186.274658
2421.568603
2382.353027
1960.784301
1441.176513
637.254943
-156.862747
-882.352966
-1509.803955
-2107.843261
-2431.372558
-2078.431396
-1627.451049
-882.352966
-58.823532
627.450988
1294.117675
2284.313720
2421.568603
2205.882324
1833.333374
1186.274536
362.745117
-431.372558
-1833.333374
-2245.098144
-2411.764648
-2343.137207
-1931.372558
-1372.549072
392.156860
1029.411743
1696.078491
2147.058837
2401.960937
2411.764648
2019.607910
1539.215698
803.921569
-19.607843
-705.882385
-2058.823486
-2343.137207
-2441.176513
-2117.647216
-1764.705932
-1088.235351
637.254943
1303.921630
1950.980468
2264.705810
2431.372558
2274.509765
1892.156860
372.549041
-411.764709
-1088.235351
-1764.705932
-2205.882324
-2401.960937
-2382.353027
-1411.764770
-607.843139
235.294128
901.960815
1519.607910
2088.235351
2333.333496
2431.372558
2107.843261
1666.666748
9.803922
-588.235290
-1274.509887
-1901.960815
-2284.313720
-2441.176513
-2313.725585
-1196.078491
-372.549041
431.372558
1098.039184
1754.901977
2176.470703
2401.960937
2411.764648
1990.196166
1500.000000
813.725524
0.000000
-588.235290
-1235.294189
-1911.764770
-2264.705810
-2441.176513
-2303.921630
-1215.686279
-382.352935
421.568634
1088.235351
1715.686279
2156.862792
2401.960937
1921.568603
1431.372558
647.058837
-166.666671
-882.352966
-1509.803955
-2088.235351
-2441.176513
-2107.843261
-1617.647094
-921.568664
-68.627449
647.058837
1284.313720
2294.117675
2421.568603
2196.078369
1833.333374
1225.490234
392.156860
-411.764709
-1813.725463
-2245.098144
-2421.568603
-2343.137207
-1931.372558
-1401.960815
-627.450988
225.490203
911.764709
1509.803955
2362.745117
2411.764648
2088.235351
1637.254882
911.764709
98.039215
-568.627441
-1970.588256
-2313.725585
-2441.176513
-2215.686279
-1823.529418
-1196.078491
558.823547
1196.078491
1833.333374
2225.490234
2392.156982
2313.725585
1892.156860
500.000000
-245.098037
-970.588256
-1568.627441
-2127.450927
-2382.353027
-2431.372558
-1549.019653
-823.529418
0.000000
598.039245
1245.098022
1892.156860
2245.098144
2294.117675
1823.529418
1254.901977
421.568634
-372.549041
-1049.019653
-1705.882324
-2411.764648
-2392.156982
-1950.980468
-1411.764770
-647.058837
186.274520
852.941162
1490.196166
2098.039306
2333.333496
2088.235351
1627.451049
921.568664
-764.705871
-1401.960815
-2019.607910
-2323.529541
-2431.372558
-2156.862792
-1784.313720
-186.274520
549.019592
1225.490234
1852.941162
2225.490234
2411.764648
2343.137207
1264.705932
470.588256
-362.745117
-1049.019653
-1686.274536
-2166.666748
-2421.568603
-1960.784301
-1460.784301
-666.666687
156.862747
852.941162
1470.588256
2058.823486
2323.529541
2431.372558
2117.647216
960.784301
127.450981
-598.039245
-1980.392211
-2303.921630
-2441.176513
-2245.098144
-1843.137329
-1196.078491
-362.745117
1205.882324
1862.745117
2264.705810
2411.764648
2352.941162
1892.156860
1392.156860
-352.941192
-1049.019653
-1705.882324
-2186.274658
-2401.960937
-2421.568603
-2039.215698
-696.078430
147.058822
843.137268
1470.588256
2049.019531
2333.333496
2088.235351
1637.254882
990.196105
137.254898
-558.823547
-1254.901977
-1901.960815
-2441.176513
-2225.490234
-1852.941162
-1205.882324
-372.549041
411.764709
1078.431396
2205.882324
2382.353027
2352.941162
1931.372558
1401.960815
637.254943
-186.274520
-1647.058837
-2117.647216
-2392.156982
-2431.372558
-2049.019531
-1578.431396
-862.745117
843.137268
1460.784301
2049.019531
2333.333496
2421.568603
2098.039306
1745.098022
1127.451049
294.117645
-480.392150
-1901.960815
-2254.902099
-2431.372558
-2333.333496
-1901.960815
-1343.137329
-500.000000
254.901962
950.980407
1519.607910
2098.039306
2352.941162
2441.176513
2117.647216
1676.470581
990.196105
186.274520
-558.823547
-1970.588256
-2313.725585
-2431.372558
-2245.098144
-1862.745117
-1235.294189
-411.764709
411.764709
1098.039184
1715.686279
2421.568603
2362.745117
1950.980468
1441.176513
676.470581
-147.058822
-852.941162
-2127.450927
-2382.353027
-2421.568603
-2117.647216
-1647.058837
-950.980407
-127.450981
1401.960815
1990.196166
2303.921630
2421.568603
2186.274658
1813.725463
1186.274536
352.941192
-441.176483
-1107.843139
-1794.117675
-2235.294189
-2431.372558
-2362.745117
-1931.372558
-1421.568603
-647.058837
186.274520
1617.647094
2107.843261
2352.941162
2421.568603
2068.627441
1617.647094
911.764709
98.039215
-598.039245
-1254.901977
-1921.568603
-2294.117675
-2431.372558
-2323.529541
-1882.353027
-1284.313720
-460.784332
372.549041
1754.901977
2196.078369
2431.372558
2372.549072
1950.980468
1460.784301
745.098083
-931.372558
-1568.627441
-2098.039306
-2352.941162
-2431.372558
-2107.843261
-1627.451049
9.803922
656.862731
1313.725463
1941.176513
2284.313720
2431.372558
1764.705932
1137.254882
313.725494
-450.980407
-1127.451049
-1803.921630
-2215.686279
-2352.941162
-1892.156860
-1362.745117
-539.215698
284.313720
960.784301
1588.235351
2401.960937
2411.764648
2029.411743
1529.411743
803.921569
-19.607843
-696.078430
-1343.137329
-1980.392211
-2313.725585
-2137.254882
-1754.901977
-1098.039184
-205.882354
539.215698
1176.470581
1833.333374
2421.568603
2303.921630
1872.549072
1303.921630
500.000000
-245.098037
-921.568664
-2127.450927
-2392.156982
-2421.568603
-2078.431396
-1578.431396
-872.549011
-19.607843
1431.372558
2039.215698
2313.725585
2421.568603
2127.450927
1754.901977
1107.843139
284.313720
-470.588256
-1156.862792
-2274.509765
-2431.372558
-2323.529541
-1215.686279
-392.156860
411.764709
1058.823608
1705.882324
2176.470703
2401.960937
1941.176513
1411.764770
676.470581
-156.862747
-852.941162
-1500.000000
-2068.627441
-2421.568603
-2098.039306
-1676.470581
-1000.000000
-215.686279
529.411804
1205.882324
2264.705810
2401.960937
2294.117675
1872.549072
1284.313720
500.000000
-245.098037
-1686.274536
-2166.666748
-2411.764648
-2421.568603
-2029.411743
-1509.803955
225.490203
892.156860
1519.607910
2088.235351
2333.333496
2411.764648
2088.235351
921.568664
107.843139
-607.843139
-1284.313720
-1941.176513
-2284.313720
-2450.980468
-1794.117675
-1166.666748
-323.529418
470.588256
1137.254882
1803.921630
2186.274658
2313.725585
1921.568603
1372.549072
578.431396
-245.098037
-941.176513
-1568.627441
-2372.549072
-2421.568603
-2049.019531
-1578.431396
-833.333374
0.000000
558.823547
1215.686279
1892.156860
2264.705810
2421.568603
2313.725585
1901.960815
1362.745117
549.019592
-254.901962
-970.588256
-1578.431396
-2382.353027
-2421.568603
-2029.411743
-1519.607910
-823.529418
29.411766
705.882385
2039.215698
2303.921630
2401.960937
2127.450927
1774.509887
1147.058837
313.725494
-470.588256
-1137.254882
-1794.117675
-2225.490234
-2441.176513
-2372.549072
-1950.980468
-1411.764770
-627.450988
205.882354
901.960815
2117.647216
2372.549072
2431.372558
2088.235351
1607.843139
901.960815
107.843139
-627.450988
-1313.725463
-1950.980468
-2441.176513
-2196.078369
-1823.529418
-1176.470581
-303.921569
441.176483
1117.647094
2264.705810
2392.156982
2323.529541
1901.960815
1352.941162
607.843139
-225.490203
-1656.862792
-2156.862792
-2401.960937
-2441.176513
-2039.215698
-1539.215698
176.470596
872.549011
1500.000000
2049.019531
2343.137207
2441.176513
2156.862792
1764.705932
1127.451049
284.313720
-480.392150
-1882.353027
-2254.902099
-2431.372558
-2333.333496
-1911.764770
-1333.333374
431.372558
1088.235351
1735.294189
2186.274658
2411.764648
2392.156982
1960.784301
627.450988
-196.078430
-901.960815
-1519.607910
-2107.843261
-2343.137207
-2441.176513
-1607.843139
-892.156860
-49.019607
607.843139
1254.901977
1892.156860
2235.294189
2205.882324
1813.725463
1196.078491
392.156860
-421.568634
-1088.235351
-1754.901977
-2186.274658
-2431.372558
-2382.353027
-1382.353027
-588.235290
215.686279
921.568664
1529.411743
2098.039306
2343.137207
2431.372558
2098.039306
1686.274536
1000.000000
225.490203
-529.411804
-1186.274536
-1833.333374
-2431.372558
-2274.509765
-1892.156860
-1274.509887
-460.784332
362.745117
1039.215698
1676.470581
2147.058837
2362.745117
2392.156982
2019.607910
1539.215698
833.333374
19.607843
-696.078430
-1343.137329
-1980.392211
-2441.176513
-2137.254882
-1745.098022
-1127.451049
-245.098037
470.588256
1137.254882
2264.705810
2411.764648
2333.333496
1872.549072
1323.529418
549.019592
-284.313720
-1696.078491
-2176.470703
-2401.960937
-2411.764648
-2029.411743
-1509.803955
205.882354
882.352966
1500.000000
2049.019531
2343.137207
2450.980468
2137.254882
1000.000000
225.490203
-509.803924
-1156.862792
-1843.137329
-2245.098144
-2421.568603
-1901.960815
-1284.313720
-490.196075
323.529418
1000.000000
1627.451049
2107.843261
2421.568603
2019.607910
1549.019653
813.725524
0.000000
-607.843139
-1254.901977
-1931.372558
-2294.117675
-2441.176513
-1813.725463
-1196.078491
-343.137268
460.784332
1107.843139
1764.705932
2215.686279
2343.137207
1901.960815
1392.156860
607.843139
-205.882354
-921.568664
-1549.019653
-2392.156982
-2411.764648
-2068.627441
-1578.431396
-823.529418
19.607843
656.862731
2019.607910
2323.529541
2421.568603
2166.666748
1774.509887
1156.862792
343.137268
-450.980407
-1107.843139
-1774.509887
-2441.176513
-2352.941162
-1911.764770
-1362.745117
-549.019592
284.313720
950.980407
2156.862792
2382.353027
2392.156982
2049.019531
1568.627441
833.333374
29.411766
-647.058837
-1352.941162
-1970.588256
-2303.921630
-2411.764648
-2245.098144
-1843.137329
-1225.490234
-392.156860
421.568634
1068.627441
2215.686279
2421.568603
2372.549072
1931.372558
1411.764770
647.058837
-186.274520
-1617.647094
-2156.862792
-2382.353027
-2431.372558
-2098.039306
-1588.235351
-882.352966
-19.607843
676.470581
1303.921630
1941.176513
2254.902099
2401.960937
2274.509765
1872.549072
1303.921630
509.803924
-323.529418
-1735.294189
-2196.078369
-2411.764648
-2401.960937
-1990.196166
-1470.588256
-715.686279
950.980407
1588.235351
2098.039306
2333.333496
2411.764648
2078.431396
1627.451049
980.392150
156.862747
-558.823547
-1215.686279
-1901.960815
-2274.509765
-2421.568603
-2313.725585
-1892.156860
-1313.725463
-519.607849
1078.431396
1735.294189
2196.078369
2401.960937
2392.156982
1970.588256
1470.588256
725.490234
-88.235298
-774.509826
-1431.372558
-2058.823486
-2333.333496
-2431.372558
-2156.862792
-1784.313720
-1117.647094
-274.509796
1274.509887
1901.960815
2264.705810
2421.568603
2313.725585
1892.156860
1323.529418
500.000000
-225.490203
-921.568664
-2127.450927
-2411.764648
-2431.372558
-2068.627441
-754.901977
68.627449
745.098083
1382.353027
2009.803955
2313.725585
2421.568603
2176.470703
1833.333374
1196.078491
-529.411804
-1205.882324
-1872.549072
-2431.372558
-2254.902099
-1843.137329
-1254.901977
-431.372558
372.549041
1049.019653
2205.882324
2401.960937
2362.745117
1950.980468
1470.588256
696.078430
-117.647064
-1598.039184
-2117.647216
-2362.745117
-2431.372558
-2098.039306
-1627.451049
-931.372558
764.705871
1411.764770
2009.803955
2284.313720
2441.176513
2176.470703
1068.627441
215.686279
-539.215698
-1196.078491
-1872.549072
-2274.509765
-2421.568603
-1882.353027
-1284.313720
-460.784332
372.549041
1029.411743
1686.274536
2137.254882
2401.960937
1941.176513
1441.176513
696.078430
-127.450981
-833.333374
-1470.588256
-2362.745117
-2441.176513
-2107.843261
-1627.451049
-950.980407
-98.039215
578.431396
1235.294189
1892.156860
2245.098144
2392.156982
2313.725585
1872.549072
1333.333374
568.627441
-254.901962
-980.392150
-1598.039184
-2411.764648
-2441.176513
-2029.411743
-1529.411743
-784.313720
49.019607
715.686279
2039.215698
2313.725585
2411.764648
2127.450927
1754.901977
1117.647094
274.509796
-490.196075
-1147.058837
-1813.725463
-2225.490234
-2421.568603
-2362.745117
-1941.176513
-1411.764770
-617.647094
205.882354
911.764709
2107.843261
2382.353027
2431.372558
2088.235351
1598.039184
921.568664
98.039215
-1362.745117
-2019.607910
-2303.921630
-2431.372558
-2215.686279
-1823.529418
-225.490203
519.607849
1166.666748
1823.529418
2235.294189
2421.568603
2362.745117
1274.509887
500.000000
-254.901962
-970.588256
-1568.627441
-2127.450927
-2382.353027
-2049.019531
-1558.823608
-813.725524
29.411766
686.274536
1323.529418
1990.196166
2431.372558
2147.058837
1754.901977
1117.647094
303.921569
-470.588256
-1117.647094
-2274.509765
-2421.568603
-2303.921630
-1911.764770
-1343.137329
-539.215698
294.117645
980.392150
1598.039184
2127.450927
2372.549072
2401.960937
2068.627441
1627.451049
960.784301
117.647064
-607.843139
-1274.509887
-2303.921630
-2431.372558
-2225.490234
-1833.333374
-1196.078491
-343.137268
431.372558
1843.137329
2254.902099
2401.960937
2343.137207
1901.960815
1382.353027
598.039245
-205.882354
-921.568664
-1529.411743
-2362.745117
-2431.372558
-2078.431396
-745.098083
78.431373
725.490234
1372.549072
1990.196166
2245.098144
2450.980468
1715.686279
1068.627441
225.490203
-500.000000
-1137.254882
-1813.725463
-2225.490234
-2401.960937
-2392.156982
-1950.980468
-539.215698
284.313720
960.784301
1588.235351
2107.843261
2372.549072
2421.568603
1529.411743
784.313720
-9.803922
-647.058837
-1313.725463
-1980.392211
-2294.117675
-2186.274658
-1794.117675
-1117.647094
-264.705902
500.000000
1107.843139
1754.901977
2411.764648
2323.529541
1921.568603
1372.549072
617.647094
-205.882354
-921.568664
-2137.254882
-2382.353027
-2441.176513
-2058.823486
-1598.039184
-852.941162
-39.215686
666.666687
1343.137329
1990.196166
2411.764648
2137.254882
1794.117675
1147.058837
313.725494
-460.784332
-1127.451049
-2264.705810
-2441.176513
-2323.529541
-1901.960815
-1343.137329
-539.215698
303.921569
970.588256
1617.647094
2127.450927
2352.941162
2411.764648
2078.431396
1598.039184
931.372558
98.039215
-588.235290
-1235.294189
-2274.509765
-2421.568603
-2264.705810
-1843.137329
-1225.490234
-392.156860
401.960784
1774.509887
2205.882324
2401.960937
2372.549072
1941.176513
1421.568603
666.666687
-147.058822
-843.137268
-1500.000000
-2068.627441
-2352.941162
-2450.980468
-2127.450927
-1754.901977
-1117.647094
-245.098037
509.803924
1882.353027
2274.509765
2382.353027
2303.921630
1911.764770
1343.137329
558.823547
-1078.431396
-1745.098022
-2176.470703
-2421.568603
-2421.568603
-1990.196166
-1509.803955
235.294128
921.568664
1539.215698
2107.843261
2333.333496
2431.372558
1598.039184
892.156860
58.823532
-607.843139
-1284.313720
-1960.784301
-2274.509765
-2186.274658
-1803.921630
-1166.666748
-323.529418
470.588256
1117.647094
1794.117675
2401.960937
2323.529541
1901.960815
1343.137329
578.431396
-245.098037
-960.784301
-2147.058837
-2411.764648
-2421.568603
-2039.215698
-1558.823608
-823.529418
0.000000
578.431396
1235.294189
1901.960815
2245.098144
2401.960937
2333.333496
1901.960815
1333.333374
539.215698
-284.313720
-990.196105
-2166.666748
-2392.156982
-2421.568603
-2019.607910
-1529.411743
-774.509826
58.823532
1470.588256
2058.823486
2343.137207
2401.960937
2098.039306
1754.901977
1098.039184
254.901962
-519.607849
-1166.666748
-1843.137329
-2264.705810
-2450.980468
-2323.529541
-1931.372558
-1382.353027
-578.431396
264.705902
1686.274536
2137.254882
2392.156982
2401.960937
2029.411743
1558.823608
833.333374
-852.941162
-1500.000000
-2372.549072
-2431.372558
-2107.843261
-921.568664
-58.823532
637.254943
1294.117675
1921.568603
2264.705810
2392.156982
1823.529418
1176.470581
362.745117
-431.372558
-1098.039184
-1764.705932
-2215.686279
-2352.941162
-1911.764770
-1372.549072
-568.627441
274.509796
960.784301
1578.431396
2392.156982
2411.764648
2049.019531
1588.235351
843.137268
19.607843
-647.058837
-2029.411743
-2343.137207
-2441.176513
-2156.862792
-1803.921630
-1147.058837
-303.921569
490.196075
1127.451049
1813.725463
2205.882324
2401.960937
2372.549072
1921.568603
1421.568603
666.666687
-127.450981
-852.941162
-2127.450927
-2372.549072
-2441.176513
-2088.235351
-1627.451049
-911.764709
-117.647064
1421.568603
2039.215698
2323.529541
2431.372558
2147.058837
1784.313720
1156.862792
333.333343
-450.980407
-1117.647094
-2254.902099
-2441.176513
-2362.745117
-1901.960815
-1352.941162
-558.823547
245.098037
931.372558
1568.627441
2098.039306
2372.549072
2421.568603
2098.039306
1666.666748
980.392150
156.862747
-578.431396
-1245.098022
-2294.117675
-2441.176513
-2254.902099
-1852.941162
-1235.294189
-392.156860
411.764709
1803.921630
2215.686279
2392.156982
2382.353027
1931.372558
1411.764770
647.058837
-147.058822
-862.745117
-1509.803955
-2078.431396
-2372.549072
-2441.176513
-2107.843261
-1686.274536
-1019.607849
-166.666671
578.431396
1960.784301
2274.509765
2431.372558
2254.902099
1862.745117
1274.509887
460.784332
-352.941192
-1039.215698
-1705.882324
-2431.372558
-2382.353027
-1941.176513
-549.019592
294.117645
980.392150
1588.235351
2107.843261
2362.745117
2411.764648
1558.823608
823.529418
0.000000
-568.627441
-1225.490234
-1921.568603
-2284.313720
-2254.902099
-1843.137329
-1215.686279
-372.549041
411.764709
1068.627441
1745.098022
2411.764648
2362.745117
1941.176513
1392.156860
637.254943
-156.862747
-862.745117
-2127.450927
-2382.353027
-2431.372558
-2098.039306
-1598.039184
-901.960815
-68.627449
1392.156860
1990.196166
2313.725585
2450.980468
2176.470703
1803.921630
254.901962
-500.000000
-1127.451049
-1784.313720
-2205.882324
-2411.764648
-2392.156982
-1343.137329
-539.215698
274.509796
950.980407
1558.823608
2098.039306
2352.941162
2049.019531
1558.823608
862.745117
9.803922
-617.647094
-1274.509887
-1931.372558
-2294.117675
-2431.372558
-2323.529541
-1196.078491
-352.941192
450.980407
1107.843139
1764.705932
2176.470703
2401.960937
1931.372558
1372.549072
627.450988
-176.470596
-911.764709
-1549.019653
-2088.235351
-2421.568603
-2078.431396
-1588.235351
-882.352966
-49.019607
617.647094
1274.509887
2274.509765
2421.568603
2215.686279
1823.529418
1205.882324
392.156860
-411.764709
-1823.529418
-2235.294189
-2431.372558
-2372.549072
-1921.568603
-1392.156860
343.137268
1029.411743
1666.666748
2137.254882
2392.156982
2372.549072
2039.215698
715.686279
-127.450981
-833.333374
-1490.196166
-2058.823486
-2362.745117
-2450.980468
-1637.254882
-960.784301
-107.843139
627.450988
1264.705932
1882.353027
2254.902099
2411.764648
2294.117675
1882.353027
431.372558
-382.352935
-1068.627441
-1725.490234
-2196.078369
-2431.372558
-2421.568603
-1401.960815
-637.254943
186.274520
901.960815
1519.607910
2068.627441
2333.333496
2078.431396
1637.254882
931.372558
98.039215
-578.431396
-1254.901977
-1892.156860
-2274.509765
-2421.568603
-2313.725585
-1225.490234
-392.156860
421.568634
1088.235351
1754.901977
2196.078369
2382.353027
1921.568603
1421.568603
656.862731
-1000.000000
-1617.647094
-2117.647216
-2372.549072
-2431.372558
-2098.039306
-1607.843139
68.627449
745.098083
1401.960815
2000.000000
2284.313720
2441.176513
2274.509765
1166.666748
343.137268
-460.784332
-1137.254882
-1794.117675
-2215.686279
-2431.372558
-1892.156860
-1313.725463
-519.607849
313.725494
970.588256
1627.451049
2117.647216
2362.745117
2421.568603
2068.627441
1617.647094
911.764709
98.039215
-578.431396
-1274.509887
-1901.960815
-2284.313720
-2431.372558
-1823.529418
-1225.490234
-382.352935
421.568634
1088.235351
1725.490234
2186.274658
2392.156982
2392.156982
1970.588256
1490.196166
725.490234
-88.235298
-774.509826
-1421.568603
-2029.411743
-2313.725585
-2431.372558
-2147.058837
-1764.705932
-1127.451049
617.647094
1264.705932
1911.764770
2284.313720
2411.764648
2303.921630
1882.353027
392.156860
-401.960784
-1088.235351
-1735.294189
-2186.274658
-2401.960937
-2411.764648
-1421.568603
-647.058837
205.882354
901.960815
1529.411743
2088.235351
2333.333496
2058.823486
1637.254882
931.372558
98.039215
-598.039245
-1245.098022
-1901.960815
-2274.509765
-2421.568603
-2333.333496
-1901.960815
-1294.117675
-490.196075
343.137268
1009.803955
1666.666748
2147.058837
2392.156982
1970.588256
1490.196166
754.901977
-58.823532
-735.294128
-1401.960815
-2049.019531
-2431.372558
-2107.843261
-1705.882324
-1019.607849
-166.666671
568.627441
1225.490234
1852.941162
2245.098144
2401.960937
1852.941162
1235.294189
441.176483
-1137.254882
-1803.921630
-2235.294189
-2421.568603
-2372.549072
-1960.784301
-1401.960815
343.137268
1019.607849
1676.470581
2156.862792
2382.353027
2401.960937
2049.019531
754.901977
-78.431373
-784.313720
-1421.568603
-2009.803955
-2333.333496
-2441.176513
-2147.058837
-1784.313720
-1117.647094
-284.313720
490.196075
1166.666748
1813.725463
2215.686279
2401.960937
2362.745117
1931.372558
519.607849
-294.117645
-1000.000000
-1617.647094
-2127.450927
-2382.353027
-2421.568603
-1558.823608
-813.725524
49.019607
676.470581
1352.941162
1980.392211
2274.509765
2401.960937
2254.902099
1843.137329
313.725494
-480.392150
-1147.058837
-1794.117675
-2235.294189
-2421.568603
-2372.549072
-1960.784301
-1421.568603
-637.254943
196.078430
901.960815
1509.803955
2078.431396
2352.941162
2421.568603
2088.235351
1696.078491
68.627449
-607.843139
-1284.313720
-1921.568603
-2274.509765
-2441.176513
-2323.529541
-1166.666748
-333.333343
450.980407
1098.039184
1754.901977
2196.078369
2421.568603
1901.960815
1401.960815
647.058837
-176.470596
-901.960815
-1519.607910
-2088.235351
-2441.176513
-2098.039306
-1617.647094
-921.568664
-88.235298
607.843139
1264.705932
1901.960815
2264.705810
2411.764648
1852.941162
1215.686279
382.352935
-401.960784
-1078.431396
-1725.490234
-2196.078369
-2411.764648
-2421.568603
-1990.196166
-1470.588256
-725.490234
107.843139
833.333374
1470.588256
2039.215698
2333.333496
2411.764648
1676.470581
1000.000000
235.294128
-529.411804
-1186.274536
-1872.549072
-2254.902099
-2431.372558
-2333.333496
-1911.764770
-441.176483
382.352935
1049.019653
1686.274536
2156.862792
2401.960937
2401.960937
1480.392211
705.882385
-127.450981
-833.333374
-1509.803955
-2078.431396
-2352.941162
-2098.039306
-1637.254882
-960.784301
-107.843139
627.450988
1264.705932
1901.960815
2274.509765
2411.764648
2313.725585
1245.098022
411.764709
-372.549041
-1049.019653
-2205.882324
-2431.372558
-2382.353027
-1960.784301
-1431.372558
-647.058837
1000.000000
1598.039184
2137.254882
2352.941162
2401.960937
2078.431396
1617.647094
-29.411766
-715.686279
-1401.960815
-1990.196166
-2313.725585
-2450.980468
-2196.078369
-1078.431396
-205.882354
539.215698
1215.686279
1862.745117
2225.490234
2411.764648
2323.529541
1901.960815
1343.137329
-382.352935
-1068.627441
-1745.098022
-2411.764648
-2362.745117
-1941.176513
-1411.764770
-627.450988
205.882354
911.764709
2107.843261
2352.941162
2421.568603
2088.235351
1627.451049
931.372558
98.039215
-1382.353027
-1990.196166
-2323.529541
-2441.176513
-2176.470703
-1813.725463
-1156.862792
578.431396
1215.686279
1843.137329
2254.902099
2411.764648
2323.529541
1205.882324
421.568634
-372.549041
-1049.019653
-1705.882324
-2176.470703
-2421.568603
-1960.784301
-1460.784301
-647.058837
166.666671
852.941162
1490.196166
2058.823486
2441.176513
2078.431396
1627.451049
950.980407
137.254898
-588.235290
-1245.098022
-2303.921630
-2421.568603
-2235.294189
-1833.333374
-1225.490234
-382.352935
421.568634
1088.235351
1745.098022
2156.862792
2352.941162
1941.176513
1392.156860
637.254943
-196.078430
-882.352966
-1529.411743
-2382.353027
-2421.568603
-2088.235351
-1607.843139
-901.960815
-58.823532
637.254943
1284.313720
1921.568603
2254.902099
2411.764648
2294.117675
1852.941162
1303.921630
500.000000
-264.705902
-970.588256
-1607.843139
-2401.960937
-2421.568603
-2058.823486
-1558.823608
-833.333374
19.607843
676.470581
1343.137329
1960.784301
2284.313720
2147.058837
1794.117675
1147.058837
313.725494
-460.784332
-1127.451049
-1794.117675
-2421.568603
-2343.137207
-1921.568603
-1343.137329
-529.411804
294.117645
980.392150
2147.058837
2362.745117
2421.568603
2029.411743
1539.215698
833.333374
-19.607843
-1470.588256
-2078.431396
-2352.941162
-2441.176513
-2127.450927
-1725.490234
-1068.627441
637.254943
1303.921630
1950.980468
2274.509765
2411.764648
2313.725585
1166.666748
352.941192
-431.372558
-1098.039184
-1774.509887
-2215.686279
-2431.372558
-1911.764770
-1362.745117
-558.823547
264.705902
960.784301
1578.431396
2098.039306
2450.980468
2058.823486
1568.627441
843.137268
19.607843
-637.254943
-1323.529418
-2313.725585
-2431.372558
-2186.274658
-1803.921630
-1156.862792
-274.509796
470.588256
1127.451049
1784.313720
2186.274658
2392.156982
2372.549072
1941.176513
1441.176513
676.470581
-147.058822
-833.333374
-1500.000000
-2372.549072
-2450.980468
-2098.039306
-1686.274536
-1000.000000
-205.882354
529.411804
1941.176513
2274.509765
2411.764648
2274.509765
1862.745117
1303.921630
490.196075
-313.725494
-1019.607849
-1686.274536
-2156.862792
-2401.960937
-2431.372558
-2029.411743
-1519.607910
-794.117675
29.411766
715.686279
2039.215698
2333.333496
2441.176513
2127.450927
1725.490234
1088.235351
254.901962
-1274.509887
-1921.568603
-2284.313720
-2421.568603
-2284.313720
-1862.745117
-333.333343
441.176483
1098.039184
1754.901977
2186.274658
2392.156982
2392.156982
1960.784301
1460.784301
725.490234
-78.431373
-1549.019653
-2078.431396
-2362.745117
-2431.372558
-2088.235351
-1666.666748
9.803922
666.666687
1313.725463
1931.372558
2294.117675
2421.568603
2245.098144
1156.862792
323.529418
-470.588256
-1117.647094
-1803.921630
-2215.686279
-2411.764648
-1931.372558
-1362.745117
411.764709
1068.627441
1735.294189
2166.666748
2392.156982
2392.156982
1990.196166
656.862731
-176.470596
-882.352966
-1529.411743
-2088.235351
-2333.333496
-2421.568603
-1598.039184
-901.960815
-68.627449
607.843139
1264.705932
1911.764770
2274.509765
2411.764648
2303.921630
1892.156860
1303.921630
519.607849
-303.921569
-1019.607849
-1656.862792
-2156.862792
-2411.764648
-2441.176513
-2068.627441
-1558.823608
-852.941162
862.745117
1490.196166
2078.431396
2333.333496
2421.568603
2117.647216
1715.686279
78.431373
-617.647094
-1254.901977
-1901.960815
-2284.313720
-2421.568603
-2303.921630
-1225.490234
-362.745117
431.372558
1107.843139
1745.098022
2186.274658
2372.549072
1950.980468
1401.960815
647.058837
-186.274520
-882.352966
-1529.411743
-2098.039306
-2431.372558
-2078.431396
-1627.451049
-911.764709
-58.823532
617.647094
1980.392211
2294.117675
2411.764648
2205.882324
1823.529418
1196.078491
382.352935
-1166.666748
-1833.333374
-2264.705810
-2421.568603
-2352.941162
-1921.568603
-1362.745117
401.960784
1039.215698
1686.274536
2156.862792
2401.960937
2411.764648
2019.607910
1539.215698
823.529418
-39.215686
-1490.196166
-2078.431396
-2362.745117
-2421.568603
-2127.450927
-1725.490234
-1058.823608
-176.470596
549.019592
1215.686279
1862.745117
2245.098144
2421.568603
2323.529541
1911.764770
470.588256
-352.941192
-1049.019653
-1715.686279
-2176.470703
-2401.960937
-2411.764648
-1470.588256
-686.274536
166.666671
872.549011
1480.392211
2078.431396
2401.960937
2127.450927
1666.666748
970.588256
156.862747
-568.627441
-1254.901977
-2294.117675
-2431.372558
-2215.686279
-1833.333374
-1196.078491
-362.745117
421.568634
1803.921630
2205.882324
2421.568603
2343.137207
1931.372558
1421.568603
637.254943
-1019.607849
-1666.666748
-2156.862792
-2382.353027
-2431.372558
-2039.215698
-705.882385
137.254898
813.725524
1470.588256
2049.019531
2303.921630
2421.568603
2117.647216
1725.490234
1117.647094
274.509796
-470.588256
-1156.862792
-1823.529418
-2245.098144
-2431.372558
-2362.745117
-1931.372558
-1392.156860
-617.647094
215.686279
931.372558
2127.450927
2352.941162
2411.764648
2058.823486
1598.039184
911.764709
88.235298
-1362.745117
-2009.803955
-2323.529541
-2450.980468
-2176.470703
-1803.921630
-1156.862792
568.627441
1215.686279
1882.353027
2254.902099
2411.764648
2294.117675
1892.156860
1352.941162
558.823547
-264.705902
-1705.882324
-2176.470703
-2411.764648
-2441.176513
-2039.215698
-1509.803955
-794.117675
49.019607
725.490234
1372.549072
1970.588256
2284.313720
2431.372558
2215.686279
1803.921630
1196.078491
372.549041
-421.568634
-1823.529418
-2225.490234
-2421.568603
-2372.549072
-1931.372558
-1401.960815
-627.450988
1019.607849
1676.470581
2147.058837
2401.960937
2421.568603
2058.823486
725.490234
-88.235298
-764.705871
-1411.764770
-2039.215698
-2323.529541
-2431.372558
-1686.274536
-1000.000000
-215.686279
539.215698
1196.078491
1843.137329
2235.294189
2284.313720
1872.549072
1294.117675
480.392150
-323.529418
-1039.215698
-1696.078491
-2401.960937
-2401.960937
-1980.392211
-1470.588256
-696.078430
117.647064
843.137268
2127.450927
2303.921630
2401.960937
2107.843261
1656.862792
980.392150
166.666671
-558.823547
-1235.294189
-1892.156860
-2294.117675
-2441.176513
-2323.529541
-1892.156860
-1313.725463
-509.803924
313.725494
1000.000000
2176.470703
2372.549072
2401.960937
2019.607910
1549.019653
823.529418
9.803922
-1411.764770
-2039.215698
-2333.333496
-2450.980468
-2166.666748
-1774.509887
-1147.058837
588.235290
1245.098022
1911.764770
2274.509765
2401.960937
2313.725585
1254.901977
431.372558
-362.745117
-1058.823608
-1735.294189
-2205.882324
-2421.568603
-1950.980468
-1421.568603
-647.058837
196.078430
862.745117
1509.803955
2088.235351
2313.725585
2411.764648
2098.039306
950.980407
137.254898
-578.431396
-1254.901977
-1901.960815
-2274.509765
-2441.176513
-1833.333374
-1186.274536
-343.137268
450.980407
1088.235351
1774.509887
2196.078369
2333.333496
1921.568603
1372.549072
627.450988
-205.882354
-882.352966
-1558.823608
-2372.549072
-2450.980468
-2078.431396
-1607.843139
-872.549011
-19.607843
637.254943
1303.921630
1931.372558
2274.509765
2421.568603
2294.117675
1872.549072
1274.509887
450.980407
-343.137268
-1029.411743
-1705.882324
-2441.176513
-2392.156982
-1950.980468
-1450.980468
-676.470581
176.470596
833.333374
1470.588256
2058.823486
2323.529541
2431.372558
2107.843261
1735.294189
1068.627441
225.490203
-509.803924
-1156.862792
-1843.137329
-2441.176513
-2303.921630
-1882.353027
-1294.117675
-460.784332
343.137268
1019.607849
2166.666748
2382.353027
2372.549072
1980.392211
1480.392211
705.882385
-98.039215
-1539.215698
-2117.647216
-2372.549072
-2441.176513
-2078.431396
-1656.862792
0.000000
578.431396
1235.294189
1892.156860
2254.902099
2460.784423
2323.529541
1245.098022
450.980407
-352.941192
-1049.019653
-1686.274536
-2166.666748
-2411.764648
-2401.960937
-2029.411743
-1500.000000
-803.921569
19.607843
696.078430
1343.137329
1960.784301
2274.509765
2401.960937
2235.294189
1852.941162
1264.705932
441.176483
-372.549041
-1813.725463
-2225.490234
-2411.764648
-2382.353027
-1950.980468
-1421.568603
-656.862731
1000.000000
1588.235351
2098.039306
2362.745117
2431.372558
2068.627441
1617.647094
921.568664
107.843139
-617.647094
-1274.509887
-1921.568603
-2294.117675
-2421.568603
-2313.725585
-1892.156860
-1294.117675
-470.588256
1127.451049
1784.313720
2215.686279
2401.960937
2362.745117
1941.176513
1421.568603
676.470581
-137.254898
-843.137268
-2098.039306
-2392.156982
-2450.980468
-1558.823608
-843.137268
-49.019607
666.666687
1333.333374
1950.980468
2294.117675
2127.450927
1774.509887
1156.862792
313.725494
-460.784332
-1137.254882
-1813.725463
-2421.568603
-2343.137207
-1911.764770
-1323.529418
-539.215698
294.117645
980.392150
2156.862792
2392.156982
2411.764648
2000.000000
1558.823608
872.549011
49.019607
-1401.960815
-2009.803955
-2313.725585
-2441.176513
-2176.470703
-1784.313720
-1137.254882
-284.313720
480.392150
1137.254882
1794.117675
2225.490234
2401.960937
2362.745117
1950.980468
1450.980468
686.274536
-117.647064
-1598.039184
