-2333.333496
-2450.980468
-2176.470703
-1039.215698
-166.666671
578.431396
1225.490234
1882.353027
2254.902099
2411.764648
2343.137207
1921.568603
1352.941162
588.235290
-245.098037
-931.372558
-1558.823608
-2117.647216
-2382.353027
-2450.980468
-2117.647216
-843.137268
-19.607843
696.078430
1323.529418
1990.196166
2294.117675
2441.176513
1784.313720
1107.843139
274.509796
-480.392150
-1156.862792
-1823.529418
-2245.098144
-2352.941162
-1901.960815
-1313.725463
-500.000000
254.901962
970.588256
1578.431396
2098.039306
2352.941162
2421.568603
2098.039306
1666.666748
960.784301
137.254898
-578.431396
-1245.098022
-1901.960815
-2284.313720
-2245.098144
-1843.137329
-1225.490234
-362.745117
431.372558
1098.039184
1745.098022
2166.666748
2382.353027
2411.764648
1431.372558
666.666687
-186.274520
-892.156860
-1509.803955
-2107.843261
-2372.549072
-2098.039306
-1637.254882
-911.764709
774.509826
1401.960815
2029.411743
2294.117675
2421.568603
2166.666748
1803.921630
205.882354
-549.019592
-1196.078491
-1882.353027
-2254.902099
-2441.176513
-2352.941162
-1274.509887
-431.372558
372.549041
1029.411743
1686.274536
2156.862792
2372.549072
2421.568603
2049.019531
1558.823608
823.529418
-9.803922
-656.862731
-1343.137329
-1970.588256
-2303.921630
-2441.176513
-2254.902099
-1137.254882
-294.117645
490.196075
1166.666748
1813.725463
2225.490234
2411.764648
1911.764770
1352.941162
549.019592
-264.705902
-970.588256
-1598.039184
-2137.254882
-2441.176513
-2039.215698
-1558.823608
-803.921569
29.411766
705.882385
1372.549072
1960.784301
2303.921630
2441.176513
1764.705932
1127.451049
284.313720
-1245.098022
-1911.764770
-2294.117675
-2441.176513
-2333.333496
-1911.764770
-1303.921630
441.176483
1107.843139
1754.901977
2205.882324
2411.764648
2392.156982
1960.784301
617.647094
-205.882354
-921.568664
-1539.215698
-2107.843261
-2372.549072
-2450.980468
-1598.039184
-872.549011
-68.627449
666.666687
1303.921630
1960.784301
2411.764648
2166.666748
1794.117675
1176.470581
352.941192
-441.176483
-1117.647094
-2245.098144
-2441.176513
-2343.137207
-1911.764770
-1372.549072
-568.627441
264.705902
1715.686279
2176.470703
2382.353027
2421.568603
2049.019531
1549.019653
833.333374
-862.745117
-1519.607910
-2088.235351
-2362.745117
-2450.980468
-2137.254882
-1735.294189
-78.431373
617.647094
1284.313720
1931.372558
2284.313720
2421.568603
1823.529418
1254.901977
392.156860
-392.156860
-1068.627441
-1745.098022
-2196.078369
-2382.353027
-1950.980468
-1411.764770
-637.254943
215.686279
901.960815
1519.607910
2392.156982
2421.568603
2088.235351
1607.843139
921.568664
107.843139
-617.647094
-2009.803955
-2313.725585
-2450.980468
-2186.274658
-1813.725463
-1166.666748
-333.333343
1254.901977
1901.960815
2264.705810
2411.764648
2313.725585
1901.960815
421.568634
-362.745117
-1078.431396
-1725.490234
-2205.882324
-2421.568603
-2421.568603
-1421.568603
-666.666687
196.078430
872.549011
1519.607910
2088.235351
2352.941162
2088.235351
1637.254882
950.980407
127.450981
-607.843139
-1264.705932
-1921.568603
-2450.980468
-2245.098144
-1852.941162
-1205.882324
-352.941192
441.176483
1127.451049
1764.705932
2205.882324
2411.764648
1921.568603
1392.156860
627.450988
-1029.411743
-1696.078491
-2196.078369
-2401.960937
-2421.568603
-2049.019531
-1529.411743
176.470596
862.745117
1519.607910
2049.019531
2343.137207
2421.568603
2117.647216
950.980407
156.862747
-578.431396
-1254.901977
-1901.960815
-2284.313720
-2431.372558
-1862.745117
-1196.078491
-372.549041
431.372558
1107.843139
1745.098022
2411.764648
2372.549072
1960.784301
1392.156860
647.058837
-156.862747
-901.960815
-2137.254882
-2421.568603
-2431.372558
-2098.039306
-1627.451049
-901.960815
-88.235298
1401.960815
2000.000000
2313.725585
2411.764648
2254.902099
1872.549072
1254.901977
-490.196075
-1156.862792
-1823.529418
-2245.098144
-2431.372558
-2372.549072
-1941.176513
-509.803924
323.529418
1000.000000
1607.843139
2117.647216
2372.549072
2421.568603
2078.431396
1627.451049
931.372558
-725.490234
-1382.353027
-2029.411743
-2441.176513
-2127.450927
-1725.490234
-1039.215698
-186.274520
558.823547
1245.098022
2264.705810
2421.568603
2284.313720
1882.353027
1313.725463
470.588256
-343.137268
-1784.313720
-2225.490234
-2421.568603
-2382.353027
-1960.784301
-1460.784301
-696.078430
970.588256
1598.039184
2117.647216
2352.941162
2411.764648
2088.235351
843.137268
9.803922
-627.450988
-1294.117675
-1950.980468
-2294.117675
-2450.980468
-1813.725463
-1147.058837
-323.529418
470.588256
1137.254882
1803.921630
2205.882324
2323.529541
1911.764770
1352.941162
568.627441
-264.705902
-950.980407
-1588.235351
-2401.960937
-2421.568603
-2049.019531
-1539.215698
-813.725524
9.803922
647.058837
2019.607910
2294.117675
2411.764648
2166.666748
1813.725463
1156.862792
333.333343
-450.980407
-1117.647094
-1774.509887
-2225.490234
-2421.568603
-2411.764648
-1960.784301
-1450.980468
-686.274536
166.666671
882.352966
2117.647216
2392.156982
2441.176513
2088.235351
1627.451049
950.980407
127.450981
-1372.549072
-1990.196166
-2333.333496
-2441.176513
-2186.274658
-1823.529418
-186.274520
529.411804
1196.078491
1852.941162
2245.098144
2450.980468
2362.745117
1284.313720
490.196075
-313.725494
-1019.607849
-1656.862792
-2147.058837
-2392.156982
-1990.196166
-1480.392211
-696.078430
147.058822
823.529418
1450.980468
2039.215698
2421.568603
2088.235351
1656.862792
970.588256
166.666671
-588.235290
-1235.294189
-1901.960815
-2284.313720
-2421.568603
-2323.529541
-1911.764770
-1323.529418
-519.607849
323.529418
1009.803955
1647.058837
2137.254882
2411.764648
2009.803955
1509.803955
764.705871
-29.411766
-745.098083
-1382.353027
-2333.333496
-2450.980468
-2147.058837
-1735.294189
-1068.627441
-196.078430
529.411804
1186.274536
1862.745117
2225.490234
2392.156982
2352.941162
1892.156860
1372.549072
617.647094
-186.274520
-921.568664
-1539.215698
-2401.960937
-2460.784423
-2098.039306
-1598.039184
-892.156860
-58.823532
627.450988
2000.000000
2284.313720
2441.176513
2254.902099
1852.941162
1274.509887
441.176483
-1147.058837
-1794.117675
-2225.490234
-2450.980468
-2382.353027
-1941.176513
-529.411804
294.117645
1000.000000
1598.039184
2117.647216
2372.549072
2450.980468
1549.019653
823.529418
29.411766
-666.666687
-1343.137329
-1990.196166
-2323.529541
-2166.666748
-1774.509887
-1088.235351
-225.490203
519.607849
1156.862792
1823.529418
2441.176513
2313.725585
1872.549072
1313.725463
500.000000
-235.294128
-960.784301
-2147.058837
-2401.960937
-2421.568603
-2078.431396
-1578.431396
-852.941162
19.607843
656.862731
1333.333374
1970.588256
2431.372558
2166.666748
1784.313720
147.058822
-558.823547
-1215.686279
-1901.960815
-2284.313720
-2421.568603
-2333.333496
-1245.098022
-401.960784
411.764709
1068.627441
1696.078491
2176.470703
2401.960937
1970.588256
1431.372558
686.274536
-117.647064
-843.137268
-1480.392211
-2078.431396
-2411.764648
-2107.843261
-1617.647094
-921.568664
-78.431373
607.843139
1274.509887
1901.960815
2264.705810
2392.156982
1852.941162
1235.294189
411.764709
-421.568634
-1088.235351
-1754.901977
-2235.294189
-2431.372558
-2411.764648
-1980.392211
-1480.392211
-686.274536
176.470596
862.745117
1480.392211
2352.941162
2411.764648
2088.235351
1637.254882
980.392150
137.254898
-568.627441
-1980.392211
-2323.529541
-2460.784423
-2225.490234
-1833.333374
-1215.686279
568.627441
1205.882324
1852.941162
2235.294189
2421.568603
2323.529541
1911.764770
470.588256
-343.137268
-1019.607849
-1705.882324
-2186.274658
-2441.176513
-2431.372558
-1460.784301
-676.470581
166.666671
872.549011
1480.392211
2078.431396
2323.529541
2431.372558
2117.647216
1725.490234
1107.843139
235.294128
-500.000000
-1147.058837
-1794.117675
-2235.294189
-2441.176513
-2401.960937
-1323.529418
-529.411804
313.725494
1000.000000
1598.039184
2078.431396
2382.353027
2058.823486
1578.431396
852.941162
19.607843
-647.058837
-1313.725463
-1970.588256
-2431.372558
-2176.470703
-1803.921630
-1137.254882
-284.313720
480.392150
1147.058837
1774.509887
2225.490234
2401.960937
1911.764770
1352.941162
578.431396
-254.901962
-960.784301
-1568.627441
-2117.647216
-2382.353027
-2431.372558
-2107.843261
-1627.451049
-911.764709
-68.627449
637.254943
1274.509887
1931.372558
2264.705810
2421.568603
1843.137329
1225.490234
382.352935
-401.960784
-1078.431396
-1754.901977
-2205.882324
-2352.941162
-1941.176513
-1392.156860
-607.843139
254.901962
941.176513
1549.019653
2078.431396
2362.745117
2411.764648
2088.235351
1647.058837
980.392150
137.254898
-588.235290
-1235.294189
-1911.764770
-2264.705810
-2254.902099
-1872.549072
-1245.098022
-411.764709
392.156860
1058.823608
1705.882324
2421.568603
2382.353027
1941.176513
1441.176513
656.862731
-147.058822
-901.960815
-2107.843261
-2392.156982
-2441.176513
-2107.843261
-1607.843139
-901.960815
774.509826
1421.568603
2029.411743
2333.333496
2450.980468
2147.058837
1784.313720
215.686279
-549.019592
-1186.274536
-1852.941162
-2264.705810
-2421.568603
-2362.745117
-1274.509887
-470.588256
352.941192
1029.411743
1696.078491
2186.274658
2392.156982
2421.568603
2009.803955
1549.019653
-137.254898
-862.745117
-1500.000000
-2068.627441
-2450.980468
-2117.647216
-1696.078491
-1009.803955
-127.450981
588.235290
1980.392211
2294.117675
2421.568603
2245.098144
1843.137329
1235.294189
421.568634
-1166.666748
-1833.333374
-2254.902099
-2441.176513
-2333.333496
-1941.176513
-1382.353027
392.156860
1058.823608
1705.882324
2147.058837
2372.549072
2401.960937
2019.607910
1558.823608
833.333374
0.000000
-578.431396
-1245.098022
-1911.764770
-2284.313720
-2421.568603
-2323.529541
-1911.764770
-1303.921630
441.176483
1098.039184
1764.705932
2196.078369
2401.960937
2421.568603
1990.196166
607.843139
-215.686279
-921.568664
-1558.823608
-2117.647216
-2382.353027
-2431.372558
-1588.235351
-872.549011
-19.607843
666.666687
1313.725463
1960.784301
2284.313720
2411.764648
2264.705810
1872.549072
333.333343
-441.176483
-1127.451049
-2254.902099
-2441.176513
-2372.549072
-1931.372558
-1392.156860
-568.627441
274.509796
1676.470581
2156.862792
2401.960937
2421.568603
2058.823486
1558.823608
852.941162
-862.745117
-1529.411743
-2098.039306
-2362.745117
-2450.980468
-2117.647216
-1705.882324
-49.019607
617.647094
1274.509887
1892.156860
2264.705810
2421.568603
1833.333374
1205.882324
392.156860
-392.156860
-1068.627441
-1735.294189
-2215.686279
-2382.353027
-1941.176513
-1392.156860
-607.843139
245.098037
921.568664
1539.215698
2382.353027
2411.764648
2078.431396
1588.235351
882.352966
58.823532
-617.647094
-2009.803955
-2323.529541
-2431.372558
-2186.274658
-1803.921630
-1166.666748
-323.529418
1225.490234
1872.549072
2254.902099
2421.568603
2343.137207
1911.764770
460.784332
-352.941192
-1039.215698
-1725.490234
-2186.274658
-2421.568603
-2431.372558
-1441.176513
-656.862731
186.274520
882.352966
1509.803955
2058.823486
2333.333496
2088.235351
1607.843139
921.568664
88.235298
-588.235290
-1245.098022
-1911.764770
-2431.372558
-2254.902099
-1852.941162
-1205.882324
-352.941192
441.176483
1098.039184
1754.901977
2186.274658
2411.764648
1941.176513
1392.156860
627.450988
-1009.803955
-1676.470581
-2137.254882
-2411.764648
-2450.980468
-2058.823486
-1568.627441
147.058822
843.137268
1470.588256
2068.627441
2382.353027
2421.568603
2117.647216
960.784301
156.862747
-588.235290
-1225.490234
-1892.156860
-2264.705810
-2441.176513
-1852.941162
-1215.686279
-392.156860
411.764709
1058.823608
1725.490234
2166.666748
2401.960937
2411.764648
2000.000000
745.098083
-68.627449
-794.117675
-1431.372558
-2058.823486
-2343.137207
-2450.980468
-2137.254882
-1764.705932
-1098.039184
-245.098037
519.607849
1176.470581
1843.137329
2225.490234
2401.960937
2362.745117
1931.372558
1401.960815
647.058837
-186.274520
-921.568664
-1558.823608
-2107.843261
-2343.137207
-2460.784423
-1607.843139
-901.960815
-58.823532
647.058837
1294.117675
1931.372558
2274.509765
2196.078369
1803.921630
1196.078491
352.941192
-421.568634
-1117.647094
-1764.705932
-2205.882324
-2421.568603
-2411.764648
-1372.549072
-588.235290
245.098037
921.568664
1539.215698
2098.039306
2362.745117
2450.980468
2098.039306
1666.666748
1029.411743
147.058822
-558.823547
-1245.098022
-1892.156860
-2421.568603
-2235.294189
-1843.137329
-1215.686279
-392.156860
411.764709
1068.627441
1725.490234
2166.666748
2382.353027
2392.156982
2000.000000
1539.215698
823.529418
9.803922
-617.647094
-1323.529418
-1960.784301
-2450.980468
-2196.078369
-1813.725463
-1176.470581
-303.921569
450.980407
1107.843139
1764.705932
2215.686279
2401.960937
1911.764770
1372.549072
598.039245
-215.686279
-911.764709
-1558.823608
-2117.647216
-2460.784423
-2078.431396
-1558.823608
-833.333374
9.803922
637.254943
1313.725463
2303.921630
2431.372558
2205.882324
1813.725463
1166.666748
333.333343
-450.980407
-1852.941162
-2254.902099
-2441.176513
-2352.941162
-1931.372558
-1372.549072
-578.431396
1068.627441
1705.882324
2186.274658
2411.764648
2441.176513
1990.196166
656.862731
-196.078430
-892.156860
-1529.411743
-2117.647216
-2362.745117
-2460.784423
-1607.843139
-892.156860
-58.823532
637.254943
1274.509887
1901.960815
2264.705810
2235.294189
1823.529418
1205.882324
362.745117
-411.764709
-1088.235351
-1745.098022
-2421.568603
-2352.941162
-1931.372558
-1392.156860
-598.039245
254.901962
911.764709
1539.215698
2088.235351
2352.941162
2421.568603
2088.235351
1686.274536
980.392150
176.470596
-558.823547
-1245.098022
-1882.353027
-2441.176513
-2284.313720
-1852.941162
-1215.686279
-401.960784
392.156860
1058.823608
1725.490234
2166.666748
2411.764648
2401.960937
2009.803955
1509.803955
774.509826
-29.411766
-725.490234
-1382.353027
-2029.411743
-2441.176513
-2137.254882
-1725.490234
-1058.823608
-196.078430
529.411804
1186.274536
2284.313720
2411.764648
2274.509765
1882.353027
1313.725463
480.392150
-333.333343
-1764.705932
-2215.686279
-2421.568603
-2411.764648
-1960.784301
-1490.196166
284.313720
970.588256
1607.843139
2127.450927
2372.549072
2421.568603
2088.235351
872.549011
39.215686
-647.058837
-1313.725463
-1970.588256
-2313.725585
-2441.176513
-1794.117675
-1137.254882
-264.705902
480.392150
1137.254882
1794.117675
2225.490234
2303.921630
1882.353027
1323.529418
539.215698
-274.509796
-980.392150
-1598.039184
-2401.960937
-2450.980468
-2049.019531
-1539.215698
-794.117675
39.215686
1470.588256
2078.431396
2333.333496
2411.764648
2098.039306
1735.294189
1078.431396
-627.450988
-1303.921630
-1970.588256
-2294.117675
-2450.980468
-2264.705810
-1872.549072
-313.725494
470.588256
1127.451049
1794.117675
2215.686279
2411.764648
2372.549072
1950.980468
1450.980468
676.470581
-137.254898
-852.941162
-1500.000000
-2058.823486
-2323.529541
-2441.176513
-2166.666748
-1764.705932
-107.843139
607.843139
1274.509887
1901.960815
2284.313720
2431.372558
2313.725585
1215.686279
392.156860
-392.156860
-1078.431396
-1745.098022
-2186.274658
-2421.568603
-1960.784301
-1421.568603
-647.058837
196.078430
872.549011
1500.000000
2039.215698
2323.529541
2431.372558
2127.450927
1754.901977
1117.647094
274.509796
-480.392150
-1156.862792
-1833.333374
-2235.294189
-2450.980468
-2372.549072
-1921.568603
-1401.960815
362.745117
1029.411743
1725.490234
2147.058837
2382.353027
2411.764648
2049.019531
745.098083
-78.431373
-754.901977
-1421.568603
-2019.607910
-2333.333496
-2421.568603
-1715.686279
-1039.215698
-147.058822
568.627441
1225.490234
1911.764770
2254.902099
2411.764648
2313.725585
1872.549072
1372.549072
578.431396
-254.901962
-950.980407
-1588.235351
-2137.254882
-2382.353027
-2450.980468
-2088.235351
-1637.254882
-931.372558
754.901977
1401.960815
2039.215698
2313.725585
2431.372558
2186.274658
1794.117675
215.686279
-529.411804
-1196.078491
-1872.549072
-2235.294189
-2431.372558
-2372.549072
-1294.117675
-450.980407
362.745117
1039.215698
1686.274536
2166.666748
2411.764648
2421.568603
2058.823486
1549.019653
-156.862747
-882.352966
-1509.803955
-2098.039306
-2450.980468
-2098.039306
-1647.058837
-960.784301
-117.647064
607.843139
1970.588256
2294.117675
2441.176513
2235.294189
1833.333374
1166.666748
372.549041
-1196.078491
-1843.137329
-2245.098144
-2431.372558
-2343.137207
-1931.372558
-1343.137329
392.156860
1049.019653
1735.294189
2186.274658
2401.960937
2392.156982
2000.000000
1568.627441
852.941162
19.607843
-1450.980468
-2039.215698
-2343.137207
-2441.176513
-2156.862792
-1784.313720
-1107.843139
-235.294128
500.000000
1137.254882
1784.313720
2186.274658
2401.960937
2382.353027
1970.588256
598.039245
-225.490203
-950.980407
-1558.823608
-2117.647216
-2382.353027
-2431.372558
-1588.235351
-862.745117
9.803922
637.254943
1303.921630
1941.176513
2294.117675
2421.568603
2284.313720
1872.549072
1284.313720
490.196075
-313.725494
-1039.215698
-1666.666748
-2156.862792
-2421.568603
-2421.568603
-1470.588256
-715.686279
127.450981
843.137268
1470.588256
2049.019531
2313.725585
2450.980468
2137.254882
1764.705932
1127.451049
294.117645
-470.588256
-1176.470581
-1843.137329
-2245.098144
-2431.372558
-2352.941162
-1313.725463
-490.196075
323.529418
1019.607849
1656.862792
2127.450927
2382.353027
1990.196166
1480.392211
745.098083
-68.627449
-754.901977
-1421.568603
-2019.607910
-2460.784423
-2127.450927
-1735.294189
-1068.627441
-186.274520
558.823547
1921.568603
2264.705810
2421.568603
2294.117675
1872.549072
1284.313720
490.196075
-1117.647094
-1794.117675
-2215.686279
-2421.568603
-2382.353027
-1960.784301
-1450.980468
294.117645
990.196105
1588.235351
2107.843261
2382.353027
2441.176513
2088.235351
823.529418
-19.607843
-686.274536
-1362.745117
-2000.000000
-2313.725585
-2441.176513
-1784.313720
-1137.254882
-303.921569
500.000000
1088.235351
1754.901977
2196.078369
2392.156982
2401.960937
1990.196166
617.647094
-176.470596
-892.156860
-2137.254882
-2411.764648
-2450.980468
-2107.843261
-1607.843139
-911.764709
-58.823532
1401.960815
2000.000000
2313.725585
2431.372558
2254.902099
1813.725463
1254.901977
-500.000000
-1127.451049
-1764.705932
-2215.686279
-2431.372558
-2411.764648
-1960.784301
-539.215698
294.117645
980.392150
1598.039184
2127.450927
2382.353027
2441.176513
2068.627441
1617.647094
941.176513
-705.882385
-1411.764770
-2009.803955
-2450.980468
-2117.647216
-1715.686279
-1058.823608
-215.686279
558.823547
1205.882324
2284.313720
2421.568603
2274.509765
1843.137329
1274.509887
450.980407
-333.333343
-1754.901977
-2225.490234
-2431.372558
-2392.156982
-1970.588256
-1450.980468
-696.078430
147.058822
833.333374
1460.784301
2362.745117
2411.764648
2098.039306
1666.666748
990.196105
166.666671
-568.627441
-1950.980468
-2274.509765
-2441.176513
-2264.705810
-1862.745117
-1274.509887
-441.176483
382.352935
1049.019653
1715.686279
2411.764648
2372.549072
1921.568603
1450.980468
696.078430
-117.647064
-833.333374
-2127.450927
-2362.745117
-2441.176513
-2098.039306
-1666.666748
-960.784301
-137.254898
598.039245
1254.901977
1872.549072
2421.568603
2245.098144
1862.745117
1254.901977
421.568634
-382.352935
-1088.235351
-2235.294189
-2421.568603
-2392.156982
-1941.176513
-1401.960815
-617.647094
215.686279
1656.862792
2147.058837
2392.156982
2450.980468
2058.823486
1598.039184
882.352966
98.039215
-627.450988
-1254.901977
-1921.568603
-2294.117675
-2450.980468
-2303.921630
-1882.353027
-1294.117675
-460.784332
372.549041
1029.411743
1715.686279
2176.470703
2372.549072
1960.784301
1470.588256
715.686279
-127.450981
-843.137268
-1480.392211
-2401.960937
-2470.588378
-2107.843261
-1656.862792
-950.980407
-127.450981
607.843139
1970.588256
2313.725585
2421.568603
2225.490234
1852.941162
1235.294189
401.960784
-1166.666748
-1843.137329
-2274.509765
-2431.372558
-2352.941162
-1921.568603
-480.392150
343.137268
1039.215698
1705.882324
2176.470703
2382.353027
2411.764648
1490.196166
725.490234
-68.627449
-774.509826
-1421.568603
-2058.823486
-2352.941162
-2107.843261
-1676.470581
-990.196105
-166.666671
568.627441
1215.686279
1892.156860
2421.568603
2245.098144
1892.156860
1294.117675
441.176483
-372.549041
-1049.019653
-1696.078491
-2176.470703
-2411.764648
-1960.784301
-1441.176513
-656.862731
166.666671
901.960815
1529.411743
2098.039306
2431.372558
2068.627441
1637.254882
960.784301
147.058822
-588.235290
-1264.705932
-2313.725585
-2450.980468
-2215.686279
-1843.137329
-1196.078491
-362.745117
1225.490234
1862.745117
2245.098144
2401.960937
2323.529541
1931.372558
1372.549072
558.823547
-254.901962
-960.784301
-1568.627441
-2117.647216
-2382.353027
-2450.980468
-2088.235351
-1627.451049
-921.568664
-98.039215
588.235290
1235.294189
1901.960815
2245.098144
2225.490234
1823.529418
1205.882324
392.156860
-401.960784
-1058.823608
-1745.098022
-2421.568603
-2382.353027
-1960.784301
-1431.372558
-637.254943
186.274520
901.960815
1490.196166
2078.431396
2352.941162
2441.176513
2088.235351
1686.274536
1019.607849
176.470596
-568.627441
-1205.882324
-1892.156860
-2421.568603
-2284.313720
-1862.745117
-1245.098022
-382.352935
421.568634
1068.627441
1725.490234
2176.470703
2392.156982
1931.372558
1431.372558
647.058837
-166.666671
-882.352966
-1509.803955
-2107.843261
-2431.372558
-2078.431396
-1617.647094
78.431373
764.705871
1421.568603
2000.000000
2294.117675
2421.568603
2235.294189
1156.862792
313.725494
-480.392150
-1147.058837
-1803.921630
-2235.294189
-2431.372558
-1911.764770
-1352.941162
-539.215698
323.529418
1009.803955
1666.666748
2127.450927
2372.549072
2411.764648
2068.627441
1598.039184
882.352966
68.627449
-598.039245
-1294.117675
-1931.372558
-2284.313720
-2441.176513
-1823.529418
-1176.470581
-333.333343
460.784332
1107.843139
1784.313720
2215.686279
2333.333496
1901.960815
1352.941162
558.823547
-264.705902
-941.176513
-1607.843139
-2411.764648
-2431.372558
-2058.823486
-1529.411743
-794.117675
39.215686
1490.196166
2058.823486
2333.333496
2421.568603
2107.843261
1735.294189
1068.627441
-647.058837
-1323.529418
-2333.333496
-2441.176513
-2176.470703
-1794.117675
-1156.862792
-323.529418
480.392150
1862.745117
2254.902099
2441.176513
2343.137207
1901.960815
1343.137329
568.627441
-1078.431396
-1745.098022
-2196.078369
-2411.764648
-2431.372558
-2009.803955
-1509.803955
215.686279
911.764709
1539.215698
2088.235351
2333.333496
2421.568603
2117.647216
1676.470581
1000.000000
215.686279
-1303.921630
-1960.784301
-2294.117675
-2176.470703
-1823.529418
-1147.058837
-294.117645
480.392150
1147.058837
1784.313720
2421.568603
2343.137207
1901.960815
1362.745117
578.431396
-235.294128
-970.588256
-2137.254882
-2382.353027
-2431.372558
-2049.019531
-1568.627441
-813.725524
19.607843
696.078430
1343.137329
1970.588256
2431.372558
2137.254882
1784.313720
1147.058837
323.529418
-460.784332
-1137.254882
-2284.313720
-2431.372558
-2313.725585
-1245.098022
-421.568634
392.156860
1039.215698
1725.490234
2137.254882
2401.960937
1941.176513
1401.960815
666.666687
-166.666671
-872.549011
-1509.803955
-2098.039306
-2441.176513
-2107.843261
-1617.647094
-921.568664
-78.431373
607.843139
1274.509887
2294.117675
2431.372558
2205.882324
1843.137329
1225.490234
401.960784
-392.156860
-1803.921630
-2225.490234
-2411.764648
-2372.549072
-1950.980468
-1411.764770
333.333343
1000.000000
1617.647094
2107.843261
2372.549072
2441.176513
2088.235351
813.725524
-29.411766
-735.294128
-1372.549072
-2019.607910
-2323.529541
-2441.176513
-1725.490234
-1058.823608
-205.882354
549.019592
1205.882324
1833.333374
2235.294189
2421.568603
2343.137207
1911.764770
480.392150
-323.529418
-1029.411743
-1705.882324
-2176.470703
-2401.960937
-2421.568603
-1490.196166
-696.078430
127.450981
843.137268
1450.980468
2049.019531
2303.921630
2098.039306
1686.274536
1019.607849
156.862747
-568.627441
-1254.901977
-1901.960815
-2441.176513
-2264.705810
-1872.549072
-1225.490234
-392.156860
421.568634
1803.921630
2196.078369
2421.568603
2372.549072
1960.784301
1421.568603
686.274536
-970.588256
-1627.451049
-2137.254882
-2392.156982
-2431.372558
-2098.039306
-1598.039184
68.627449
745.098083
1392.156860
2000.000000
2284.313720
2421.568603
2254.902099
1186.274536
343.137268
-441.176483
-1137.254882
-1803.921630
-2235.294189
-2421.568603
-1901.960815
-1382.353027
-568.627441
284.313720
1009.803955
1637.254882
2392.156982
2401.960937
2029.411743
1539.215698
803.921569
-19.607843
-705.882385
-2078.431396
-2343.137207
-2450.980468
-2127.450927
-1745.098022
-1088.235351
-215.686279
1313.725463
1941.176513
2274.509765
2401.960937
2303.921630
1872.549072
1294.117675
-480.392150
-1127.451049
-1823.529418
-2235.294189
-2401.960937
-2352.941162
-1333.333374
-529.411804
294.117645
990.196105
1617.647094
2107.843261
2362.745117
2029.411743
1519.607910
833.333374
0.000000
-578.431396
-1264.705932
-1941.176513
-2441.176513
-2205.882324
-1823.529418
-1176.470581
-333.333343
450.980407
1117.647094
2225.490234
2421.568603
2343.137207
1911.764770
1401.960815
637.254943
-186.274520
-892.156860
-1519.607910
-2117.647216
-2441.176513
-2078.431396
-1607.843139
-882.352966
-29.411766
647.058837
1294.117675
2313.725585
2411.764648
2186.274658
1794.117675
1176.470581
352.941192
-421.568634
-1852.941162
-2245.098144
-2431.372558
-2352.941162
-1911.764770
-1362.745117
-558.823547
1068.627441
1725.490234
2186.274658
2401.960937
2401.960937
2019.607910
637.254943
-147.058822
-852.941162
-1500.000000
-2068.627441
-2352.941162
-2441.176513
-1676.470581
-1009.803955
-107.843139
607.843139
1284.313720
1931.372558
2274.509765
2225.490234
1862.745117
1225.490234
392.156860
-401.960784
-1058.823608
-1745.098022
-2421.568603
-2392.156982
-1931.372558
-1421.568603
-627.450988
186.274520
892.156860
1509.803955
2098.039306
2352.941162
2411.764648
2107.843261
1715.686279
1000.000000
254.901962
-500.000000
-1127.451049
-1784.313720
-2421.568603
-2323.529541
-1911.764770
-1343.137329
-549.019592
284.313720
970.588256
2147.058837
2382.353027
2421.568603
2088.235351
1578.431396
852.941162
9.803922
-1421.568603
-2049.019531
-2333.333496
-2441.176513
-2156.862792
-1764.705932
-1137.254882
-274.509796
470.588256
1166.666748
1833.333374
2254.902099
2401.960937
2343.137207
1950.980468
1431.372558
656.862731
-147.058822
-1607.843139
-2127.450927
-2382.353027
-2450.980468
-2088.235351
-1598.039184
-892.156860
774.509826
1411.764770
2039.215698
2323.529541
2421.568603
2156.862792
1039.215698
205.882354
-529.411804
-1205.882324
-1892.156860
-2264.705810
-2450.980468
-1872.549072
-1264.705932
-441.176483
382.352935
1029.411743
1686.274536
2176.470703
2382.353027
1941.176513
1470.588256
676.470581
-117.647064
-862.745117
-1500.000000
-2372.549072
-2450.980468
-2117.647216
-1696.078491
-1000.000000
-215.686279
539.215698
1941.176513
2274.509765
2421.568603
2284.313720
1872.549072
1274.509887
480.392150
-303.921569
-1029.411743
-1686.274536
-2421.568603
-2411.764648
-1980.392211
-578.431396
235.294128
941.176513
1558.823608
2127.450927
2372.549072
2431.372558
1558.823608
862.745117
58.823532
-637.254943
-1313.725463
-1950.980468
-2284.313720
-2176.470703
-1803.921630
-1147.058837
-294.117645
460.784332
1137.254882
1784.313720
2205.882324
2421.568603
2382.353027
1921.568603
1441.176513
686.274536
-147.058822
-872.549011
-1500.000000
-2058.823486
-2362.745117
-2107.843261
-1705.882324
-980.392150
-166.666671
568.627441
1254.901977
1892.156860
2421.568603
2254.902099
1872.549072
1254.901977
450.980407
-343.137268
-1029.411743
-2205.882324
-2431.372558
-2382.353027
-1950.980468
-1441.176513
-666.666687
1000.000000
1578.431396
2107.843261
2401.960937
2441.176513
2088.235351
1637.254882
-39.215686
-725.490234
-1382.353027
-2029.411743
-2333.333496
-2431.372558
-2166.666748
-1049.019653
-196.078430
558.823547
1205.882324
1882.353027
2245.098144
2421.568603
1862.745117
1264.705932
441.176483
-382.352935
-1049.019653
-1705.882324
-2166.666748
-2392.156982
-1970.588256
-1450.980468
-666.666687
147.058822
862.745117
2098.039306
2372.549072
2441.176513
2107.843261
1656.862792
950.980407
137.254898
-1352.941162
-2009.803955
-2313.725585
-2441.176513
-2205.882324
-1823.529418
-1196.078491
558.823547
1205.882324
1882.353027
2254.902099
2441.176513
2352.941162
1931.372558
1352.941162
558.823547
-264.705902
-1705.882324
-2166.666748
-2411.764648
-2421.568603
-2039.215698
-1539.215698
-764.705871
892.156860
1519.607910
2088.235351
2362.745117
2441.176513
2098.039306
1686.274536
1019.607849
196.078430
-558.823547
-1225.490234
-1872.549072
-2274.509765
-2421.568603
-2333.333496
-1931.372558
-1362.745117
-549.019592
1068.627441
1725.490234
2186.274658
2401.960937
2401.960937
2019.607910
1490.196166
754.901977
-68.627449
-745.098083
-2098.039306
-2352.941162
-2441.176513
-2127.450927
-960.784301
-147.058822
578.431396
1254.901977
1882.353027
2254.902099
2245.098144
1872.549072
1274.509887
460.784332
-372.549041
-1049.019653
-1715.686279
-2421.568603
-2382.353027
-1941.176513
-1431.372558
-647.058837
186.274520
882.352966
2098.039306
2352.941162
2421.568603
2088.235351
1666.666748
960.784301
127.450981
-1392.156860
-2009.803955
-2333.333496
-2460.784423
-2186.274658
-1813.725463
-1186.274536
558.823547
1215.686279
1882.353027
2274.509765
2411.764648
2352.941162
1245.098022
431.372558
-352.941192
-1068.627441
-1735.294189
-2176.470703
-2401.960937
-1950.980468
-1441.176513
-647.058837
186.274520
892.156860
1500.000000
2039.215698
2333.333496
2401.960937
2107.843261
980.392150
176.470596
-539.215698
-1225.490234
-1862.745117
-2274.509765
-2441.176513
-1862.745117
-1254.901977
-421.568634
392.156860
1058.823608
1705.882324
2166.666748
2382.353027
1950.980468
1450.980468
666.666687
-147.058822
-852.941162
-1509.803955
-2372.549072
-2421.568603
-2107.843261
-1647.058837
-941.176513
-107.843139
598.039245
1274.509887
1941.176513
2274.509765
2225.490234
1833.333374
1215.686279
372.549041
-411.764709
-1058.823608
-1754.901977
-2431.372558
-2362.745117
-1941.176513
-1411.764770
-598.039245
225.490203
911.764709
1529.411743
2107.843261
2372.549072
2450.980468
2098.039306
1676.470581
1009.803955
166.666671
-558.823547
-1245.098022
-1892.156860
-2450.980468
-2274.509765
-1882.353027
-1254.901977
-421.568634
382.352935
1049.019653
1696.078491
2156.862792
2421.568603
1921.568603
1450.980468
686.274536
-137.254898
-852.941162
-1490.196166
-2088.235351
-2441.176513
-2098.039306
-1637.254882
-931.372558
-78.431373
607.843139
1254.901977
2294.117675
2450.980468
2254.902099
1852.941162
1215.686279
392.156860
-392.156860
-1794.117675
-2225.490234
-2431.372558
-2372.549072
-1960.784301
-1431.372558
323.529418
1000.000000
1617.647094
2107.843261
2392.156982
2441.176513
2088.235351
784.313720
-58.823532
-715.686279
-1392.156860
-2000.000000
-2303.921630
-2421.568603
-1784.313720
-1127.451049
-264.705902
509.803924
1166.666748
1784.313720
2225.490234
2343.137207
1901.960815
1343.137329
529.411804
-274.509796
-990.196105
-1598.039184
-2401.960937
-2421.568603
-2039.215698
-1549.019653
-794.117675
39.215686
1470.588256
2058.823486
2362.745117
2441.176513
2137.254882
1725.490234
1078.431396
-656.862731
-1333.333374
-1970.588256
-2284.313720
-2441.176513
-2274.509765
-1852.941162
-284.313720
480.392150
1147.058837
1784.313720
2205.882324
2401.960937
2372.549072
1343.137329
558.823547
-254.901962
-960.784301
-1607.843139
-2127.450927
-2382.353027
-2058.823486
-1529.411743
-803.921569
29.411766
705.882385
1352.941162
2343.137207
2421.568603
2137.254882
1774.509887
1107.843139
284.313720
-490.196075
-1911.764770
-2274.509765
-2441.176513
-2303.921630
-1901.960815
-1313.725463
-500.000000
1058.823608
1725.490234
2176.470703
2392.156982
2411.764648
2009.803955
1529.411743
-176.470596
-892.156860
-1529.411743
-2107.843261
-2392.156982
-2431.372558
-1617.647094
-892.156860
-78.431373
637.254943
1294.117675
1931.372558
2274.509765
2176.470703
1833.333374
1166.666748
352.941192
-441.176483
-1088.235351
-1754.901977
-2421.568603
-2362.745117
-1921.568603
-1362.745117
-558.823547
254.901962
950.980407
1558.823608
2107.843261
2362.745117
2039.215698
1549.019653
833.333374
-9.803922
-647.058837
-1313.725463
-1970.588256
-2450.980468
-2176.470703
-1803.921630
-1176.470581
-323.529418
460.784332
1117.647094
2245.098144
2411.764648
2352.941162
1921.568603
1362.745117
568.627441
-254.901962
-1666.666748
-2166.666748
-2401.960937
-2431.372558
-2029.411743
-1539.215698
186.274520
872.549011
1509.803955
2078.431396
2352.941162
2431.372558
2117.647216
950.980407
127.450981
-598.039245
-1245.098022
-1901.960815
-2274.509765
-2431.372558
-1862.745117
-1205.882324
-372.549041
431.372558
1078.431396
1735.294189
2166.666748
2343.137207
1911.764770
1372.549072
617.647094
-176.470596
-882.352966
-1529.411743
-2382.353027
-2431.372558
-2058.823486
-1607.843139
-872.549011
-39.215686
656.862731
1333.333374
1941.176513
2274.509765
2411.764648
2245.098144
1872.549072
1274.509887
441.176483
-333.333343
-1029.411743
-1715.686279
-2421.568603
-2392.156982
-1950.980468
-1450.980468
-676.470581
186.274520
852.941162
1480.392211
2088.235351
2352.941162
2421.568603
2098.039306
1715.686279
1029.411743
186.274520
-539.215698
-1225.490234
-1862.745117
-2450.980468
-2264.705810
-1862.745117
-1254.901977
-421.568634
372.549041
1039.215698
1705.882324
2186.274658
2411.764648
2401.960937
2009.803955
1519.607910
794.117675
-29.411766
-725.490234
-1372.549072
-2009.803955
-2441.176513
-2117.647216
-1745.098022
-1088.235351
-215.686279
539.215698
1196.078491
2274.509765
2421.568603
2313.725585
1892.156860
1303.921630
490.196075
-313.725494
-1735.294189
-2196.078369
-2392.156982
-2421.568603
-2000.000000
-1529.411743
205.882354
892.156860
1490.196166
2088.235351
2333.333496
2421.568603
2107.843261
921.568664
88.235298
-578.431396
-1264.705932
-1931.372558
-2284.313720
-2460.784423
-1823.529418
-1215.686279
-343.137268
450.980407
1107.843139
1735.294189
2196.078369
2382.353027
2401.960937
1990.196166
617.647094
-196.078430
-911.764709
-1549.019653
-2117.647216
-2362.745117
-2441.176513
-1598.039184
-872.549011
-29.411766
666.666687
1313.725463
1941.176513
2284.313720
2176.470703
1803.921630
1176.470581
343.137268
-441.176483
-1117.647094
-1784.313720
-2431.372558
-2333.333496
-1921.568603
-1352.941162
-549.019592
274.509796
980.392150
1588.235351
2098.039306
2362.745117
2049.019531
1568.627441
833.333374
0.000000
-578.431396
-1235.294189
-1911.764770
-2450.980468
-2254.902099
-1833.333374
-1215.686279
-372.549041
421.568634
1078.431396
1754.901977
2166.666748
2431.372558
2421.568603
1980.392211
1470.588256
754.901977
-58.823532
-745.098083
-1421.568603
-2019.607910
-2441.176513
-2127.450927
-1725.490234
-1039.215698
-166.666671
558.823547
1215.686279
2294.117675
2431.372558
2264.705810
1843.137329
1254.901977
441.176483
-362.745117
-1774.509887
-2215.686279
-2421.568603
-2411.764648
-1950.980468
-1450.980468
284.313720
980.392150
1607.843139
2098.039306
2382.353027
2431.372558
2088.235351
823.529418
-9.803922
-666.666687
-1323.529418
-1970.588256
-2294.117675
-2441.176513
-2254.902099
-1843.137329
-1225.490234
-362.745117
431.372558
1098.039184
1754.901977
2401.960937
2352.941162
1921.568603
1401.960815
637.254943
-196.078430
-901.960815
-2137.254882
-2392.156982
-2431.372558
-2078.431396
-1607.843139
-892.156860
813.725524
1421.568603
2029.411743
2303.921630
2421.568603
2147.058837
1784.313720
166.666671
-529.411804
-1205.882324
-1862.745117
-2274.509765
-2441.176513
-2323.529541
-1264.705932
-411.764709
392.156860
1058.823608
1705.882324
2147.058837
2382.353027
1950.980468
1450.980468
696.078430
-98.039215
-794.117675
-1460.784301
-2058.823486
-2431.372558
-2127.450927
-1696.078491
-1009.803955
-137.254898
607.843139
1970.588256
2313.725585
2421.568603
2235.294189
1872.549072
1235.294189
401.960784
-1166.666748
-1833.333374
-2245.098144
-2411.764648
-2352.941162
-1921.568603
-1401.960815
352.941192
1029.411743
1696.078491
2156.862792
2401.960937
2431.372558
2039.215698
1539.215698
803.921569
0.000000
-1372.549072
-2000.000000
-2303.921630
-2431.372558
-1794.117675
-1127.451049
-303.921569
490.196075
1156.862792
1823.529418
2225.490234
2392.156982
2362.745117
1941.176513
558.823547
-264.705902
-990.196105
-1617.647094
-2127.450927
-2372.549072
-2450.980468
-1549.019653
-803.921569
29.411766
725.490234
1362.745117
1980.392211
2303.921630
2441.176513
2205.882324
1823.529418
264.705902
-490.196075
-1156.862792
-2274.509765
-2441.176513
-2333.333496
-1911.764770
-1323.529418
-519.607849
294.117645
1009.803955
1656.862792
2156.862792
2401.960937
2421.568603
2078.431396
1588.235351
-78.431373
-784.313720
-1450.980468
-2049.019531
-2323.529541
-2441.176513
-2137.254882
-1029.411743
-137.254898
588.235290
1235.294189
1921.568603
2303.921630
2215.686279
1862.745117
1225.490234
401.960784
-382.352935
-1068.627441
-1725.490234
-2431.372558
-2362.745117
-1931.372558
-1382.353027
-598.039245
225.490203
921.568664
2127.450927
2382.353027
2411.764648
2078.431396
1607.843139
892.156860
98.039215
-1382.353027
-2019.607910
-2323.529541
-2470.588378
-2196.078369
-1813.725463
-1156.862792
568.627441
1225.490234
1872.549072
2254.902099
2411.764648
2313.725585
1274.509887
480.392150
-352.941192
-1019.607849
-1686.274536
-2156.862792
-2411.764648
-2421.568603
-2039.215698
-1509.803955
205.882354
892.156860
1519.607910
2098.039306
2333.333496
2421.568603
2098.039306
950.980407
137.254898
-568.627441
-1245.098022
-1892.156860
-2264.705810
-2450.980468
-1843.137329
-1235.294189
-372.549041
411.764709
1068.627441
1735.294189
2196.078369
2343.137207
1921.568603
1421.568603
637.254943
-156.862747
-892.156860
-1519.607910
-2088.235351
-2362.745117
-2450.980468
-1627.451049
-882.352966
-58.823532
647.058837
1274.509887
1921.568603
2274.509765
2196.078369
1823.529418
1196.078491
382.352935
-411.764709
-1098.039184
-1735.294189
-2421.568603
-2372.549072
-1941.176513
-1392.156860
-607.843139
196.078430
921.568664
1549.019653
2098.039306
2343.137207
2431.372558
2127.450927
1715.686279
1019.607849
166.666671
-549.019592
-1235.294189
-1892.156860
-2441.176513
-2264.705810
-1862.745117
-1235.294189
-401.960784
401.960784
1068.627441
1705.882324
2166.666748
2401.960937
2421.568603
2009.803955
1519.607910
794.117675
-19.607843
-725.490234
-1372.549072
-2000.000000
-2441.176513
-2176.470703
-1774.509887
-1147.058837
-303.921569
480.392150
1137.254882
1794.117675
2235.294189
2411.764648
1882.353027
1343.137329
568.627441
-254.901962
-980.392150
-1588.235351
-2127.450927
-2431.372558
-2068.627441
-1549.019653
-823.529418
19.607843
686.274536
1343.137329
2323.529541
2421.568603
2147.058837
1774.509887
1117.647094
294.117645
-470.588256
-1882.353027
-2264.705810
-2441.176513
-2352.941162
-1921.568603
-1343.137329
-519.607849
313.725494
980.392150
1598.039184
2401.960937
2431.372558
2039.215698
1549.019653
803.921569
9.803922
-637.254943
-2029.411743
-2313.725585
-2441.176513
-2156.862792
-1803.921630
-1156.862792
-294.117645
1264.705932
1901.960815
2254.902099
2421.568603
2303.921630
1901.960815
411.764709
-382.352935
-1049.019653
-1696.078491
-2156.862792
-2392.156982
-2421.568603
-2029.411743
-1500.000000
-813.725524
9.803922
1460.784301
2039.215698
2323.529541
2411.764648
2117.647216
1764.705932
1107.843139
284.313720
-470.588256
-1147.058837
-1813.725463
-2245.098144
-2411.764648
-2352.941162
-1941.176513
-1382.353027
-588.235290
245.098037
1666.666748
2166.666748
2382.353027
2401.960937
2029.411743
1549.019653
843.137268
39.215686
-637.254943
-1343.137329
-2333.333496
-2441.176513
-2176.470703
-1774.509887
-1127.451049
-274.509796
480.392150
1892.156860
2254.902099
2431.372558
2323.529541
1901.960815
1333.333374
549.019592
-264.705902
-960.784301
-1588.235351
-2127.450927
-2382.353027
-2441.176513
-2088.235351
-1607.843139
-911.764709
-49.019607
617.647094
1970.588256
2274.509765
2411.764648
2215.686279
1852.941162
1225.490234
411.764709
-392.156860
-1068.627441
-1745.098022
-2431.372558
-2362.745117
-1950.980468
-1401.960815
-617.647094
215.686279
892.156860
2127.450927
2382.353027
2421.568603
2078.431396
1617.647094
941.176513
88.235298
-1372.549072
-2009.803955
-2333.333496
-2450.980468
-2205.882324
-1813.725463
-1176.470581
568.627441
1225.490234
1882.353027
2254.902099
2392.156982
2323.529541
1284.313720
480.392150
-343.137268
-1039.215698
-1686.274536
-2176.470703
-2421.568603
-1970.588256
-1460.784301
-676.470581
166.666671
882.352966
1500.000000
2058.823486
2431.372558
2088.235351
1705.882324
1009.803955
156.862747
-568.627441
-1245.098022
-2303.921630
-2431.372558
-2225.490234
-1852.941162
-1205.882324
-382.352935
431.372558
1078.431396
1754.901977
2186.274658
2352.941162
1931.372558
1411.764770
637.254943
-196.078430
-911.764709
-1529.411743
-2401.960937
-2431.372558
-2098.039306
-1617.647094
-901.960815
-68.627449
637.254943
1284.313720
1921.568603
2284.313720
2421.568603
2294.117675
1892.156860
1284.313720
500.000000
-254.901962
-950.980407
-1588.235351
-2401.960937
-2431.372558
-2058.823486
-1539.215698
-794.117675
19.607843
705.882385
2009.803955
2333.333496
2441.176513
2147.058837
1764.705932
1137.254882
294.117645
-480.392150
-1147.058837
-1813.725463
-2245.098144
-2450.980468
-2382.353027
-1950.980468
-1401.960815
-617.647094
205.882354
911.764709
2127.450927
2352.941162
2411.764648
2078.431396
1607.843139
921.568664
88.235298
-1392.156860
-2019.607910
-2313.725585
-2431.372558
-2205.882324
-1794.117675
-1147.058837
-284.313720
460.784332
1127.451049
2245.098144
2411.764648
2313.725585
1911.764770
1352.941162
598.039245
-245.098037
-1686.274536
-2156.862792
-2411.764648
-2431.372558
-2049.019531
-1519.607910
166.666671
882.352966
1529.411743
2098.039306
2323.529541
2411.764648
2127.450927
941.176513
107.843139
-617.647094
-1264.705932
-1931.372558
-2284.313720
-2441.176513
-1823.529418
-1176.470581
-333.333343
450.980407
1117.647094
1774.509887
2205.882324
2343.137207
1931.372558
1401.960815
598.039245
-215.686279
-931.372558
-1539.215698
-2117.647216
-2372.549072
-2450.980468
-1578.431396
-872.549011
-39.215686
637.254943
1313.725463
1941.176513
2294.117675
2431.372558
2254.902099
1833.333374
1225.490234
431.372558
-362.745117
-1049.019653
-1705.882324
-2411.764648
-2411.764648
-1970.588256
-1431.372558
-666.666687
196.078430
872.549011
1500.000000
2039.215698
2323.529541
2421.568603
2127.450927
1784.313720
1137.254882
254.901962
-490.196075
-1166.666748
-1833.333374
-2441.176513
-2323.529541
-1921.568603
-1294.117675
-470.588256
352.941192
1029.411743
2186.274658
2392.156982
2382.353027
1980.392211
1470.588256
696.078430
-88.235298
-1549.019653
-2117.647216
-2372.549072
-2441.176513
-2117.647216
-1666.666748
0.000000
558.823547
1235.294189
1901.960815
2254.902099
2421.568603
2313.725585
1264.705932
460.784332
-333.333343
-1049.019653
-1715.686279
-2156.862792
-2411.764648
-1970.588256
-1460.784301
-676.470581
166.666671
872.549011
1509.803955
2078.431396
2411.764648
2078.431396
1637.254882
950.980407
127.450981
-588.235290
-1264.705932
-2323.529541
-2441.176513
-2225.490234
-1843.137329
-1205.882324
-362.745117
1235.294189
1862.745117
2235.294189
2421.568603
2323.529541
1911.764770
1343.137329
-411.764709
-1078.431396
-1745.098022
-2196.078369
-2421.568603
-2401.960937
-2000.000000
-715.686279
137.254898
833.333374
1480.392211
2049.019531
2343.137207
2441.176513
1676.470581
990.196105
186.274520
-558.823547
-1215.686279
-1892.156860
-2274.509765
-2264.705810
-1862.745117
-1254.901977
-411.764709
392.156860
1088.235351
2196.078369
2411.764648
2352.941162
1931.372558
1441.176513
666.666687
-166.666671
-1666.666748
-2166.666748
-2372.549072
-2441.176513
-2068.627441
-1588.235351
-862.745117
833.333374
1490.196166
2068.627441
2343.137207
2441.176513
2117.647216
1745.098022
1088.235351
235.294128
-519.607849
-1921.568603
-2274.509765
-2411.764648
-2303.921630
-1901.960815
-1313.725463
-450.980407
343.137268
1019.607849
1676.470581
2137.254882
2352.941162
2411.764648
2049.019531
1578.431396
-117.647064
-862.745117
-1500.000000
-2039.215698
-2333.333496
-2460.784423
-2137.254882
-1745.098022
-1098.039184
-264.705902
1303.921630
1931.372558
2274.509765
2401.960937
2284.313720
1892.156860
1303.921630
-450.980407
-1117.647094
-1754.901977
-2205.882324
-2431.372558
-2401.960937
-1950.980468
-1450.980468
-715.686279
156.862747
1598.039184
2107.843261
2352.941162
2049.019531
1539.215698
794.117675
-9.803922
-676.470581
-1333.333374
-1970.588256
-2450.980468
-2166.666748
-1764.705932
-1117.647094
-284.313720
480.392150
1147.058837
2235.294189
2431.372558
2323.529541
1911.764770
1343.137329
529.411804
-264.705902
-1696.078491
-2205.882324
-2401.960937
-2411.764648
-2019.607910
-1529.411743
215.686279
901.960815
1509.803955
2088.235351
2323.529541
2431.372558
2107.843261
901.960815
78.431373
-607.843139
-1264.705932
-1931.372558
-2284.313720
-2431.372558
-2313.725585
-1882.353027
-1294.117675
480.392150
1137.254882
1784.313720
2186.274658
2392.156982
2372.549072
1941.176513
558.823547
-274.509796
-980.392150
-1588.235351
-2127.450927
-2392.156982
-2441.176513
-1549.019653
-823.529418
39.215686
725.490234
1343.137329
1980.392211
2284.313720
2137.254882
1754.901977
1117.647094
274.509796
-480.392150
-1147.058837
-1813.725463
-2235.294189
-2431.372558
-2352.941162
-1931.372558
-1392.156860
-617.647094
225.490203
911.764709
1519.607910
2088.235351
2362.745117
2068.627441
1607.843139
892.156860
88.235298
-598.039245
-1284.313720
-1950.980468
-2441.176513
-2215.686279
-1813.725463
-1176.470581
-352.941192
441.176483
1127.451049
1764.705932
2186.274658
2411.764648
2411.764648
1970.588256
1450.980468
725.490234
-107.843139
-813.725524
-1470.588256
-2078.431396
-2441.176513
-2107.843261
-1656.862792
-941.176513
-107.843139
607.843139
1264.705932
2294.117675
2421.568603
2225.490234
1813.725463
1205.882324
362.745117
-421.568634
-1833.333374
-2245.098144
-2431.372558
-2362.745117
-1941.176513
-1372.549072
372.549041
1019.607849
1686.274536
2166.666748
2392.156982
2441.176513
2039.215698
705.882385
-117.647064
-843.137268
-1480.392211
-2078.431396
-2352.941162
-2421.568603
-1637.254882
-950.980407
-107.843139
598.039245
1254.901977
1901.960815
2264.705810
2421.568603
2323.529541
1901.960815
1333.333374
519.607849
-294.117645
-1019.607849
-1647.058837
-2137.254882
-2401.960937
-2441.176513
-1519.607910
-754.901977
78.431373
754.901977
1401.960815
2019.607910
2313.725585
2127.450927
1745.098022
1098.039184
245.098037
-500.000000
-1137.254882
-1764.705932
-2205.882324
-2411.764648
-2401.960937
-1372.549072
-568.627441
264.705902
960.784301
1578.431396
2127.450927
2362.745117
2039.215698
1549.019653
833.333374
9.803922
-627.450988
-1294.117675
-1950.980468
-2450.980468
-2205.882324
-1823.529418
-1176.470581
-333.333343
450.980407
1107.843139
1774.509887
2205.882324
2392.156982
1901.960815
1372.549072
607.843139
-1039.215698
-1705.882324
-2166.666748
-2421.568603
-2450.980468
-2019.607910
-1519.607910
186.274520
872.549011
1500.000000
2049.019531
2313.725585
2450.980468
2156.862792
1764.705932
1107.843139
264.705902
-1264.705932
-1931.372558
-2274.509765
-2431.372558
-2313.725585
-1892.156860
-1294.117675
460.784332
1098.039184
1774.509887
2205.882324
2411.764648
2392.156982
1960.784301
607.843139
-225.490203
-921.568664
-1568.627441
-2117.647216
-2362.745117
-2401.960937
-1578.431396
-852.941162
9.803922
637.254943
1303.921630
1921.568603
2264.705810
2421.568603
2303.921630
1892.156860
382.352935
-421.568634
-1098.039184
-1764.705932
-2196.078369
-2401.960937
-2411.764648
-1401.960815
-617.647094
215.686279
931.372558
1529.411743
2078.431396
2352.941162
2431.372558
2088.235351
1686.274536
1009.803955
137.254898
-588.235290
-1264.705932
-1921.568603
-2274.509765
-2450.980468
-2333.333496
-1215.686279
-401.960784
411.764709
1068.627441
1735.294189
2186.274658
2372.549072
2411.764648
1990.196166
1509.803955
764.705871
-58.823532
-754.901977
-1411.764770
-2029.411743
-2352.941162
-2450.980468
-2166.666748
-1029.411743
-176.470596
549.019592
1215.686279
1852.941162
2254.902099
2421.568603
1862.745117
1264.705932
470.588256
-343.137268
-1049.019653
-1686.274536
-2147.058837
-2401.960937
-2431.372558
-2039.215698
-705.882385
117.647064
823.529418
1450.980468
2049.019531
2343.137207
2441.176513
1656.862792
990.196105
186.274520
-549.019592
-1235.294189
-1882.353027
-2274.509765
-2294.117675
-1852.941162
-1235.294189
-392.156860
421.568634
1058.823608
2215.686279
2401.960937
2392.156982
1941.176513
1431.372558
656.862731
-137.254898
-1617.647094
-2117.647216
-2382.353027
-2450.980468
-2078.431396
-1607.843139
-901.960815
-58.823532
647.058837
1274.509887
1901.960815
2264.705810
2401.960937
2313.725585
1235.294189
372.549041
-401.960784
-1823.529418
-2245.098144
-2411.764648
-2382.353027
-1941.176513
-1441.176513
-617.647094
1009.803955
1696.078491
2147.058837
2392.156982
2431.372558
2058.823486
1568.627441
-107.843139
-852.941162
-1490.196166
-2098.039306
-2372.549072
-2431.372558
-2127.450927
-970.588256
-156.862747
588.235290
1254.901977
1901.960815
2264.705810
2274.509765
1833.333374
1235.294189
411.764709
-382.352935
-1078.431396
-1715.686279
-2421.568603
-2382.353027
-1960.784301
-1411.764770
-647.058837
186.274520
872.549011
1500.000000
2058.823486
2313.725585
2117.647216
1666.666748
1000.000000
215.686279
-529.411804
-1205.882324
-1852.941162
-2421.568603
-2264.705810
-1892.156860
-1284.313720
-460.784332
372.549041
1049.019653
2186.274658
2421.568603
2392.156982
1980.392211
1480.392211
715.686279
-107.843139
-1598.039184
-2127.450927
-2392.156982
-2431.372558
-2098.039306
-1617.647094
-950.980407
-88.235298
617.647094
1245.098022
2284.313720
2421.568603
2254.902099
1872.549072
1254.901977
450.980407
-343.137268
-1764.705932
-2225.490234
-2421.568603
-2401.960937
-1960.784301
-1441.176513
-696.078430
137.254898
843.137268
1480.392211
2058.823486
2352.941162
2421.568603
2117.647216
1715.686279
1068.627441
225.490203
-519.607849
-1911.764770
-2284.313720
-2431.372558
-2323.529541
-1901.960815
-1284.313720
-470.588256
1127.451049
1803.921630
2205.882324
2401.960937
2352.941162
1950.980468
1450.980468
696.078430
-117.647064
-852.941162
-2088.235351
-2372.549072
-2441.176513
-1568.627441
-852.941162
0.000000
568.627441
1225.490234
1882.353027
2245.098144
2274.509765
1862.745117
1245.098022
460.784332
-362.745117
-1049.019653
-1715.686279
-2421.568603
-2411.764648
-1970.588256
-1431.372558
-656.862731
176.470596
872.549011
2107.843261
2372.549072
2421.568603
2117.647216
1647.058837
950.980407
147.058822
-1372.549072
-2000.000000
-2294.117675
-2441.176513
-2254.902099
-1852.941162
-1245.098022
500.000000
1098.039184
1754.901977
2176.470703
2401.960937
2382.353027
1970.588256
1490.196166
735.294128
-78.431373
-764.705871
-1431.372558
-2039.215698
-2352.941162
-2441.176513
-2137.254882
-1764.705932
-1107.843139
627.450988
1264.705932
1931.372558
2274.509765
2411.764648
2284.313720
1892.156860
1313.725463
509.803924
-284.313720
-1019.607849
-1656.862792
-2147.058837
-2411.764648
-2421.568603
-2058.823486
-1588.235351
-823.529418
843.137268
1460.784301
2362.745117
2421.568603
2078.431396
1647.058837
970.588256
166.666671
-568.627441
-1950.980468
-2333.333496
-2421.568603
-2254.902099
-1862.745117
-1235.294189
-392.156860
1186.274536
1833.333374
2264.705810
2411.764648
2333.333496
1911.764770
1392.156860
617.647094
-196.078430
-901.960815
-1509.803955
-2098.039306
-2362.745117
-2441.176513
-2107.843261
-1676.470581
-1009.803955
-107.843139
598.039245
1245.098022
1892.156860
2431.372558
2264.705810
1862.745117
1254.901977
421.568634
-372.549041
-1058.823608
-2235.294189
-2431.372558
-2382.353027
-1941.176513
-1431.372558
-637.254943
215.686279
1647.058837
2107.843261
2392.156982
2441.176513
2078.431396
1578.431396
843.137268
39.215686
-656.862731
-1313.725463
-1950.980468
-2294.117675
-2450.980468
-2235.294189
-1852.941162
-1245.098022
-411.764709
382.352935
1813.725463
2215.686279
2401.960937
2362.745117
1911.764770
1431.372558
656.862731
-147.058822
-872.549011
-1500.000000
-2058.823486
-2343.137207
-2441.176513
-2137.254882
-1745.098022
-1078.431396
-225.490203
549.019592
1911.764770
2274.509765
2421.568603
2294.117675
1872.549072
1313.725463
500.000000
-1049.019653
-1715.686279
-2176.470703
-2411.764648
-2421.568603
-2009.803955
-1519.607910
-774.509826
58.823532
754.901977
2068.627441
2323.529541
2441.176513
2137.254882
1735.294189
1078.431396
235.294128
-1294.117675
-1941.176513
-2284.313720
-2431.372558
-2264.705810
-1862.745117
-1274.509887
470.588256
1147.058837
1803.921630
2215.686279
2421.568603
2372.549072
1343.137329
568.627441
-274.509796
-970.588256
-1588.235351
-2137.254882
-2372.549072
-2441.176513
-2078.431396
-1617.647094
-921.568664
764.705871
1431.372558
2039.215698
2343.137207
2450.980468
2186.274658
1039.215698
196.078430
-539.215698
-1215.686279
-1882.353027
-2254.902099
-2441.176513
-1872.549072
-1245.098022
-431.372558
362.745117
1039.215698
1705.882324
2156.862792
2362.745117
1941.176513
1401.960815
676.470581
-156.862747
-862.745117
-1500.000000
-2029.411743
-2352.941162
-2431.372558
-1666.666748
-970.588256
-127.450981
578.431396
1254.901977
1901.960815
2264.705810
2225.490234
1852.941162
1225.490234
421.568634
-372.549041
-1058.823608
-1715.686279
-2421.568603
-2392.156982
-1950.980468
-1431.372558
-656.862731
196.078430
872.549011
1500.000000
2049.019531
2323.529541
2431.372558
2117.647216
1764.705932
1098.039184
284.313720
-470.588256
-1156.862792
-1813.725463
-2431.372558
-2313.725585
-1882.353027
-1313.725463
-500.000000
274.509796
960.784301
2127.450927
2392.156982
2431.372558
2049.019531
1549.019653
862.745117
39.215686
-1421.568603
-2029.411743
-2343.137207
-2460.784423
-2156.862792
-1764.705932
-1107.843139
-245.098037
500.000000
1107.843139
2254.902099
2431.372558
2382.353027
1911.764770
1343.137329
598.039245
-235.294128
-1676.470581
-2156.862792
-2382.353027
-2441.176513
-2049.019531
-1549.019653
156.862747
862.745117
1490.196166
2078.431396
2343.137207
2441.176513
2117.647216
931.372558
117.647064
-598.039245
-1274.509887
-1931.372558
-2274.509765
-2441.176513
-2313.725585
-1892.156860
-1264.705932
460.784332
1117.647094
1754.901977
2205.882324
2411.764648
2362.745117
1950.980468
598.039245
-225.490203
-931.372558
-1558.823608
-2107.843261
-2382.353027
-2441.176513
-1558.823608
-852.941162
9.803922
637.254943
1294.117675
1931.372558
2264.705810
2215.686279
1803.921630
1196.078491
372.549041
-421.568634
-1107.843139
-1754.901977
-2205.882324
-2431.372558
-2411.764648
-1392.156860
-598.039245
254.901962
921.568664
1539.215698
2098.039306
2343.137207
2088.235351
1607.843139
892.156860
49.019607
-588.235290
-1284.313720
-1931.372558
-2460.784423
-2186.274658
-1813.725463
-1156.862792
-303.921569
450.980407
1137.254882
1774.509887
2196.078369
2401.960937
2382.353027
1970.588256
1460.784301
715.686279
-117.647064
-823.529418
-1480.392211
-2098.039306
-2441.176513
-2107.843261
-1637.254882
-960.784301
-107.843139
598.039245
1245.098022
1911.764770
2274.509765
2421.568603
2323.529541
1882.353027
1313.725463
519.607849
-274.509796
-970.588256
-1607.843139
-2137.254882
-2421.568603
-2049.019531
-1539.215698
-784.313720
49.019607
696.078430
1352.941162
2313.725585
2441.176513
2147.058837
1774.509887
1127.451049
294.117645
-480.392150
-1147.058837
-1823.529418
-2254.902099
-2333.333496
-1901.960815
-1333.333374
-519.607849
323.529418
990.196105
1627.451049
2401.960937
2421.568603
2039.215698
1539.215698
803.921569
-29.411766
-715.686279
-2088.235351
-2372.549072
-2421.568603
-2127.450927
-1745.098022
-1078.431396
-225.490203
1294.117675
1911.764770
2264.705810
2411.764648
2284.313720
1862.745117
352.941192
-431.372558
-1098.039184
-1754.901977
-2205.882324
-2421.568603
-2382.353027
-1372.549072
-578.431396
274.509796
960.784301
1558.823608
2078.431396
2352.941162
2058.823486
1578.431396
852.941162
29.411766
-647.058837
-1323.529418
-1941.176513
-2450.980468
-2156.862792
-1794.117675
-1147.058837
-274.509796
480.392150
1166.666748
1803.921630
2215.686279
2392.156982
1931.372558
1333.333374
539.215698
-284.313720
-980.392150
-1607.843139
-2117.647216
-2401.960937
-2441.176513
-2068.627441
-1598.039184
-882.352966
-49.019607
607.843139
1274.509887
1892.156860
2274.509765
2441.176513
1833.333374
1196.078491
392.156860
-392.156860
-1078.431396
-1735.294189
-2196.078369
-2392.156982
-1921.568603
-1392.156860
-627.450988
215.686279
911.764709
1509.803955
2078.431396
2362.745117
2431.372558
1607.843139
901.960815
68.627449
-598.039245
-2000.000000
-2303.921630
-2441.176513
-2264.705810
-1852.941162
-1264.705932
490.196075
1127.451049
1803.921630
2225.490234
2411.764648
2372.549072
1941.176513
539.215698
-284.313720
-1715.686279
-2196.078369
-2411.764648
-2411.764648
-1431.372558
-637.254943
205.882354
901.960815
1519.607910
2088.235351
2333.333496
2450.980468
2117.647216
1705.882324
1029.411743
196.078430
-529.411804
-1215.686279
-1872.549072
-2245.098144
-2431.372558
-2333.333496
-1274.509887
-460.784332
372.549041
1029.411743
1686.274536
2147.058837
2392.156982
2441.176513
2049.019531
1549.019653
823.529418
-9.803922
-656.862731
-1303.921630
-1970.588256
-2284.313720
-2441.176513
-2235.294189
-1137.254882
-284.313720
480.392150
1156.862792
1813.725463
2196.078369
2401.960937
1882.353027
1362.745117
539.215698
-284.313720
-970.588256
-1607.843139
-2117.647216
-2382.353027
-2460.784423
-2049.019531
-1598.039184
-882.352966
-49.019607
637.254943
1303.921630
1931.372558
2284.313720
2421.568603
2274.509765
1882.353027
1284.313720
-470.588256
-1117.647094
-1794.117675
-2225.490234
-2411.764648
-2392.156982
-1950.980468
-539.215698
294.117645
1000.000000
1578.431396
2117.647216
2362.745117
2421.568603
1549.019653
833.333374
-9.803922
-666.666687
-1313.725463
-1960.784301
-2313.725585
-2176.470703
-1803.921630
-1156.862792
-284.313720
480.392150
1147.058837
1764.705932
2225.490234
2382.353027
2382.353027
1960.784301
1431.372558
676.470581
-137.254898
-843.137268
-1509.803955
-2098.039306
-2343.137207
-2107.843261
-1647.058837
-931.372558
-78.431373
607.843139
1264.705932
1911.764770
2411.764648
2225.490234
1852.941162
1235.294189
392.156860
-411.764709
-1078.431396
-2225.490234
-2441.176513
-2372.549072
-1941.176513
-1401.960815
-627.450988
1019.607849
1666.666748
2127.450927
2372.549072
2431.372558
2029.411743
1549.019653
-117.647064
-843.137268
-1480.392211
-2098.039306
-2343.137207
-2441.176513
-2117.647216
-960.784301
-107.843139
617.647094
1264.705932
1901.960815
2254.902099
2411.764648
1843.137329
1245.098022
411.764709
-372.549041
-1058.823608
-1725.490234
-2186.274658
-2392.156982
-2411.764648
-2009.803955
-676.470581
176.470596
862.745117
1509.803955
2088.235351
2343.137207
2431.372558
1637.254882
990.196105
147.058822
-578.431396
-1245.098022
-1892.156860
-2274.509765
-2245.098144
-1862.745117
-1245.098022
-421.568634
411.764709
1058.823608
2196.078369
2392.156982
2382.353027
1950.980468
1441.176513
676.470581
-127.450981
-1617.647094
-2137.254882
-2382.353027
-2431.372558
-2098.039306
-1627.451049
-901.960815
794.117675
1441.176513
2029.411743
2313.725585
2411.764648
2156.862792
1774.509887
1127.451049
313.725494
-460.784332
-1117.647094
-1784.313720
-2225.490234
-2421.568603
-2392.156982
-1970.588256
-1441.176513
-647.058837
1029.411743
1676.470581
2156.862792
2382.353027
2401.960937
2049.019531
1578.431396
862.745117
19.607843
-637.254943
-2029.411743
-2323.529541
-2431.372558
-2176.470703
-1803.921630
-1137.254882
-294.117645
1274.509887
1921.568603
2264.705810
2421.568603
2303.921630
1882.353027
1343.137329
-411.764709
-1068.627441
-1754.901977
-2196.078369
-2411.764648
-2401.960937
-1401.960815
-637.254943
215.686279
911.764709
1509.803955
2117.647216
2352.941162
2068.627441
1607.843139
911.764709
98.039215
-607.843139
-1254.901977
-1921.568603
-2441.176513
-2215.686279
-1833.333374
-1186.274536
-362.745117
441.176483
1107.843139
1784.313720
2215.686279
2411.764648
1901.960815
1372.549072
607.843139
-225.490203
-911.764709
-1539.215698
-2098.039306
-2460.784423
-2088.235351
-1568.627441
-872.549011
0.000000
558.823547
1215.686279
2274.509765
2431.372558
2284.313720
1882.353027
1264.705932
450.980407
-343.137268
-1764.705932
-2205.882324
-2411.764648
-2401.960937
-1970.588256
-1470.588256
-705.882385
960.784301
1558.823608
2098.039306
2362.745117
2431.372558
2078.431396
1647.058837
941.176513
127.450981
-588.235290
-2000.000000
-2303.921630
-2441.176513
-2264.705810
-1892.156860
-1274.509887
-460.784332
1147.058837
1784.313720
2215.686279
2411.764648
2372.549072
1950.980468
1450.980468
705.882385
-127.450981
-843.137268
-1490.196166
-2058.823486
-2352.941162
-2450.980468
-2127.450927
-1705.882324
-1039.215698
-176.470596
1352.941162
1960.784301
2284.313720
2411.764648
2235.294189
1823.529418
1245.098022
421.568634
-392.156860
-1058.823608
-2225.490234
-2450.980468
-2392.156982
-1362.745117
-529.411804
303.921569
980.392150
1637.254882
2098.039306
2372.549072
2039.215698
1549.019653
852.941162
9.803922
-637.254943
-1303.921630
-1960.784301
-2450.980468
-2186.274658
-1813.725463
-1156.862792
-274.509796
470.588256
1127.451049
2254.902099
2411.764648
2333.333496
1901.960815
1352.941162
578.431396
-245.098037
-941.176513
-1568.627441
-2127.450927
-2450.980468
-2068.627441
-1558.823608
-833.333374
9.803922
637.254943
1294.117675
2323.529541
2421.568603
2176.470703
1803.921630
1176.470581
362.745117
-441.176483
