-2137.254882
-2362.745117
-2431.372558
-2068.627441
-1607.843139
-892.156860
794.117675
1441.176513
2049.019531
2313.725585
2411.764648
2147.058837
1019.607849
176.470596
-549.019592
-1215.686279
-1872.549072
-2245.098144
-2431.372558
-1872.549072
-1245.098022
-431.372558
382.352935
1049.019653
1686.274536
2147.058837
2382.353027
1950.980468
1460.784301
696.078430
-137.254898
-833.333374
-1470.588256
-2362.745117
-2441.176513
-2107.843261
-1656.862792
-941.176513
-107.843139
598.039245
1274.509887
1892.156860
2264.705810
2215.686279
1833.333374
1205.882324
-509.803924
-1196.078491
-1823.529418
-2245.098144
-2431.372558
-2343.137207
-1921.568603
-460.784332
362.745117
1029.411743
1666.666748
2156.862792
2392.156982
2421.568603
1470.588256
715.686279
-117.647064
-823.529418
-1490.196166
-2068.627441
-2352.941162
-2107.843261
-1656.862792
-950.980407
-107.843139
607.843139
1274.509887
2323.529541
2421.568603
2235.294189
1833.333374
1205.882324
382.352935
-411.764709
-1833.333374
-2254.902099
-2431.372558
-2382.353027
-1931.372558
-1401.960815
-617.647094
1049.019653
1696.078491
2156.862792
2392.156982
2411.764648
2029.411743
1549.019653
-117.647064
-843.137268
-1480.392211
-2098.039306
-2333.333496
-2460.784423
-2107.843261
-1696.078491
-1029.411743
-156.862747
558.823547
1225.490234
1882.353027
2254.902099
2441.176513
2313.725585
1882.353027
1352.941162
-411.764709
-1068.627441
-1745.098022
-2225.490234
-2401.960937
-2411.764648
-1980.392211
-1490.196166
-745.098083
88.235298
745.098083
1401.960815
2009.803955
2294.117675
2421.568603
2196.078369
1823.529418
1196.078491
-549.019592
-1225.490234
-1872.549072
-2264.705810
-2431.372558
-2343.137207
-1901.960815
-431.372558
382.352935
1029.411743
1705.882324
2156.862792
2382.353027
1931.372558
1441.176513
686.274536
-127.450981
-862.745117
-1500.000000
-2068.627441
-2441.176513
-2107.843261
-1705.882324
-960.784301
-137.254898
578.431396
1245.098022
2294.117675
2421.568603
2274.509765
1852.941162
1254.901977
431.372558
-382.352935
-1784.313720
-2225.490234
-2411.764648
-2382.353027
-1941.176513
-1450.980468
-627.450988
1009.803955
1656.862792
2411.764648
2372.549072
1980.392211
666.666687
-205.882354
-901.960815
-1519.607910
-2107.843261
-2352.941162
-2431.372558
-1598.039184
-901.960815
-58.823532
617.647094
1274.509887
1892.156860
2235.294189
2196.078369
1813.725463
1215.686279
382.352935
-421.568634
-1088.235351
-1745.098022
-2196.078369
-2401.960937
-2411.764648
-1411.764770
-617.647094
225.490203
911.764709
1539.215698
2088.235351
2352.941162
2431.372558
2107.843261
1686.274536
990.196105
166.666671
-539.215698
-1215.686279
-1901.960815
-2421.568603
-2264.705810
-1862.745117
-1235.294189
-411.764709
382.352935
1049.019653
1705.882324
2176.470703
2382.353027
2382.353027
2009.803955
1529.411743
813.725524
-29.411766
-715.686279
-1372.549072
-2000.000000
-2441.176513
-2156.862792
-1764.705932
-1107.843139
-274.509796
490.196075
1127.451049
2254.902099
2411.764648
2323.529541
1892.156860
1333.333374
568.627441
-264.705902
-1705.882324
-2156.862792
-2392.156982
-2431.372558
-1990.196166
-1519.607910
196.078430
872.549011
1519.607910
2078.431396
2343.137207
2392.156982
2088.235351
931.372558
107.843139
-607.843139
-1284.313720
-1941.176513
-2284.313720
-2431.372558
-2294.117675
-1852.941162
-1245.098022
500.000000
1098.039184
1774.509887
2205.882324
2421.568603
2352.941162
1950.980468
607.843139
-215.686279
-941.176513
-1539.215698
-2098.039306
-2362.745117
-2450.980468
-1558.823608
-852.941162
-9.803922
617.647094
1274.509887
1911.764770
2264.705810
2205.882324
1813.725463
1186.274536
362.745117
-431.372558
-1107.843139
-1764.705932
-2215.686279
-2411.764648
-2382.353027
-1960.784301
-1450.980468
-686.274536
166.666671
862.745117
1500.000000
2019.607910
2313.725585
2088.235351
1666.666748
980.392150
156.862747
-558.823547
-1225.490234
-1882.353027
-2431.372558
-2254.902099
-1852.941162
-1225.490234
-392.156860
431.372558
1088.235351
1705.882324
2156.862792
2392.156982
1931.372558
1411.764770
656.862731
-1000.000000
-1617.647094
-2147.058837
-2372.549072
-2431.372558
-2098.039306
-1607.843139
58.823532
715.686279
1392.156860
1970.588256
2274.509765
2421.568603
2245.098144
1117.647094
284.313720
-470.588256
-1147.058837
-1794.117675
-2254.902099
-2421.568603
-1901.960815
-1313.725463
-500.000000
274.509796
950.980407
1558.823608
2088.235351
2333.333496
2421.568603
2078.431396
872.549011
58.823532
-627.450988
-1294.117675
-1941.176513
-2284.313720
-2441.176513
-1813.725463
-1147.058837
-284.313720
490.196075
1137.254882
1823.529418
2205.882324
2401.960937
2362.745117
1911.764770
1421.568603
647.058837
-137.254898
-872.549011
-1500.000000
-2068.627441
-2333.333496
-2421.568603
-2137.254882
-1754.901977
-1088.235351
637.254943
1284.313720
1941.176513
2274.509765
2421.568603
2313.725585
1882.353027
362.745117
-421.568634
-1117.647094
-1754.901977
-2186.274658
-2421.568603
-2392.156982
-1392.156860
-568.627441
245.098037
921.568664
1549.019653
2088.235351
2362.745117
2039.215698
1558.823608
862.745117
19.607843
-656.862731
-1313.725463
-1960.784301
-2294.117675
-2441.176513
-2254.902099
-1156.862792
-294.117645
490.196075
1117.647094
1784.313720
2186.274658
2362.745117
1901.960815
1333.333374
549.019592
-264.705902
-980.392150
-1568.627441
-2127.450927
-2431.372558
-2039.215698
-1558.823608
-803.921569
29.411766
725.490234
1352.941162
1980.392211
2274.509765
2421.568603
1774.509887
1127.451049
284.313720
-1274.509887
-1921.568603
-2274.509765
-2421.568603
-2333.333496
-1901.960815
-1303.921630
411.764709
1068.627441
1735.294189
2225.490234
2401.960937
2421.568603
2000.000000
686.274536
-117.647064
-843.137268
-1480.392211
-2068.627441
-2333.333496
-2441.176513
-2127.450927
-1715.686279
-1058.823608
-196.078430
539.215698
1186.274536
1862.745117
2235.294189
2401.960937
2323.529541
1892.156860
1372.549072
588.235290
-215.686279
-1686.274536
-2156.862792
-2411.764648
-2411.764648
-2058.823486
-1558.823608
-813.725524
892.156860
1500.000000
2058.823486
2323.529541
2421.568603
2127.450927
1735.294189
176.470596
-568.627441
-1205.882324
-1901.960815
-2254.902099
-2450.980468
-2343.137207
-1245.098022
-431.372558
382.352935
1058.823608
1715.686279
2156.862792
2411.764648
2392.156982
2009.803955
1509.803955
-176.470596
-882.352966
-1519.607910
-2372.549072
-2421.568603
-2098.039306
-1637.254882
-950.980407
-107.843139
617.647094
2009.803955
2294.117675
2450.980468
2215.686279
1833.333374
1176.470581
362.745117
-1196.078491
-1852.941162
-2245.098144
-2441.176513
-2333.333496
-1911.764770
-1352.941162
-549.019592
274.509796
970.588256
2147.058837
2392.156982
2392.156982
2039.215698
1568.627441
852.941162
19.607843
-1431.372558
-2049.019531
-2343.137207
-2431.372558
-2127.450927
-1754.901977
-1098.039184
-264.705902
500.000000
1107.843139
1774.509887
2186.274658
2392.156982
2372.549072
1970.588256
1450.980468
705.882385
-107.843139
-1588.235351
-2107.843261
-2362.745117
-2450.980468
-2078.431396
-1637.254882
-921.568664
735.294128
1421.568603
2019.607910
2313.725585
2431.372558
2186.274658
1784.313720
1156.862792
333.333343
-460.784332
-1137.254882
-1794.117675
-2235.294189
-2421.568603
-2372.549072
-1941.176513
-1421.568603
-647.058837
1019.607849
1656.862792
2147.058837
2382.353027
2431.372558
2058.823486
1598.039184
872.549011
49.019607
-617.647094
-2000.000000
-2303.921630
-2450.980468
-2284.313720
-1156.862792
-313.725494
480.392150
1137.254882
1803.921630
2205.882324
2323.529541
1911.764770
1343.137329
578.431396
-245.098037
-950.980407
-1578.431396
-2411.764648
-2431.372558
-2058.823486
-1578.431396
-852.941162
-9.803922
637.254943
2019.607910
2313.725585
2411.764648
2176.470703
1803.921630
1176.470581
343.137268
-1196.078491
-1872.549072
-2254.902099
-2441.176513
-2333.333496
-1892.156860
-1343.137329
421.568634
1098.039184
1745.098022
2196.078369
2392.156982
2392.156982
1411.764770
666.666687
-176.470596
-862.745117
-1509.803955
-2098.039306
-2352.941162
-2107.843261
-1617.647094
-931.372558
-98.039215
617.647094
1254.901977
1892.156860
2421.568603
2235.294189
1833.333374
1225.490234
401.960784
-392.156860
-1078.431396
-2225.490234
-2431.372558
-2362.745117
-1941.176513
-1392.156860
-617.647094
186.274520
901.960815
1509.803955
2088.235351
2362.745117
2421.568603
2088.235351
1676.470581
1019.607849
176.470596
-549.019592
-1215.686279
-2294.117675
-2421.568603
-2274.509765
-1872.549072
-1274.509887
-441.176483
382.352935
1049.019653
1696.078491
2156.862792
2382.353027
1950.980468
1441.176513
696.078430
-117.647064
-823.529418
-1490.196166
-2372.549072
-2441.176513
-2098.039306
-1686.274536
-970.588256
-137.254898
598.039245
1970.588256
2264.705810
2411.764648
2264.705810
1843.137329
1235.294189
431.372558
-372.549041
-1068.627441
-1725.490234
-2196.078369
-2411.764648
-2411.764648
-2019.607910
-1529.411743
-745.098083
68.627449
745.098083
2068.627441
2333.333496
2421.568603
2107.843261
1735.294189
1088.235351
245.098037
-1284.313720
-1941.176513
-2303.921630
-2441.176513
-2284.313720
-1852.941162
-1245.098022
-441.176483
382.352935
1049.019653
2196.078369
2401.960937
2372.549072
1352.941162
568.627441
-245.098037
-931.372558
-1549.019653
-2127.450927
-2382.353027
-2088.235351
-1588.235351
-833.333374
0.000000
558.823547
1235.294189
1872.549072
2411.764648
2235.294189
1843.137329
1235.294189
431.372558
-362.745117
-1088.235351
-2225.490234
-2431.372558
-2372.549072
-1950.980468
-1431.372558
-647.058837
186.274520
892.156860
1480.392211
2078.431396
2343.137207
2431.372558
2107.843261
1705.882324
1029.411743
176.470596
-549.019592
-1205.882324
-2274.509765
-2421.568603
-2284.313720
-1872.549072
-1274.509887
-450.980407
352.941192
1764.705932
2205.882324
2401.960937
2392.156982
1960.784301
1441.176513
696.078430
-117.647064
-833.333374
-1480.392211
-2098.039306
-2352.941162
-2450.980468
-2117.647216
-1735.294189
-1078.431396
-205.882354
539.215698
1921.568603
2264.705810
2421.568603
2284.313720
1872.549072
1294.117675
500.000000
-274.509796
-980.392150
-1598.039184
-2392.156982
-2411.764648
-2029.411743
-1539.215698
166.666671
892.156860
1490.196166
2078.431396
2352.941162
2421.568603
1637.254882
941.176513
127.450981
-588.235290
-1254.901977
-1901.960815
-2294.117675
-2186.274658
-1823.529418
-1205.882324
-352.941192
460.784332
1117.647094
1764.705932
2215.686279
2392.156982
2382.353027
1362.745117
598.039245
-215.686279
-892.156860
-1529.411743
-2107.843261
-2382.353027
-2049.019531
-1588.235351
-862.745117
-9.803922
627.450988
1284.313720
1911.764770
2392.156982
2186.274658
1813.725463
1186.274536
362.745117
-441.176483
-1107.843139
-2264.705810
-2441.176513
-2343.137207
-1921.568603
-1372.549072
-588.235290
254.901962
941.176513
1578.431396
2078.431396
2411.764648
2068.627441
1568.627441
862.745117
9.803922
-598.039245
-1274.509887
-2284.313720
-2441.176513
-2205.882324
-1813.725463
-1176.470581
-333.333343
450.980407
1098.039184
1754.901977
2186.274658
2421.568603
2392.156982
1970.588256
1460.784301
705.882385
-98.039215
-774.509826
-1431.372558
-2362.745117
-2450.980468
-2117.647216
-1686.274536
-1009.803955
-117.647064
588.235290
1950.980468
2294.117675
2411.764648
2245.098144
1852.941162
1245.098022
441.176483
-372.549041
-1049.019653
-1696.078491
-2176.470703
-2431.372558
-2411.764648
-2009.803955
-1519.607910
-764.705871
49.019607
715.686279
2049.019531
2323.529541
2421.568603
2098.039306
1745.098022
1137.254882
284.313720
-1264.705932
-1911.764770
-2274.509765
-2441.176513
-2313.725585
-1882.353027
-1284.313720
-480.392150
362.745117
1009.803955
1666.666748
2156.862792
2401.960937
2421.568603
2039.215698
1529.411743
833.333374
0.000000
-1352.941162
-2000.000000
-2294.117675
-2441.176513
-2264.705810
-1882.353027
-1245.098022
470.588256
1137.254882
1774.509887
2186.274658
2401.960937
2362.745117
1941.176513
1441.176513
686.274536
-137.254898
-872.549011
-1490.196166
-2088.235351
-2362.745117
-2460.784423
-2117.647216
-1686.274536
-1000.000000
656.862731
1313.725463
1960.784301
2294.117675
2401.960937
2245.098144
1862.745117
1254.901977
460.784332
-362.745117
-1794.117675
-2215.686279
-2441.176513
-1911.764770
-1352.941162
-568.627441
284.313720
980.392150
1598.039184
2117.647216
2411.764648
2019.607910
1539.215698
843.137268
29.411766
-676.470581
-1333.333374
-2343.137207
-2450.980468
-2147.058837
-1784.313720
-1127.451049
-284.313720
470.588256
1901.960815
2254.902099
2421.568603
2313.725585
1882.353027
1352.941162
558.823547
-1068.627441
-1725.490234
-2186.274658
-2411.764648
-2421.568603
-1980.392211
-637.254943
215.686279
921.568664
1558.823608
2098.039306
2333.333496
2421.568603
1607.843139
892.156860
58.823532
-607.843139
-1274.509887
-1941.176513
-2294.117675
-2215.686279
-1803.921630
-1186.274536
-323.529418
450.980407
1098.039184
1774.509887
2401.960937
2343.137207
1911.764770
1392.156860
617.647094
-196.078430
-892.156860
-2127.450927
-2372.549072
-2441.176513
-2088.235351
-1607.843139
-892.156860
-78.431373
598.039245
1264.705932
1921.568603
2245.098144
2421.568603
2303.921630
1872.549072
1333.333374
529.411804
-303.921569
-1009.803955
-2186.274658
-2421.568603
-2401.960937
-2000.000000
-1549.019653
-803.921569
39.215686
1470.588256
2049.019531
2323.529541
2411.764648
2127.450927
1745.098022
1107.843139
264.705902
-480.392150
-1156.862792
-1823.529418
-2235.294189
-2421.568603
-2343.137207
-1941.176513
-1382.353027
-607.843139
235.294128
1666.666748
2156.862792
2362.745117
2401.960937
2029.411743
1549.019653
843.137268
29.411766
-666.666687
-1333.333374
-2333.333496
-2450.980468
-2156.862792
-1745.098022
-1117.647094
-274.509796
480.392150
1852.941162
2245.098144
2421.568603
1843.137329
1264.705932
441.176483
-362.745117
-1058.823608
-1715.686279
-2176.470703
-2382.353027
-1950.980468
-1421.568603
-666.666687
176.470596
872.549011
1509.803955
2352.941162
2421.568603
2068.627441
1637.254882
950.980407
137.254898
-588.235290
-1960.784301
-2313.725585
-2441.176513
-2225.490234
-1833.333374
-1205.882324
529.411804
1205.882324
1843.137329
2225.490234
2392.156982
2333.333496
1901.960815
500.000000
-274.509796
-950.980407
-1578.431396
-2127.450927
-2382.353027
-2441.176513
-1539.215698
-823.529418
29.411766
696.078430
1333.333374
1990.196166
2294.117675
2137.254882
1735.294189
1117.647094
274.509796
-500.000000
-1098.039184
-1764.705932
-2441.176513
-2372.549072
-1950.980468
-1382.353027
-568.627441
245.098037
921.568664
1549.019653
2088.235351
2352.941162
2049.019531
1558.823608
872.549011
-803.921569
-1441.176513
-2058.823486
-2343.137207
-2431.372558
-2117.647216
-1735.294189
-98.039215
588.235290
1245.098022
1872.549072
2254.902099
2431.372558
2343.137207
1245.098022
450.980407
-343.137268
-1039.215698
-1696.078491
-2156.862792
-2421.568603
-1970.588256
-1431.372558
-666.666687
156.862747
852.941162
1480.392211
2078.431396
2352.941162
2421.568603
2117.647216
1696.078491
1029.411743
196.078430
-529.411804
-1205.882324
-1882.353027
-2264.705810
-2421.568603
-1872.549072
-1284.313720
-431.372558
362.745117
1049.019653
1705.882324
2137.254882
2362.745117
2401.960937
2019.607910
686.274536
-137.254898
-843.137268
-1490.196166
-2352.941162
-2450.980468
-2107.843261
-1637.254882
-931.372558
-88.235298
1382.353027
1990.196166
2303.921630
2441.176513
2205.882324
1794.117675
1176.470581
-539.215698
-1215.686279
-1872.549072
-2264.705810
-2441.176513
-2362.745117
-1931.372558
-431.372558
372.549041
1049.019653
1686.274536
2166.666748
2401.960937
2421.568603
2029.411743
1539.215698
813.725524
-872.549011
-1500.000000
-2058.823486
-2362.745117
-2431.372558
-2127.450927
-1735.294189
-147.058822
598.039245
1245.098022
1882.353027
2274.509765
2401.960937
2323.529541
1901.960815
1333.333374
519.607849
-284.313720
-980.392150
-1607.843139
-2117.647216
-2392.156982
-2450.980468
-2068.627441
-1607.843139
98.039215
745.098083
1401.960815
2009.803955
2303.921630
2411.764648
2196.078369
1107.843139
264.705902
-500.000000
-1107.843139
-1774.509887
-2215.686279
-2431.372558
-1892.156860
-1352.941162
-549.019592
294.117645
960.784301
1588.235351
2362.745117
2382.353027
2029.411743
1549.019653
823.529418
9.803922
-637.254943
-2009.803955
-2313.725585
-2450.980468
-2196.078369
-1813.725463
-1166.666748
-303.921569
1245.098022
1901.960815
2284.313720
2421.568603
2323.529541
1872.549072
1343.137329
529.411804
-274.509796
-980.392150
-2156.862792
-2392.156982
-2431.372558
-2068.627441
-1539.215698
-774.509826
39.215686
1500.000000
2009.803955
2333.333496
2431.372558
2156.862792
1764.705932
1147.058837
-568.627441
-1245.098022
-1892.156860
-2274.509765
-2450.980468
-2323.529541
-1872.549072
-1294.117675
-480.392150
352.941192
1009.803955
1647.058837
2127.450927
2392.156982
2421.568603
2068.627441
1588.235351
852.941162
-843.137268
-1470.588256
-2078.431396
-2343.137207
-2431.372558
-2117.647216
-1715.686279
-1058.823608
-166.666671
549.019592
1196.078491
1843.137329
2235.294189
2411.764648
2323.529541
1921.568603
1352.941162
558.823547
-1058.823608
-1725.490234
-2186.274658
-2401.960937
-2392.156982
-2029.411743
-1509.803955
-754.901977
68.627449
745.098083
2058.823486
2323.529541
2421.568603
2127.450927
1735.294189
1117.647094
264.705902
-1274.509887
-1911.764770
-2284.313720
-2225.490234
-1813.725463
-1186.274536
-352.941192
460.784332
1127.451049
1764.705932
2411.764648
2333.333496
1921.568603
1382.353027
598.039245
-196.078430
-921.568664
-2147.058837
-2372.549072
-2421.568603
-2088.235351
-1598.039184
-911.764709
-49.019607
1382.353027
1990.196166
2303.921630
2411.764648
2166.666748
1803.921630
1166.666748
343.137268
-441.176483
-1127.451049
-1784.313720
-2215.686279
-2421.568603
-2372.549072
-1941.176513
-1421.568603
-656.862731
176.470596
1627.451049
2098.039306
2352.941162
2421.568603
2068.627441
1607.843139
911.764709
98.039215
-588.235290
-1254.901977
-1911.764770
-2264.705810
-2441.176513
-2333.333496
-1892.156860
-1313.725463
-470.588256
352.941192
1745.098022
2166.666748
2401.960937
2382.353027
2000.000000
1549.019653
833.333374
-852.941162
-1509.803955
-2078.431396
-2333.333496
-2450.980468
-2107.843261
-1696.078491
-49.019607
598.039245
1264.705932
1911.764770
2254.902099
2421.568603
2313.725585
1901.960815
1343.137329
500.000000
-1049.019653
-1696.078491
-2196.078369
-2382.353027
-1970.588256
-1431.372558
-686.274536
176.470596
862.745117
1490.196166
2362.745117
2411.764648
2117.647216
1656.862792
960.784301
137.254898
-607.843139
-1990.196166
-2313.725585
-2431.372558
-2205.882324
-1833.333374
-1186.274536
-352.941192
441.176483
1107.843139
1764.705932
2421.568603
2333.333496
1901.960815
1382.353027
598.039245
-225.490203
-941.176513
-1558.823608
-2117.647216
-2372.549072
-2431.372558
-2107.843261
-1637.254882
-950.980407
-127.450981
1392.156860
1990.196166
2294.117675
2421.568603
2166.666748
1794.117675
1186.274536
352.941192
-421.568634
-1117.647094
-1764.705932
-2215.686279
-2431.372558
-2401.960937
-1960.784301
-1431.372558
-676.470581
166.666671
1627.451049
2127.450927
2372.549072
2421.568603
2078.431396
1617.647094
941.176513
107.843139
-598.039245
-1264.705932
-2323.529541
-2441.176513
-2215.686279
-1068.627441
-245.098037
519.607849
1156.862792
1833.333374
2245.098144
2421.568603
1872.549072
1294.117675
539.215698
-294.117645
-990.196105
-1617.647094
-2117.647216
-2431.372558
-2019.607910
-1509.803955
-774.509826
39.215686
705.882385
1362.745117
2333.333496
2431.372558
2107.843261
1715.686279
1068.627441
254.901962
-500.000000
-1862.745117
-2274.509765
-2441.176513
-2333.333496
-1921.568603
-1313.725463
-519.607849
294.117645
980.392150
1588.235351
2117.647216
2372.549072
2421.568603
2098.039306
1637.254882
941.176513
117.647064
-598.039245
-1980.392211
-2294.117675
-2441.176513
-2205.882324
-1813.725463
-1186.274536
-333.333343
1196.078491
1862.745117
2235.294189
2431.372558
2343.137207
1892.156860
411.764709
-382.352935
-1058.823608
-1715.686279
-2186.274658
-2401.960937
-2411.764648
-1421.568603
-656.862731
186.274520
872.549011
1480.392211
2078.431396
2352.941162
2058.823486
1617.647094
950.980407
137.254898
-588.235290
-1264.705932
-1921.568603
-2274.509765
-2441.176513
-2294.117675
-1215.686279
-352.941192
431.372558
1078.431396
1754.901977
2176.470703
2401.960937
1921.568603
1401.960815
627.450988
-196.078430
-882.352966
-1509.803955
-2098.039306
-2450.980468
-2107.843261
-1617.647094
-911.764709
-68.627449
617.647094
1264.705932
2274.509765
2421.568603
2225.490234
1843.137329
1235.294189
392.156860
-372.549041
-1803.921630
-2235.294189
-2411.764648
-2362.745117
-1921.568603
-1401.960815
333.333343
1029.411743
1656.862792
2127.450927
2382.353027
2392.156982
2039.215698
725.490234
-88.235298
-764.705871
-1411.764770
-2039.215698
-2323.529541
-2441.176513
-1715.686279
-1019.607849
-147.058822
568.627441
1254.901977
1872.549072
2254.902099
2401.960937
2313.725585
1892.156860
460.784332
-352.941192
-1058.823608
-1686.274536
-2176.470703
-2421.568603
-2411.764648
-2009.803955
-1509.803955
-794.117675
68.627449
725.490234
1382.353027
2000.000000
2284.313720
2156.862792
1764.705932
1156.862792
333.333343
-450.980407
-1117.647094
-1764.705932
-2215.686279
-2431.372558
-2382.353027
-1950.980468
-1441.176513
-627.450988
196.078430
882.352966
1500.000000
2049.019531
2333.333496
2088.235351
1676.470581
990.196105
176.470596
-529.411804
-1225.490234
-1892.156860
-2421.568603
-2274.509765
-1852.941162
-1235.294189
-411.764709
372.549041
1039.215698
1705.882324
2147.058837
2392.156982
1941.176513
1431.372558
647.058837
-990.196105
-1617.647094
-2127.450927
-2382.353027
-2431.372558
-2078.431396
-1627.451049
78.431373
745.098083
1382.353027
1990.196166
2284.313720
2411.764648
2186.274658
1078.431396
235.294128
-509.803924
-1196.078491
-1843.137329
-2245.098144
-2411.764648
-1892.156860
-1294.117675
-460.784332
362.745117
1029.411743
1696.078491
2127.450927
2392.156982
2401.960937
2049.019531
715.686279
-98.039215
-803.921569
-1431.372558
-2049.019531
-2343.137207
-2450.980468
-2137.254882
-1754.901977
-1078.431396
-215.686279
519.607849
1176.470581
1852.941162
2215.686279
2401.960937
2333.333496
1901.960815
1362.745117
607.843139
-215.686279
-931.372558
-1549.019653
-2098.039306
-2352.941162
-2460.784423
-1578.431396
-882.352966
-29.411766
647.058837
1323.529418
1931.372558
2303.921630
2127.450927
1764.705932
1147.058837
303.921569
-470.588256
-1117.647094
-1803.921630
-2215.686279
-2392.156982
-2382.353027
-1362.745117
-549.019592
294.117645
970.588256
1578.431396
2107.843261
2362.745117
2009.803955
1539.215698
813.725524
0.000000
-588.235290
-1245.098022
-1901.960815
-2431.372558
-2235.294189
-1823.529418
-1215.686279
-362.745117
441.176483
1107.843139
1745.098022
2176.470703
2382.353027
2392.156982
1980.392211
1460.784301
745.098083
-58.823532
-764.705871
-1421.568603
-2019.607910
-2450.980468
-2117.647216
-1705.882324
-1039.215698
-176.470596
549.019592
1215.686279
2284.313720
2392.156982
2254.902099
1852.941162
1254.901977
450.980407
-352.941192
-1774.509887
-2215.686279
-2421.568603
-2411.764648
-1970.588256
-1450.980468
284.313720
980.392150
1598.039184
2107.843261
2362.745117
2431.372558
2078.431396
833.333374
0.000000
-588.235290
-1245.098022
-1892.156860
-2264.705810
-2441.176513
-1852.941162
-1225.490234
-382.352935
411.764709
1078.431396
1696.078491
2176.470703
2362.745117
1921.568603
1401.960815
656.862731
-166.666671
-872.549011
-1529.411743
-2098.039306
-2362.745117
-2441.176513
-1617.647094
-921.568664
-78.431373
627.450988
1264.705932
1901.960815
2264.705810
2411.764648
2323.529541
1901.960815
1343.137329
529.411804
-284.313720
-980.392150
-1607.843139
-2401.960937
-2431.372558
-2029.411743
-1529.411743
-794.117675
68.627449
725.490234
2058.823486
2313.725585
2421.568603
2117.647216
1735.294189
1098.039184
274.509796
-500.000000
-1107.843139
-1764.705932
-2196.078369
-2411.764648
-2392.156982
-1970.588256
-1441.176513
-647.058837
176.470596
862.745117
2088.235351
2352.941162
2441.176513
2078.431396
1607.843139
911.764709
117.647064
-1382.353027
-2019.607910
-2313.725585
-2421.568603
-2176.470703
-1803.921630
-1166.666748
-343.137268
460.784332
1107.843139
2225.490234
2421.568603
2343.137207
1284.313720
480.392150
-303.921569
-1029.411743
-1666.666748
-2156.862792
-2401.960937
-1970.588256
-1460.784301
-705.882385
117.647064
823.529418
1450.980468
2039.215698
2313.725585
2431.372558
2117.647216
970.588256
147.058822
-568.627441
-1235.294189
-1901.960815
-2264.705810
-2431.372558
-1862.745117
-1225.490234
-372.549041
421.568634
1078.431396
1715.686279
2156.862792
2372.549072
1901.960815
1392.156860
647.058837
-176.470596
-862.745117
-1490.196166
-2107.843261
-2352.941162
-2441.176513
-1617.647094
-901.960815
-98.039215
607.843139
1274.509887
1882.353027
2245.098144
2215.686279
1823.529418
1225.490234
401.960784
-382.352935
-1098.039184
-1745.098022
-2421.568603
-2372.549072
-1941.176513
-1441.176513
-666.666687
196.078430
892.156860
1509.803955
2068.627441
2333.333496
2411.764648
2098.039306
1705.882324
1058.823608
196.078430
-519.607849
-1176.470581
-1843.137329
-2450.980468
-2284.313720
-1872.549072
-1254.901977
-441.176483
372.549041
1049.019653
1696.078491
2166.666748
2401.960937
2411.764648
2009.803955
1519.607910
803.921569
0.000000
-588.235290
-1254.901977
-1901.960815
-2411.764648
-2215.686279
-1852.941162
-1225.490234
-372.549041
411.764709
1068.627441
2225.490234
2382.353027
2362.745117
1931.372558
1382.353027
627.450988
-176.470596
-901.960815
-1519.607910
-2107.843261
-2431.372558
-2088.235351
-1617.647094
-892.156860
-88.235298
617.647094
1264.705932
2294.117675
2411.764648
2205.882324
1823.529418
1205.882324
382.352935
-401.960784
-1823.529418
-2235.294189
-2441.176513
-2362.745117
-1931.372558
-1392.156860
-607.843139
225.490203
921.568664
1549.019653
2352.941162
2421.568603
2058.823486
774.509826
-49.019607
-725.490234
-1382.353027
-2019.607910
-2303.921630
-2431.372558
-1735.294189
-1068.627441
-186.274520
549.019592
1186.274536
1872.549072
2245.098144
2274.509765
1872.549072
1303.921630
480.392150
-343.137268
-1019.607849
-1676.470581
-2411.764648
-2411.764648
-1960.784301
-1470.588256
-725.490234
127.450981
813.725524
1441.176513
2058.823486
2352.941162
2431.372558
2088.235351
1725.490234
1088.235351
264.705902
-490.196075
-1156.862792
-1823.529418
-2431.372558
-2323.529541
-1892.156860
-1303.921630
-500.000000
284.313720
980.392150
2137.254882
2372.549072
2441.176513
2039.215698
1558.823608
823.529418
19.607843
-637.254943
-1333.333374
-1960.784301
-2431.372558
-2156.862792
-1764.705932
-156.862747
558.823547
1225.490234
1852.941162
2235.294189
2401.960937
2333.333496
1254.901977
421.568634
-362.745117
-1058.823608
-1725.490234
-2176.470703
-2421.568603
-1970.588256
-1421.568603
-656.862731
205.882354
862.745117
1490.196166
2088.235351
2421.568603
2088.235351
1598.039184
911.764709
107.843139
-637.254943
-1284.313720
-2303.921630
-2441.176513
-2186.274658
-1813.725463
-1166.666748
-303.921569
1245.098022
1892.156860
2264.705810
2411.764648
2323.529541
1882.353027
1333.333374
-382.352935
-1078.431396
-1745.098022
-2196.078369
-2421.568603
-2431.372558
-2000.000000
-705.882385
127.450981
823.529418
1441.176513
2049.019531
2343.137207
2431.372558
1666.666748
990.196105
176.470596
-568.627441
-1235.294189
-1882.353027
-2245.098144
-2421.568603
-2333.333496
-1901.960815
-401.960784
372.549041
1049.019653
1686.274536
2166.666748
2401.960937
2401.960937
2009.803955
1539.215698
803.921569
-29.411766
-705.882385
-1362.745117
-2009.803955
-2333.333496
-2421.568603
-2205.882324
-1803.921630
-215.686279
539.215698
1205.882324
1843.137329
2245.098144
2401.960937
2333.333496
1313.725463
470.588256
-352.941192
-1039.215698
-1696.078491
-2166.666748
-2411.764648
-1970.588256
-1460.784301
-705.882385
147.058822
862.745117
1470.588256
2343.137207
2411.764648
2078.431396
1656.862792
970.588256
137.254898
-588.235290
-1970.588256
-2303.921630
-2450.980468
-2264.705810
-1872.549072
-1245.098022
-411.764709
1166.666748
1794.117675
2225.490234
2382.353027
2343.137207
1921.568603
1392.156860
-313.725494
-1000.000000
-1617.647094
-2127.450927
-2382.353027
-2441.176513
-2068.627441
-803.921569
58.823532
735.294128
1411.764770
2019.607910
2294.117675
2117.647216
1754.901977
1107.843139
284.313720
-500.000000
-1107.843139
-1774.509887
-2411.764648
-2333.333496
-1911.764770
-1352.941162
-568.627441
294.117645
990.196105
2127.450927
2372.549072
2401.960937
2029.411743
1549.019653
843.137268
9.803922
-1392.156860
-1990.196166
-2333.333496
-2441.176513
-2176.470703
-1784.313720
-1147.058837
-284.313720
490.196075
1137.254882
2245.098144
2411.764648
2303.921630
1882.353027
1352.941162
558.823547
-245.098037
-931.372558
-1568.627441
-2117.647216
-2382.353027
-2441.176513
-2088.235351
-1627.451049
-931.372558
764.705871
1401.960815
2000.000000
2274.509765
2431.372558
2225.490234
1843.137329
274.509796
-490.196075
-1156.862792
-1823.529418
-2264.705810
-2401.960937
-2362.745117
-1931.372558
-1421.568603
-627.450988
215.686279
911.764709
1519.607910
2088.235351
2333.333496
2401.960937
2098.039306
1696.078491
58.823532
-627.450988
-1284.313720
-1931.372558
-2303.921630
-2450.980468
-2294.117675
-1196.078491
-362.745117
450.980407
1098.039184
1754.901977
2186.274658
2382.353027
2392.156982
1980.392211
1470.588256
725.490234
-78.431373
-794.117675
-1441.176513
-2068.627441
-2323.529541
-2450.980468
-2127.450927
-990.196105
-176.470596
558.823547
1196.078491
1862.745117
2225.490234
2392.156982
2352.941162
1921.568603
1362.745117
-382.352935
-1068.627441
-1735.294189
-2431.372558
-2382.353027
-1941.176513
-1411.764770
-627.450988
205.882354
901.960815
2107.843261
2362.745117
2431.372558
2049.019531
1627.451049
921.568664
98.039215
-1362.745117
-2000.000000
-2284.313720
-2431.372558
-2254.902099
-1862.745117
-1235.294189
500.000000
1107.843139
1754.901977
2176.470703
2392.156982
2401.960937
1980.392211
1470.588256
715.686279
-107.843139
-1568.627441
-2127.450927
-2382.353027
-2431.372558
-2078.431396
-1647.058837
-931.372558
-78.431373
627.450988
1264.705932
1921.568603
2254.902099
2392.156982
2294.117675
1882.353027
411.764709
-382.352935
-1068.627441
-1735.294189
-2196.078369
-2421.568603
-2411.764648
-1411.764770
-627.450988
196.078430
882.352966
1509.803955
2098.039306
2431.372558
2088.235351
1627.451049
960.784301
117.647064
-598.039245
-1264.705932
-2313.725585
-2441.176513
-2215.686279
-1803.921630
-1176.470581
-343.137268
450.980407
1823.529418
2215.686279
2392.156982
2313.725585
1931.372558
1392.156860
598.039245
-1019.607849
-1705.882324
-2186.274658
-2411.764648
-2421.568603
-2029.411743
-1529.411743
-774.509826
68.627449
745.098083
2039.215698
2323.529541
2401.960937
2117.647216
1735.294189
1107.843139
225.490203
-1303.921630
-1931.372558
-2313.725585
-2450.980468
-2274.509765
-1872.549072
-1264.705932
-431.372558
372.549041
1029.411743
1686.274536
2166.666748
2382.353027
2411.764648
2029.411743
1529.411743
823.529418
-19.607843
-1460.784301
-2068.627441
-2343.137207
-2450.980468
-2127.450927
-1745.098022
-1068.627441
-235.294128
519.607849
1176.470581
2274.509765
2411.764648
2274.509765
1872.549072
1294.117675
519.607849
-303.921569
-1725.490234
-2176.470703
-2401.960937
-2421.568603
-2000.000000
-1539.215698
-794.117675
882.352966
1490.196166
2078.431396
2352.941162
2431.372558
2088.235351
911.764709
98.039215
-598.039245
-1245.098022
-1901.960815
-2264.705810
-2441.176513
-1852.941162
-1215.686279
-382.352935
421.568634
1068.627441
1725.490234
2196.078369
2333.333496
1901.960815
1401.960815
647.058837
-196.078430
-882.352966
-1529.411743
-2382.353027
-2450.980468
-2088.235351
-1607.843139
-872.549011
-39.215686
637.254943
2019.607910
2333.333496
2421.568603
2186.274658
1774.509887
1166.666748
343.137268
-431.372558
-1137.254882
-1774.509887
-2421.568603
-2343.137207
-1921.568603
-460.784332
362.745117
1049.019653
1676.470581
2156.862792
2392.156982
2421.568603
1470.588256
705.882385
-88.235298
-794.117675
-1441.176513
-2049.019531
-2323.529541
-2117.647216
-1656.862792
-980.392150
-156.862747
558.823547
1215.686279
1892.156860
2254.902099
2411.764648
2323.529541
1245.098022
450.980407
-352.941192
-1039.215698
-1696.078491
-2186.274658
-2382.353027
-1980.392211
-1431.372558
-656.862731
166.666671
862.745117
1490.196166
2078.431396
2323.529541
2441.176513
2098.039306
941.176513
127.450981
-617.647094
-1274.509887
-2284.313720
-2450.980468
-2225.490234
-1843.137329
-1205.882324
-352.941192
450.980407
1088.235351
1745.098022
2176.470703
2382.353027
2401.960937
1970.588256
637.254943
-186.274520
-911.764709
-1519.607910
-2382.353027
-2441.176513
-2088.235351
-1617.647094
-921.568664
-68.627449
1392.156860
2000.000000
2294.117675
2411.764648
2235.294189
1843.137329
1225.490234
-529.411804
-1166.666748
-1843.137329
-2245.098144
-2401.960937
-2343.137207
-1921.568603
-490.196075
323.529418
1000.000000
1617.647094
2098.039306
2382.353027
2411.764648
1549.019653
833.333374
-9.803922
-656.862731
-1323.529418
-1970.588256
-2303.921630
-2441.176513
-2254.902099
-1852.941162
-1205.882324
-382.352935
421.568634
1078.431396
1735.294189
2205.882324
2411.764648
2382.353027
1421.568603
656.862731
-166.666671
-892.156860
-1539.215698
-2098.039306
-2352.941162
-2068.627441
-1617.647094
-911.764709
-98.039215
607.843139
1284.313720
1921.568603
2264.705810
2431.372558
2323.529541
1882.353027
1303.921630
500.000000
-245.098037
-921.568664
-1549.019653
-2107.843261
-2372.549072
-2078.431396
-1598.039184
-843.137268
0.000000
549.019592
1205.882324
1862.745117
2421.568603
2254.902099
1852.941162
1245.098022
450.980407
-352.941192
-1039.215698
-2225.490234
-2421.568603
-2401.960937
-1970.588256
-1450.980468
-705.882385
147.058822
833.333374
1470.588256
2068.627441
2441.176513
2078.431396
1637.254882
-9.803922
-656.862731
-1343.137329
-1980.392211
-2284.313720
-2421.568603
-2225.490234
-1098.039184
-254.901962
480.392150
1127.451049
1794.117675
2205.882324
2431.372558
1882.353027
1333.333374
539.215698
-284.313720
-980.392150
-1607.843139
-2127.450927
-2431.372558
-2019.607910
-1529.411743
-784.313720
58.823532
735.294128
1343.137329
1990.196166
2303.921630
2421.568603
2215.686279
1823.529418
1176.470581
372.549041
-441.176483
-1098.039184
-1745.098022
-2205.882324
-2343.137207
-1921.568603
-1382.353027
-578.431396
254.901962
931.372558
1549.019653
2382.353027
2441.176513
2068.627441
1598.039184
872.549011
68.627449
-627.450988
-1313.725463
-1931.372558
-2294.117675
-2156.862792
-1784.313720
-1166.666748
578.431396
1235.294189
1862.745117
2254.902099
2411.764648
2343.137207
1911.764770
441.176483
-372.549041
-1058.823608
-1705.882324
-2176.470703
-2401.960937
-2401.960937
-1480.392211
-686.274536
176.470596
843.137268
1470.588256
2049.019531
2323.529541
2098.039306
1656.862792
960.784301
156.862747
-568.627441
-1245.098022
-1862.745117
-2254.902099
-2431.372558
-2343.137207
-1901.960815
-1313.725463
-509.803924
323.529418
990.196105
1617.647094
2137.254882
2392.156982
2019.607910
1519.607910
823.529418
-9.803922
-676.470581
-1323.529418
-1980.392211
-2441.176513
-2166.666748
-1774.509887
-1127.451049
-274.509796
480.392150
1127.451049
1794.117675
2225.490234
2411.764648
2372.549072
1921.568603
1431.372558
647.058837
-156.862747
-882.352966
-1519.607910
-2088.235351
-2441.176513
-2088.235351
-1617.647094
-950.980407
-88.235298
598.039245
1274.509887
2284.313720
2401.960937
2235.294189
1823.529418
1235.294189
411.764709
-382.352935
-1068.627441
-1725.490234
-2176.470703
-2362.745117
-1941.176513
-1411.764770
-637.254943
205.882354
892.156860
1529.411743
2372.549072
2411.764648
2058.823486
1617.647094
911.764709
127.450981
-617.647094
-1264.705932
-1921.568603
-2294.117675
-2186.274658
-1813.725463
-1166.666748
578.431396
1235.294189
1872.549072
2235.294189
2401.960937
2294.117675
1892.156860
431.372558
-372.549041
-1049.019653
-1705.882324
-2176.470703
-2401.960937
-2411.764648
-1470.588256
-686.274536
156.862747
872.549011
1500.000000
2019.607910
2323.529541
2088.235351
1686.274536
1019.607849
176.470596
-558.823547
-1235.294189
-1892.156860
-2431.372558
-2254.902099
-1862.745117
-1245.098022
-411.764709
401.960784
1784.313720
2205.882324
2392.156982
2382.353027
1950.980468
1450.980468
676.470581
-980.392150
-1598.039184
-2127.450927
-2362.745117
-2411.764648
-2088.235351
-1627.451049
58.823532
725.490234
1401.960815
2009.803955
2274.509765
2431.372558
2196.078369
1117.647094
274.509796
-490.196075
-1166.666748
-1823.529418
-2235.294189
-2441.176513
-1882.353027
-1313.725463
-490.196075
323.529418
1009.803955
1656.862792
2127.450927
2372.549072
2411.764648
2049.019531
754.901977
-68.627449
-745.098083
-1392.156860
-2009.803955
-2323.529541
-2441.176513
-1735.294189
-1049.019653
-196.078430
558.823547
1205.882324
1872.549072
2411.764648
2274.509765
1892.156860
1294.117675
470.588256
-333.333343
-1019.607849
-2205.882324
-2411.764648
-2382.353027
-1970.588256
-1441.176513
-686.274536
166.666671
1607.843139
2098.039306
2352.941162
2401.960937
2068.627441
1637.254882
921.568664
-764.705871
-1411.764770
-2039.215698
-2343.137207
-2421.568603
-2156.862792
-1029.411743
-166.666671
568.627441
1225.490234
1862.745117
2235.294189
2401.960937
1843.137329
1225.490234
441.176483
-362.745117
-1058.823608
-1715.686279
-2186.274658
-2401.960937
-2411.764648
-2009.803955
-666.666687
186.274520
862.745117
1509.803955
2058.823486
2343.137207
2411.764648
1637.254882
950.980407
156.862747
-568.627441
-1254.901977
-1911.764770
-2274.509765
-2235.294189
-1843.137329
-1215.686279
-352.941192
460.784332
1098.039184
1735.294189
2401.960937
2352.941162
1921.568603
1392.156860
598.039245
-196.078430
-901.960815
-1519.607910
-2088.235351
-2352.941162
-2078.431396
-1617.647094
-911.764709
-68.627449
627.450988
1264.705932
1931.372558
2411.764648
2176.470703
1833.333374
1215.686279
372.549041
-401.960784
-1088.235351
-1754.901977
-2196.078369
-2431.372558
-1941.176513
-1382.353027
-588.235290
1058.823608
1676.470581
2156.862792
2372.549072
2401.960937
2049.019531
1558.823608
-137.254898
-862.745117
-1509.803955
-2088.235351
-2352.941162
-2441.176513
-2107.843261
-911.764709
-68.627449
617.647094
1274.509887
1892.156860
2225.490234
2401.960937
1843.137329
1245.098022
431.372558
-382.352935
-1058.823608
-1725.490234
-2196.078369
-2372.549072
-1960.784301
-1421.568603
-656.862731
186.274520
882.352966
1519.607910
2078.431396
2343.137207
2411.764648
1656.862792
941.176513
127.450981
-607.843139
-1274.509887
-1931.372558
-2274.509765
-2186.274658
-1823.529418
-1205.882324
-333.333343
441.176483
1107.843139
2235.294189
2411.764648
2343.137207
1911.764770
1382.353027
598.039245
-215.686279
-1666.666748
-2156.862792
-2392.156982
-2411.764648
-2049.019531
-1568.627441
-803.921569
29.411766
715.686279
1343.137329
2303.921630
2411.764648
2137.254882
1764.705932
1127.451049
303.921569
-470.588256
-1901.960815
-2284.313720
-2431.372558
-2343.137207
-1921.568603
-1333.333374
-500.000000
1068.627441
1705.882324
2166.666748
2392.156982
2401.960937
2009.803955
1539.215698
-186.274520
-901.960815
-1529.411743
-2107.843261
-2372.549072
-2450.980468
-2107.843261
-1686.274536
-1000.000000
-196.078430
1323.529418
1950.980468
2284.313720
2421.568603
2245.098144
1862.745117
1254.901977
470.588256
-372.549041
-1039.215698
-1705.882324
-2196.078369
-2401.960937
-2421.568603
-2009.803955
-1509.803955
-764.705871
49.019607
1470.588256
2058.823486
2372.549072
2431.372558
2098.039306
1705.882324
1068.627441
-637.254943
-1323.529418
-1950.980468
-2294.117675
-2450.980468
-2264.705810
-1843.137329
-313.725494
470.588256
1107.843139
1803.921630
2235.294189
2411.764648
1892.156860
1343.137329
549.019592
-245.098037
-970.588256
-1598.039184
-2137.254882
-2431.372558
-2029.411743
-1539.215698
-794.117675
39.215686
696.078430
1352.941162
2333.333496
2421.568603
2127.450927
1754.901977
1117.647094
313.725494
-470.588256
-1901.960815
-2235.294189
-2431.372558
-2343.137207
-1911.764770
-1323.529418
-509.803924
303.921569
990.196105
1607.843139
2117.647216
2372.549072
2441.176513
2078.431396
1598.039184
901.960815
107.843139
-627.450988
-2000.000000
-2294.117675
-2460.784423
-2245.098144
-1843.137329
-1245.098022
-411.764709
1156.862792
1823.529418
2215.686279
2421.568603
2362.745117
1911.764770
1382.353027
627.450988
-186.274520
-911.764709
-1539.215698
-2098.039306
-2362.745117
-2421.568603
-2107.843261
-1676.470581
-970.588256
-147.058822
1382.353027
1980.392211
2274.509765
2401.960937
2235.294189
1813.725463
1225.490234
392.156860
-392.156860
-1068.627441
-1715.686279
-2205.882324
-2411.764648
-2421.568603
-2000.000000
-1529.411743
-784.313720
58.823532
715.686279
1362.745117
1970.588256
2421.568603
2117.647216
1725.490234
1117.647094
245.098037
-480.392150
-1147.058837
-2254.902099
-2401.960937
-2333.333496
-1901.960815
-1333.333374
-509.803924
333.333343
1735.294189
2166.666748
2401.960937
2401.960937
2000.000000
1549.019653
823.529418
-862.745117
-1500.000000
-2058.823486
-2333.333496
-2431.372558
-2127.450927
-1754.901977
-1088.235351
-215.686279
529.411804
1176.470581
1823.529418
2225.490234
2421.568603
2333.333496
1901.960815
1382.353027
598.039245
-1029.411743
-1696.078491
-2176.470703
-2411.764648
-2421.568603
-2009.803955
-1558.823608
-813.725524
29.411766
705.882385
1362.745117
2000.000000
2274.509765
2421.568603
2294.117675
1862.745117
1254.901977
450.980407
-1127.451049
-1794.117675
-2225.490234
-2441.176513
-2382.353027
-1941.176513
-1411.764770
313.725494
1000.000000
1607.843139
2107.843261
2362.745117
2431.372558
2088.235351
833.333374
-9.803922
-647.058837
-1333.333374
-1980.392211
-2294.117675
-2421.568603
-1764.705932
-1107.843139
-274.509796
500.000000
1117.647094
1754.901977
2196.078369
2382.353027
2392.156982
1970.588256
598.039245
-225.490203
-911.764709
-2137.254882
-2382.353027
-2431.372558
-2088.235351
-1617.647094
-911.764709
-68.627449
1401.960815
1990.196166
2323.529541
2401.960937
2186.274658
1803.921630
1166.666748
-549.019592
-1215.686279
-1901.960815
-2254.902099
-2441.176513
-2333.333496
-1901.960815
-411.764709
392.156860
1058.823608
1696.078491
2137.254882
2382.353027
1931.372558
1431.372558
676.470581
-127.450981
-852.941162
-1480.392211
-2088.235351
-2441.176513
-2068.627441
-1637.254882
-921.568664
-98.039215
598.039245
1245.098022
2284.313720
2431.372558
2264.705810
1872.549072
1254.901977
480.392150
-333.333343
-1774.509887
-2215.686279
-2392.156982
-2411.764648
-1941.176513
-1460.784301
-696.078430
990.196105
1598.039184
2127.450927
2372.549072
2421.568603
2068.627441
1627.451049
960.784301
137.254898
-578.431396
-1254.901977
-1911.764770
-2274.509765
-2450.980468
-2333.333496
-1901.960815
-1303.921630
-480.392150
1117.647094
1764.705932
2186.274658
2372.549072
2382.353027
1960.784301
1460.784301
725.490234
-78.431373
-774.509826
-1431.372558
-2039.215698
-2333.333496
-2411.764648
-2137.254882
-1745.098022
-1088.235351
-245.098037
1284.313720
1921.568603
2274.509765
2431.372558
2264.705810
1882.353027
1294.117675
500.000000
-264.705902
-960.784301
-1588.235351
-2147.058837
-2382.353027
-2431.372558
-2098.039306
-1647.058837
-941.176513
-98.039215
1372.549072
1970.588256
2303.921630
2411.764648
2196.078369
1823.529418
1215.686279
-529.411804
-1186.274536
-1862.745117
-2264.705810
-2421.568603
-2333.333496
-1901.960815
-450.980407
352.941192
1039.215698
1705.882324
2137.254882
2372.549072
1960.784301
1441.176513
686.274536
-117.647064
-852.941162
-1500.000000
-2058.823486
-2431.372558
-2107.843261
-1666.666748
-1000.000000
-196.078430
529.411804
1215.686279
2264.705810
2411.764648
2284.313720
1872.549072
1313.725463
490.196075
-333.333343
-1019.607849
-1676.470581
-2137.254882
-2392.156982
-1980.392211
-1460.784301
-715.686279
137.254898
843.137268
1460.784301
2333.333496
2411.764648
2098.039306
1656.862792
1000.000000
215.686279
-529.411804
-1931.372558
-2294.117675
-2431.372558
-2284.313720
-1862.745117
-1264.705932
-450.980407
1147.058837
1784.313720
2215.686279
2382.353027
2362.745117
1931.372558
1431.372558
676.470581
-147.058822
-852.941162
-2117.647216
-2372.549072
-2450.980468
-2107.843261
-1637.254882
-950.980407
-127.450981
1401.960815
2029.411743
2313.725585
2421.568603
2196.078369
1803.921630
1186.274536
372.549041
-431.372558
-1117.647094
-1764.705932
-2205.882324
-2431.372558
-2392.156982
-1970.588256
-1431.372558
-676.470581
147.058822
1598.039184
2127.450927
2362.745117
2421.568603
2107.843261
1607.843139
901.960815
117.647064
-627.450988
-1274.509887
-1911.764770
-2294.117675
-2411.764648
-2294.117675
-1872.549072
-1284.313720
-450.980407
352.941192
1754.901977
2176.470703
2401.960937
2382.353027
1980.392211
1490.196166
705.882385
-941.176513
-1588.235351
-2117.647216
-2382.353027
-2411.764648
-2098.039306
-833.333374
-9.803922
656.862731
1313.725463
1931.372558
2264.705810
2401.960937
1803.921630
1176.470581
343.137268
-441.176483
-1117.647094
-1774.509887
-2215.686279
-2343.137207
-1911.764770
-1372.549072
-539.215698
294.117645
960.784301
1588.235351
2382.353027
2401.960937
2039.215698
1519.607910
794.117675
9.803922
-627.450988
-2019.607910
-2323.529541
-2421.568603
-2176.470703
-1803.921630
-1176.470581
-352.941192
1215.686279
1852.941162
2235.294189
2411.764648
2313.725585
1892.156860
441.176483
-362.745117
-1039.215698
-1735.294189
-2186.274658
-2411.764648
-2401.960937
-1421.568603
-647.058837
205.882354
882.352966
1500.000000
2058.823486
2323.529541
2098.039306
1676.470581
1019.607849
147.058822
-568.627441
-1225.490234
-1882.353027
-2431.372558
-2245.098144
-1833.333374
-1225.490234
-392.156860
411.764709
1068.627441
1735.294189
2196.078369
2382.353027
2392.156982
1990.196166
1480.392211
774.509826
-49.019607
-725.490234
-1392.156860
-2009.803955
-2441.176513
-2137.254882
-1725.490234
-1068.627441
-186.274520
549.019592
1186.274536
2264.705810
2401.960937
2264.705810
1852.941162
1264.705932
480.392150
-343.137268
-1049.019653
-1686.274536
-2176.470703
-2421.568603
-1980.392211
-1441.176513
-686.274536
156.862747
852.941162
1470.588256
2000.000000
2274.509765
2421.568603
2156.862792
1774.509887
1127.451049
294.117645
-470.588256
-1137.254882
-1794.117675
-2245.098144
-2343.137207
-1882.353027
-1313.725463
-500.000000
264.705902
941.176513
1568.627441
2362.745117
2421.568603
2039.215698
1568.627441
843.137268
19.607843
-666.666687
-1333.333374
-1970.588256
-2294.117675
-2156.862792
-1774.509887
-1107.843139
-254.901962
500.000000
1088.235351
1774.509887
2401.960937
2343.137207
1911.764770
1392.156860
617.647094
-196.078430
-892.156860
-2137.254882
-2382.353027
-2441.176513
-2088.235351
-1598.039184
-892.156860
-39.215686
1431.372558
2029.411743
2313.725585
2421.568603
2137.254882
1764.705932
166.666671
-558.823547
-1215.686279
-1872.549072
-2284.313720
-2441.176513
-2333.333496
-1225.490234
-411.764709
382.352935
1029.411743
1715.686279
2156.862792
2392.156982
1950.980468
1450.980468
686.274536
-137.254898
-852.941162
-1509.803955
-2098.039306
-2441.176513
-2107.843261
-1647.058837
-941.176513
-107.843139
637.254943
1254.901977
1921.568603
2274.509765
2411.764648
1823.529418
1205.882324
382.352935
-431.372558
-1088.235351
-1745.098022
-2205.882324
-2352.941162
-1931.372558
-1382.353027
-598.039245
215.686279
911.764709
1539.215698
2088.235351
2362.745117
2431.372558
2088.235351
1647.058837
960.784301
176.470596
-549.019592
-1205.882324
-1892.156860
-2264.705810
-2274.509765
-1862.745117
-1254.901977
-421.568634
401.960784
1049.019653
1686.274536
2156.862792
2382.353027
2431.372558
1990.196166
1519.607910
764.705871
-29.411766
-715.686279
-1401.960815
-2000.000000
-2303.921630
-2176.470703
-1774.509887
-1147.058837
-294.117645
480.392150
1127.451049
1794.117675
2392.156982
2294.117675
1872.549072
1352.941162
558.823547
-264.705902
-980.392150
-2156.862792
-2392.156982
-2411.764648
-2029.411743
-1519.607910
-813.725524
39.215686
725.490234
1362.745117
1990.196166
2401.960937
2117.647216
1735.294189
127.450981
-588.235290
-1245.098022
-1901.960815
-2264.705810
-2431.372558
-2323.529541
-1215.686279
-382.352935
421.568634
1088.235351
1754.901977
2176.470703
2382.353027
1931.372558
1431.372558
656.862731
-186.274520
-892.156860
-1509.803955
-2098.039306
-2343.137207
-2431.372558
-2107.843261
-901.960815
-58.823532
637.254943
1264.705932
1921.568603
2274.509765
2441.176513
1823.529418
1176.470581
382.352935
-411.764709
-1078.431396
-1754.901977
-2186.274658
-2372.549072
-1931.372558
-1372.549072
-607.843139
245.098037
931.372558
1539.215698
2088.235351
2352.941162
2441.176513
1588.235351
862.745117
39.215686
-656.862731
-1313.725463
-1970.588256
-2294.117675
-2196.078369
-1803.921630
-1176.470581
-303.921569
480.392150
1117.647094
1745.098022
2186.274658
2401.960937
2401.960937
1372.549072
588.235290
-215.686279
-1656.862792
-2117.647216
-2401.960937
-2441.176513
-2058.823486
-1549.019653
-833.333374
862.745117
1480.392211
2068.627441
2333.333496
2421.568603
2098.039306
1686.274536
88.235298
-588.235290
-1274.509887
-1911.764770
-2294.117675
-2450.980468
-2323.529541
-1882.353027
-1294.117675
-460.784332
1137.254882
1794.117675
2225.490234
2294.117675
1872.549072
1343.137329
549.019592
-254.901962
-980.392150
-1588.235351
-2421.568603
-2431.372558
-2019.607910
-1529.411743
-813.725524
29.411766
715.686279
2049.019531
2323.529541
2411.764648
2117.647216
1754.901977
1098.039184
284.313720
-1245.098022
-1911.764770
-2274.509765
-2441.176513
-2313.725585
-1892.156860
-1284.313720
441.176483
1107.843139
1764.705932
2196.078369
2392.156982
2382.353027
1392.156860
598.039245
-186.274520
-911.764709
-1529.411743
-2107.843261
-2372.549072
-2441.176513
-2098.039306
-1647.058837
-970.588256
705.882385
1362.745117
1990.196166
2294.117675
2421.568603
2186.274658
1088.235351
245.098037
-470.588256
-1166.666748
-1843.137329
-2264.705810
-2431.372558
-1882.353027
-1294.117675
-460.784332
362.745117
1049.019653
1696.078491
2156.862792
2382.353027
1980.392211
1470.588256
715.686279
-117.647064
-833.333374
-1470.588256
-2372.549072
-2421.568603
-2098.039306
-1656.862792
-980.392150
-137.254898
1352.941162
2000.000000
2274.509765
2411.764648
2254.902099
1892.156860
1274.509887
-460.784332
-1137.254882
-1813.725463
-2254.902099
-2411.764648
-2362.745117
-1931.372558
-539.215698
303.921569
990.196105
1607.843139
2107.843261
2352.941162
2431.372558
1529.411743
794.117675
-29.411766
-705.882385
-1372.549072
-2009.803955
-2313.725585
-2441.176513
-2196.078369
-1803.921630
-1186.274536
-323.529418
480.392150
1107.843139
1764.705932
2196.078369
2392.156982
2392.156982
1401.960815
617.647094
-215.686279
-921.568664
-1539.215698
-2137.254882
-2372.549072
-2078.431396
-1588.235351
-852.941162
-9.803922
637.254943
1274.509887
1931.372558
2264.705810
2421.568603
2333.333496
1205.882324
343.137268
-421.568634
-1127.451049
-1745.098022
-2196.078369
-2392.156982
-2411.764648
-1970.588256
-1470.588256
264.705902
941.176513
1568.627441
2088.235351
2352.941162
2450.980468
2078.431396
843.137268
19.607843
-656.862731
-1313.725463
-1960.784301
-2284.313720
-2421.568603
-1784.313720
-1156.862792
-303.921569
500.000000
1107.843139
1754.901977
2176.470703
2382.353027
2401.960937
1980.392211
1509.803955
754.901977
-68.627449
-764.705871
-1411.764770
-2000.000000
-2303.921630
-2431.372558
-1764.705932
-1088.235351
-205.882354
500.000000
1117.647094
1774.509887
2205.882324
2323.529541
1882.353027
1343.137329
578.431396
-245.098037
-950.980407
-1568.627441
-2392.156982
-2441.176513
-2049.019531
-1568.627441
-833.333374
9.803922
647.058837
2000.000000
2274.509765
2411.764648
2254.902099
1843.137329
1264.705932
431.372558
-372.549041
-1068.627441
-1745.098022
-2166.666748
-2431.372558
-2411.764648
-2000.000000
-1549.019653
-813.725524
9.803922
656.862731
1990.196166
2333.333496
2450.980468
2186.274658
1784.313720
1156.862792
323.529418
-1225.490234
-1882.353027
-2254.902099
-2431.372558
-2323.529541
-1911.764770
-1313.725463
411.764709
1078.431396
1745.098022
2205.882324
2382.353027
2411.764648
1401.960815
647.058837
-147.058822
-882.352966
-1519.607910
-2078.431396
-2362.745117
-2078.431396
-1598.039184
-911.764709
-78.431373
627.450988
1264.705932
1911.764770
2431.372558
2215.686279
1823.529418
1205.882324
382.352935
-421.568634
-1088.235351
-2225.490234
-2431.372558
-2362.745117
-1931.372558
-1392.156860
-598.039245
205.882354
931.372558
1539.215698
2078.431396
2362.745117
2441.176513
2088.235351
1666.666748
970.588256
166.666671
-558.823547
-1215.686279
-2294.117675
-2421.568603
-2245.098144
-1862.745117
-1245.098022
-431.372558
392.156860
1764.705932
2186.274658
2421.568603
2372.549072
1931.372558
1441.176513
676.470581
-137.254898
-872.549011
-1500.000000
-2343.137207
-2441.176513
-2107.843261
-882.352966
-68.627449
627.450988
1284.313720
1931.372558
2264.705810
2411.764648
1813.725463
1205.882324
362.745117
-411.764709
-1088.235351
-1764.705932
-2205.882324
-2343.137207
-1921.568603
-1362.745117
-578.431396
254.901962
941.176513
1588.235351
2372.549072
2401.960937
2039.215698
1558.823608
843.137268
39.215686
-647.058837
-2009.803955
-2313.725585
-2441.176513
-2166.666748
-1803.921630
-1147.058837
578.431396
1235.294189
1892.156860
2235.294189
2421.568603
2274.509765
1901.960815
421.568634
-382.352935
-1068.627441
-1725.490234
-2205.882324
-2411.764648
-2421.568603
-1431.372558
-656.862731
186.274520
901.960815
1519.607910
2098.039306
2313.725585
2098.039306
1647.058837
950.980407
137.254898
-578.431396
-1235.294189
-1911.764770
-2441.176513
-2225.490234
-1843.137329
-1205.882324
-333.333343
450.980407
1823.529418
2225.490234
2411.764648
2343.137207
1941.176513
1372.549072
617.647094
-1000.000000
-1627.451049
-2107.843261
-2392.156982
-2431.372558
-2078.431396
-1568.627441
98.039215
774.509826
1431.372558
2029.411743
2323.529541
2421.568603
2156.862792
1058.823608
186.274520
-549.019592
-1196.078491
-1872.549072
-2264.705810
-2411.764648
-1882.353027
-1274.509887
-460.784332
372.549041
1029.411743
1705.882324
2411.764648
2372.549072
1980.392211
1460.784301
696.078430
-107.843139
-833.333374
-2098.039306
-2352.941162
-2431.372558
-2107.843261
-1656.862792
-960.784301
-127.450981
1372.549072
1990.196166
2303.921630
2431.372558
2205.882324
1833.333374
1196.078491
343.137268
-450.980407
-1088.235351
-2245.098144
-2421.568603
-2362.745117
-1921.568603
-1372.549072
-588.235290
225.490203
931.372558
1549.019653
2107.843261
2362.745117
2431.372558
2078.431396
1656.862792
990.196105
-696.078430
-1352.941162
-1990.196166
-2323.529541
-2450.980468
-2225.490234
-1833.333374
-254.901962
500.000000
1127.451049
1774.509887
2215.686279
2401.960937
2372.549072
1950.980468
1470.588256
705.882385
-107.843139
-823.529418
-1460.784301
-2068.627441
-2352.941162
-2431.372558
-2137.254882
-1735.294189
-88.235298
588.235290
1254.901977
1911.764770
2254.902099
2421.568603
2323.529541
1901.960815
1352.941162
519.607849
-1068.627441
-1745.098022
-2196.078369
-2362.745117
-1931.372558
-1401.960815
-627.450988
205.882354
911.764709
1519.607910
2382.353027
2411.764648
2078.431396
1598.039184
911.764709
88.235298
-598.039245
-1970.588256
-2303.921630
-2441.176513
-2245.098144
-1852.941162
-1215.686279
-382.352935
1186.274536
1843.137329
2245.098144
2431.372558
2333.333496
1901.960815
1352.941162
588.235290
-245.098037
-921.568664
-1558.823608
-2117.647216
-2372.549072
-2441.176513
-2117.647216
-1647.058837
-970.588256
-137.254898
1401.960815
1980.392211
2303.921630
2421.568603
2186.274658
1823.529418
1166.666748
352.941192
-441.176483
-1117.647094
-1784.313720
-2235.294189
-2421.568603
-2392.156982
-1960.784301
-1450.980468
-705.882385
137.254898
1617.647094
2098.039306
2333.333496
2401.960937
2088.235351
1617.647094
950.980407
-705.882385
-1382.353027
-2009.803955
-2323.529541
-2441.176513
-2186.274658
-1803.921630
-205.882354
529.411804
1186.274536
1852.941162
2245.098144
2392.156982
1862.745117
1274.509887
490.196075
-313.725494
-1019.607849
-1676.470581
-2147.058837
-2392.156982
-1960.784301
-1460.784301
-715.686279
127.450981
803.921569
1460.784301
2352.941162
2401.960937
2078.431396
1656.862792
980.392150
196.078430
-529.411804
-1950.980468
-2294.117675
-2450.980468
-2264.705810
-1852.941162
-1245.098022
-431.372558
382.352935
1029.411743
1715.686279
2156.862792
2392.156982
2372.549072
1990.196166
1500.000000
833.333374
-19.607843
-696.078430
-2039.215698
-2333.333496
-2441.176513
-2147.058837
-1764.705932
-1107.843139
-245.098037
1264.705932
1921.568603
2264.705810
2411.764648
2294.117675
1852.941162
382.352935
-392.156860
-1088.235351
-1725.490234
-2196.078369
-2411.764648
-2421.568603
-1392.156860
-598.039245
235.294128
892.156860
1519.607910
2098.039306
2362.745117
2068.627441
1607.843139
892.156860
68.627449
-607.843139
-1274.509887
-1921.568603
-2441.176513
-2205.882324
-1833.333374
-1186.274536
-343.137268
450.980407
1068.627441
1754.901977
2176.470703
2401.960937
2382.353027
1980.392211
1470.588256
725.490234
-98.039215
-764.705871
-1421.568603
-2039.215698
-2421.568603
-2107.843261
-1676.470581
-990.196105
-166.666671
558.823547
1225.490234
2264.705810
2401.960937
2264.705810
1872.549072
1294.117675
470.588256
-333.333343
-1774.509887
-2205.882324
-2411.764648
-2382.353027
-1970.588256
-1450.980468
284.313720
960.784301
1578.431396
2098.039306
2333.333496
2411.764648
2088.235351
833.333374
-29.411766
-686.274536
-1352.941162
-2000.000000
-2303.921630
-2441.176513
-1803.921630
-1156.862792
-303.921569
490.196075
1137.254882
1764.705932
2215.686279
2392.156982
2343.137207
1931.372558
558.823547
-274.509796
-950.980407
-1558.823608
-2107.843261
-2372.549072
-2441.176513
-1549.019653
-823.529418
19.607843
696.078430
1333.333374
1980.392211
2294.117675
2117.647216
1735.294189
1137.254882
284.313720
-480.392150
-1147.058837
-1803.921630
-2431.372558
-2333.333496
-1892.156860
-1323.529418
-509.803924
313.725494
980.392150
1617.647094
2137.254882
2362.745117
2421.568603
2068.627441
1617.647094
901.960815
88.235298
-588.235290
-1254.901977
-1921.568603
-2431.372558
-2235.294189
-1843.137329
-1196.078491
-352.941192
411.764709
1068.627441
1715.686279
2176.470703
2392.156982
2401.960937
1980.392211
1490.196166
745.098083
-58.823532
-735.294128
-1421.568603
-2049.019531
-2441.176513
-2107.843261
-1686.274536
-1000.000000
-215.686279
519.607849
1176.470581
2245.098144
2411.764648
2294.117675
1872.549072
1313.725463
519.607849
-294.117645
-1735.294189
-2215.686279
-2431.372558
-2411.764648
-1980.392211
-1480.392211
284.313720
950.980407
1578.431396
2098.039306
2372.549072
2392.156982
2098.039306
901.960815
58.823532
-607.843139
-1274.509887
-1931.372558
-2274.509765
-2450.980468
-1823.529418
-1176.470581
-303.921569
460.784332
1107.843139
1784.313720
2186.274658
2333.333496
1901.960815
1382.353027
588.235290
-225.490203
-931.372558
-1549.019653
-2392.156982
-2431.372558
-2058.823486
-1558.823608
-843.137268
19.607843
637.254943
1303.921630
1960.784301
2284.313720
2166.666748
1774.509887
1166.666748
-568.627441
-1245.098022
-1892.156860
-2274.509765
-2431.372558
-2323.529541
-1892.156860
-392.156860
382.352935
1088.235351
1715.686279
2176.470703
2372.549072
2372.549072
1431.372558
676.470581
-156.862747
-882.352966
-1500.000000
-2068.627441
-2313.725585
-2088.235351
-1656.862792
-970.588256
-137.254898
568.627441
1235.294189
1892.156860
2264.705810
2421.568603
2323.529541
1254.901977
441.176483
-362.745117
-1058.823608
-1696.078491
-2176.470703
-2401.960937
-1960.784301
-1441.176513
-656.862731
166.666671
882.352966
1500.000000
2029.411743
2313.725585
2441.176513
2137.254882
1735.294189
1088.235351
245.098037
-490.196075
-1137.254882
-1823.529418
-2264.705810
-2401.960937
-1901.960815
-1313.725463
-500.000000
284.313720
960.784301
1578.431396
2098.039306
2411.764648
2058.823486
1598.039184
862.745117
19.607843
-627.450988
-1294.117675
-2313.725585
-2450.980468
-2176.470703
-1803.921630
-1166.666748
-333.333343
1245.098022
1872.549072
2225.490234
2401.960937
2303.921630
1892.156860
1372.549072
-392.156860
-1078.431396
-1745.098022
-2186.274658
-2421.568603
-2392.156982
-2000.000000
-715.686279
137.254898
833.333374
1460.784301
2058.823486
2333.333496
2411.764648
1666.666748
990.196105
176.470596
-539.215698
-1205.882324
-1862.745117
-2264.705810
-2441.176513
-2323.529541
-1911.764770
-1313.725463
-509.803924
313.725494
990.196105
1617.647094
2107.843261
2382.353027
2411.764648
1500.000000
852.941162
29.411766
-627.450988
-1303.921630
-1980.392211
-2284.313720
-2176.470703
-1803.921630
-1156.862792
-284.313720
480.392150
1137.254882
1774.509887
2205.882324
2401.960937
2392.156982
1960.784301
1441.176513
676.470581
-127.450981
-862.745117
-1470.588256
-2078.431396
-2362.745117
-2098.039306
-1656.862792
-941.176513
-98.039215
588.235290
1254.901977
1892.156860
2382.353027
2225.490234
1127.451049
284.313720
-480.392150
-1137.254882
-2264.705810
-2441.176513
-2323.529541
-1901.960815
-1313.725463
-529.411804
1078.431396
1735.294189
2196.078369
2401.960937
2401.960937
1970.588256
1480.392211
-225.490203
-941.176513
-1568.627441
-2117.647216
-2392.156982
-2441.176513
-2078.431396
-823.529418
9.803922
676.470581
1294.117675
1931.372558
2254.902099
2401.960937
2294.117675
1872.549072
1294.117675
-450.980407
-1117.647094
-1794.117675
-2225.490234
-2411.764648
-2372.549072
-1960.784301
-558.823547
284.313720
950.980407
1588.235351
2098.039306
2352.941162
2401.960937
2088.235351
1637.254882
980.392150
156.862747
-568.627441
-1235.294189
-1911.764770
