-2186.274658
-2382.353027
-2372.549072
-1382.353027
-598.039245
264.705902
921.568664
1539.215698
2088.235351
2362.745117
2019.607910
1568.627441
852.941162
29.411766
-647.058837
-1323.529418
-1960.784301
-2421.568603
-2156.862792
-1784.313720
-1147.058837
-284.313720
470.588256
1098.039184
1764.705932
2196.078369
2392.156982
2372.549072
1931.372558
1411.764770
-313.725494
-990.196105
-1617.647094
-2127.450927
-2372.549072
-2421.568603
-2078.431396
-784.313720
39.215686
705.882385
1352.941162
1950.980468
2254.902099
2411.764648
1754.901977
1117.647094
274.509796
-480.392150
-1127.451049
-1784.313720
-2235.294189
-2294.117675
-1882.353027
-1323.529418
-519.607849
313.725494
970.588256
1607.843139
2098.039306
2333.333496
2392.156982
1509.803955
794.117675
-9.803922
-647.058837
-2049.019531
-2333.333496
-2431.372558
-2147.058837
-1764.705932
-1137.254882
607.843139
1245.098022
1872.549072
2215.686279
2392.156982
2294.117675
1872.549072
401.960784
-392.156860
-1068.627441
-1725.490234
-2176.470703
-2411.764648
-2392.156982
-1990.196166
-1500.000000
-794.117675
49.019607
686.274536
1343.137329
1960.784301
2401.960937
2127.450927
1754.901977
1107.843139
264.705902
-500.000000
-1078.431396
-2225.490234
-2411.764648
-2343.137207
-1911.764770
-1362.745117
-588.235290
235.294128
921.568664
1529.411743
2078.431396
2392.156982
2029.411743
1549.019653
862.745117
19.607843
-637.254943
-1313.725463
-2303.921630
-2431.372558
-2147.058837
-1784.313720
-1147.058837
-284.313720
1235.294189
1901.960815
2235.294189
2411.764648
2294.117675
1862.745117
1303.921630
-441.176483
-1098.039184
-1764.705932
-2176.470703
-2411.764648
-2401.960937
-1980.392211
-598.039245
245.098037
911.764709
1509.803955
2088.235351
2352.941162
2431.372558
2098.039306
1656.862792
970.588256
-686.274536
-1343.137329
-1970.588256
-2294.117675
-2441.176513
-2196.078369
-1823.529418
-235.294128
500.000000
1117.647094
1754.901977
2186.274658
2392.156982
2382.353027
1343.137329
588.235290
-235.294128
-960.784301
-1578.431396
-2117.647216
-2362.745117
-2049.019531
-1568.627441
-823.529418
19.607843
696.078430
1343.137329
2313.725585
2431.372558
2127.450927
1764.705932
1107.843139
274.509796
-470.588256
-1147.058837
-1803.921630
-2215.686279
-2421.568603
-1901.960815
-1343.137329
-529.411804
294.117645
990.196105
1607.843139
2372.549072
2392.156982
2009.803955
1529.411743
794.117675
-29.411766
-696.078430
-2039.215698
-2333.333496
-2421.568603
-2117.647216
-1735.294189
-1088.235351
-205.882354
539.215698
1196.078491
1813.725463
2392.156982
2294.117675
1862.745117
1264.705932
470.588256
-343.137268
-1029.411743
-2205.882324
-2401.960937
-2372.549072
-1970.588256
-1441.176513
-676.470581
147.058822
1588.235351
2098.039306
2362.745117
2401.960937
2078.431396
1607.843139
921.568664
-754.901977
-1401.960815
-2019.607910
-2303.921630
-2431.372558
-2156.862792
-1794.117675
-1127.451049
-274.509796
500.000000
1813.725463
2205.882324
2382.353027
2333.333496
1921.568603
1362.745117
607.843139
-1019.607849
-1666.666748
-2156.862792
-2382.353027
-2401.960937
-2009.803955
-696.078430
137.254898
833.333374
1450.980468
2029.411743
2303.921630
2411.764648
1617.647094
960.784301
166.666671
-549.019592
-1215.686279
-1892.156860
-2254.902099
-2254.902099
-1833.333374
-1245.098022
-411.764709
362.745117
1049.019653
1686.274536
2401.960937
2372.549072
1950.980468
1431.372558
656.862731
-147.058822
-862.745117
-2127.450927
-2352.941162
-2421.568603
-2088.235351
-1627.451049
-941.176513
764.705871
1392.156860
2009.803955
2303.921630
2421.568603
2166.666748
1784.313720
225.490203
-519.607849
-1176.470581
-1823.529418
-2235.294189
-2421.568603
-2333.333496
-1264.705932
-441.176483
372.549041
1029.411743
1686.274536
2137.254882
2382.353027
1921.568603
1450.980468
686.274536
-107.843139
-823.529418
-1470.588256
-2068.627441
-2431.372558
-2078.431396
-1637.254882
-950.980407
-137.254898
598.039245
1980.392211
2284.313720
2421.568603
2225.490234
1833.333374
1205.882324
401.960784
-401.960784
-1068.627441
-1715.686279
-2196.078369
-2392.156982
-2401.960937
-1980.392211
-617.647094
205.882354
892.156860
1519.607910
2058.823486
2313.725585
2421.568603
1627.451049
911.764709
98.039215
-578.431396
-1245.098022
-1882.353027
-2254.902099
-2421.568603
-2323.529541
-1882.353027
-401.960784
401.960784
1058.823608
1705.882324
2156.862792
2372.549072
2372.549072
1441.176513
676.470581
-127.450981
-852.941162
-1500.000000
-2049.019531
-2323.529541
-2088.235351
-1666.666748
-980.392150
-156.862747
588.235290
1225.490234
1862.745117
2264.705810
2411.764648
2313.725585
1882.353027
1323.529418
539.215698
-264.705902
-950.980407
-1588.235351
-2098.039306
-2362.745117
-2039.215698
-1519.607910
-803.921569
39.215686
725.490234
1343.137329
1950.980468
2401.960937
2137.254882
1754.901977
1107.843139
264.705902
-470.588256
-1137.254882
-2245.098144
-2401.960937
-2323.529541
-1882.353027
-1352.941162
-529.411804
1078.431396
1735.294189
2176.470703
2382.353027
2392.156982
1980.392211
1460.784301
-225.490203
-931.372558
-1549.019653
-2107.843261
-2352.941162
-2431.372558
-2088.235351
-843.137268
-9.803922
637.254943
1294.117675
1911.764770
2245.098144
2392.156982
1784.313720
1156.862792
333.333343
-431.372558
-1117.647094
-1764.705932
-2186.274658
-2343.137207
-1911.764770
-1362.745117
-558.823547
284.313720
980.392150
2127.450927
2352.941162
2401.960937
2039.215698
1529.411743
823.529418
-9.803922
-1431.372558
-2039.215698
-2421.568603
-2107.843261
-1686.274536
-1000.000000
666.666687
1284.313720
1931.372558
2264.705810
2401.960937
2264.705810
1843.137329
1245.098022
470.588256
-333.333343
-1029.411743
-1715.686279
-2156.862792
-2392.156982
-2421.568603
-2000.000000
-1568.627441
-843.137268
843.137268
1470.588256
2039.215698
2303.921630
2401.960937
2088.235351
1705.882324
98.039215
-588.235290
-1245.098022
-1892.156860
-2264.705810
-2431.372558
-2313.725585
-1882.353027
-1294.117675
-490.196075
1098.039184
1745.098022
2166.666748
2382.353027
2382.353027
1970.588256
1450.980468
-235.294128
-941.176513
-1558.823608
-2098.039306
-2352.941162
-2441.176513
-2078.431396
-1637.254882
-941.176513
-107.843139
1392.156860
2000.000000
2274.509765
2392.156982
2215.686279
1843.137329
1235.294189
401.960784
-401.960784
-1068.627441
-2235.294189
-2421.568603
-2343.137207
-1921.568603
-1411.764770
-637.254943
205.882354
901.960815
1519.607910
2107.843261
2323.529541
2411.764648
2078.431396
1676.470581
1009.803955
-705.882385
-1362.745117
-1990.196166
-2303.921630
-2450.980468
-2205.882324
-1813.725463
-235.294128
529.411804
1166.666748
1833.333374
2215.686279
2392.156982
1882.353027
1303.921630
490.196075
-323.529418
-1009.803955
-1676.470581
-2147.058837
-2392.156982
-1960.784301
-1460.784301
-705.882385
127.450981
813.725524
1460.784301
2333.333496
2392.156982
2078.431396
1647.058837
990.196105
176.470596
-539.215698
-1950.980468
-2294.117675
-2431.372558
-2245.098144
-1833.333374
-1235.294189
-421.568634
392.156860
1068.627441
1715.686279
2392.156982
2343.137207
1931.372558
1421.568603
647.058837
-147.058822
-872.549011
-2117.647216
-2372.549072
-2431.372558
-2088.235351
-1607.843139
-931.372558
-88.235298
617.647094
1254.901977
1892.156860
2401.960937
2196.078369
1813.725463
264.705902
-480.392150
-1147.058837
-1794.117675
-2225.490234
-2421.568603
-2382.353027
-1313.725463
-529.411804
323.529418
1009.803955
1637.254882
2117.647216
2362.745117
2392.156982
2029.411743
1558.823608
-98.039215
-784.313720
-1421.568603
-2039.215698
-2333.333496
-2421.568603
-2127.450927
-990.196105
-156.862747
549.019592
1205.882324
1862.745117
2225.490234
2421.568603
1843.137329
1235.294189
441.176483
-372.549041
-1049.019653
-1725.490234
-2186.274658
-2401.960937
-2411.764648
-2009.803955
-647.058837
156.862747
862.745117
1500.000000
2019.607910
2323.529541
2411.764648
1666.666748
990.196105
176.470596
-549.019592
-1215.686279
-1872.549072
-2235.294189
-2274.509765
-1843.137329
-1225.490234
-421.568634
411.764709
1029.411743
1676.470581
2147.058837
2382.353027
2411.764648
1431.372558
676.470581
-117.647064
-843.137268
-1490.196166
-2058.823486
-2323.529541
-2431.372558
-2117.647216
-1705.882324
-78.431373
617.647094
1274.509887
1921.568603
2254.902099
2392.156982
2284.313720
1205.882324
382.352935
-421.568634
-1098.039184
-1764.705932
-2205.882324
-2392.156982
-1941.176513
-1362.745117
-578.431396
245.098037
921.568664
1549.019653
2068.627441
2333.333496
2401.960937
2078.431396
1656.862792
950.980407
156.862747
-558.823547
-1225.490234
-1862.745117
-2254.902099
-2431.372558
-1852.941162
-1225.490234
-392.156860
431.372558
1068.627441
1725.490234
2156.862792
2352.941162
2382.353027
1990.196166
1490.196166
754.901977
-68.627449
-745.098083
-1372.549072
-2000.000000
-2284.313720
-2421.568603
-1764.705932
-1107.843139
-245.098037
490.196075
1137.254882
1784.313720
2186.274658
2401.960937
2343.137207
1921.568603
529.411804
-284.313720
-990.196105
-1617.647094
-2117.647216
-2352.941162
-2421.568603
-1529.411743
-774.509826
39.215686
725.490234
1352.941162
1970.588256
2284.313720
2127.450927
1745.098022
1117.647094
254.901962
-470.588256
-1137.254882
-1813.725463
-2421.568603
-2323.529541
-1892.156860
-1313.725463
-519.607849
294.117645
1000.000000
1578.431396
2098.039306
2323.529541
2401.960937
2058.823486
1617.647094
941.176513
117.647064
-588.235290
-1245.098022
-1901.960815
-2421.568603
-2245.098144
-1833.333374
-1215.686279
-372.549041
411.764709
1068.627441
2215.686279
2401.960937
2323.529541
1901.960815
1382.353027
627.450988
-186.274520
-1637.254882
-2127.450927
-2372.549072
-2411.764648
-2058.823486
-1588.235351
68.627449
745.098083
1382.353027
2000.000000
2274.509765
2431.372558
2215.686279
1107.843139
294.117645
-500.000000
-1107.843139
-1774.509887
-2205.882324
-2401.960937
-1911.764770
-1362.745117
-549.019592
274.509796
931.372558
1558.823608
2088.235351
2401.960937
2039.215698
1539.215698
833.333374
0.000000
-558.823547
-1225.490234
-1872.549072
-2274.509765
-2441.176513
-1843.137329
-1235.294189
-382.352935
401.960784
1088.235351
1745.098022
2156.862792
2352.941162
1931.372558
1411.764770
637.254943
-176.470596
-901.960815
-1519.607910
-2362.745117
-2431.372558
-2098.039306
-1627.451049
-911.764709
-78.431373
588.235290
1960.784301
2284.313720
2401.960937
2196.078369
1813.725463
1215.686279
392.156860
-382.352935
-1068.627441
-1715.686279
-2421.568603
-2352.941162
-1921.568603
-1392.156860
-617.647094
215.686279
892.156860
1509.803955
2078.431396
2333.333496
2421.568603
2068.627441
1656.862792
990.196105
176.470596
-529.411804
-1205.882324
-1882.353027
-2421.568603
-2274.509765
-1862.745117
-1264.705932
-441.176483
362.745117
1019.607849
2186.274658
2401.960937
2372.549072
1941.176513
1431.372558
666.666687
-147.058822
-1588.235351
-2127.450927
-2362.745117
-2401.960937
-2088.235351
-1598.039184
-892.156860
-58.823532
617.647094
1284.313720
2303.921630
2411.764648
2196.078369
1803.921630
1176.470581
362.745117
-431.372558
-1803.921630
-2225.490234
-2411.764648
-2333.333496
-1921.568603
-1362.745117
382.352935
1019.607849
1676.470581
2127.450927
2382.353027
2411.764648
2009.803955
1529.411743
784.313720
-39.215686
-686.274536
-2039.215698
-2323.529541
-2411.764648
-2117.647216
-1715.686279
-1058.823608
647.058837
1303.921630
1931.372558
2264.705810
2401.960937
2264.705810
1862.745117
352.941192
-431.372558
-1107.843139
-1764.705932
-2196.078369
-2431.372558
-2382.353027
-1950.980468
-1431.372558
-656.862731
166.666671
862.745117
1500.000000
2029.411743
2303.921630
2392.156982
2127.450927
1725.490234
1127.451049
284.313720
-490.196075
-1137.254882
-1813.725463
-2235.294189
-2421.568603
-1872.549072
-1303.921630
-509.803924
313.725494
1009.803955
1617.647094
2127.450927
2382.353027
1990.196166
1500.000000
823.529418
29.411766
-676.470581
-1323.529418
-1970.588256
-2303.921630
-2411.764648
-2225.490234
-1843.137329
-1205.882324
519.607849
1186.274536
1813.725463
2205.882324
2411.764648
2313.725585
1892.156860
490.196075
-333.333343
-1019.607849
-1656.862792
-2137.254882
-2362.745117
-2421.568603
-1441.176513
-696.078430
117.647064
803.921569
1431.372558
2019.607910
2323.529541
2068.627441
1656.862792
990.196105
156.862747
-558.823547
-1225.490234
-1862.745117
-2245.098144
-2411.764648
-2313.725585
-1225.490234
-421.568634
382.352935
1058.823608
1696.078491
2156.862792
2392.156982
1911.764770
1421.568603
666.666687
-147.058822
-862.745117
-1470.588256
-2088.235351
-2421.568603
-2098.039306
-1637.254882
-921.568664
-107.843139
617.647094
1264.705932
1882.353027
2245.098144
2421.568603
1813.725463
1186.274536
362.745117
-1196.078491
-1852.941162
-2254.902099
-2421.568603
-2333.333496
-1941.176513
-1352.941162
401.960784
1049.019653
1696.078491
2156.862792
2392.156982
2411.764648
1950.980468
1500.000000
833.333374
9.803922
-1411.764770
-2029.411743
-2303.921630
-2401.960937
-1696.078491
-1039.215698
-166.666671
539.215698
1215.686279
1862.745117
2411.764648
2274.509765
1823.529418
1235.294189
441.176483
-362.745117
-1058.823608
-2215.686279
-2411.764648
-2372.549072
-1950.980468
-1431.372558
-656.862731
176.470596
1617.647094
2098.039306
2382.353027
2392.156982
2068.627441
1617.647094
921.568664
-754.901977
-1401.960815
-2019.607910
-2323.529541
-2431.372558
-2166.666748
-1764.705932
-1127.451049
-284.313720
480.392150
1137.254882
1794.117675
2205.882324
2411.764648
2362.745117
1911.764770
1411.764770
656.862731
-1000.000000
-1598.039184
-2107.843261
-2352.941162
-2411.764648
-2088.235351
-1607.843139
58.823532
725.490234
1372.549072
1980.392211
2294.117675
2421.568603
1705.882324
1078.431396
235.294128
-519.607849
-1186.274536
-1833.333374
-2245.098144
-2294.117675
-1862.745117
-1274.509887
-441.176483
362.745117
1009.803955
1656.862792
2392.156982
2362.745117
1941.176513
1421.568603
676.470581
-137.254898
-852.941162
-2098.039306
-2372.549072
-2431.372558
-2078.431396
-1647.058837
-960.784301
-147.058822
1352.941162
1990.196166
2284.313720
2411.764648
2205.882324
1803.921630
235.294128
-500.000000
-1107.843139
-1764.705932
-2205.882324
-2401.960937
-2352.941162
-1343.137329
-519.607849
284.313720
950.980407
1568.627441
2098.039306
2333.333496
2009.803955
1509.803955
813.725524
9.803922
-627.450988
-1294.117675
-1941.176513
-2411.764648
-2166.666748
-1774.509887
-1156.862792
-294.117645
490.196075
1117.647094
1774.509887
2186.274658
2401.960937
2352.941162
1941.176513
1421.568603
647.058837
-156.862747
-862.745117
-1490.196166
-2088.235351
-2421.568603
-2068.627441
-1617.647094
-911.764709
-88.235298
598.039245
1225.490234
2284.313720
2401.960937
2186.274658
1823.529418
1196.078491
401.960784
-382.352935
-1784.313720
-2225.490234
-2421.568603
-2362.745117
-1941.176513
-1401.960815
343.137268
1019.607849
1656.862792
2117.647216
2343.137207
2392.156982
2029.411743
745.098083
-78.431373
-745.098083
-1382.353027
-2029.411743
-2303.921630
-2441.176513
-1705.882324
-1009.803955
-166.666671
578.431396
1225.490234
1872.549072
2235.294189
2225.490234
1852.941162
1254.901977
441.176483
-362.745117
-1029.411743
-1715.686279
-2401.960937
-2372.549072
-1931.372558
-1441.176513
-647.058837
176.470596
1607.843139
2088.235351
2352.941162
2401.960937
2049.019531
1607.843139
901.960815
-754.901977
-1411.764770
-2019.607910
-2333.333496
-2421.568603
-2137.254882
-1764.705932
-176.470596
558.823547
1215.686279
1852.941162
2225.490234
2401.960937
2284.313720
1892.156860
1333.333374
558.823547
-264.705902
-970.588256
-1598.039184
-2127.450927
-2362.745117
-2431.372558
-2078.431396
-1598.039184
68.627449
735.294128
1382.353027
1980.392211
2294.117675
2411.764648
2166.666748
1088.235351
225.490203
-500.000000
-1127.451049
-1784.313720
-2196.078369
-2401.960937
-2382.353027
-1950.980468
-1441.176513
-627.450988
205.882354
882.352966
1490.196166
2058.823486
2303.921630
2392.156982
2098.039306
921.568664
127.450981
-578.431396
-1264.705932
-1892.156860
-2284.313720
-2431.372558
-2284.313720
-1882.353027
-1294.117675
450.980407
1107.843139
1745.098022
2156.862792
2372.549072
2401.960937
1950.980468
607.843139
-225.490203
-931.372558
-1539.215698
-2098.039306
-2362.745117
-2401.960937
-1578.431396
-862.745117
-19.607843
676.470581
1343.137329
1941.176513
2264.705810
2372.549072
2225.490234
1833.333374
323.529418
-450.980407
-1107.843139
-1774.509887
-2196.078369
-2401.960937
-2392.156982
-1343.137329
-558.823547
294.117645
980.392150
1607.843139
2107.843261
2333.333496
2401.960937
2039.215698
1588.235351
921.568664
88.235298
-578.431396
-1254.901977
-1892.156860
-2254.902099
-2411.764648
-2284.313720
-1215.686279
-382.352935
411.764709
1058.823608
1725.490234
2147.058837
2382.353027
1911.764770
1411.764770
656.862731
-176.470596
-892.156860
-1490.196166
-2088.235351
-2411.764648
-2078.431396
-1588.235351
-911.764709
-58.823532
627.450988
1274.509887
1901.960815
2254.902099
2401.960937
1803.921630
1186.274536
362.745117
-1176.470581
-1833.333374
-2274.509765
-2421.568603
-2333.333496
-1882.353027
-1362.745117
382.352935
1049.019653
1705.882324
2156.862792
2372.549072
2382.353027
1980.392211
666.666687
-147.058822
-862.745117
-1500.000000
-2039.215698
-2343.137207
-2421.568603
-1666.666748
-990.196105
-166.666671
578.431396
1215.686279
1872.549072
2411.764648
2205.882324
1823.529418
1225.490234
392.156860
-401.960784
-1049.019653
-2225.490234
-2392.156982
-2392.156982
-1931.372558
-1421.568603
-647.058837
176.470596
872.549011
1490.196166
2088.235351
2401.960937
2058.823486
1617.647094
950.980407
117.647064
-607.843139
-1245.098022
-2303.921630
-2411.764648
-2245.098144
-1843.137329
-1205.882324
-352.941192
450.980407
1823.529418
2205.882324
2401.960937
2333.333496
1921.568603
1372.549072
637.254943
-1009.803955
-1656.862792
-2147.058837
-2382.353027
-2421.568603
-2039.215698
-1558.823608
117.647064
823.529418
1450.980468
2058.823486
2323.529541
2411.764648
1637.254882
970.588256
156.862747
-568.627441
-1235.294189
-1882.353027
-2254.902099
-2254.902099
-1843.137329
-1235.294189
-401.960784
401.960784
1068.627441
1715.686279
2401.960937
2343.137207
1911.764770
1401.960815
647.058837
-166.666671
-872.549011
-2088.235351
-2372.549072
-2421.568603
-2078.431396
-1627.451049
-911.764709
-107.843139
1401.960815
2000.000000
2274.509765
2421.568603
2235.294189
1833.333374
284.313720
-480.392150
-1137.254882
-1803.921630
-2225.490234
-2401.960937
-2372.549072
-1333.333374
-529.411804
303.921569
990.196105
1598.039184
2088.235351
2343.137207
2009.803955
1490.196166
794.117675
-29.411766
-705.882385
-1362.745117
-2000.000000
-2294.117675
-2421.568603
-2235.294189
-1147.058837
-264.705902
500.000000
1098.039184
1725.490234
2156.862792
2382.353027
1911.764770
1411.764770
637.254943
-186.274520
-892.156860
-1539.215698
-2098.039306
-2411.764648
-2068.627441
-1617.647094
-882.352966
-49.019607
598.039245
1245.098022
2284.313720
2392.156982
2186.274658
1803.921630
1215.686279
382.352935
-401.960784
-1823.529418
-2215.686279
-2421.568603
-2352.941162
-1911.764770
-1392.156860
352.941192
1029.411743
1666.666748
2127.450927
2372.549072
2392.156982
2009.803955
705.882385
-107.843139
-833.333374
-1470.588256
-2058.823486
-2333.333496
-2450.980468
-1656.862792
-950.980407
-137.254898
568.627441
1245.098022
1882.353027
2235.294189
2225.490234
1813.725463
1235.294189
392.156860
-431.372558
-1078.431396
-1715.686279
-2401.960937
-2343.137207
-1941.176513
-1382.353027
-617.647094
215.686279
1637.254882
2117.647216
2343.137207
2411.764648
2039.215698
1578.431396
843.137268
-833.333374
-1470.588256
-2068.627441
-2333.333496
-2421.568603
-2098.039306
-1715.686279
-78.431373
607.843139
1264.705932
1872.549072
2225.490234
2401.960937
2284.313720
1872.549072
1313.725463
529.411804
-274.509796
-990.196105
-1617.647094
-2137.254882
-2372.549072
-2441.176513
-2078.431396
-1598.039184
78.431373
745.098083
1392.156860
1990.196166
2294.117675
2392.156982
2156.862792
1068.627441
205.882354
-519.607849
-1196.078491
-1843.137329
-2225.490234
-2411.764648
-1852.941162
-1274.509887
-460.784332
362.745117
1039.215698
1696.078491
2392.156982
2352.941162
1931.372558
1421.568603
696.078430
-127.450981
-852.941162
-2107.843261
-2372.549072
-2431.372558
-2088.235351
-1647.058837
-941.176513
-107.843139
1401.960815
2000.000000
2284.313720
2392.156982
2205.882324
1823.529418
1215.686279
-500.000000
-1127.451049
-1784.313720
-2215.686279
-2421.568603
-2372.549072
-1950.980468
-539.215698
294.117645
960.784301
1598.039184
2088.235351
2362.745117
2009.803955
1549.019653
833.333374
-9.803922
-647.058837
-1303.921630
-1960.784301
-2421.568603
-2176.470703
-1794.117675
-1127.451049
-284.313720
470.588256
1117.647094
2245.098144
2421.568603
2294.117675
1882.353027
1343.137329
549.019592
-264.705902
-1676.470581
-2147.058837
-2401.960937
-2392.156982
-2019.607910
-1509.803955
-774.509826
882.352966
1519.607910
2058.823486
2333.333496
2392.156982
2078.431396
901.960815
98.039215
-578.431396
-1245.098022
-1892.156860
-2245.098144
-2411.764648
-1852.941162
-1205.882324
-372.549041
401.960784
1058.823608
1705.882324
2166.666748
2323.529541
1911.764770
1382.353027
627.450988
-186.274520
-882.352966
-1509.803955
-2362.745117
-2421.568603
-2068.627441
-1598.039184
-892.156860
-68.627449
617.647094
1970.588256
2294.117675
2421.568603
2186.274658
1784.313720
1186.274536
362.745117
-411.764709
-1088.235351
-1735.294189
-2186.274658
-2401.960937
-2382.353027
-1960.784301
-1460.784301
-686.274536
137.254898
833.333374
2078.431396
2323.529541
2431.372558
2088.235351
1637.254882
950.980407
147.058822
-568.627441
-1225.490234
-1901.960815
-2264.705810
-2431.372558
-2323.529541
-1882.353027
-1313.725463
-529.411804
313.725494
1000.000000
2137.254882
2362.745117
2382.353027
2009.803955
1519.607910
833.333374
0.000000
-1362.745117
-1990.196166
-2294.117675
-2421.568603
-2176.470703
-1823.529418
-1176.470581
529.411804
1196.078491
1852.941162
2245.098144
2401.960937
2313.725585
1872.549072
1343.137329
588.235290
-245.098037
-1676.470581
-2137.254882
-2382.353027
-1990.196166
-1460.784301
-705.882385
117.647064
833.333374
1450.980468
2039.215698
2411.764648
2078.431396
1656.862792
970.588256
137.254898
-549.019592
-1235.294189
-2264.705810
-2401.960937
-2264.705810
-1852.941162
-1225.490234
-401.960784
401.960784
1774.509887
2205.882324
2401.960937
2372.549072
1950.980468
1431.372558
676.470581
-137.254898
-852.941162
-1490.196166
-2372.549072
-2431.372558
-2117.647216
-823.529418
0.000000
598.039245
1245.098022
1882.353027
2235.294189
2401.960937
1833.333374
1225.490234
431.372558
-362.745117
-1039.215698
-1715.686279
-2196.078369
-2352.941162
-1921.568603
-1421.568603
-627.450988
186.274520
901.960815
1500.000000
2333.333496
2421.568603
2068.627441
1666.666748
980.392150
166.666671
-549.019592
-1941.176513
-2294.117675
-2431.372558
-2245.098144
-1843.137329
-1225.490234
-392.156860
1147.058837
1803.921630
2205.882324
2392.156982
2343.137207
1931.372558
509.803924
-303.921569
-1000.000000
-1598.039184
-2127.450927
-2392.156982
-2421.568603
-1539.215698
-823.529418
19.607843
696.078430
1343.137329
1960.784301
2284.313720
2117.647216
1745.098022
1127.451049
274.509796
-460.784332
-1127.451049
-1813.725463
-2421.568603
-2284.313720
-1882.353027
-1323.529418
-519.607849
323.529418
1000.000000
1598.039184
2098.039306
2352.941162
2029.411743
1539.215698
833.333374
9.803922
-647.058837
-1303.921630
-1941.176513
-2274.509765
-2411.764648
-2245.098144
-1843.137329
-1235.294189
-401.960784
392.156860
1058.823608
2186.274658
2401.960937
2372.549072
1921.568603
1431.372558
686.274536
-137.254898
-1598.039184
-2117.647216
-2352.941162
-2421.568603
-2088.235351
-1617.647094
78.431373
745.098083
1372.549072
2000.000000
2264.705810
2401.960937
2245.098144
1862.745117
1254.901977
470.588256
-352.941192
-1794.117675
-2205.882324
-2411.764648
-2372.549072
-1950.980468
-1421.568603
-647.058837
176.470596
862.745117
1500.000000
2039.215698
2313.725585
2421.568603
2107.843261
1725.490234
1117.647094
284.313720
-490.196075
-1872.549072
-2254.902099
-2411.764648
-2313.725585
-1882.353027
-1303.921630
-509.803924
313.725494
980.392150
1607.843139
2088.235351
2382.353027
2392.156982
2088.235351
1588.235351
892.156860
78.431373
-588.235290
-2000.000000
-2284.313720
-2431.372558
-2245.098144
-1843.137329
-1235.294189
-421.568634
1156.862792
1794.117675
2215.686279
2392.156982
2343.137207
1931.372558
1392.156860
637.254943
-186.274520
-872.549011
-1519.607910
-2098.039306
-2362.745117
-2431.372558
-2098.039306
-1696.078491
-990.196105
-186.274520
558.823547
1205.882324
1862.745117
2245.098144
2401.960937
2333.333496
1892.156860
450.980407
-333.333343
-1039.215698
-2186.274658
-2411.764648
-2401.960937
-1960.784301
-1441.176513
-676.470581
156.862747
1607.843139
2078.431396
2382.353027
2401.960937
2049.019531
1617.647094
921.568664
-735.294128
-1392.156860
-2019.607910
-2313.725585
-2441.176513
-2156.862792
-1784.313720
-166.666671
549.019592
1196.078491
1823.529418
2235.294189
2392.156982
1843.137329
1245.098022
460.784332
-333.333343
-1039.215698
-1696.078491
-2137.254882
-2382.353027
-1941.176513
-1411.764770
-647.058837
166.666671
862.745117
1470.588256
2352.941162
2382.353027
2078.431396
1637.254882
941.176513
127.450981
-588.235290
-1980.392211
-2294.117675
-2441.176513
-2196.078369
-1833.333374
-1166.666748
-343.137268
460.784332
1107.843139
1764.705932
2196.078369
2411.764648
2362.745117
1921.568603
1431.372558
686.274536
-137.254898
-833.333374
-2098.039306
-2362.745117
-2431.372558
-2098.039306
-1637.254882
-931.372558
-107.843139
1382.353027
1990.196166
2294.117675
2411.764648
2156.862792
1764.705932
215.686279
-529.411804
-1196.078491
-1843.137329
-2215.686279
-2401.960937
-2333.333496
-1245.098022
-441.176483
372.549041
1029.411743
1686.274536
2137.254882
2411.764648
1931.372558
1441.176513
705.882385
-127.450981
-833.333374
-1480.392211
-2078.431396
-2421.568603
-2078.431396
-1617.647094
-941.176513
-98.039215
588.235290
1225.490234
1862.745117
2245.098144
2401.960937
1843.137329
1215.686279
401.960784
-382.352935
-1078.431396
-1725.490234
-2156.862792
-2362.745117
-1941.176513
-1382.353027
-617.647094
205.882354
901.960815
1509.803955
2078.431396
2343.137207
2411.764648
2098.039306
1656.862792
990.196105
196.078430
-529.411804
-1186.274536
-1843.137329
-2245.098144
-2274.509765
-1852.941162
-1264.705932
-450.980407
382.352935
1039.215698
1696.078491
2107.843261
2352.941162
2392.156982
1441.176513
676.470581
-117.647064
-843.137268
-1460.784301
-2068.627441
-2313.725585
-2088.235351
-1647.058837
-960.784301
-127.450981
598.039245
1264.705932
1892.156860
2401.960937
2245.098144
1833.333374
1235.294189
411.764709
-392.156860
-1049.019653
-2215.686279
-2401.960937
-2372.549072
-1950.980468
-1411.764770
-656.862731
1019.607849
1647.058837
2127.450927
2343.137207
2401.960937
2049.019531
1578.431396
-98.039215
-754.901977
-1431.372558
-2029.411743
-2313.725585
-2431.372558
-2117.647216
-970.588256
-176.470596
549.019592
1196.078491
1843.137329
2205.882324
2372.549072
2294.117675
1892.156860
1352.941162
-392.156860
-1068.627441
-1725.490234
-2411.764648
-2352.941162
-1931.372558
-1401.960815
-627.450988
205.882354
901.960815
2107.843261
2352.941162
2421.568603
2049.019531
1607.843139
892.156860
88.235298
-1372.549072
-2009.803955
-2294.117675
-2441.176513
-2156.862792
-1794.117675
-1156.862792
-294.117645
470.588256
1127.451049
2245.098144
2392.156982
2333.333496
1901.960815
1333.333374
558.823547
-264.705902
-1686.274536
-2147.058837
-2392.156982
-1960.784301
-1431.372558
-656.862731
166.666671
862.745117
1480.392211
2049.019531
2411.764648
2068.627441
1627.451049
941.176513
117.647064
-617.647094
-1254.901977
-2294.117675
-2431.372558
-2186.274658
-1823.529418
-1196.078491
-343.137268
421.568634
1813.725463
2235.294189
2401.960937
2313.725585
1892.156860
1362.745117
-352.941192
-1029.411743
-1696.078491
-2186.274658
-2411.764648
-2411.764648
-2000.000000
-735.294128
117.647064
813.725524
1431.372558
2068.627441
2303.921630
2421.568603
1656.862792
990.196105
176.470596
-539.215698
-1205.882324
-1862.745117
-2225.490234
-2254.902099
-1852.941162
-1215.686279
-401.960784
401.960784
1039.215698
1676.470581
2117.647216
2372.549072
2401.960937
1421.568603
656.862731
-137.254898
-823.529418
-2088.235351
-2352.941162
-2441.176513
-2088.235351
-1617.647094
-931.372558
745.098083
1372.549072
2009.803955
2284.313720
2411.764648
2176.470703
1794.117675
245.098037
-500.000000
-1117.647094
-1774.509887
-2176.470703
-2411.764648
-2382.353027
-1362.745117
-568.627441
264.705902
950.980407
1539.215698
2068.627441
2352.941162
2039.215698
1558.823608
833.333374
0.000000
-568.627441
-1215.686279
-1882.353027
-2411.764648
-2245.098144
-1833.333374
-1215.686279
-382.352935
421.568634
1078.431396
1764.705932
2176.470703
2352.941162
2372.549072
1980.392211
1519.607910
745.098083
-58.823532
-725.490234
-1382.353027
-2009.803955
-2431.372558
-2107.843261
-1696.078491
-1019.607849
-176.470596
558.823547
1205.882324
1852.941162
2245.098144
2411.764648
1833.333374
1235.294189
411.764709
-1137.254882
-1803.921630
-2215.686279
-2421.568603
-2372.549072
-1941.176513
-1392.156860
333.333343
1029.411743
1647.058837
2127.450927
2352.941162
2411.764648
2029.411743
725.490234
-107.843139
-813.725524
-1480.392211
-2078.431396
-2343.137207
-2411.764648
-2107.843261
-1725.490234
-1039.215698
-186.274520
539.215698
1215.686279
1852.941162
2225.490234
2392.156982
2303.921630
1882.353027
460.784332
-323.529418
-1009.803955
-1696.078491
-2166.666748
-2421.568603
-2411.764648
-2009.803955
-1519.607910
-794.117675
911.764709
1509.803955
2078.431396
2323.529541
2411.764648
2088.235351
1696.078491
58.823532
-607.843139
-1274.509887
-2313.725585
-2431.372558
-2186.274658
-1803.921630
-1166.666748
-313.725494
470.588256
1862.745117
2215.686279
2392.156982
2303.921630
1872.549072
1352.941162
558.823547
-1068.627441
-1715.686279
-2176.470703
-2401.960937
-2382.353027
-1980.392211
-1500.000000
176.470596
872.549011
1480.392211
2049.019531
2313.725585
2392.156982