-2274.509765
-2441.176513
-2323.529541
-1882.353027
-401.960784
411.764709
1078.431396
1735.294189
2186.274658
2382.353027
2362.745117
1411.764770
666.666687
-176.470596
-892.156860
-1509.803955
-2088.235351
-2343.137207
-2088.235351
-1627.451049
-911.764709
-68.627449
627.450988
1274.509887
1931.372558
2284.313720
2431.372558
2294.117675
1862.745117
1284.313720
490.196075
-323.529418
-1029.411743
-1666.666748
-2147.058837
-2382.353027
-1990.196166
-1470.588256
-686.274536
137.254898
843.137268
1450.980468
2078.431396
2323.529541
2421.568603
2117.647216
1735.294189
1068.627441
235.294128
-519.607849
-1176.470581
-1823.529418
-2254.902099
-2431.372558
-1901.960815
-1303.921630
-480.392150
333.333343
1029.411743
1676.470581
2137.254882
2372.549072
2431.372558
2049.019531
764.705871
-68.627449
-745.098083
-1392.156860
-2352.941162
-2450.980468
-2117.647216
-1764.705932
-1058.823608
-205.882354
1333.333374
1950.980468
2274.509765
2411.764648
2245.098144
1872.549072
1254.901977
-480.392150
-1147.058837
-1803.921630
-2225.490234
-2421.568603
-2362.745117
-1931.372558
-529.411804
303.921569
980.392150
1607.843139
2098.039306
2362.745117
2411.764648
2107.843261
1627.451049
941.176513
-745.098083
-1392.156860
-2019.607910
-2313.725585
-2431.372558
-2156.862792
-1803.921630
-205.882354
549.019592
1196.078491
1823.529418
2235.294189
2411.764648
2333.333496
1921.568603
1382.353027
607.843139
-235.294128
-941.176513
-1578.431396
-2098.039306
-2382.353027
-2450.980468
-2107.843261
-1647.058837
9.803922
656.862731
1284.313720
1921.568603
2274.509765
2421.568603
2313.725585
1882.353027
1284.313720
490.196075
-1078.431396
-1784.313720
-2215.686279
-2421.568603
-2382.353027
-1970.588256
-1460.784301
274.509796
970.588256
1598.039184
2107.843261
2372.549072
2460.784423
2098.039306
1637.254882
970.588256
137.254898
-1343.137329
-1990.196166
-2313.725585
-2441.176513
-2215.686279
-1833.333374
-1166.666748
568.627441
1225.490234
1882.353027
2254.902099
2421.568603
2333.333496
1892.156860
1352.941162
578.431396
-245.098037
-970.588256
-1578.431396
-2107.843261
-2352.941162
-2431.372558
-2078.431396
-1627.451049
-911.764709
754.901977
1392.156860
2019.607910
2323.529541
2421.568603
2137.254882
1803.921630
196.078430
-539.215698
-1186.274536
-1862.745117
-2254.902099
-2431.372558
-2333.333496
-1254.901977
-431.372558
362.745117
1039.215698
1705.882324
2156.862792
2352.941162
1911.764770
1421.568603
676.470581
-147.058822
-852.941162
-1490.196166
-2372.549072
-2421.568603
-2117.647216
-1627.451049
-931.372558
-107.843139
627.450988
1990.196166
2303.921630
2441.176513
2196.078369
1803.921630
1196.078491
362.745117
-421.568634
-1098.039184
-1754.901977
-2205.882324
-2411.764648
-2382.353027
-1960.784301
-1470.588256
-686.274536
166.666671
852.941162
2107.843261
2352.941162
2401.960937
2098.039306
1637.254882
960.784301
176.470596
-1343.137329
-1980.392211
-2294.117675
-2441.176513
-2215.686279
-1813.725463
-1176.470581
-323.529418
460.784332
1137.254882
1784.313720
2186.274658
2401.960937
2382.353027
1950.980468
1460.784301
735.294128
-98.039215
-1539.215698
-2107.843261
-2372.549072
-2431.372558
-2107.843261
-1656.862792
-960.784301
-147.058822
588.235290
1245.098022
2274.509765
2421.568603
2254.902099
1843.137329
1274.509887
441.176483
-343.137268
-1774.509887
-2215.686279
-2421.568603
-2401.960937
-1970.588256
-1441.176513
-686.274536
990.196105
1607.843139
2098.039306
2362.745117
2411.764648
2058.823486
1598.039184
921.568664
117.647064
-607.843139
-1990.196166
-2303.921630
-2441.176513
-2176.470703
-1813.725463
-1176.470581
-333.333343
1225.490234
1872.549072
2245.098144
2401.960937
2313.725585
1882.353027
441.176483
-352.941192
-1039.215698
-1715.686279
-2166.666748
-2431.372558
-2411.764648
-1421.568603
-656.862731
215.686279
901.960815
1519.607910
2098.039306
2333.333496
2088.235351
1617.647094
950.980407
127.450981
-588.235290
-1254.901977
-1892.156860
-2441.176513
-2225.490234
-1823.529418
-1215.686279
-362.745117
431.372558
1088.235351
1754.901977
2196.078369
2392.156982
2382.353027
1970.588256
1470.588256
735.294128
-88.235298
-754.901977
-1421.568603
-2019.607910
-2421.568603
-2117.647216
-1686.274536
-1029.411743
-147.058822
568.627441
1215.686279
1892.156860
2245.098144
2421.568603
1843.137329
1245.098022
441.176483
-362.745117
-1058.823608
-1696.078491
-2166.666748
-2382.353027
-2431.372558
-1990.196166
-666.666687
186.274520
852.941162
1500.000000
2039.215698
2303.921630
2411.764648
1666.666748
960.784301
176.470596
-549.019592
-1196.078491
-1872.549072
-2274.509765
-2254.902099
-1862.745117
-1254.901977
-411.764709
392.156860
1049.019653
1705.882324
2382.353027
2392.156982
1931.372558
1431.372558
676.470581
-156.862747
-852.941162
-2127.450927
-2372.549072
-2441.176513
-2088.235351
-1637.254882
-931.372558
735.294128
1382.353027
2009.803955
2284.313720
2441.176513
2186.274658
1813.725463
205.882354
-519.607849
-1196.078491
-1852.941162
-2254.902099
-2411.764648
-2323.529541
-1901.960815
-1333.333374
-549.019592
1078.431396
1754.901977
2166.666748
2401.960937
2392.156982
2000.000000
1549.019653
-127.450981
-843.137268
-1509.803955
-2088.235351
-2343.137207
-2450.980468
-2117.647216
-931.372558
-88.235298
588.235290
1254.901977
1882.353027
2235.294189
2401.960937
2303.921630
1901.960815
1313.725463
-421.568634
-1098.039184
-1754.901977
-2421.568603
-2362.745117
-1950.980468
-1382.353027
-578.431396
245.098037
931.372558
2147.058837
2372.549072
2421.568603
2088.235351
1588.235351
882.352966
78.431373
-1411.764770
-2019.607910
-2303.921630
-2441.176513
-2156.862792
-1794.117675
-1156.862792
578.431396
1245.098022
1892.156860
2264.705810
2431.372558
2343.137207
1892.156860
1343.137329
539.215698
-284.313720
-980.392150
-1607.843139
-2156.862792
-2392.156982
-2431.372558
-2078.431396
-1588.235351
-882.352966
813.725524
1421.568603
2019.607910
2313.725585
2421.568603
2137.254882
1774.509887
1166.666748
303.921569
-470.588256
-1147.058837
-1794.117675
-2245.098144
-2431.372558
-2372.549072
-1931.372558
-1392.156860
-637.254943
1009.803955
1686.274536
2117.647216
2392.156982
2401.960937
2039.215698
1549.019653
843.137268
0.000000
-598.039245
-1960.784301
-2284.313720
-2441.176513
-2274.509765
-1156.862792
-313.725494
490.196075
1137.254882
1794.117675
2215.686279
2303.921630
1901.960815
1352.941162
568.627441
-235.294128
-941.176513
-1598.039184
-2392.156982
-2441.176513
-2049.019531
-1539.215698
-813.725524
29.411766
696.078430
2029.411743
2333.333496
2421.568603
2107.843261
1735.294189
1107.843139
274.509796
-1254.901977
-1931.372558
-2294.117675
-2421.568603
-2313.725585
-1872.549072
-1284.313720
441.176483
1107.843139
1764.705932
2215.686279
2382.353027
2372.549072
1392.156860
607.843139
-225.490203
-911.764709
-1539.215698
-2117.647216
-2372.549072
-2078.431396
-1578.431396
-843.137268
-9.803922
637.254943
1284.313720
1921.568603
2411.764648
2176.470703
1823.529418
1196.078491
372.549041
-411.764709
-1078.431396
-2235.294189
-2441.176513
-2372.549072
-1931.372558
-1372.549072
-588.235290
225.490203
911.764709
1519.607910
2078.431396
2362.745117
2421.568603
2117.647216
1666.666748
1000.000000
235.294128
-519.607849
-1196.078491
-2274.509765
-2431.372558
-2294.117675
-1892.156860
-1284.313720
-480.392150
362.745117
1745.098022
2186.274658
2401.960937
2392.156982
1980.392211
1480.392211
725.490234
-88.235298
-754.901977
-1421.568603
-2352.941162
-2441.176513
-2117.647216
-1696.078491
-1019.607849
-166.666671
558.823547
1960.784301
2264.705810
2411.764648
1794.117675
1156.862792
313.725494
-470.588256
-1107.843139
-1784.313720
-2235.294189
-2323.529541
-1911.764770
-1352.941162
-519.607849
303.921569
990.196105
1607.843139
2401.960937
2401.960937
2029.411743
1519.607910
823.529418
-19.607843
-696.078430
-2058.823486
-2323.529541
-2441.176513
-2137.254882
-1745.098022
-1117.647094
607.843139
1264.705932
1901.960815
2254.902099
2411.764648
2303.921630
1901.960815
382.352935
-392.156860
-1049.019653
-1725.490234
-2205.882324
-2401.960937
-2401.960937
-1441.176513
-637.254943
215.686279
892.156860
1529.411743
2078.431396
2352.941162
2058.823486
1598.039184
911.764709
78.431373
-607.843139
-1264.705932
-1901.960815
-2274.509765
-2441.176513
-2303.921630
-1205.882324
-352.941192
470.588256
1098.039184
1754.901977
2186.274658
2392.156982
1901.960815
1372.549072
617.647094
-1019.607849
-1676.470581
-2166.666748
-2382.353027
-2441.176513
-2009.803955
-1529.411743
186.274520
872.549011
1500.000000
2039.215698
2303.921630
2421.568603
2147.058837
1000.000000
245.098037
-500.000000
-1127.451049
-1794.117675
-2225.490234
-2431.372558
-1911.764770
-1343.137329
-549.019592
284.313720
980.392150
1617.647094
2117.647216
2352.941162
2401.960937
2068.627441
1627.451049
921.568664
107.843139
-598.039245
-1254.901977
-1911.764770
-2274.509765
-2441.176513
-1803.921630
-1176.470581
-343.137268
441.176483
1107.843139
1784.313720
2196.078369
2401.960937
2382.353027
1960.784301
1460.784301
705.882385
-117.647064
-823.529418
-1480.392211
-2078.431396
-2343.137207
-2431.372558
-1656.862792
-950.980407
-127.450981
607.843139
1235.294189
1892.156860
2254.902099
2245.098144
1852.941162
1245.098022
431.372558
-372.549041
-1058.823608
-1705.882324
-2166.666748
-2431.372558
-2401.960937
-2009.803955
-1509.803955
-745.098083
78.431373
735.294128
1382.353027
2009.803955
2303.921630
2088.235351
1715.686279
1078.431396
235.294128
-519.607849
-1166.666748
-1852.941162
-2470.588378
-2284.313720
-1852.941162
-1274.509887
-441.176483
372.549041
1029.411743
1696.078491
2156.862792
2372.549072
2392.156982
2019.607910
1529.411743
794.117675
-29.411766
-725.490234
-1392.156860
-2000.000000
-2450.980468
-2166.666748
-1784.313720
-1137.254882
-284.313720
490.196075
1147.058837
2235.294189
2431.372558
2333.333496
1892.156860
1323.529418
539.215698
-294.117645
-1705.882324
-2186.274658
-2382.353027
-2411.764648
-2019.607910
-1509.803955
205.882354
892.156860
1500.000000
2049.019531
2333.333496
2431.372558
2147.058837
990.196105
166.666671
-549.019592
-1215.686279
-1892.156860
-2254.902099
-2431.372558
-1862.745117
-1245.098022
-401.960784
392.156860
1039.215698
1686.274536
2156.862792
2392.156982
1941.176513
1431.372558
656.862731
-137.254898
-872.549011
-1509.803955
-2362.745117
-2441.176513
-2088.235351
-1617.647094
-921.568664
-78.431373
1392.156860
1970.588256
2303.921630
2401.960937
2176.470703
1813.725463
1176.470581
-539.215698
-1225.490234
-1882.353027
-2235.294189
-2411.764648
-2343.137207
-1921.568603
-431.372558
382.352935
1029.411743
1705.882324
2166.666748
2382.353027
2411.764648
2000.000000
1568.627441
833.333374
0.000000
-558.823547
-1225.490234
-1901.960815
-2274.509765
-2421.568603
-2333.333496
-1892.156860
-401.960784
401.960784
1078.431396
1715.686279
2176.470703
2411.764648
2421.568603
1421.568603
656.862731
-137.254898
-872.549011
-1490.196166
-2068.627441
-2352.941162
-2078.431396
-1607.843139
-901.960815
-78.431373
617.647094
1264.705932
1911.764770
2254.902099
2411.764648
2303.921630
1235.294189
392.156860
-392.156860
-1078.431396
-2225.490234
-2441.176513
-2372.549072
-1970.588256
-1411.764770
-647.058837
1009.803955
1647.058837
2147.058837
2392.156982
2421.568603
2058.823486
1578.431396
-68.627449
-774.509826
-1431.372558
-2029.411743
-2333.333496
-2431.372558
-2147.058837
-1029.411743
-156.862747
568.627441
1245.098022
1892.156860
2254.902099
2431.372558
2313.725585
1892.156860
1333.333374
549.019592
-274.509796
-950.980407
-1568.627441
-2107.843261
-2362.745117
-2421.568603
-2098.039306
-833.333374
0.000000
578.431396
1235.294189
1901.960815
2254.902099
2411.764648
1852.941162
1264.705932
450.980407
-362.745117
-1049.019653
-1686.274536
-2147.058837
-2401.960937
-2441.176513
-2000.000000
-735.294128
117.647064
813.725524
1431.372558
2019.607910
2323.529541
2431.372558
1666.666748
1000.000000
225.490203
-509.803924
-1176.470581
-1843.137329
-2235.294189
-2313.725585
-1882.353027
-1284.313720
-441.176483
352.941192
1019.607849
1656.862792
2147.058837
2382.353027
2421.568603
1470.588256
715.686279
-88.235298
-774.509826
-2088.235351
-2343.137207
-2431.372558
-2088.235351
-1686.274536
-1000.000000
656.862731
1303.921630
1931.372558
2274.509765
2431.372558
2264.705810
1862.745117
343.137268
-441.176483
-1117.647094
-1794.117675
-2215.686279
-2421.568603
-2392.156982
-1352.941162
-558.823547
284.313720
970.588256
1598.039184
2098.039306
2343.137207
2411.764648
2088.235351
1647.058837
970.588256
117.647064
-568.627441
-1235.294189
-1892.156860
-2284.313720
-2431.372558
-2303.921630
-1205.882324
-352.941192
450.980407
1088.235351
1725.490234
2176.470703
2392.156982
1931.372558
1392.156860
627.450988
-176.470596
-911.764709
-1519.607910
-2117.647216
-2411.764648
-2098.039306
-1617.647094
-931.372558
-88.235298
617.647094
1264.705932
1921.568603
2254.902099
2411.764648
2294.117675
1882.353027
1313.725463
519.607849
-303.921569
-970.588256
-1607.843139
-2127.450927
-2411.764648
-2029.411743
-1519.607910
-764.705871
49.019607
715.686279
1362.745117
2333.333496
2421.568603
2117.647216
1725.490234
1088.235351
235.294128
-509.803924
-1911.764770
-2274.509765
-2421.568603
-2313.725585
-1911.764770
-1313.725463
431.372558
1078.431396
1754.901977
2186.274658
2421.568603
2401.960937
1960.784301
627.450988
-186.274520
-911.764709
-1529.411743
-2098.039306
-2362.745117
-2441.176513
-1607.843139
-892.156860
-58.823532
647.058837
1294.117675
1901.960815
2274.509765
2186.274658
1784.313720
1196.078491
372.549041
-401.960784
-1078.431396
-1754.901977
-2401.960937
-2362.745117
-1931.372558
-1401.960815
-588.235290
235.294128
1656.862792
2156.862792
2401.960937
2411.764648
2039.215698
1568.627441
833.333374
-833.333374
-1480.392211
-2088.235351
-2343.137207
-2450.980468
-2137.254882
-1705.882324
-68.627449
607.843139
1274.509887
1931.372558
2303.921630
2431.372558
2284.313720
1872.549072
1284.313720
500.000000
-1058.823608
-1725.490234
-2166.666748
-2411.764648
-2421.568603
-2019.607910
-1509.803955
205.882354
892.156860
1529.411743
2078.431396
2343.137207
2441.176513
2098.039306
1686.274536
1009.803955
166.666671
-1333.333374
-1990.196166
-2313.725585
-2127.450927
-1745.098022
-1107.843139
-254.901962
500.000000
1107.843139
1764.705932
2421.568603
2323.529541
1882.353027
1362.745117
578.431396
-235.294128
-950.980407
-2137.254882
-2392.156982
-2441.176513
-2078.431396
-1539.215698
-813.725524
29.411766
1441.176513
2049.019531
2333.333496
2431.372558
2127.450927
1735.294189
1098.039184
264.705902
-500.000000
-1137.254882
-1774.509887
-2225.490234
-2421.568603
-2382.353027
-1960.784301
-1460.784301
-686.274536
156.862747
1617.647094
2117.647216
2362.745117
2401.960937
2088.235351
1637.254882
950.980407
-745.098083
-1401.960815
-2019.607910
-2313.725585
-2441.176513
-2176.470703
-1803.921630
-215.686279
539.215698
1196.078491
1823.529418
2235.294189
2401.960937
1892.156860
1274.509887
500.000000
-254.901962
-950.980407
-1578.431396
-2107.843261
-2411.764648
-2029.411743
-1529.411743
-784.313720
39.215686
715.686279
1372.549072
2000.000000
2284.313720
2411.764648
2274.509765
1852.941162
1274.509887
450.980407
-1127.451049
-1784.313720
-2225.490234
-2333.333496
-1911.764770
-1352.941162
-549.019592
284.313720
970.588256
1607.843139
2372.549072
2392.156982
2019.607910
1549.019653
843.137268
19.607843
-686.274536
-2029.411743
-2313.725585
-2431.372558
-2166.666748
-1764.705932
-1098.039184
-264.705902
1284.313720
1911.764770
2264.705810
2421.568603
2284.313720
1882.353027
1303.921630
509.803924
-294.117645
-1000.000000
-1607.843139
-2137.254882
-2382.353027
-2421.568603
-2088.235351
-1617.647094
-921.568664
-78.431373
1401.960815
2000.000000
2284.313720
2411.764648
2245.098144
1852.941162
1235.294189
-509.803924
-1166.666748
-1843.137329
-2235.294189
-2421.568603
-2343.137207
-1294.117675
-480.392150
343.137268
1019.607849
1676.470581
2137.254882
2382.353027
1960.784301
1470.588256
725.490234
-78.431373
-764.705871
-1411.764770
-2049.019531
-2441.176513
-2117.647216
-1676.470581
-1019.607849
-156.862747
588.235290
1235.294189
2284.313720
2431.372558
2254.902099
1843.137329
1245.098022
441.176483
-372.549041
-1774.509887
-2196.078369
-2401.960937
-2372.549072
-1990.196166
-1470.588256
264.705902
941.176513
1568.627441
2117.647216
2362.745117
2441.176513
2088.235351
813.725524
0.000000
-568.627441
-1235.294189
-1911.764770
-2254.902099
-2450.980468
-1843.137329
-1225.490234
-392.156860
401.960784
1058.823608
1745.098022
2156.862792
2343.137207
1950.980468
1450.980468
666.666687
-166.666671
-843.137268
-1480.392211
-2382.353027
-2441.176513
-2078.431396
-1617.647094
-901.960815
-78.431373
607.843139
1245.098022
1921.568603
2254.902099
2411.764648
2294.117675
1862.745117
1313.725463
529.411804
-284.313720
-980.392150
-1607.843139
-2411.764648
-2401.960937
-2019.607910
-1529.411743
-784.313720
39.215686
705.882385
2068.627441
2333.333496
2431.372558
2117.647216
1735.294189
1078.431396
215.686279
-509.803924
-1176.470581
-1843.137329
-2235.294189
-2431.372558
-2343.137207
-1911.764770
-1362.745117
-578.431396
254.901962
950.980407
2127.450927
2372.549072
2421.568603
2049.019531
1607.843139
882.352966
58.823532
-1411.764770
-2019.607910
-2333.333496
-2431.372558
-2147.058837
-1764.705932
-1137.254882
578.431396
1235.294189
1862.745117
2235.294189
2411.764648
2303.921630
1225.490234
411.764709
-372.549041
-1049.019653
-1715.686279
-2196.078369
-2401.960937
-1931.372558
-1431.372558
-627.450988
196.078430
872.549011
1480.392211
2088.235351
2401.960937
2098.039306
1637.254882
950.980407
137.254898
-558.823547
-1254.901977
-2313.725585
-2450.980468
-2235.294189
-1852.941162
-1215.686279
-372.549041
421.568634
1088.235351
1754.901977
2176.470703
2362.745117
1911.764770
1411.764770
-323.529418
-1019.607849
-1666.666748
-2156.862792
-2411.764648
-2411.764648
-2049.019531
-705.882385
127.450981
843.137268
1450.980468
2039.215698
2333.333496
2421.568603
1647.058837
990.196105
176.470596
-549.019592
-1215.686279
-1872.549072
-2254.902099
-2284.313720
-1862.745117
-1235.294189
-421.568634
392.156860
1058.823608
1715.686279
2147.058837
2382.353027
2411.764648
2029.411743
1529.411743
794.117675
-49.019607
-696.078430
-1352.941162
-2000.000000
-2303.921630
-2176.470703
-1794.117675
-1147.058837
-323.529418
460.784332
1127.451049
1784.313720
2392.156982
2313.725585
1892.156860
1362.745117
568.627441
-254.901962
-960.784301
-2127.450927
-2392.156982
-2441.176513
-2058.823486
-1578.431396
-823.529418
862.745117
1480.392211
2068.627441
2333.333496
2421.568603
2107.843261
1705.882324
98.039215
-568.627441
-1264.705932
-1911.764770
-2284.313720
-2441.176513
-2323.529541
-1196.078491
-362.745117
441.176483
1088.235351
1764.705932
2205.882324
2382.353027
2372.549072
1960.784301
1460.784301
-225.490203
-901.960815
-1549.019653
-2098.039306
-2431.372558
-2058.823486
-1578.431396
-843.137268
-9.803922
617.647094
2019.607910
2313.725585
2431.372558
2186.274658
1813.725463
1176.470581
362.745117
-1205.882324
-1872.549072
-2264.705810
-2431.372558
-2323.529541
-1901.960815
-1343.137329
392.156860
1058.823608
1745.098022
2186.274658
2392.156982
2382.353027
2009.803955
1529.411743
774.509826
-29.411766
-705.882385
-1382.353027
-2009.803955
-2303.921630
-2441.176513
-2205.882324
-1823.529418
-1166.666748
558.823547
1215.686279
1872.549072
2235.294189
2411.764648
2343.137207
1901.960815
441.176483
-352.941192
-1039.215698
-1686.274536
-2166.666748
-2411.764648
-2411.764648
-2029.411743
-1500.000000
-823.529418
29.411766
696.078430
1343.137329
1970.588256
2284.313720
2401.960937
2245.098144
1833.333374
284.313720
-470.588256
-1156.862792
-1823.529418
-2235.294189
-2421.568603
-2372.549072
-1941.176513
-1411.764770
-617.647094
215.686279
901.960815
1539.215698
2078.431396
2362.745117
2411.764648
2078.431396
1666.666748
39.215686
-627.450988
-1313.725463
-1941.176513
-2284.313720
-2431.372558
-2254.902099
-1166.666748
-313.725494
450.980407
1127.451049
1813.725463
2205.882324
2401.960937
2372.549072
1960.784301
1421.568603
686.274536
-147.058822
-862.745117
-1509.803955
-2088.235351
-2343.137207
-2441.176513
-2107.843261
-931.372558
-88.235298
607.843139
1264.705932
1921.568603
2245.098144
2401.960937
1833.333374
1215.686279
401.960784
-401.960784
-1078.431396
-1745.098022
-2196.078369
-2372.549072
-1941.176513
-1411.764770
-627.450988
196.078430
901.960815
2107.843261
2382.353027
2421.568603
2088.235351
1607.843139
931.372558
78.431373
-1372.549072
-2019.607910
-2323.529541
-2411.764648
-2196.078369
-1794.117675
-1186.274536
578.431396
1196.078491
1882.353027
2245.098144
2401.960937
2352.941162
1872.549072
460.784332
-352.941192
-1039.215698
-1705.882324
-2156.862792
-2411.764648
-2401.960937
-2019.607910
-1529.411743
-784.313720
68.627449
754.901977
1382.353027
1990.196166
2274.509765
2411.764648
2215.686279
1813.725463
235.294128
-529.411804
-1166.666748
-1823.529418
-2245.098144
-2421.568603
-2343.137207
-1303.921630
-509.803924
343.137268
1029.411743
1666.666748
2127.450927
2401.960937
1990.196166
1500.000000
794.117675
-19.607843
-696.078430
-1343.137329
-2333.333496
-2431.372558
-2137.254882
-1745.098022
-1107.843139
-264.705902
500.000000
1872.549072
2245.098144
2421.568603
2313.725585
1901.960815
1382.353027
598.039245
-1029.411743
-1696.078491
-2176.470703
-2411.764648
-2421.568603
-2049.019531
-1529.411743
-784.313720
39.215686
735.294128
2058.823486
2333.333496
2431.372558
2107.843261
1735.294189
1088.235351
245.098037
-500.000000
-1117.647094
-1784.313720
-2196.078369
-2401.960937
-2401.960937
-1950.980468
-1441.176513
313.725494
970.588256
1607.843139
2107.843261
2401.960937
2441.176513
2088.235351
784.313720
-29.411766
-735.294128
-1401.960815
-2019.607910
-2313.725585
-2421.568603
-1745.098022
-1098.039184
-235.294128
539.215698
1166.666748
1823.529418
2421.568603
2313.725585
1852.941162
1294.117675
490.196075
-313.725494
-1009.803955
-2176.470703
-2421.568603
-2411.764648
-1990.196166
-1480.392211
-715.686279
137.254898
1588.235351
2107.843261
2362.745117
2431.372558
2088.235351
1627.451049
931.372558
117.647064
-617.647094
-1254.901977
-2303.921630
-2450.980468
-2235.294189
-1833.333374
-1205.882324
-362.745117
431.372558
1823.529418
2225.490234
2421.568603
1862.745117
1294.117675
480.392150
-303.921569
-1000.000000
-1627.451049
-2107.843261
-2411.764648
-2009.803955
-1490.196166
-764.705871
78.431373
735.294128
1382.353027
2343.137207
2431.372558
2117.647216
1715.686279
1068.627441
225.490203
-500.000000
-1852.941162
-2254.902099
-2431.372558
-2333.333496
-1901.960815
-1343.137329
-539.215698
313.725494
980.392150
1607.843139
2098.039306
2352.941162
2401.960937
2068.627441
1637.254882
941.176513
117.647064
-598.039245
-2000.000000
-2264.705810
-2431.372558
-2274.509765
-1852.941162
-1254.901977
-450.980407
1127.451049
1794.117675
2205.882324
2401.960937
2362.745117
1931.372558
1421.568603
666.666687
-156.862747
-852.941162
-2117.647216
-2372.549072
-2450.980468
-1558.823608
-852.941162
0.000000
568.627441
1225.490234
1862.745117
2254.902099
2235.294189
1833.333374
1245.098022
421.568634
-372.549041
-1058.823608
-1715.686279
-2411.764648
-2372.549072
-1960.784301
-1431.372558
-647.058837
186.274520
872.549011
2107.843261
2372.549072
2431.372558
2078.431396
1627.451049
921.568664
127.450981
-1382.353027
-2009.803955
-2303.921630
-2441.176513
-2196.078369
-1813.725463
-1166.666748
558.823547
1205.882324
1872.549072
2254.902099
2411.764648
2303.921630
1245.098022
441.176483
-372.549041
-1049.019653
-1696.078491
-2166.666748
-2401.960937
-1960.784301
-1431.372558
-666.666687
166.666671
862.745117
1480.392211
2088.235351
2431.372558
2058.823486
1607.843139
931.372558
98.039215
-568.627441
-1245.098022
-2294.117675
-2431.372558
-2245.098144
-1843.137329
-1215.686279
-372.549041
1186.274536
1833.333374
2235.294189
2411.764648
2303.921630
1901.960815
1382.353027
-362.745117
-1049.019653
-1715.686279
-2176.470703
-2411.764648
-2431.372558
-2019.607910
-666.666687
176.470596
872.549011
1500.000000
2039.215698
2313.725585
2431.372558
1666.666748
1000.000000
205.882354
-509.803924
-1186.274536
-1843.137329
-2254.902099
-2421.568603
-2343.137207
-1931.372558
-1372.549072
-578.431396
274.509796
980.392150
1558.823608
2078.431396
2372.549072
2421.568603
1568.627441
843.137268
39.215686
-656.862731
-1323.529418
-1941.176513
-2294.117675
-2421.568603
-2254.902099
-1852.941162
-284.313720
500.000000
1078.431396
1745.098022
2176.470703
2392.156982
2392.156982
1431.372558
637.254943
-186.274520
-901.960815
-1519.607910
-2107.843261
-2362.745117
-2078.431396
-1617.647094
-901.960815
-58.823532
617.647094
1264.705932
1892.156860
2392.156982
2215.686279
1823.529418
1186.274536
382.352935
-431.372558
-1078.431396
-2245.098144
-2421.568603
-2352.941162
-1911.764770
-1362.745117
-578.431396
1058.823608
1715.686279
2156.862792
2382.353027
2392.156982
2000.000000
1558.823608
-127.450981
-833.333374
-1509.803955
-2078.431396
-2352.941162
-2460.784423
-2117.647216
-941.176513
-107.843139
607.843139
1294.117675
1911.764770
2264.705810
2401.960937
1852.941162
1225.490234
392.156860
-372.549041
-1049.019653
-1715.686279
-2186.274658
-2362.745117
-1941.176513
-1411.764770
-627.450988
196.078430
901.960815
2068.627441
2333.333496
2411.764648
2078.431396
1607.843139
941.176513
88.235298
-1372.549072
-2009.803955
-2333.333496
-2441.176513
-2186.274658
-1794.117675
-1176.470581
578.431396
1235.294189
1892.156860
2264.705810
2401.960937
2323.529541
1892.156860
1362.745117
598.039245
-235.294128
-950.980407
-1588.235351
-2127.450927
-2372.549072
-2441.176513
-2107.843261
-1637.254882
-941.176513
735.294128
1372.549072
2009.803955
2323.529541
2401.960937
2196.078369
1803.921630
254.901962
-509.803924
-1176.470581
-1833.333374
-2254.902099
-2431.372558
-2352.941162
-1294.117675
-480.392150
333.333343
1019.607849
1676.470581
2137.254882
2382.353027
1970.588256
1470.588256
735.294128
-68.627449
-764.705871
-1431.372558
-2352.941162
-2431.372558
-2107.843261
-1705.882324
-1009.803955
-156.862747
578.431396
1970.588256
2294.117675
2411.764648
2245.098144
1843.137329
1245.098022
441.176483
-1147.058837
-1823.529418
-2245.098144
-2411.764648
-2372.549072
-1941.176513
-519.607849
294.117645
970.588256
1637.254882
2117.647216
2352.941162
2401.960937
1539.215698
803.921569
-39.215686
-715.686279
-1362.745117
-1990.196166
-2323.529541
-2117.647216
-1715.686279
-1039.215698
-176.470596
549.019592
1186.274536
1862.745117
2411.764648
2274.509765
1852.941162
1254.901977
460.784332
-343.137268
-1029.411743
-1705.882324
-2176.470703
-2401.960937
-2431.372558
-2009.803955
-1490.196166
-754.901977
68.627449
745.098083
1372.549072
1980.392211
2411.764648
2117.647216
1715.686279
1049.019653
235.294128
-509.803924
-1176.470581
-2284.313720
-2441.176513
-2333.333496
-1901.960815
-1294.117675
-450.980407
333.333343
1019.607849
1666.666748
2156.862792
2362.745117
2411.764648
2029.411743
1529.411743
813.725524
-9.803922
-656.862731
-1323.529418
-2313.725585
-2441.176513
-2156.862792
-1784.313720
-1117.647094
-284.313720
490.196075
1147.058837
1794.117675
2225.490234
2411.764648
2343.137207
1931.372558
1431.372558
676.470581
-147.058822
-872.549011
-1490.196166
-2392.156982
-2441.176513
-2098.039306
-1627.451049
-950.980407
-137.254898
617.647094
1990.196166
2294.117675
2421.568603
2186.274658
1813.725463
1215.686279
392.156860
-392.156860
-1098.039184
-1725.490234
-2166.666748
-2411.764648
-2401.960937
-2000.000000
-1519.607910
-774.509826
39.215686
725.490234
2049.019531
2333.333496
2441.176513
2107.843261
1745.098022
1117.647094
284.313720
-1254.901977
-1921.568603
-2284.313720
-2421.568603
-2323.529541
-1892.156860
-1303.921630
431.372558
1117.647094
1745.098022
2176.470703
2392.156982
2392.156982
1372.549072
598.039245
-186.274520
-901.960815
-1539.215698
-2107.843261
-2372.549072
-2078.431396
-1588.235351
-833.333374
-9.803922
627.450988
1284.313720
1911.764770
2431.372558
2205.882324
1843.137329
1196.078491
392.156860
-401.960784
-1088.235351
-2215.686279
-2411.764648
-2362.745117
-1931.372558
-1401.960815
-598.039245
215.686279
931.372558
1568.627441
2098.039306
2343.137207
2411.764648
2098.039306
1686.274536
1019.607849
186.274520
-549.019592
-1215.686279
-2284.313720
-2441.176513
-2254.902099
-1843.137329
-1245.098022
-431.372558
382.352935
1794.117675
2205.882324
2372.549072
2352.941162
1921.568603
1411.764770
666.666687
-156.862747
-862.745117
-1519.607910
-2382.353027
-2450.980468
-2088.235351
-794.117675
29.411766
696.078430
1343.137329
1970.588256
2303.921630
2441.176513
1754.901977
1098.039184
303.921569
-490.196075
-1137.254882
-1784.313720
-2245.098144
-2323.529541
-1872.549072
-1333.333374
-519.607849
323.529418
1000.000000
1598.039184
2372.549072
2401.960937
2019.607910
1539.215698
833.333374
0.000000
-578.431396
-1970.588256
-2294.117675
-2431.372558
-2225.490234
-1833.333374
-1196.078491
-362.745117
1196.078491
1862.745117
2235.294189
2421.568603
2323.529541
1882.353027
450.980407
-343.137268
-1029.411743
-1696.078491
-2156.862792
-2392.156982
-2421.568603
-1460.784301
-686.274536
137.254898
833.333374
1460.784301
2058.823486
2343.137207
2088.235351
1627.451049
980.392150
137.254898
-558.823547
-1245.098022
-1892.156860
-2441.176513
-2254.902099
-1833.333374
-1215.686279
-382.352935
411.764709
1058.823608
1715.686279
2176.470703
2401.960937
2401.960937
2000.000000
1549.019653
862.745117
9.803922
-617.647094
-1284.313720
-1921.568603
-2441.176513
-2196.078369
-1813.725463
-1176.470581
-343.137268
450.980407
1088.235351
2225.490234
2411.764648
2333.333496
1911.764770
1362.745117
588.235290
-205.882354
-1656.862792
-2137.254882
-2411.764648
-2431.372558
-2049.019531
-1558.823608
156.862747
862.745117
1480.392211
2068.627441
2333.333496
2411.764648
2088.235351
931.372558
137.254898
-588.235290
-1264.705932
-1911.764770
-2264.705810
-2431.372558
-1833.333374
-1205.882324
-362.745117
450.980407
1107.843139
1735.294189
2186.274658
2333.333496
1921.568603
1411.764770
617.647094
-176.470596
-892.156860
-1529.411743
-2362.745117
-2441.176513
-2078.431396
-1607.843139
-892.156860
-49.019607
1441.176513
2000.000000
2303.921630
2401.960937
2225.490234
1823.529418
1205.882324
-519.607849
-1196.078491
-1852.941162
-2254.902099
-2421.568603
-2343.137207
-1911.764770
-470.588256
362.745117
1029.411743
1676.470581
2147.058837
2362.745117
2392.156982
1470.588256
725.490234
-107.843139
-813.725524
-1500.000000
-2019.607910
-2323.529541
-2107.843261
-1705.882324
-1019.607849
-166.666671
568.627441
1225.490234
2254.902099
2401.960937
2274.509765
1852.941162
1274.509887
470.588256
-343.137268
-1784.313720
-2205.882324
-2411.764648
-2382.353027
-1960.784301
-1460.784301
-686.274536
1000.000000
1598.039184
2098.039306
2352.941162
2421.568603
2088.235351
1617.647094
-9.803922
-656.862731
-1333.333374
-1970.588256
-2294.117675
-2450.980468
-2245.098144
-1137.254882
-274.509796
509.803924
1147.058837
1784.313720
2196.078369
2294.117675
1892.156860
1362.745117
558.823547
-264.705902
-931.372558
-1588.235351
-2421.568603
-2421.568603
-2049.019531
-1539.215698
-823.529418
9.803922
647.058837
2019.607910
2313.725585
2441.176513
2156.862792
1794.117675
1205.882324
343.137268
-1225.490234
-1872.549072
-2245.098144
-2431.372558
-2333.333496
-1892.156860
-1323.529418
421.568634
1078.431396
1754.901977
2196.078369
2362.745117
2392.156982
1392.156860
627.450988
-176.470596
-882.352966
-1539.215698
-2088.235351
-2372.549072
-2078.431396
-1607.843139
-901.960815
-58.823532
617.647094
1284.313720
1931.372558
2411.764648
2186.274658
1823.529418
1215.686279
382.352935
-401.960784
-1068.627441
-2245.098144
-2441.176513
-2372.549072
-1931.372558
-1382.353027
-607.843139
215.686279
911.764709
1549.019653
2098.039306
2362.745117
2411.764648
2098.039306
1676.470581
1029.411743
176.470596
-549.019592
-1215.686279
-2274.509765
-2431.372558
-2274.509765
-1862.745117
-1264.705932
-450.980407
372.549041
1754.901977
2196.078369
2401.960937
2401.960937
1960.784301
1470.588256
715.686279
-98.039215
-784.313720
-1431.372558
-2049.019531
-2352.941162
-2441.176513
-2137.254882
-1764.705932
-1098.039184
-245.098037
490.196075
1872.549072
2245.098144
2401.960937
2313.725585
1901.960815
1352.941162
578.431396
-1068.627441
-1754.901977
-2205.882324
-2411.764648
-2392.156982
-1990.196166
-607.843139
225.490203
911.764709
1519.607910
2068.627441
2343.137207
2411.764648
1617.647094
882.352966
88.235298
-588.235290
-1264.705932
-1921.568603
-2284.313720
-2225.490234
-1833.333374
-1186.274536
-352.941192
431.372558
1107.843139
1754.901977
2401.960937
2343.137207
1921.568603
1382.353027
598.039245
-215.686279
-921.568664
-2117.647216
-2392.156982
-2421.568603
-2068.627441
-1588.235351
-862.745117
-29.411766
1431.372558
2039.215698
2313.725585
2411.764648
2117.647216
1745.098022
156.862747
-558.823547
-1215.686279
-1882.353027
-2274.509765
-2431.372558
-2303.921630
-1245.098022
-411.764709
382.352935
1058.823608
1705.882324
2156.862792
2372.549072
1941.176513
1441.176513
666.666687
-147.058822
-872.549011
-1509.803955
-2078.431396
-2450.980468
-2098.039306
-1637.254882
-950.980407
-98.039215
578.431396
1235.294189
1892.156860
2254.902099
2421.568603
2303.921630
1892.156860
1343.137329
539.215698
-303.921569
-980.392150
-1607.843139
-2127.450927
-2431.372558
-2019.607910
-1539.215698
-803.921569
39.215686
705.882385
1352.941162
2352.941162
2421.568603
2117.647216
1715.686279
1088.235351
215.686279
-509.803924
-1901.960815
-2284.313720
-2421.568603
-2313.725585
-1921.568603
-1294.117675
441.176483
1117.647094
1764.705932
2196.078369
2401.960937
2372.549072
1960.784301
617.647094
-186.274520
-901.960815
-1539.215698
-2098.039306
-2362.745117
-2441.176513
-1588.235351
-872.549011
-19.607843
627.450988
1284.313720
1921.568603
2284.313720
2205.882324
1794.117675
1166.666748
323.529418
-441.176483
-1127.451049
-1774.509887
-2441.176513
-2352.941162
-1901.960815
-1362.745117
-549.019592
254.901962
1686.274536
2156.862792
2372.549072
2392.156982
2029.411743
1529.411743
784.313720
0.000000
-607.843139
-1254.901977
-1921.568603
-2294.117675
-2421.568603
-2303.921630
-1882.353027
-1303.921630
-470.588256
362.745117
1029.411743
1686.274536
2156.862792
2362.745117
1960.784301
1460.784301
686.274536
-137.254898
-833.333374
-1509.803955
-2068.627441
-2441.176513
-2098.039306
-1647.058837
-941.176513
-107.843139
627.450988
1245.098022
1901.960815
2284.313720
2411.764648
1852.941162
1225.490234
421.568634
-1166.666748
-1833.333374
-2245.098144
-2441.176513
-2352.941162
-1931.372558
-1392.156860
362.745117
1029.411743
1696.078491
2156.862792
2392.156982
2401.960937
2029.411743
676.470581
-117.647064
-823.529418
-1480.392211
-2088.235351
-2343.137207
-2450.980468
-1647.058837
-960.784301
-117.647064
607.843139
1254.901977
1901.960815
2431.372558
2235.294189
1833.333374
1215.686279
362.745117
-411.764709
-1098.039184
-2235.294189
-2411.764648
-2352.941162
-1921.568603
-1411.764770
-598.039245
225.490203
1647.058837
2137.254882
2372.549072
2401.960937
2068.627441
1598.039184
862.745117
-823.529418
-1460.784301
-2049.019531
-2343.137207
-2431.372558
-2127.450927
-1735.294189
-117.647064
598.039245
1254.901977
1882.353027
2254.902099
2421.568603
1823.529418
1235.294189
421.568634
-372.549041
-1068.627441
-1725.490234
-2186.274658
-2362.745117
-1960.784301
-1392.156860
-627.450988
196.078430
872.549011
1500.000000
2362.745117
2421.568603
2098.039306
1676.470581
1009.803955
147.058822
-578.431396
-1970.588256
-2294.117675
-2431.372558
-2235.294189
-1843.137329
-1235.294189
-382.352935
1196.078491
1833.333374
2225.490234
2450.980468
2362.745117
1911.764770
500.000000
-274.509796
-960.784301
-1598.039184
-2137.254882
-2372.549072
-2450.980468
-1568.627441
-823.529418
39.215686
705.882385
1352.941162
1970.588256
2284.313720
2137.254882
1764.705932
1107.843139
245.098037
-460.784332
-1137.254882
-1803.921630
-2431.372558
-2323.529541
-1892.156860
-1313.725463
-480.392150
333.333343
1000.000000
1617.647094
2117.647216
2343.137207
2401.960937
2078.431396
1627.451049
931.372558
107.843139
-617.647094
-1284.313720
-1931.372558
-2441.176513
-2186.274658
-1794.117675
-1166.666748
-294.117645
470.588256
1127.451049
2245.098144
2411.764648
2323.529541
1901.960815
1362.745117
578.431396
-274.509796
-1676.470581
-2166.666748
-2401.960937
-2421.568603
-2039.215698
-1519.607910
166.666671
892.156860
1480.392211
2078.431396
2323.529541
2411.764648
2088.235351
931.372558
107.843139
-598.039245
-1264.705932
-1931.372558
-2264.705810
-2450.980468
-1833.333374
-1186.274536
-333.333343
460.784332
1107.843139
1754.901977
2196.078369
2392.156982
2362.745117
1960.784301
1470.588256
715.686279
-88.235298
-794.117675
-1441.176513
-2049.019531
-2323.529541
-2441.176513
-1676.470581
-1000.000000
-186.274520
549.019592
1205.882324
1843.137329
2245.098144
2274.509765
1843.137329
1284.313720
480.392150
-352.941192
-1009.803955
-1686.274536
-2166.666748
-2382.353027
-2431.372558
-2029.411743
-1500.000000
-843.137268
0.000000
568.627441
1225.490234
1882.353027
2254.902099
2245.098144
1843.137329
1254.901977
470.588256
-352.941192
-1058.823608
-1696.078491
-2411.764648
-2382.353027
-1950.980468
-1431.372558
-686.274536
176.470596
862.745117
2117.647216
2352.941162
2421.568603
2068.627441
1647.058837
950.980407
147.058822
-588.235290
-1245.098022
-1892.156860
-2441.176513
-2264.705810
-1843.137329
-264.705902
480.392150
1127.451049
1784.313720
2205.882324
2392.156982
2362.745117
1343.137329
549.019592
-254.901962
-960.784301
-1598.039184
-2107.843261
-2382.353027
-2039.215698
-1519.607910
-803.921569
29.411766
705.882385
1343.137329
1980.392211
2431.372558
2098.039306
1735.294189
1117.647094
264.705902
-480.392150
-1156.862792
-2254.902099
-2411.764648
-2333.333496
-1892.156860
-1323.529418
-509.803924
1107.843139
1764.705932
2186.274658
2382.353027
2392.156982
1960.784301
1480.392211
-225.490203
-921.568664
-1568.627441
-2107.843261
-2372.549072
-2450.980468
-2098.039306
-872.549011
-39.215686
656.862731
1303.921630
1941.176513
2284.313720
2421.568603
1784.313720
1166.666748
352.941192
-450.980407
-1117.647094
-1774.509887
-2215.686279
-2352.941162
-1921.568603
-1372.549072
-578.431396
245.098037
950.980407
1549.019653
2068.627441
2352.941162
2421.568603
2088.235351
1656.862792
970.588256
147.058822
-558.823547
-1235.294189
-1901.960815
-2264.705810
-2274.509765
-1862.745117
-1235.294189
-401.960784
401.960784
1078.431396
1715.686279
2156.862792
2372.549072
2392.156982
1411.764770
647.058837
-147.058822
-1607.843139
-2117.647216
-2362.745117
-2431.372558
-2068.627441
-1598.039184
-872.549011
803.921569
1431.372558
2049.019531
2323.529541
2450.980468
2137.254882
1745.098022
176.470596
-549.019592
-1235.294189
-1862.745117
-2235.294189
-2431.372558
-2313.725585
-1205.882324
-421.568634
401.960784
1058.823608
1705.882324
2176.470703
2352.941162
1931.372558
1431.372558
656.862731
-156.862747
-892.156860
-1509.803955
-2372.549072
-2421.568603
-2117.647216
-1627.451049
-931.372558
-78.431373
617.647094
2000.000000
2264.705810
2431.372558
2274.509765
1882.353027
1264.705932
470.588256
-1137.254882
-1774.509887
-2205.882324
-2382.353027
-2382.353027
-1950.980468
-1431.372558
-627.450988
186.274520
892.156860
1509.803955
2058.823486
2333.333496
2401.960937
2088.235351
1696.078491
1068.627441
225.490203
-1294.117675
-1941.176513
-2284.313720
-2450.980468
-2264.705810
-1872.549072
-1254.901977
490.196075
1137.254882
1784.313720
2205.882324
2382.353027
2362.745117
1931.372558
1460.784301
676.470581
-127.450981
-1598.039184
-2117.647216
-2392.156982
-2029.411743
-1549.019653
-813.725524
29.411766
725.490234
1362.745117
2000.000000
2411.764648
2156.862792
1784.313720
1166.666748
333.333343
-450.980407
-1117.647094
-2254.902099
-2421.568603
-2343.137207
-1911.764770
-1372.549072
-578.431396
264.705902
1686.274536
2156.862792
2372.549072
2401.960937
2019.607910
1539.215698
843.137268
29.411766
-676.470581
-1333.333374
-2323.529541
-2450.980468
-2147.058837
-1754.901977
-1137.254882
-284.313720
480.392150
1147.058837
1813.725463
2215.686279
2401.960937
2362.745117
1931.372558
1401.960815
656.862731
-980.392150
-1637.254882
-2127.450927
-2382.353027
-2421.568603
-2058.823486
-1578.431396
68.627449
764.705871
1401.960815
2000.000000
2294.117675
2411.764648
2245.098144
1843.137329
1215.686279
401.960784
-382.352935
-1058.823608
-1735.294189
-2215.686279
-2411.764648
-2392.156982
-1980.392211
-1490.196166
245.098037
941.176513
1549.019653
2098.039306
2352.941162
2411.764648
2088.235351
1676.470581
990.196105
176.470596
-558.823547
-1215.686279
-1882.353027
-2254.902099
-2431.372558
-2343.137207
-1892.156860
-1333.333374
411.764709
1068.627441
1754.901977
2186.274658
2382.353027
2382.353027
1990.196166
1480.392211
754.901977
-39.215686
-1500.000000
-2039.215698
-2333.333496
-2450.980468
-1666.666748
-990.196105
-137.254898
588.235290
1235.294189
1872.549072
2411.764648
2215.686279
1823.529418
1225.490234
411.764709
-382.352935
-1078.431396
-2225.490234
-2421.568603
-2382.353027
-1941.176513
-1401.960815
-637.254943
196.078430
1647.058837
2107.843261
2382.353027
2401.960937
2068.627441
1598.039184
882.352966
-803.921569
-1431.372558
-2049.019531
-2333.333496
-2441.176513
-2137.254882
-990.196105
-176.470596
568.627441
1205.882324
1882.353027
2245.098144
2411.764648
1852.941162
1245.098022
450.980407
-333.333343
-1049.019653
-1696.078491
-2156.862792
-2411.764648
-2431.372558
-2009.803955
-666.666687
166.666671
862.745117
1470.588256
2098.039306
2362.745117
2411.764648
1637.254882
960.784301
137.254898
-578.431396
-1264.705932
-1911.764770
-2264.705810
-2254.902099
-1833.333374
-1196.078491
-382.352935
421.568634
1088.235351
1745.098022
2392.156982
2343.137207
1921.568603
1401.960815
637.254943
-166.666671
-872.549011
-2117.647216
-2382.353027
-2431.372558
-2088.235351
-1607.843139
-901.960815
803.921569
1431.372558
2049.019531
2313.725585
2401.960937
2127.450927
1774.509887
205.882354
-558.823547
-1205.882324
-1872.549072
-2264.705810
-2401.960937
-2343.137207
-1264.705932
-421.568634
392.156860
1049.019653
1696.078491
2137.254882
2362.745117
1950.980468
1441.176513
696.078430
-117.647064
-843.137268
-1480.392211
-2068.627441
-2431.372558
-2098.039306
-1637.254882
-960.784301
-127.450981
607.843139
2000.000000
2284.313720
2411.764648
2254.902099
1882.353027
1245.098022
460.784332
-1117.647094
-1794.117675
-2235.294189
-2431.372558
-2382.353027
-1950.980468
-1421.568603
313.725494
1019.607849
1676.470581
2127.450927
2362.745117
2401.960937
2058.823486
784.313720
-58.823532
-745.098083
-1392.156860
-2019.607910
-2323.529541
-2431.372558
-1735.294189
-1058.823608
-196.078430
549.019592
1205.882324
1852.941162
2411.764648
2245.098144
1852.941162
1264.705932
470.588256
-343.137268
-1029.411743
-2235.294189
-2421.568603
-2411.764648
-1970.588256
-1441.176513
-676.470581
156.862747
1607.843139
2107.843261
2352.941162
2401.960937
2078.431396
1607.843139
941.176513
-764.705871
-1411.764770
-2049.019531
-2323.529541
-2421.568603
-2156.862792
-1019.607849
-147.058822
558.823547
1235.294189
1843.137329
2245.098144
2401.960937
1852.941162
1254.901977
450.980407
-323.529418
-1039.215698
-1666.666748
-2176.470703
-2382.353027
-1960.784301
-1450.980468
-696.078430
147.058822
823.529418
1470.588256
2352.941162
2411.764648
2088.235351
1676.470581
980.392150
166.666671
-568.627441
-1980.392211
-2294.117675
-2421.568603
-2225.490234
-1843.137329
-1215.686279
529.411804
1176.470581
1833.333374
2215.686279
2411.764648
2323.529541
1911.764770
450.980407
-323.529418
-1029.411743
-1686.274536
-2156.862792
-2401.960937
-2441.176513
-1450.980468
-715.686279
137.254898
833.333374
1450.980468
2049.019531
2323.529541
2098.039306
1656.862792
980.392150
166.666671
-558.823547
-1245.098022
-1882.353027
-2431.372558
-2284.313720
-1843.137329
-1235.294189
-382.352935
421.568634
1794.117675
2196.078369
2421.568603
2382.353027
1950.980468
1411.764770
647.058837
-990.196105
-1617.647094
-2127.450927
-2372.549072
-2450.980468
-2107.843261
-1607.843139
49.019607
715.686279
1382.353027
2000.000000
2274.509765
2411.764648
2254.902099
1176.470581
352.941192
-441.176483
-1127.451049
-1754.901977
-2215.686279
-2401.960937
-2392.156982
-1960.784301
-1441.176513
-676.470581
166.666671
862.745117
1490.196166
2098.039306
2362.745117
2411.764648
2107.843261
1715.686279
1058.823608
215.686279
-1303.921630
-1950.980468
-2274.509765
-2411.764648
-2274.509765
-1872.549072
-1254.901977
490.196075
1137.254882
1813.725463
2215.686279
2392.156982
2343.137207
1921.568603
549.019592
-254.901962
-950.980407
-1588.235351
-2127.450927
-2372.549072
-2450.980468
-2098.039306
-1637.254882
-931.372558
-88.235298
607.843139
1264.705932
1911.764770
2245.098144
2421.568603
2333.333496
1882.353027
401.960784
-392.156860
-1078.431396
-1725.490234
-2176.470703
-2392.156982
-2401.960937
-1421.568603
-637.254943
205.882354
882.352966
1500.000000
2039.215698
2303.921630
2107.843261
1656.862792
960.784301
156.862747
-558.823547
-1225.490234
-1882.353027
-2431.372558
-2264.705810
-1862.745117
-1235.294189
-401.960784
401.960784
1774.509887
2225.490234
2421.568603
2352.941162
1941.176513
1441.176513
637.254943
-1000.000000
-1607.843139
-2127.450927
-2392.156982
-2431.372558
-2078.431396
-1617.647094
58.823532
745.098083
1372.549072
1980.392211
2294.117675
2411.764648
2205.882324
1088.235351
235.294128
-519.607849
-1166.666748
-1843.137329
-2254.902099
-2401.960937
-1892.156860
-1313.725463
-480.392150
343.137268
1009.803955
1637.254882
2401.960937
2382.353027
1970.588256
1480.392211
754.901977
-98.039215
-774.509826
-2078.431396
-2343.137207
-2431.372558
-2117.647216
-1705.882324
-1029.411743
-127.450981
1372.549072
1980.392211
2294.117675
2431.372558
2196.078369
1843.137329
1186.274536
362.745117
-411.764709
-1107.843139
-2215.686279
-2401.960937
-2333.333496
-1284.313720
-500.000000
274.509796
950.980407
1578.431396
2088.235351
2352.941162
2039.215698
1539.215698
833.333374
0.000000
-568.627441
-1235.294189
-1892.156860
-2431.372558
-2245.098144
-1862.745117
-1215.686279
-392.156860
431.372558
1088.235351
2215.686279
2392.156982
2362.745117
1921.568603
1392.156860
627.450988
-166.666671
-1656.862792
-2127.450927
-2392.156982
-2441.176513
-2058.823486
-1578.431396
-872.549011
823.529418
1470.588256
2049.019531
2323.529541
2421.568603
2127.450927
1000.000000
196.078430
-529.411804
-1186.274536
-1852.941162
-2254.902099
-2421.568603
-1872.549072
-1264.705932
-450.980407
362.745117
1039.215698
1696.078491
2166.666748
2392.156982
1980.392211
1470.588256
696.078430
-98.039215
-745.098083
-1421.568603
-2372.549072
-2441.176513
-2107.843261
-1725.490234
-1019.607849
-166.666671
549.019592
1950.980468
2245.098144
2401.960937
2264.705810
1852.941162
1274.509887
490.196075
-313.725494
-1009.803955
-1656.862792
-2166.666748
-2382.353027
-2450.980468
-2019.607910
-1539.215698
-813.725524
39.215686
696.078430
2039.215698
2343.137207
2411.764648
2127.450927
1754.901977
1147.058837
313.725494
-460.784332
-1156.862792
-1803.921630
-2235.294189
-2411.764648
-2352.941162
-1931.372558
-1401.960815
-617.647094
235.294128
921.568664
2107.843261
2362.745117
2431.372558
2078.431396
1588.235351
892.156860
39.215686
-1421.568603
-2039.215698
-2313.725585
-2411.764648
-2147.058837
-1764.705932
-1137.254882
578.431396
1254.901977
1901.960815
2284.313720
2421.568603
2303.921630
1215.686279
401.960784
-392.156860
-1039.215698
-1735.294189
-2176.470703
-2392.156982
-1941.176513
-1411.764770
-627.450988
205.882354
882.352966
1519.607910
2088.235351
2421.568603
2078.431396
1598.039184
911.764709
117.647064
-607.843139
-1284.313720
-2303.921630
-2441.176513
-2196.078369
-1803.921630
-1186.274536
-294.117645
1245.098022
1882.353027
2245.098144
2421.568603
2313.725585
1872.549072
1352.941162
-411.764709
-1058.823608
-1725.490234
-2186.274658
-2421.568603
-2421.568603
-2019.607910
-647.058837
205.882354
892.156860
1490.196166
2088.235351
2352.941162
2421.568603
1607.843139
931.372558
107.843139
-607.843139
-1274.509887
-1950.980468
-2245.098144
-2205.882324
-1813.725463
-1196.078491
-333.333343
450.980407
1098.039184
2225.490234
2382.353027
2333.333496
1901.960815
1401.960815
617.647094
-196.078430
-1637.254882
-2117.647216
-2382.353027
-2441.176513
-2088.235351
-1588.235351
-843.137268
833.333374
1470.588256
2068.627441
2333.333496
2421.568603
2107.843261
1725.490234
1078.431396
235.294128
-519.607849
-1911.764770
-2264.705810
-2431.372558
-2323.529541
-1892.156860
-1294.117675
-450.980407
352.941192
1019.607849
1647.058837
2117.647216
2392.156982
2421.568603
2068.627441
1549.019653
-107.843139
-803.921569
-1450.980468
-2049.019531
-2343.137207
-2431.372558
-2127.450927
-950.980407
-156.862747
568.627441
1245.098022
1892.156860
2235.294189
2235.294189
1843.137329
1225.490234
421.568634
-401.960784
-1068.627441
-1735.294189
-2431.372558
-2352.941162
-1921.568603
-1392.156860
-617.647094
205.882354
911.764709
2107.843261
2382.353027
2411.764648
2078.431396
1588.235351
911.764709
98.039215
-1372.549072
-1990.196166
-2294.117675
-2441.176513
-2186.274658
-1823.529418
-1176.470581
568.627441
1215.686279
1882.353027
2254.902099
2401.960937
2303.921630
1245.098022
431.372558
-333.333343
-1039.215698
-1676.470581
-2176.470703
-2401.960937
-1941.176513
-1421.568603
-666.666687
186.274520
872.549011
1490.196166
2088.235351
2421.568603
2068.627441
1627.451049
941.176513
117.647064
-598.039245
-1264.705932
-2303.921630
-2450.980468
-2225.490234
-1813.725463
-1196.078491
-392.156860
421.568634
1078.431396
1745.098022
2166.666748
2392.156982
2392.156982
2000.000000
1519.607910
794.117675
-39.215686
-686.274536
-1372.549072
-2323.529541
-2431.372558
-2117.647216
-1745.098022
-1068.627441
-225.490203
500.000000
1862.745117
2225.490234
2392.156982
2323.529541
1892.156860
1352.941162
578.431396
-264.705902
-970.588256
-1588.235351
-2117.647216
-2401.960937
-2431.372558
-2088.235351
-1617.647094
-901.960815
-68.627449
607.843139
2000.000000
2284.313720
2421.568603
2274.509765
1862.745117
1254.901977
460.784332
-1127.451049
-1784.313720
-2205.882324
-2411.764648
-2372.549072
-1950.980468
-1431.372558
303.921569
1009.803955
1637.254882
2127.450927
2382.353027
2401.960937
1509.803955
754.901977
-29.411766
-735.294128
-1392.156860
-2029.411743
-2323.529541
-2137.254882
-1686.274536
-1009.803955
-156.862747
578.431396
1225.490234
1882.353027
2411.764648
2225.490234
1833.333374
1235.294189
411.764709
-362.745117
-1058.823608
-1715.686279
-2166.666748
-2411.764648
-2401.960937
-2009.803955
-1490.196166
-725.490234
88.235298
764.705871
1392.156860
1980.392211
2421.568603
2107.843261
1715.686279
1049.019653
205.882354
-529.411804
-1176.470581
-2274.509765
-2421.568603
-2303.921630
-1872.549072
-1274.509887
-480.392150
352.941192
1029.411743
1656.862792
2137.254882
2372.549072
2401.960937
2029.411743
1578.431396
833.333374
19.607843
-656.862731
-1352.941162
-2333.333496
-2431.372558
-2147.058837
-1754.901977
-1127.451049
-274.509796
480.392150
1882.353027
2235.294189
2392.156982
2294.117675
1882.353027
1352.941162
558.823547
-264.705902
-970.588256
-1598.039184
-2107.843261
-2382.353027
-2431.372558
-2088.235351
-1607.843139
-882.352966
-58.823532
627.450988
2009.803955
2303.921630
2450.980468
2215.686279
1813.725463
1215.686279
362.745117
-1186.274536
-1843.137329
-2245.098144
-2431.372558
-2343.137207
-1931.372558
-1362.745117
-529.411804
264.705902
950.980407
2127.450927
2382.353027
2411.764648
2058.823486
1558.823608
852.941162
39.215686
-1431.372558
-2039.215698
-2313.725585
-2441.176513
-2127.450927
-1784.313720
-147.058822
568.627441
1215.686279
1882.353027
2264.705810
2411.764648
2323.529541
1235.294189
411.764709
-372.549041
-1058.823608
-1696.078491
-2166.666748
-2401.960937
-1970.588256
-1411.764770
-656.862731
176.470596
862.745117
1500.000000
2019.607910
2431.372558
2088.235351
1666.666748
980.392150
166.666671
-568.627441
-1215.686279
-2274.509765
-2431.372558
-2254.902099
-1852.941162
-1254.901977
-411.764709
382.352935
1058.823608
1705.882324
2176.470703
2382.353027
2401.960937
2009.803955
1529.411743
794.117675
-39.215686
-715.686279
-1382.353027
-2352.941162
-2431.372558
-2117.647216
-1725.490234
-1068.627441
-176.470596
539.215698
1205.882324
1862.745117
2245.098144
2254.902099
1882.353027
1294.117675
-460.784332
-1147.058837
-1794.117675
-2235.294189
-2392.156982
-2372.549072
-1941.176513
-539.215698
294.117645
1000.000000
1598.039184
2088.235351
2343.137207
2401.960937
1558.823608
833.333374
9.803922
-627.450988
-1264.705932
-1921.568603
-2274.509765
-2186.274658
-1803.921630
-1176.470581
-333.333343
460.784332
1137.254882
1764.705932
2205.882324
2401.960937
2362.745117
1941.176513
1431.372558
666.666687
-117.647064
-843.137268
-1490.196166
-2068.627441
-2362.745117
-2098.039306
-1647.058837
-931.372558
-98.039215
568.627441
1235.294189
1901.960815
2421.568603
2225.490234
1823.529418
1215.686279
411.764709
-401.960784
-1049.019653
-1725.490234
-2176.470703
-2392.156982
-2411.764648
-1990.196166
-1490.196166
-705.882385
98.039215
784.313720
1431.372558
2000.000000
2411.764648
2098.039306
1754.901977
1137.254882
264.705902
-480.392150
-1147.058837
-2284.313720
-2441.176513
-2303.921630
-1872.549072
-1313.725463
-500.000000
274.509796
960.784301
1558.823608
2107.843261
2392.156982
2039.215698
1568.627441
843.137268
19.607843
-637.254943
-1313.725463
-1970.588256
-2284.313720
-2450.980468
-2254.902099
-1862.745117
-1245.098022
-441.176483
411.764709
1774.509887
2215.686279
2421.568603
2392.156982
1931.372558
1441.176513
676.470581
-137.254898
-852.941162
-1500.000000
-2352.941162
-2441.176513
-2098.039306
-1676.470581
-39.215686
666.666687
1313.725463
1921.568603
2294.117675
2421.568603
1794.117675
1127.451049
333.333343
-450.980407
-1107.843139
-1784.313720
-2225.490234
-2323.529541
-1911.764770
-1362.745117
-539.215698
264.705902
980.392150
1578.431396
2382.353027
2401.960937
2049.019531
1549.019653
813.725524
0.000000
-568.627441
-1950.980468
-2294.117675
-2431.372558
-2235.294189
-1843.137329
-1205.882324
-382.352935
1196.078491
1843.137329
2225.490234
2392.156982
2323.529541
1892.156860
460.784332
-333.333343
-1019.607849
-1686.274536
-2176.470703
-2401.960937
-2421.568603
-1470.588256
-725.490234
127.450981
833.333374
1460.784301
2049.019531
2303.921630
2098.039306
1686.274536
1000.000000
205.882354
-519.607849
-1166.666748
-1872.549072
-2421.568603
-2284.313720
-1862.745117
-1264.705932
-441.176483
382.352935
1049.019653
1686.274536
2147.058837
2382.353027
1950.980468
1460.784301
705.882385
-117.647064
-813.725524
-1470.588256
-2078.431396
-2450.980468
-2088.235351
-1647.058837
0.000000
558.823547
1215.686279
1892.156860
2245.098144
2411.764648
2313.725585
1254.901977
441.176483
-343.137268
-1049.019653
-1725.490234
-2166.666748
-2411.764648
-1950.980468
-1441.176513
-666.666687
186.274520
882.352966
1490.196166
2088.235351
2401.960937
2078.431396
1607.843139
921.568664
88.235298
-568.627441
-1254.901977
-1901.960815
-2254.902099
-2431.372558
-1833.333374
-1196.078491
-372.549041
1205.882324
1872.549072
2245.098144
2411.764648
2333.333496
1901.960815
1372.549072
-362.745117
-1068.627441
-1715.686279
-2176.470703
-2421.568603
-2401.960937
-1990.196166
-666.666687
176.470596
843.137268
1480.392211
2088.235351
2362.745117
2421.568603
2107.843261
1696.078491
1049.019653
205.882354
-529.411804
-1186.274536
-1852.941162
-2245.098144
-2431.372558
-2343.137207
-1921.568603
-441.176483
352.941192
1049.019653
1705.882324
2176.470703
2382.353027
2401.960937
1450.980468
735.294128
-98.039215
-813.725524
-1470.588256
-2049.019531
-2313.725585
-2098.039306
-1676.470581
-990.196105
-156.862747
568.627441
1245.098022
1882.353027
2254.902099
2411.764648
2323.529541
1901.960815
1333.333374
539.215698
-264.705902
-960.784301
-1578.431396
-2137.254882
-2382.353027
-2039.215698
-1539.215698
-803.921569
49.019607
696.078430
1343.137329
1990.196166
2284.313720
2411.764648
2215.686279
1147.058837
294.117645
-470.588256
-1156.862792
-1813.725463
-2235.294189
-2431.372558
-2372.549072
-1941.176513
-1401.960815
-617.647094
225.490203
911.764709
1519.607910
2088.235351
2411.764648
2049.019531
1607.843139
901.960815
107.843139
-617.647094
-1264.705932
-1941.176513
-2274.509765
-2431.372558
-2284.313720
-1872.549072
-1254.901977
-431.372558
372.549041
1029.411743
1696.078491
2137.254882
2401.960937
1941.176513
1441.176513
696.078430
-137.254898
-823.529418
-1470.588256
-2362.745117
-2431.372558
-2098.039306
-1647.058837
-960.784301
-117.647064
598.039245
1254.901977
1892.156860
2225.490234
2401.960937
2294.117675
1901.960815
1313.725463
529.411804
-313.725494
-1009.803955
-1647.058837
-2401.960937
-2421.568603
-2009.803955
-1500.000000
-813.725524
0.000000
588.235290
1941.176513
2284.313720
2411.764648
2245.098144
1843.137329
1284.313720
431.372558
-1147.058837
-1803.921630
-2215.686279
-2411.764648
-2352.941162
-1931.372558
-519.607849
303.921569
980.392150
1617.647094
2098.039306
2362.745117
2421.568603
1539.215698
813.725524
-9.803922
-647.058837
-1294.117675
-1970.588256
-2294.117675
-2147.058837
-1784.313720
-1147.058837
-294.117645
480.392150
1137.254882
1784.313720
2431.372558
2313.725585
1882.353027
1343.137329
539.215698
-264.705902
-970.588256
-2166.666748
-2411.764648
-2411.764648
-2000.000000
-1568.627441
-833.333374
9.803922
637.254943
1284.313720
1950.980468
2411.764648
2186.274658
1803.921630
1196.078491
392.156860
-401.960784
-1088.235351
-1754.901977
-2176.470703
-2421.568603
-2431.372558
-2000.000000
-1509.803955
-794.117675
58.823532
1500.000000
2029.411743
2313.725585
2431.372558
2127.450927
1754.901977
1107.843139
-617.647094
-1284.313720
-1931.372558
-2284.313720
-2431.372558
-2284.313720
-1156.862792
-333.333343
450.980407
1107.843139
1784.313720
2205.882324
2411.764648
1901.960815
1352.941162
607.843139
-245.098037
-921.568664
-1549.019653
-2127.450927
-2431.372558
-2078.431396
-1568.627441
-852.941162
-19.607843
666.666687
1303.921630
2313.725585
2431.372558
2147.058837
1774.509887
1156.862792
333.333343
-450.980407
-1852.941162
-2245.098144
-2431.372558
-2333.333496
-1921.568603
-1343.137329
411.764709
1049.019653
1715.686279
2176.470703
2431.372558
2382.353027
2000.000000
745.098083
-49.019607
-735.294128
-1421.568603
-2049.019531
-2313.725585
-2431.372558
-1715.686279
-1019.607849
-166.666671
539.215698
1196.078491
1843.137329
2205.882324
2254.902099
1833.333374
1245.098022
460.784332
-343.137268
-1049.019653
-1705.882324
-2186.274658
-2392.156982
-2401.960937
-1421.568603
-647.058837
205.882354
872.549011
1490.196166
2058.823486
2323.529541
2068.627441
1627.451049
950.980407
117.647064
-578.431396
-1274.509887
-1931.372558
-2421.568603
-2225.490234
-1843.137329
-1205.882324
-352.941192
441.176483
1088.235351
1735.294189
2186.274658
2392.156982
1901.960815
1362.745117
578.431396
-1039.215698
-1705.882324
-2176.470703
-2401.960937
-2411.764648
-2039.215698
-1500.000000
117.647064
823.529418
1470.588256
2039.215698
2323.529541
2441.176513
2098.039306
980.392150
176.470596
-549.019592
-1225.490234
-1882.353027
-2254.902099
-2401.960937
-2333.333496
-1901.960815
-1343.137329
-539.215698
303.921569
990.196105
1607.843139
2098.039306
2343.137207
2411.764648
2078.431396
833.333374
-9.803922
-656.862731
-1303.921630
-1950.980468
-2313.725585
-2431.372558
-1774.509887
-1117.647094
-284.313720
490.196075
1147.058837
1813.725463
2225.490234
2411.764648
2352.941162
1921.568603
1431.372558
666.666687
-156.862747
-882.352966
-1500.000000
-2078.431396
-2303.921630
-2450.980468
-1686.274536
-990.196105
-147.058822
568.627441
1215.686279
1872.549072
2245.098144
2245.098144
1852.941162
1235.294189
431.372558
-372.549041
-1049.019653
-1735.294189
-2176.470703
-2382.353027
-2411.764648
-1421.568603
-656.862731
205.882354
892.156860
1490.196166
2088.235351
2343.137207
2098.039306
1598.039184
931.372558
-754.901977
-1392.156860
-2019.607910
-2303.921630
-2441.176513
-2166.666748
-1784.313720
-196.078430
529.411804
1196.078491
1862.745117
2235.294189
2411.764648
2352.941162
1274.509887
470.588256
-352.941192
-1058.823608
-1705.882324
-2156.862792
-2392.156982
-1960.784301
-1431.372558
-666.666687
176.470596
862.745117
1490.196166
2372.549072
2411.764648
2078.431396
1637.254882
960.784301
127.450981
-578.431396
-1980.392211
-2303.921630
-2421.568603
-2254.902099
-1852.941162
-1225.490234
-362.745117
1176.470581
1872.549072
2254.902099
2392.156982
2333.333496
1911.764770
1382.353027
-343.137268
-1039.215698
-1715.686279
-2186.274658
-2401.960937
-2421.568603
-1431.372558
-656.862731
166.666671
862.745117
1519.607910
2078.431396
2343.137207
2078.431396
1647.058837
950.980407
147.058822
-578.431396
-1235.294189
-1882.353027
-2460.784423
-2215.686279
-1823.529418
-1215.686279
-362.745117
421.568634
1078.431396
2225.490234
2401.960937
2333.333496
1892.156860
1382.353027
637.254943
-196.078430
-1637.254882
-2156.862792
-2411.764648
-2421.568603
-2068.627441
-1578.431396
117.647064
823.529418
1460.784301
2039.215698
2303.921630
2401.960937
2147.058837
1009.803955
156.862747
-578.431396
-1225.490234
