-1794.117675
-2245.098144
-2401.960937
-2372.549072
-1950.980468
-1431.372558
-647.058837
980.392150
1607.843139
2098.039306
2362.745117
2421.568603
2088.235351
1637.254882
-58.823532
-735.294128
-1392.156860
-2039.215698
-2323.529541
-2431.372558
-2156.862792
-1039.215698
-176.470596
549.019592
1196.078491
1852.941162
2225.490234
2254.902099
1843.137329
1264.705932
480.392150
-323.529418
-1029.411743
-1696.078491
-2411.764648
-2401.960937
-1970.588256
-1460.784301
-666.666687
137.254898
833.333374
2107.843261
2352.941162
2411.764648
2078.431396
1637.254882
941.176513
127.450981
-1382.353027
-1990.196166
-2313.725585
-2431.372558
-2176.470703
-1803.921630
-205.882354
529.411804
1166.666748
1833.333374
2245.098144
2411.764648
2323.529541
1274.509887
470.588256
-313.725494
-1019.607849
-1676.470581
-2147.058837
-2401.960937
-1970.588256
-1470.588256
-686.274536
127.450981
813.725524
1441.176513
2058.823486
2411.764648
2098.039306
1666.666748
980.392150
186.274520
-549.019592
-1186.274536
-1862.745117
-2245.098144
-2421.568603
-1882.353027
-1264.705932
-431.372558
1137.254882
1794.117675
2215.686279
2401.960937
2343.137207
1911.764770
1421.568603
-303.921569
-1009.803955
-1676.470581
-2137.254882
-2392.156982
-2431.372558
-2039.215698
-705.882385
117.647064
823.529418
1460.784301
2068.627441
2323.529541
2411.764648
2107.843261
1735.294189
1088.235351
-637.254943
-1294.117675
-1941.176513
-2411.764648
-2176.470703
-1803.921630
-1147.058837
-294.117645
470.588256
1117.647094
2225.490234
2401.960937
2294.117675
1901.960815
1362.745117
558.823547
-245.098037
-1656.862792
-2147.058837
-2401.960937
-2411.764648
-2039.215698
-1519.607910
-803.921569
19.607843
705.882385
1352.941162
1960.784301
2294.117675
2411.764648
2196.078369
1813.725463
1215.686279
372.549041
-411.764709
-1823.529418
-2235.294189
-2411.764648
-2352.941162
-1931.372558
-1411.764770
-627.450988
1029.411743
1705.882324
2147.058837
2362.745117
2392.156982
2009.803955
1539.215698
813.725524
0.000000
-588.235290
-1245.098022
-1901.960815
-2254.902099
-2421.568603
-2323.529541
-1872.549072
-1323.529418
-509.803924
1078.431396
1754.901977
2186.274658
2401.960937
2372.549072
1970.588256
1490.196166
-235.294128
-970.588256
-1598.039184
-2117.647216
-2382.353027
-2421.568603
-2068.627441
-843.137268
0.000000
578.431396
1235.294189
1892.156860
2235.294189
2392.156982
2303.921630
1872.549072
1313.725463
519.607849
-294.117645
-990.196105
-1607.843139
-2098.039306
-2362.745117
-2421.568603
-2098.039306
-813.725524
29.411766
705.882385
1362.745117
1980.392211
2284.313720
2411.764648
1745.098022
1098.039184
274.509796
-480.392150
-1147.058837
-1803.921630
-2225.490234
-2313.725585
-1892.156860
-1352.941162
-519.607849
294.117645
980.392150
2156.862792
2372.549072
2401.960937
2009.803955
1519.607910
803.921569
-9.803922
-1441.176513
-2058.823486
-2333.333496
-2441.176513
-2137.254882
-1745.098022
-1088.235351
647.058837
1274.509887
1901.960815
2254.902099
2392.156982
2303.921630
1862.745117
362.745117
-431.372558
-1098.039184
-1764.705932
-2196.078369
-2401.960937
-2382.353027
-1401.960815
-607.843139
225.490203
911.764709
1509.803955
2068.627441
2392.156982
2058.823486
1588.235351
901.960815
98.039215
-588.235290
-1254.901977
-2284.313720
-2411.764648
-2225.490234
-1833.333374
-1215.686279
-333.333343
431.372558
1823.529418
2205.882324
2441.176513
2352.941162
1882.353027
1343.137329
598.039245
-1039.215698
-1705.882324
-2156.862792
-2401.960937
-2411.764648
-2000.000000
-1578.431396
127.450981
843.137268
1480.392211
2039.215698
2323.529541
2421.568603
1656.862792
980.392150
166.666671
-568.627441
-1245.098022
-1892.156860
-2264.705810
-2264.705810
-1852.941162
-1235.294189
-392.156860
392.156860
1039.215698
1715.686279
2401.960937
2362.745117
1931.372558
1392.156860
666.666687
-166.666671
-892.156860
-2107.843261
-2372.549072
-2421.568603
-2088.235351
-1637.254882
-921.568664
-98.039215
1372.549072
1990.196166
2294.117675
2421.568603
2186.274658
1794.117675
215.686279
-529.411804
-1186.274536
-1862.745117
-2245.098144
-2421.568603
-2343.137207
-1274.509887
-450.980407
343.137268
1019.607849
1676.470581
2107.843261
2401.960937
1950.980468
1470.588256
725.490234
-98.039215
-774.509826
-1411.764770
-2029.411743
-2441.176513
-2107.843261
-1696.078491
-1009.803955
-147.058822
568.627441
1215.686279
1892.156860
2225.490234
2431.372558
2313.725585
1892.156860
1323.529418
519.607849
-274.509796
-990.196105
-1617.647094
-2127.450927
-2411.764648
-2029.411743
-1519.607910
-803.921569
58.823532
715.686279
1352.941162
2303.921630
2401.960937
2127.450927
1745.098022
1127.451049
264.705902
-470.588256
-1862.745117
-2264.705810
-2421.568603
-2333.333496
-1911.764770
-1313.725463
411.764709
1078.431396
1705.882324
2166.666748
2372.549072
2382.353027
1980.392211
617.647094
-196.078430
-901.960815
-1519.607910
-2078.431396
-2343.137207
-2441.176513
-1598.039184
-882.352966
-29.411766
647.058837
1294.117675
1941.176513
2264.705810
2205.882324
1823.529418
1186.274536
323.529418
-441.176483
-1117.647094
-1764.705932
-2421.568603
-2333.333496
-1901.960815
-1362.745117
-568.627441
254.901962
1676.470581
2137.254882
2382.353027
2401.960937
2039.215698
1509.803955
833.333374
-833.333374
-1490.196166
-2078.431396
-2352.941162
-2421.568603
-2107.843261
-1705.882324
-39.215686
627.450988
1264.705932
1901.960815
2264.705810
2411.764648
2284.313720
1882.353027
1323.529418
509.803924
-313.725494
-1009.803955
-1666.666748
-2166.666748
-2382.353027
-2450.980468
-2029.411743
-1558.823608
156.862747
862.745117
1490.196166
2068.627441
2323.529541
2421.568603
2107.843261
950.980407
156.862747
-588.235290
-1235.294189
-1901.960815
-2274.509765
-2441.176513
-1843.137329
-1225.490234
-392.156860
411.764709
1039.215698
1754.901977
2401.960937
2362.745117
1921.568603
1441.176513
637.254943
-186.274520
-862.745117
-2117.647216
-2362.745117
-2431.372558
-2058.823486
-1627.451049
-921.568664
-68.627449
1411.764770
2000.000000
2274.509765
2411.764648
2225.490234
1833.333374
1225.490234
-500.000000
-1117.647094
-1764.705932
-2205.882324
-2411.764648
-2382.353027
-1941.176513
-549.019592
264.705902
970.588256
1568.627441
2098.039306
2362.745117
2029.411743
1558.823608
843.137268
9.803922
-637.254943
-1294.117675
-1970.588256
-2450.980468
-2186.274658
-1803.921630
-1137.254882
-303.921569
450.980407
1117.647094
2225.490234
2392.156982
2323.529541
1872.549072
1362.745117
578.431396
-235.294128
-1686.274536
-2147.058837
-2392.156982
-2431.372558
-2029.411743
-1519.607910
-794.117675
882.352966
1529.411743
2088.235351
2333.333496
2401.960937
2068.627441
931.372558
88.235298
-588.235290
-1264.705932
-1892.156860
-2264.705810
-2450.980468
-1843.137329
-1205.882324
-362.745117
411.764709
1068.627441
1735.294189
2196.078369
2333.333496
1892.156860
1421.568603
637.254943
-166.666671
-901.960815
-1529.411743
-2382.353027
-2431.372558
-2068.627441
-1578.431396
-862.745117
-19.607843
647.058837
1303.921630
1931.372558
2284.313720
2411.764648
2245.098144
1852.941162
1274.509887
450.980407
-352.941192
-1029.411743
-1715.686279
-2401.960937
-2382.353027
-1970.588256
-1441.176513
-676.470581
176.470596
862.745117
2088.235351
2343.137207
2421.568603
2078.431396
1656.862792
931.372558
107.843139
-607.843139
-1274.509887
-1941.176513
-2274.509765
-2411.764648
-2294.117675
-1882.353027
-1264.705932
-460.784332
352.941192
1049.019653
2186.274658
2382.353027
2362.745117
1960.784301
1460.784301
725.490234
-98.039215
-1529.411743
-2107.843261
-2352.941162
-2441.176513
-2088.235351
-1637.254882
29.411766
705.882385
1352.941162
1980.392211
2284.313720
2401.960937
2186.274658
1107.843139
264.705902
-480.392150
-1156.862792
-1803.921630
-2225.490234
-2411.764648
-1892.156860
-1313.725463
-500.000000
264.705902
931.372558
1568.627441
2107.843261
2411.764648
2029.411743
1578.431396
833.333374
19.607843
-666.666687
-1323.529418
-2323.529541
-2421.568603
-2147.058837
-1784.313720
-1127.451049
-254.901962
480.392150
1127.451049
1784.313720
2215.686279
2294.117675
1892.156860
1352.941162
539.215698
-254.901962
-960.784301
-1598.039184
-2392.156982
-2421.568603
-2029.411743
-1519.607910
-794.117675
39.215686
705.882385
1352.941162
1980.392211
2294.117675
2431.372558
2196.078369
1813.725463
1196.078491
372.549041
-401.960784
-1098.039184
-1725.490234
-2411.764648
-2343.137207
-1941.176513
-1382.353027
-588.235290
254.901962
921.568664
2127.450927
2362.745117
2411.764648
2049.019531
1558.823608
872.549011
58.823532
-617.647094
-1284.313720
-1931.372558
-2421.568603
-2166.666748
-1823.529418
-186.274520
519.607849
1196.078491
1813.725463
2245.098144
2401.960937
2352.941162
1274.509887
460.784332
-313.725494
-1029.411743
-1666.666748
-2137.254882
-2401.960937
-1970.588256
-1470.588256
-715.686279
127.450981
813.725524
1441.176513
2049.019531
2421.568603
2078.431396
1647.058837
980.392150
166.666671
-539.215698
-1235.294189
-2274.509765
-2431.372558
-2245.098144
-1862.745117
-1245.098022
-411.764709
1156.862792
1794.117675
2225.490234
2401.960937
2352.941162
1941.176513
1401.960815
-333.333343
-1029.411743
-1686.274536
-2166.666748
-2382.353027
-2431.372558
-2029.411743
-1500.000000
-833.333374
0.000000
588.235290
1235.294189
1882.353027
2254.902099
2382.353027
2313.725585
1892.156860
1313.725463
-401.960784
-1068.627441
-1745.098022
-2186.274658
-2401.960937
-2392.156982
-1980.392211
-617.647094
205.882354
931.372558
1529.411743
2068.627441
2294.117675
2411.764648
1617.647094
901.960815
98.039215
-598.039245
-1225.490234
-1892.156860
-2284.313720
-2235.294189
-1823.529418
-1205.882324
-372.549041
441.176483
1088.235351
1735.294189
2176.470703
2382.353027
2352.941162
1990.196166
1460.784301
735.294128
-78.431373
-764.705871
-1421.568603
-2029.411743
-2323.529541
-2117.647216
-1686.274536
-1000.000000
-186.274520
539.215698
1186.274536
1843.137329
2225.490234
2421.568603
2343.137207
1911.764770
1352.941162
558.823547
-245.098037
-931.372558
-1558.823608
-2107.843261
-2362.745117
-2058.823486
-1568.627441
-833.333374
19.607843
696.078430
1323.529418
1980.392211
2411.764648
2137.254882
1764.705932
1147.058837
274.509796
-460.784332
-1127.451049
-1794.117675
-2235.294189
-2431.372558
-2362.745117
-1931.372558
-1392.156860
-617.647094
205.882354
901.960815
1529.411743
2088.235351
2401.960937
2068.627441
1598.039184
921.568664
107.843139
-627.450988
-1284.313720
-2313.725585
-2431.372558
-2186.274658
-1813.725463
-1156.862792
-313.725494
450.980407
1107.843139
1764.705932
2186.274658
2323.529541
1872.549072
1352.941162
-382.352935
-1049.019653
-1715.686279
-2176.470703
-2421.568603
-2421.568603
-2009.803955
-656.862731
176.470596
862.745117
1500.000000
2049.019531
2323.529541
2421.568603
1656.862792
1000.000000
215.686279
-539.215698
-1176.470581
-1852.941162
-2245.098144
-2294.117675
-1862.745117
-1225.490234
-431.372558
372.549041
1039.215698
1705.882324
2156.862792
2392.156982
2411.764648
1431.372558
676.470581
-127.450981
-1588.235351
-2107.843261
-2362.745117
-2450.980468
-2098.039306
-1617.647094
-911.764709
-98.039215
598.039245
1254.901977
1872.549072
2264.705810
2421.568603
2313.725585
1892.156860
1313.725463
529.411804
-303.921569
-970.588256
-1607.843139
-2117.647216
-2382.353027
-2009.803955
-1509.803955
-754.901977
68.627449
725.490234
1382.353027
1980.392211
2392.156982
2107.843261
1725.490234
1098.039184
245.098037
-490.196075
-1127.451049
-1823.529418
-2225.490234
-2431.372558
-2343.137207
-1941.176513
-1392.156860
-617.647094
215.686279
901.960815
1549.019653
2068.627441
2411.764648
2049.019531
1588.235351
901.960815
58.823532
-607.843139
-1274.509887
-2313.725585
-2431.372558
-2225.490234
-1833.333374
-1176.470581
-352.941192
411.764709
1078.431396
1725.490234
2186.274658
2382.353027
2392.156982
1980.392211
1480.392211
725.490234
-88.235298
-754.901977
-1421.568603
-2333.333496
-2421.568603
-2088.235351
-1696.078491
-1049.019653
-156.862747
578.431396
1941.176513
2274.509765
2411.764648
2245.098144
1852.941162
1264.705932
450.980407
-343.137268
-1039.215698
-1676.470581
-2411.764648
-2382.353027
-1960.784301
-558.823547
245.098037
950.980407
1568.627441
2068.627441
2313.725585
2411.764648
1578.431396
852.941162
19.607843
-627.450988
-1274.509887
-1931.372558
-2284.313720
-2176.470703
-1784.313720
-1156.862792
-313.725494
450.980407
1107.843139
1794.117675
2421.568603
2313.725585
1882.353027
1362.745117
578.431396
-245.098037
-941.176513
-2137.254882
-2401.960937
-2431.372558
-2058.823486
-1578.431396
-833.333374
872.549011
1480.392211
2049.019531
2333.333496
2401.960937
2098.039306
1715.686279
98.039215
-578.431396
-1264.705932
-1901.960815
-2264.705810
-2421.568603
-2333.333496
-1235.294189
-392.156860
392.156860
1068.627441
1715.686279
2166.666748
2372.549072
1950.980468
1431.372558
676.470581
-156.862747
-852.941162
-1500.000000
-2049.019531
-2323.529541
-2441.176513
-2127.450927
-1745.098022
-1088.235351
-235.294128
519.607849
1166.666748
1803.921630
2245.098144
2411.764648
1852.941162
1303.921630
500.000000
-225.490203
-941.176513
-1568.627441
-2098.039306
-2431.372558
-2058.823486
-1578.431396
-833.333374
0.000000
578.431396
1225.490234
2274.509765
2411.764648
2245.098144
1852.941162
1254.901977
450.980407
-352.941192
-1764.705932
-2225.490234
-2431.372558
-2401.960937
-1960.784301
-1470.588256
294.117645
950.980407
1588.235351
2098.039306
2333.333496
2411.764648
2078.431396
833.333374
9.803922
-627.450988
-1284.313720
-1941.176513
-2294.117675
-2431.372558
-1794.117675
-1137.254882
-284.313720
500.000000
1098.039184
1754.901977
2196.078369
2333.333496
1911.764770
1372.549072
617.647094
-176.470596
-882.352966
-1509.803955
-2382.353027
-2431.372558
-2078.431396
-1607.843139
-872.549011
-78.431373
627.450988
1254.901977
1931.372558
2274.509765
2196.078369
1833.333374
1156.862792
-519.607849
-1196.078491
-1852.941162
-2254.902099
-2421.568603
-2343.137207
-1901.960815
-431.372558
372.549041
1039.215698
1686.274536
2156.862792
2362.745117
2401.960937
1450.980468
725.490234
-88.235298
-784.313720
-1431.372558
-2029.411743
-2323.529541
-2107.843261
-1676.470581
-980.392150
-156.862747
598.039245
1245.098022
1872.549072
2254.902099
2411.764648
2303.921630
1901.960815
1323.529418
529.411804
-264.705902
-970.588256
-1578.431396
-2137.254882
-2372.549072
-2029.411743
-1549.019653
-784.313720
49.019607
705.882385
1362.745117
1980.392211
2421.568603
2127.450927
1754.901977
1088.235351
254.901962
-490.196075
-1137.254882
-2254.902099
-2421.568603
-2323.529541
-1892.156860
-1333.333374
-539.215698
1078.431396
1745.098022
2176.470703
2392.156982
2411.764648
1970.588256
1470.588256
-235.294128
-931.372558
-1588.235351
-2107.843261
-2362.745117
-2441.176513
-2088.235351
-823.529418
9.803922
637.254943
1303.921630
1921.568603
2254.902099
2392.156982
1813.725463
1186.274536
362.745117
-431.372558
-1117.647094
-1784.313720
-2235.294189
-2352.941162
-1931.372558
-1362.745117
-549.019592
274.509796
960.784301
2107.843261
2352.941162
2421.568603
2078.431396
1588.235351
833.333374
19.607843
-1431.372558
-2029.411743
-2333.333496
-2411.764648
-2137.254882
-1784.313720
-1127.451049
607.843139
1264.705932
1901.960815
2254.902099
2431.372558
2313.725585
1901.960815
1303.921630
500.000000
-254.901962
-1666.666748
-2147.058837
-2401.960937
-2431.372558
-1480.392211
-705.882385
117.647064
813.725524
1460.784301
2058.823486
2421.568603
2088.235351
1686.274536
990.196105
196.078430
-519.607849
-1205.882324
-2284.313720
-2441.176513
-2264.705810
-1862.745117
-1264.705932
-441.176483
401.960784
1774.509887
2176.470703
2421.568603
2392.156982
1950.980468
1490.196166
686.274536
-941.176513
-1588.235351
-2127.450927
-2382.353027
-2431.372558
-2078.431396
-1617.647094
68.627449
745.098083
1372.549072
1980.392211
2274.509765
2411.764648
1725.490234
1078.431396
245.098037
-490.196075
-1156.862792
-1823.529418
-2245.098144
-2421.568603
-2352.941162
-1941.176513
-1401.960815
343.137268
1029.411743
1686.274536
2137.254882
2382.353027
2401.960937
1460.784301
696.078430
-88.235298
-784.313720
-1441.176513
-2029.411743
-2352.941162
-2107.843261
-1666.666748
-990.196105
-166.666671
558.823547
1225.490234
1892.156860
2392.156982
2294.117675
1872.549072
1284.313720
470.588256
-343.137268
-1039.215698
-2205.882324
-2401.960937
-2372.549072
-1950.980468
-1441.176513
-666.666687
176.470596
862.745117
1490.196166
2068.627441
2401.960937
2088.235351
1637.254882
-29.411766
-705.882385
-1362.745117
-2000.000000
-2294.117675
-2421.568603
-2235.294189
-1147.058837
-294.117645
490.196075
1127.451049
1803.921630
2166.666748
2392.156982
1892.156860
1362.745117
558.823547
-284.313720
-980.392150
-1588.235351
-2127.450927
-2421.568603
-2058.823486
-1539.215698
-823.529418
29.411766
696.078430
1303.921630
1960.784301
2274.509765
2431.372558
2245.098144
1833.333374
1245.098022
441.176483
-352.941192
-1058.823608
-1715.686279
-2166.666748
-2382.353027
-1950.980468
-1411.764770
-637.254943
196.078430
862.745117
1480.392211
2362.745117
2431.372558
2088.235351
1627.451049
931.372558
98.039215
-558.823547
-1960.784301
-2284.313720
-2421.568603
-2254.902099
-1843.137329
-1235.294189
500.000000
1107.843139
1764.705932
2186.274658
2401.960937
2372.549072
1960.784301
588.235290
-225.490203
-921.568664
-1558.823608
-2107.843261
-2362.745117
-2431.372558
-1558.823608
-833.333374
0.000000
558.823547
1215.686279
1872.549072
2254.902099
2225.490234
1882.353027
1274.509887
470.588256
-323.529418
-1049.019653
-1676.470581
-2411.764648
-2382.353027
-1950.980468
-1441.176513
-666.666687
166.666671
862.745117
1500.000000
2039.215698
2323.529541
2078.431396
1656.862792
970.588256
166.666671
-549.019592
-1245.098022
-1872.549072
-2450.980468
-2264.705810
-1872.549072
-323.529418
450.980407
1127.451049
1764.705932
2196.078369
2401.960937
2362.745117
1352.941162
568.627441
-254.901962
-941.176513
-1588.235351
-2127.450927
-2372.549072
-2029.411743
-1539.215698
-803.921569
49.019607
696.078430
1352.941162
1970.588256
2431.372558
2137.254882
1754.901977
1117.647094
274.509796
-450.980407
-1117.647094
-2274.509765
-2441.176513
-2313.725585
-1892.156860
-1352.941162
-549.019592
1078.431396
1725.490234
2176.470703
2382.353027
2382.353027
1960.784301
1500.000000
-127.450981
-823.529418
-1470.588256
-2078.431396
-2352.941162
-2450.980468
-2117.647216
-931.372558
-98.039215
598.039245
1215.686279
1882.353027
2245.098144
2421.568603
1843.137329
1245.098022
431.372558
-362.745117
-1049.019653
-1696.078491
-2166.666748
-2392.156982
-1950.980468
-1431.372558
-666.666687
176.470596
862.745117
2098.039306
2333.333496
2392.156982
2088.235351
1637.254882
901.960815
107.843139
-1372.549072
-2000.000000
-2284.313720
-2431.372558
-2245.098144
-1833.333374
-1225.490234
500.000000
1088.235351
1794.117675
2225.490234
2401.960937
2333.333496
1941.176513
568.627441
-254.901962
-960.784301
-1568.627441
-2117.647216
-2372.549072
-2441.176513
-1549.019653
-833.333374
19.607843
686.274536
1343.137329
1970.588256
2294.117675
2421.568603
2235.294189
1823.529418
1215.686279
372.549041
-401.960784
-1058.823608
-1745.098022
-2176.470703
-2401.960937
-2382.353027
-1421.568603
-647.058837
176.470596
892.156860
1500.000000
2029.411743
2343.137207
2088.235351
1666.666748
980.392150
186.274520
-539.215698
-1205.882324
-1901.960815
-2431.372558
-2264.705810
-1862.745117
-1245.098022
-441.176483
382.352935
1794.117675
2196.078369
2382.353027
2352.941162
1950.980468
1421.568603
666.666687
-980.392150
-1607.843139
-2137.254882
-2372.549072
-2441.176513
-2068.627441
-1627.451049
88.235298
754.901977
1392.156860
2000.000000
2294.117675
2392.156982
2235.294189
1156.862792
303.921569
-460.784332
-1127.451049
-1784.313720
-2235.294189
-2411.764648
-1882.353027
-1343.137329
-529.411804
313.725494
990.196105
1607.843139
2362.745117
2382.353027
2039.215698
1539.215698
823.529418
-49.019607
-686.274536
-2058.823486
-2323.529541
-2441.176513
-2137.254882
-1754.901977
-1088.235351
-215.686279
1333.333374
1960.784301
2254.902099
2401.960937
2264.705810
1852.941162
1274.509887
470.588256
-352.941192
-1009.803955
-2245.098144
-2411.764648
-2411.764648
-1960.784301
-1450.980468
-715.686279
117.647064
843.137268
1460.784301
2068.627441
2333.333496
2431.372558
2107.843261
1715.686279
1068.627441
-647.058837
-1294.117675
-1950.980468
-2313.725585
-2450.980468
-2245.098144
-1852.941162
-284.313720
490.196075
1127.451049
1803.921630
2186.274658
2392.156982
1892.156860
1333.333374
558.823547
-274.509796
-950.980407
-1558.823608
-2127.450927
-2411.764648
-2029.411743
-1539.215698
-833.333374
19.607843
686.274536
1352.941162
2313.725585
2421.568603
2117.647216
1735.294189
1098.039184
284.313720
-470.588256
-1882.353027
-2274.509765
-2431.372558
-2313.725585
-1892.156860
-1333.333374
-500.000000
245.098037
941.176513
1549.019653
2382.353027
2392.156982
2029.411743
754.901977
-68.627449
-735.294128
-1401.960815
-2019.607910
-2323.529541
-2450.980468
-1715.686279
-1039.215698
-156.862747
558.823547
1215.686279
1872.549072
2264.705810
2245.098144
1852.941162
1274.509887
441.176483
-362.745117
-1029.411743
-1686.274536
-2421.568603
-2382.353027
-1950.980468
-1431.372558
-656.862731
186.274520
872.549011
1490.196166
2088.235351
2343.137207
2431.372558
2107.843261
1666.666748
1019.607849
176.470596
-529.411804
-1225.490234
-1862.745117
-2421.568603
-2254.902099
-1862.745117
-1215.686279
-411.764709
401.960784
1039.215698
1686.274536
2166.666748
2382.353027
2392.156982
2009.803955
1519.607910
784.313720
-19.607843
-705.882385
-1382.353027
-1990.196166
-2441.176513
-2107.843261
-1725.490234
-1068.627441
-205.882354
519.607849
1166.666748
2264.705810
2401.960937
2284.313720
1872.549072
1313.725463
519.607849
-294.117645
-1715.686279
-2196.078369
-2421.568603
-2392.156982
-1990.196166
-1500.000000
186.274520
872.549011
1509.803955
2058.823486
2313.725585
2392.156982
2098.039306
990.196105
147.058822
-568.627441
-1225.490234
-1882.353027
-2254.902099
-2431.372558
-1833.333374
-1235.294189
-382.352935
421.568634
1068.627441
1705.882324
2166.666748
2343.137207
1921.568603
1401.960815
647.058837
-166.666671
-872.549011
-1509.803955
-2382.353027
-2431.372558
-2058.823486
-1598.039184
-882.352966
-58.823532
637.254943
1284.313720
1931.372558
2274.509765
2411.764648
2274.509765
1852.941162
1294.117675
470.588256
-323.529418
-1029.411743
-1705.882324
-2411.764648
-2392.156982
-1960.784301
-1460.784301
-666.666687
176.470596
843.137268
1490.196166
2058.823486
2333.333496
2411.764648
2107.843261
1696.078491
1049.019653
196.078430
-509.803924
-1176.470581
-1833.333374
-2431.372558
-2294.117675
-1882.353027
-1284.313720
-431.372558
362.745117
1039.215698
1686.274536
2156.862792
2392.156982
2401.960937
2009.803955
1539.215698
813.725524
-29.411766
-705.882385
-1372.549072
-2000.000000
-2421.568603
-2156.862792
-1803.921630
-1147.058837
-313.725494
490.196075
1117.647094
2205.882324
2372.549072
2303.921630
1892.156860
1352.941162
558.823547
-245.098037
-1656.862792
-2156.862792
-2392.156982
-2431.372558
-2029.411743
-1490.196166
186.274520
882.352966
1500.000000
2058.823486
2323.529541
2401.960937
2107.843261
1000.000000
215.686279
-509.803924
-1176.470581
-1833.333374
-2235.294189
-2431.372558
-1872.549072
-1264.705932
-431.372558
352.941192
1029.411743
1686.274536
2147.058837
2362.745117
1950.980468
1441.176513
696.078430
-127.450981
-823.529418
-1480.392211
-2352.941162
-2450.980468
-2107.843261
-1647.058837
-960.784301
-117.647064
588.235290
1264.705932
1872.549072
2245.098144
2401.960937
2313.725585
1892.156860
1323.529418
529.411804
-254.901962
-980.392150
-1598.039184
-2382.353027
-2401.960937
-2029.411743
-1549.019653
-803.921569
49.019607
696.078430
2029.411743
2294.117675
2392.156982
2127.450927
1774.509887
1147.058837
313.725494
-470.588256
-1127.451049
-1794.117675
-2225.490234
-2431.372558
-2362.745117
-1941.176513
-1382.353027
-598.039245
225.490203
901.960815
2107.843261
2352.941162
2392.156982
2068.627441
1578.431396
901.960815
78.431373
-1382.353027
-2000.000000
-2294.117675
-2431.372558
-2235.294189
-1852.941162
-1205.882324
529.411804
1156.862792
1843.137329
2235.294189
2392.156982
2303.921630
1264.705932
480.392150
-313.725494
-1009.803955
-1666.666748
-2117.647216
-2392.156982
-1960.784301
-1460.784301
-686.274536
147.058822
843.137268
1490.196166
2078.431396
2392.156982
2088.235351
1637.254882
950.980407
127.450981
-558.823547
-1245.098022
-2294.117675
-2450.980468
-2235.294189
-1833.333374
-1205.882324
-362.745117
1205.882324
1843.137329
2235.294189
2401.960937
2323.529541
1882.353027
1372.549072
-372.549041
-1049.019653
-1705.882324
-2196.078369
-2382.353027
-2401.960937
-2009.803955
-666.666687
176.470596
872.549011
1490.196166
2058.823486
2333.333496
2392.156982
1627.451049
960.784301
127.450981
-578.431396
-1245.098022
-1901.960815
-2284.313720
-2235.294189
-1843.137329
-1205.882324
-343.137268
441.176483
1098.039184
2205.882324
2401.960937
2343.137207
1911.764770
1382.353027
627.450988
-176.470596
-1637.254882
-2147.058837
-2401.960937
-2401.960937
-2078.431396
-1568.627441
-862.745117
813.725524
1450.980468
2039.215698
2303.921630
2431.372558
2107.843261
1745.098022
1117.647094
284.313720
-500.000000
-1107.843139
-1803.921630
-2196.078369
-2411.764648
-2392.156982
-1950.980468
-1441.176513
-637.254943
1000.000000
1598.039184
2137.254882
2343.137207
2411.764648
2058.823486
1598.039184
-49.019607
-696.078430
-1362.745117
-2000.000000
-2284.313720
-2441.176513
-2254.902099
-1843.137329
-1215.686279
-382.352935
401.960784
1058.823608
1725.490234
2156.862792
2401.960937
2401.960937
1990.196166
1500.000000
-137.254898
-843.137268
-1500.000000
-2068.627441
-2333.333496
-2421.568603
-2127.450927
-1019.607849
-127.450981
598.039245
1274.509887
1901.960815
2245.098144
2401.960937
1852.941162
1235.294189
431.372558
-411.764709
-1049.019653
-1705.882324
-2205.882324
-2362.745117
-1960.784301
-1431.372558
-647.058837
196.078430
882.352966
2088.235351
2362.745117
2421.568603
2078.431396
1617.647094
931.372558
117.647064
-1392.156860
-2009.803955
-2294.117675
-2421.568603
-2166.666748
-1794.117675
-1127.451049
568.627441
1215.686279
1872.549072
2245.098144
2401.960937
2323.529541
1882.353027
1333.333374
519.607849
-284.313720
-990.196105
-1598.039184
-2127.450927
-2392.156982
-2421.568603
-2088.235351
-1617.647094
-921.568664
784.313720
1421.568603
2009.803955
2274.509765
2392.156982
2166.666748
1784.313720
225.490203
-529.411804
-1186.274536
-1843.137329
-2254.902099
-2431.372558
-2333.333496
-1284.313720
-470.588256
352.941192
1039.215698
1686.274536
2156.862792
2382.353027
1941.176513
1460.784301
715.686279
-127.450981
-843.137268
-1480.392211
-2362.745117
-2421.568603
-2107.843261
-1637.254882
-931.372558
-107.843139
607.843139
1980.392211
2303.921630
2411.764648
2215.686279
1813.725463
1225.490234
392.156860
-401.960784
-1078.431396
-1745.098022
-2205.882324
-2401.960937
-2392.156982
-1980.392211
-1480.392211
-725.490234
98.039215
774.509826
2078.431396
2352.941162
2421.568603
2078.431396
1676.470581
1019.607849
176.470596
-1323.529418
-1960.784301
-2294.117675
-2421.568603
-2264.705810
-1852.941162
-1235.294189
509.803924
1156.862792
1813.725463
2235.294189
2392.156982
2343.137207
1294.117675
519.607849
-313.725494
-1009.803955
-1676.470581
-2147.058837
-2401.960937
-1990.196166
-1490.196166
-696.078430
117.647064
823.529418
1460.784301
2049.019531
2401.960937
2088.235351
1676.470581
990.196105
186.274520
-539.215698
-1196.078491
-2294.117675
-2431.372558
-2245.098144
-1843.137329
-1245.098022
-431.372558
1156.862792
1784.313720
2215.686279
2401.960937
2333.333496
1901.960815
1411.764770
-323.529418
-1029.411743
-1686.274536
-2156.862792
-2382.353027
-2411.764648
-2039.215698
-705.882385
127.450981
852.941162
1480.392211
2049.019531
2303.921630
2382.353027
1656.862792
980.392150
166.666671
-568.627441
-1215.686279
-1882.353027
-2264.705810
-2254.902099
-1852.941162
-1245.098022
-411.764709
392.156860
1058.823608
2196.078369
2382.353027
2372.549072
1950.980468
1470.588256
676.470581
-127.450981
-1598.039184
-2107.843261
-2372.549072
-2431.372558
-2098.039306
-1656.862792
-941.176513
764.705871
1392.156860
2009.803955
2284.313720
2431.372558
2166.666748
1784.313720
1166.666748
323.529418
-450.980407
-1882.353027
-2254.902099
-2411.764648
-2333.333496
-1911.764770
-1372.549072
-568.627441
274.509796
970.588256
1578.431396
2107.843261
2352.941162
2411.764648
2068.627441
1656.862792
-29.411766
-705.882385
-1372.549072
-1980.392211
-2294.117675
-2441.176513
-2196.078369
-1078.431396
-215.686279
529.411804
1196.078491
1852.941162
2225.490234
2284.313720
1852.941162
1274.509887
470.588256
-343.137268
-1029.411743
-1676.470581
-2401.960937
-2382.353027
-1980.392211
-1441.176513
-686.274536
166.666671
852.941162
2068.627441
2333.333496
2421.568603
2088.235351
1607.843139
960.784301
137.254898
-1372.549072
-2009.803955
-2294.117675
-2421.568603
-2205.882324
-1803.921630
-205.882354
519.607849
1156.862792
1813.725463
2225.490234
2392.156982
2343.137207
1294.117675
470.588256
-333.333343
-1019.607849
-1676.470581
-2156.862792
-2411.764648
-1980.392211
-1480.392211
-686.274536
156.862747
843.137268
1470.588256
2058.823486
2421.568603
2088.235351
1656.862792
941.176513
127.450981
-598.039245
-1225.490234
-2284.313720
-2411.764648
-2235.294189
-1843.137329
-1205.882324
-352.941192
1205.882324
1852.941162
2254.902099
2401.960937
2313.725585
1872.549072
1352.941162
-372.549041
-1068.627441
-1725.490234
-2176.470703
-2401.960937
-2411.764648
-1990.196166
-666.666687
196.078430
862.745117
1490.196166
2107.843261
2333.333496
2401.960937
2098.039306
1696.078491
1029.411743
-656.862731
-1323.529418
-1980.392211
-2441.176513
-2117.647216
-1745.098022
-1117.647094
-245.098037
470.588256
1147.058837
2235.294189
2382.353027
2303.921630
1882.353027
1343.137329
539.215698
-274.509796
-1715.686279
-2156.862792
-2411.764648
-2411.764648
-1990.196166
-1519.607910
-764.705871
58.823532
745.098083
1372.549072
2313.725585
2401.960937
2107.843261
1735.294189
1078.431396
245.098037
-500.000000
-1147.058837
-1784.313720
-2215.686279
-2411.764648
-2382.353027
-1941.176513
-1431.372558
-627.450988
1000.000000
1588.235351
2088.235351
2362.745117
2411.764648
2078.431396
1627.451049
-49.019607
-715.686279
-1401.960815
-2009.803955
-2313.725585
-2421.568603
-2186.274658
-1049.019653
-205.882354
509.803924
1186.274536
1823.529418
2225.490234
2284.313720
1833.333374
1274.509887
470.588256
-343.137268
-1039.215698
-1696.078491
-2411.764648
-2392.156982
-1970.588256
-1450.980468
-696.078430
147.058822
833.333374
2098.039306
2362.745117
2441.176513
2078.431396
1627.451049
980.392150
156.862747
-1352.941162
-1980.392211
-2303.921630
-2431.372558
-2205.882324
-1813.725463
-225.490203
500.000000
1117.647094
1754.901977
2186.274658
2392.156982
2382.353027
1333.333374
558.823547
-245.098037
-931.372558
-1568.627441
-2107.843261
-2372.549072
-2049.019531
-1549.019653
-823.529418
0.000000
568.627441
1245.098022
1892.156860
2421.568603
2225.490234
1862.745117
1264.705932
460.784332
-362.745117
-1039.215698
-2215.686279
-2421.568603
-2362.745117
-1950.980468
-1450.980468
-676.470581
156.862747
1588.235351
2088.235351
2343.137207
2401.960937
2058.823486
1607.843139
921.568664
98.039215
-578.431396
-1235.294189
-1892.156860
-2264.705810
-2441.176513
-2313.725585
-1872.549072
-1303.921630
-519.607849
313.725494
1725.490234
2166.666748
2382.353027
2401.960937
1960.784301
1480.392211
754.901977
-921.568664
-1539.215698
-2107.843261
-2362.745117
-2441.176513
-2098.039306
-882.352966
-49.019607
627.450988
1284.313720
1921.568603
2264.705810
2411.764648
1813.725463
1176.470581
372.549041
-411.764709
-1098.039184
-1754.901977
-2176.470703
-2352.941162
-1931.372558
-1401.960815
-598.039245
205.882354
911.764709
1509.803955
2372.549072
2411.764648
2058.823486
1598.039184
911.764709
98.039215
-558.823547
-1970.588256
-2303.921630
-2441.176513
-2235.294189
-1823.529418
-1196.078491
-352.941192
1186.274536
1833.333374
2235.294189
2411.764648
2313.725585
1901.960815
470.588256
-333.333343
-1029.411743
-1686.274536
-2137.254882
-2401.960937
-2421.568603
-1460.784301
-686.274536
127.450981
833.333374
1450.980468
2049.019531
2313.725585
2088.235351
1656.862792
970.588256
156.862747
-568.627441
-1254.901977
-1901.960815
-2421.568603
-2254.902099
-1843.137329
-1235.294189
-392.156860
392.156860
1049.019653
1705.882324
2176.470703
2401.960937
2401.960937
2009.803955
1509.803955
774.509826
-29.411766
-705.882385
-1382.353027
-2000.000000
-2450.980468
-2147.058837
-1774.509887
-1137.254882
-313.725494
460.784332
1137.254882
2225.490234
2411.764648
2313.725585
1892.156860
1362.745117
568.627441
-254.901962
-1676.470581
-2156.862792
-2401.960937
-2441.176513
-2039.215698
-1519.607910
166.666671
872.549011
1490.196166
2068.627441
2333.333496
2382.353027
2088.235351
921.568664
98.039215
-558.823547
-1245.098022
-1901.960815
-2264.705810
-2450.980468
-1852.941162
-1235.294189
-392.156860
401.960784
1058.823608
1715.686279
2176.470703
2362.745117
1921.568603
1441.176513
666.666687
-166.666671
-862.745117
-1500.000000
-2372.549072
-2421.568603
-2098.039306
-1666.666748
-990.196105
-156.862747
568.627441
1225.490234
1862.745117
2245.098144
2411.764648
2323.529541
1882.353027
1343.137329
549.019592
-254.901962
-960.784301
-1598.039184
-2401.960937
-2441.176513
-2029.411743
-1549.019653
-813.725524
29.411766
696.078430
1343.137329
1980.392211
2274.509765
2392.156982
2215.686279
1823.529418
1235.294189
411.764709
-372.549041
-1058.823608
-1735.294189
-2411.764648
-2362.745117
-1960.784301
-1401.960815
-656.862731
196.078430
892.156860
2117.647216
2343.137207
2401.960937
2068.627441
1598.039184
941.176513
98.039215
-1362.745117
-1990.196166
-2313.725585
-2441.176513
-2205.882324
-1803.921630
-215.686279
529.411804
1166.666748
1843.137329
2254.902099
2382.353027
2313.725585
1294.117675
490.196075
-323.529418
-1019.607849
-1656.862792
-2137.254882
-2411.764648
-1970.588256
-1460.784301
-696.078430
127.450981
813.725524
1450.980468
2068.627441
2421.568603
2078.431396
1656.862792
970.588256
156.862747
-578.431396
-1225.490234
-2294.117675
-2441.176513
-2245.098144
-1843.137329
-1215.686279
-362.745117
1196.078491
1843.137329
2235.294189
2411.764648
2333.333496
1892.156860
1362.745117
-382.352935
-1068.627441
-1745.098022
-2196.078369
-2401.960937
-2411.764648
-2000.000000
-696.078430
107.843139
823.529418
1450.980468
2039.215698
2323.529541
2372.549072
2127.450927
1745.098022
1107.843139
274.509796
-500.000000
-1107.843139
-1774.509887
-2196.078369
-2431.372558
-2392.156982
-1970.588256
-578.431396
254.901962
970.588256
1558.823608
2078.431396
2352.941162
2401.960937
1558.823608
843.137268
29.411766
-647.058837
-1313.725463
-1960.784301
-2284.313720
-2166.666748
-1784.313720
-1127.451049
-294.117645
470.588256
1117.647094
1784.313720
2205.882324
2411.764648
2372.549072
1323.529418
539.215698
-284.313720
-1686.274536
-2166.666748
-2431.372558
-2431.372558
-2009.803955
-1490.196166
-754.901977
931.372558
1539.215698
2088.235351
2352.941162
2392.156982
2088.235351
1656.862792
19.607843
-637.254943
-1323.529418
-1990.196166
-2294.117675
-2431.372558
-2235.294189
-1137.254882
-274.509796
509.803924
1166.666748
1803.921630
2225.490234
2294.117675
1862.745117
1323.529418
519.607849
-294.117645
-1009.803955
-1666.666748
-2421.568603
-2401.960937
-2000.000000
-1549.019653
-813.725524
19.607843
696.078430
2029.411743
2333.333496
2421.568603
2117.647216
1715.686279
1117.647094
294.117645
-1254.901977
-1911.764770
-2284.313720
-2431.372558
-2294.117675
-1882.353027
-1284.313720
441.176483
1107.843139
1774.509887
2196.078369
2401.960937
2382.353027
1352.941162
578.431396
-215.686279
-931.372558
-1568.627441
-2117.647216
-2392.156982
-2049.019531
-1568.627441
-823.529418
19.607843
676.470581
1333.333374
1980.392211
2421.568603
2137.254882
1764.705932
1127.451049
294.117645
-480.392150
-1137.254882
-2274.509765
-2431.372558
-2313.725585
-1882.353027
-1352.941162
-509.803924
1098.039184
1725.490234
2166.666748
2382.353027
2382.353027
1950.980468
1480.392211
-235.294128
-950.980407
-1578.431396
-2117.647216
-2362.745117
-2431.372558
-2098.039306
-833.333374
0.000000
558.823547
1225.490234
1892.156860
2254.902099
2392.156982
1852.941162
1264.705932
441.176483
-382.352935
-1058.823608
-1705.882324
-2176.470703
-2392.156982
-1960.784301
-1441.176513
-666.666687
166.666671
872.549011
1480.392211
2068.627441
2343.137207
2401.960937
1617.647094
941.176513
117.647064
-1362.745117
-1990.196166
-2313.725585
-2441.176513
-2186.274658
-1794.117675
-1156.862792
578.431396
1245.098022
1872.549072
2215.686279
2421.568603
2313.725585
1892.156860
441.176483
-382.352935
-1058.823608
-1696.078491
-2186.274658
-2421.568603
-2411.764648
-1431.372558
-676.470581
166.666671
843.137268
1480.392211
2078.431396
2333.333496
2401.960937
2107.843261
1715.686279
1049.019653
225.490203
-529.411804
-1176.470581
-1843.137329
-2264.705810
-2411.764648
-2343.137207
-1303.921630
-460.784332
352.941192
1039.215698
1686.274536
2156.862792
2382.353027
2392.156982
2019.607910
1529.411743
803.921569
-29.411766
-715.686279
-1372.549072
-2019.607910
-2303.921630
-2421.568603
-2205.882324
-1078.431396
-225.490203
509.803924
1156.862792
1813.725463
2225.490234
2401.960937
2343.137207
1901.960815
1382.353027
-343.137268
-1039.215698
-1696.078491
-2421.568603
-2411.764648
-1970.588256
-1450.980468
-696.078430
137.254898
823.529418
2088.235351
2352.941162
2431.372558
2098.039306
1637.254882
970.588256
156.862747
-1352.941162
-1990.196166
-2294.117675
-2441.176513
-2235.294189
-1823.529418
-1196.078491
-323.529418
431.372558
1098.039184
2245.098144
2392.156982
2333.333496
1901.960815
1352.941162
598.039245
-215.686279
-921.568664
-1558.823608
-2127.450927
-2352.941162
-2431.372558
-2117.647216
-1666.666748
-950.980407
715.686279
1372.549072
1960.784301
2284.313720
2421.568603
2245.098144
1813.725463
1196.078491
382.352935
-411.764709
-1068.627441
-1745.098022
-2196.078369
-2401.960937
-2411.764648
-1980.392211
-1480.392211
-735.294128
960.784301
1578.431396
2078.431396
2343.137207
2401.960937
2098.039306
1656.862792
-9.803922
-656.862731
-1323.529418
-1970.588256
-2303.921630
-2441.176513
-2254.902099
-1156.862792
-294.117645
490.196075
1127.451049
1784.313720
2196.078369
2323.529541
1901.960815
1352.941162
539.215698
-264.705902
-970.588256
-1598.039184
-2401.960937
-2401.960937
-2039.215698
-1539.215698
-803.921569
19.607843
715.686279
2039.215698
2294.117675
2411.764648
2107.843261
1745.098022
1088.235351
245.098037
-1264.705932
-1921.568603
-2274.509765
-2441.176513
-2294.117675
-1872.549072
-1264.705932
-460.784332
372.549041
1029.411743
1676.470581
2137.254882
2352.941162
2401.960937
2019.607910
1549.019653
833.333374
19.607843
-1441.176513
-2078.431396
-2343.137207
-2431.372558
-2127.450927
-1725.490234
-1068.627441
647.058837
1303.921630
1921.568603
2264.705810
2392.156982
2284.313720
1205.882324
352.941192
-421.568634
-1098.039184
-1745.098022
-2196.078369
-2411.764648
-1911.764770
-1382.353027
-598.039245
225.490203
911.764709
1549.019653
2098.039306
2392.156982
2068.627441
1598.039184
941.176513
98.039215
-578.431396
-1254.901977
-2284.313720
-2441.176513
-2196.078369
-1833.333374
-1186.274536
-352.941192
441.176483
1098.039184
1754.901977
2186.274658
2392.156982
2382.353027
1950.980468
1480.392211
735.294128
-98.039215
-764.705871
-1431.372558
-2343.137207
-2441.176513
-2098.039306
-1705.882324
-1019.607849
-156.862747
578.431396
1931.372558
2284.313720
2411.764648
2284.313720
1843.137329
1235.294189
411.764709
-352.941192
-1039.215698
-1725.490234
-2411.764648
-2362.745117
-1941.176513
-1431.372558
-627.450988
196.078430
872.549011
2098.039306
2362.745117
2411.764648
2088.235351
1627.451049
921.568664
117.647064
-607.843139
-1284.313720
-1931.372558
-2284.313720
-2421.568603
-2294.117675
-1862.745117
-1264.705932
-441.176483
362.745117
1039.215698
2186.274658
2382.353027
2372.549072
1931.372558
1470.588256
686.274536
-117.647064
-1578.431396
-2117.647216
-2372.549072
-2431.372558
-2078.431396
-1627.451049
39.215686
715.686279
1382.353027
1990.196166
2294.117675
2392.156982
2186.274658
1107.843139
215.686279
-529.411804
-1166.666748
-1823.529418
-2235.294189
-2411.764648
-1882.353027
-1294.117675
-470.588256
372.549041
1049.019653
1676.470581
2137.254882
2372.549072
1960.784301
1460.784301
705.882385
-117.647064
-843.137268
-1470.588256
-2352.941162
-2431.372558
-2098.039306
-1666.666748
-960.784301
-137.254898
1382.353027
1970.588256
2303.921630
2421.568603
2205.882324
1794.117675
1166.666748
-549.019592
-1225.490234
-1872.549072
-2245.098144
-2441.176513
-2313.725585
-1901.960815
-1333.333374
-529.411804
323.529418
1705.882324
2176.470703
2401.960937
2392.156982
2029.411743
1490.196166
784.313720
-882.352966
-1549.019653
-2098.039306
-2382.353027
-2431.372558
-2107.843261
-1696.078491
-990.196105
-156.862747
578.431396
1245.098022
1862.745117
2235.294189
2401.960937
2313.725585
1882.353027
1343.137329
549.019592
-1058.823608
-1745.098022
-2166.666748
-2401.960937
-2401.960937
-2009.803955
-1509.803955
225.490203
882.352966
1509.803955
2068.627441
2343.137207
2421.568603
2088.235351
1696.078491
1039.215698
186.274520
-1333.333374
-1980.392211
-2323.529541
-2137.254882
-1754.901977
-1107.843139
-245.098037
500.000000
1107.843139
1764.705932
2411.764648
2323.529541
1911.764770
1362.745117
578.431396
-235.294128
-960.784301
-2147.058837
-2382.353027
-2421.568603
-2068.627441
-1558.823608
-862.745117
-9.803922
1431.372558
2019.607910
2284.313720
2401.960937
2147.058837
1794.117675
1147.058837
313.725494
-460.784332
-1127.451049
-1794.117675
-2235.294189
-2421.568603
-2372.549072
-1941.176513
-1401.960815
-647.058837
186.274520
1617.647094
2117.647216
2352.941162
2401.960937
2058.823486
1588.235351
892.156860
-784.313720
-1441.176513
-2049.019531
-2352.941162
-2421.568603
-2127.450927
-1009.803955
-137.254898
568.627441
1225.490234
1892.156860
2254.902099
2392.156982
1852.941162
1235.294189
431.372558
-372.549041
-1058.823608
-1696.078491
-2196.078369
-2382.353027
-1931.372558
-1431.372558
-656.862731
176.470596
892.156860
1500.000000
2323.529541
2411.764648
2098.039306
1666.666748
1009.803955
176.470596
-558.823547
-1950.980468
-2294.117675
-2441.176513
-2254.902099
-1852.941162
-1215.686279
509.803924
1166.666748
1833.333374
2205.882324
2392.156982
2313.725585
1931.372558
500.000000
-235.294128
-950.980407
-1568.627441
-2117.647216
-2372.549072
-2441.176513
-1558.823608
-823.529418
29.411766
686.274536
1323.529418
1970.588256
2274.509765
2147.058837
1764.705932
1147.058837
303.921569
-460.784332
-1117.647094
-1784.313720
-2421.568603
-2333.333496
-1901.960815
-1343.137329
-539.215698
294.117645
970.588256
1607.843139
2127.450927
2352.941162
2411.764648
2058.823486
1598.039184
901.960815
98.039215
-598.039245
-1254.901977
-1921.568603
-2421.568603
-2235.294189
-1843.137329
-1196.078491
-372.549041
392.156860
1078.431396
2196.078369
2392.156982
2343.137207
1901.960815
1411.764770
637.254943
-156.862747
-1617.647094
-2137.254882
-2382.353027
-2441.176513
-2088.235351
-1617.647094
68.627449
735.294128
1382.353027
1990.196166
2303.921630
2392.156982
2186.274658
1058.823608
225.490203
-519.607849
-1176.470581
-1833.333374
-2245.098144
-2411.764648
-1901.960815
-1284.313720
-460.784332
343.137268
1019.607849
1676.470581
2117.647216
2382.353027
1960.784301
1460.784301
725.490234
-88.235298
-745.098083
-1421.568603
-2343.137207
-2421.568603
-2117.647216
-1715.686279
-1029.411743
-147.058822
1333.333374
1960.784301
2264.705810
2431.372558
2225.490234
1843.137329
1245.098022
-480.392150
-1147.058837
-1803.921630
-2225.490234
-2421.568603
-2352.941162
-1960.784301
-500.000000
254.901962
931.372558
1539.215698
2068.627441
2343.137207
2421.568603
1568.627441
872.549011
39.215686
-627.450988
-1303.921630
-1941.176513
-2284.313720
-2176.470703
-1803.921630
-1166.666748
-313.725494
470.588256
1137.254882
2245.098144
2411.764648
2343.137207
1901.960815
1362.745117
558.823547
-254.901962
-1686.274536
-2156.862792
-2392.156982
-2421.568603
-2039.215698
-1529.411743
-784.313720
882.352966
1509.803955
2088.235351
2352.941162
2401.960937
2098.039306
1656.862792
68.627449
-607.843139
-1284.313720
-1931.372558
-2274.509765
-2421.568603
-2294.117675
-1166.666748
-313.725494
441.176483
1088.235351
1764.705932
2186.274658
2382.353027
2382.353027
1941.176513
1450.980468
666.666687
-127.450981
-852.941162
-1480.392211
-2078.431396
-2333.333496
-2431.372558
-2088.235351
-1686.274536
-1009.803955
-137.254898
1362.745117
1960.784301
2294.117675
2441.176513
2205.882324
1833.333374
1176.470581
343.137268
-441.176483
-1117.647094
-1754.901977
-2205.882324
-2421.568603
-2372.549072
-1960.784301
-1450.980468
-705.882385
127.450981
1568.627441
2098.039306
2333.333496
2401.960937
2078.431396
1637.254882
950.980407
-715.686279
-1382.353027
-2000.000000
-2294.117675
-2450.980468
-2235.294189
-1823.529418
-274.509796
490.196075
1137.254882
1803.921630
2205.882324
2401.960937
1901.960815
1343.137329
558.823547
-235.294128
-960.784301
-1598.039184
-2117.647216
-2411.764648
-2039.215698
-1539.215698
-813.725524
19.607843
686.274536
1343.137329
2294.117675
2421.568603
2117.647216
1735.294189
1107.843139
274.509796
-500.000000
-1852.941162
-2264.705810
-2411.764648
-2333.333496
-1921.568603
-1343.137329
-539.215698
1088.235351
1725.490234
2156.862792
2362.745117
2401.960937
1970.588256
627.450988
-156.862747
-882.352966
-1500.000000
-2068.627441
-2343.137207
-2431.372558
-1647.058837
-960.784301
-137.254898
568.627441
1245.098022
1882.353027
2274.509765
2235.294189
1813.725463
1235.294189
431.372558
-372.549041
-1058.823608
-1696.078491
-2411.764648
-2372.549072
-1950.980468
-1431.372558
-666.666687
176.470596
843.137268
2117.647216
2343.137207
2392.156982
2058.823486
1627.451049
960.784301
147.058822
-578.431396
-1235.294189
-1901.960815
-2431.372558
-2225.490234
-1833.333374
-245.098037
500.000000
1107.843139
1754.901977
2196.078369
2382.353027
2392.156982
1362.745117
578.431396
-215.686279
-941.176513
-1568.627441
-2107.843261
-2382.353027
-2049.019531
-1549.019653
-833.333374
-9.803922
637.254943
1274.509887
1921.568603
2421.568603
2186.274658
1784.313720
1156.862792
323.529418
-441.176483
-1117.647094
-1784.313720
-2205.882324
-2401.960937
-1931.372558
-1372.549072
-588.235290
1049.019653
1686.274536
2156.862792
2382.353027
2401.960937
1980.392211
1519.607910
-166.666671
-892.156860
-1529.411743
-2098.039306
-2352.941162
-2421.568603
-2117.647216
-921.568664
-68.627449
607.843139
1264.705932
1862.745117
2264.705810
2431.372558
1803.921630
1215.686279
382.352935
-421.568634
-1078.431396
-1735.294189
-2176.470703
-2382.353027
-1931.372558
-1392.156860
-617.647094
245.098037
911.764709
2117.647216
2372.549072
2401.960937
2068.627441
1607.843139
892.156860
88.235298
-1362.745117
-1990.196166
-2323.529541
-2441.176513
-2166.666748
-1813.725463
-1156.862792
568.627441
1245.098022
1901.960815
2274.509765
2401.960937
2323.529541
1892.156860
441.176483
-362.745117
-1039.215698
-1705.882324
-2176.470703
-2392.156982
-2421.568603
-2029.411743
-1490.196166
-774.509826
68.627449
745.098083
1372.549072
1990.196166
2294.117675
2431.372558
2186.274658
1784.313720
225.490203
-529.411804
-1186.274536
-1862.745117
-2235.294189
-2411.764648
-2352.941162
-1284.313720
-431.372558
362.745117
1039.215698
1686.274536
2156.862792
2352.941162
1921.568603
1431.372558
686.274536
-147.058822
-843.137268
-1519.607910
-2352.941162
-2421.568603
-2098.039306
-1627.451049
-950.980407
-127.450981
568.627441
1960.784301
2274.509765
2431.372558
2205.882324
1843.137329
1215.686279
392.156860
-1156.862792
-1843.137329
-2254.902099
-2421.568603
-2362.745117
-1921.568603
-1372.549072
352.941192
1009.803955
1686.274536
2156.862792
2392.156982
2411.764648
1450.980468
705.882385
-98.039215
-784.313720
-1431.372558
-2039.215698
-2343.137207
-2127.450927
-1676.470581
-970.588256
-156.862747
568.627441
1225.490234
1852.941162
2411.764648
2245.098144
1833.333374
1235.294189
441.176483
-382.352935
-1058.823608
-2215.686279
-2401.960937
-2372.549072
-1950.980468
-1431.372558
-666.666687
186.274520
872.549011
1470.588256
2058.823486
2343.137207
2421.568603
2107.843261
1686.274536
1009.803955
166.666671
-549.019592
-1205.882324
-2274.509765
-2421.568603
-2284.313720
-1852.941162
-1264.705932
-411.764709
382.352935
1049.019653
1676.470581
2127.450927
2372.549072
2392.156982
2039.215698
1529.411743
803.921569
-9.803922
-647.058837
-1313.725463
-2352.941162
-2450.980468
-2147.058837
-1784.313720
-1147.058837
-303.921569
470.588256
1872.549072
2245.098144
2382.353027
2284.313720
1882.353027
1362.745117
568.627441
-254.901962
-970.588256
-1558.823608
-2107.843261
-2372.549072
-2421.568603
-2088.235351
-1647.058837
-931.372558
-78.431373
607.843139
1950.980468
2294.117675
2421.568603
2205.882324
1843.137329
1215.686279
372.549041
-1186.274536
-1852.941162
-2235.294189
-2421.568603
-2333.333496
-1901.960815
-450.980407
362.745117
1049.019653
1676.470581
2166.666748
2392.156982
2431.372558
1460.784301
715.686279
-98.039215
-784.313720
-1431.372558
-2019.607910
-2323.529541
-2127.450927
-1696.078491
-1019.607849
-166.666671
539.215698
1196.078491
1862.745117
2421.568603
2225.490234
1843.137329
1254.901977
441.176483
-362.745117
-1049.019653
-2215.686279
-2411.764648
-2372.549072
-1950.980468
-1431.372558
-656.862731
1000.000000
1578.431396
2107.843261
2372.549072
2411.764648
2068.627441
1617.647094
-29.411766
-745.098083
-1372.549072
-2009.803955
-2323.529541
-2421.568603
-2205.882324
-1049.019653
-205.882354
529.411804
1196.078491
1823.529418
2235.294189
2421.568603
1872.549072
1294.117675
500.000000
-264.705902
-950.980407
-1568.627441
-2117.647216
-2431.372558
-2049.019531
-1558.823608
-803.921569
19.607843
686.274536
1333.333374
1950.980468
2264.705810
2401.960937
1784.313720
1137.254882
303.921569
-1215.686279
-1892.156860
-2264.705810
-2421.568603
-2303.921630
-1892.156860
-1323.529418
431.372558
1088.235351
1745.098022
2186.274658
2382.353027
2392.156982
1980.392211
617.647094
-196.078430
-911.764709
-1549.019653
-2107.843261
-2352.941162
-2441.176513
-2098.039306
-1676.470581
-980.392150
-137.254898
568.627441
1225.490234
1872.549072
2235.294189
2401.960937
2294.117675
1892.156860
1333.333374
519.607849
-284.313720
-990.196105
-1598.039184
-2147.058837
-2382.353027
-2019.607910
-1539.215698
-803.921569
892.156860
1490.196166
2088.235351
2313.725585
2411.764648
2107.843261
1705.882324
78.431373
-598.039245
-1284.313720
-1911.764770
-2274.509765
-2411.764648
-2323.529541
-1205.882324
-333.333343
441.176483
1127.451049
1754.901977
2196.078369
2372.549072
1921.568603
1392.156860
-333.333343
-1029.411743
-1705.882324
-2392.156982
-2392.156982
-1950.980468
-1431.372558
-676.470581
147.058822
852.941162
2088.235351
2362.745117
2421.568603
2078.431396
1627.451049
960.784301
137.254898
-1352.941162
-1980.392211
-2294.117675
-2421.568603
-2186.274658
-1794.117675
-1176.470581
568.627441
1196.078491
1862.745117
2245.098144
2421.568603
2313.725585
1264.705932
450.980407
-313.725494
-1000.000000
-1627.451049
-2117.647216
-2382.353027
-2000.000000
-1539.215698
-813.725524
19.607843
696.078430
1313.725463
1931.372558
2411.764648
2137.254882
1803.921630
1147.058837
313.725494
-460.784332
-1127.451049
-2245.098144
-2401.960937
-2333.333496
-1901.960815
-1343.137329
-539.215698
294.117645
1705.882324
2166.666748
2382.353027
2411.764648
2009.803955
1500.000000
843.137268
29.411766
-637.254943
-1313.725463
-1970.588256
-2294.117675
-2431.372558
-2245.098144
-1852.941162
-1245.098022
-401.960784
392.156860
1794.117675
2205.882324
2401.960937
2333.333496
1931.372558
1421.568603
656.862731
-970.588256
-1598.039184
-2117.647216
-2392.156982
-2441.176513
-2068.627441
-794.117675
68.627449
735.294128
1382.353027
1990.196166
2303.921630
2411.764648
1735.294189
1078.431396
254.901962
-500.000000
-1117.647094
-1784.313720
-2205.882324
-2343.137207
-1901.960815
-1352.941162
-539.215698
284.313720
970.588256
1598.039184
2382.353027
2382.353027
2000.000000
1558.823608
862.745117
68.627449
-617.647094
-1274.509887
-1931.372558
-2284.313720
-2176.470703
-1813.725463
-1176.470581
-323.529418
431.372558
1117.647094
1754.901977
2421.568603
2303.921630
1901.960815
1352.941162
617.647094
-215.686279
-921.568664
-2137.254882
-2362.745117
-2431.372558
-2058.823486
-1578.431396
-843.137268
-29.411766
1441.176513
2058.823486
2313.725585
2421.568603
2117.647216
1735.294189
1068.627441
245.098037
-500.000000
-1127.451049
-2225.490234
-2421.568603
-2323.529541
-1901.960815
-1382.353027
-578.431396
264.705902
1656.862792
2147.058837
2382.353027
2401.960937
2009.803955
1549.019653
833.333374
0.000000
-558.823547
-1235.294189
-1872.549072
-2264.705810
-2411.764648
-2323.529541
-1901.960815
-1313.725463
-490.196075
343.137268
1725.490234
2166.666748
2382.353027
2382.353027
1980.392211
1480.392211
735.294128
-911.764709
-1558.823608
-2098.039306
-2362.745117
-2421.568603
-2098.039306
-1676.470581
-19.607843
676.470581
1323.529418
1960.784301
2264.705810
2441.176513
1764.705932
1127.451049
313.725494
-460.784332
-1127.451049
-1803.921630
-2215.686279
-2333.333496
-1911.764770
-1313.725463
-519.607849
274.509796
980.392150
1607.843139
2372.549072
2401.960937
2000.000000
1578.431396
872.549011
68.627449
-598.039245
-2009.803955
-2303.921630
-2431.372558
-2176.470703
-1794.117675
-1166.666748
-333.333343
1225.490234
1882.353027
2245.098144
2411.764648
2333.333496
1882.353027
431.372558
-372.549041
-1029.411743
-1686.274536
-2166.666748
-2392.156982
-2401.960937
-2009.803955
-1500.000000
-833.333374
29.411766
705.882385
1343.137329
1980.392211
2284.313720
2411.764648
2186.274658
1823.529418
1225.490234
421.568634
-392.156860
-1058.823608
-2225.490234
-2431.372558
-2352.941162
-1921.568603
-1401.960815
-637.254943
205.882354
1627.451049
2107.843261
2352.941162
2401.960937
2039.215698
1578.431396
862.745117
49.019607
-627.450988
-1294.117675
-2323.529541
-2421.568603
-2166.666748
-1068.627441
-196.078430
529.411804
1196.078491
1843.137329
2215.686279
2392.156982
1862.745117
1274.509887
480.392150
-352.941192
-1009.803955
-1656.862792
-2166.666748
-2382.353027
-1950.980468
-1450.980468
-705.882385
137.254898
833.333374
1450.980468
2343.137207
2401.960937
2068.627441
1647.058837
980.392150
156.862747
-558.823547
-1970.588256
-2294.117675
-2421.568603
-2225.490234
-1833.333374
-1215.686279
519.607849
1176.470581
1803.921630
2215.686279
2382.353027
2343.137207
1901.960815
509.803924
-303.921569
-1000.000000
-1607.843139
-2098.039306
-2401.960937
-2431.372558
-1549.019653
-803.921569
29.411766
705.882385
1362.745117
1980.392211
2303.921630
2107.843261
1745.098022
137.254898
-568.627441
-1196.078491
-1843.137329
-2254.902099
-2431.372558
-2294.117675
-1882.353027
-1284.313720
-500.000000
284.313720
950.980407
1568.627441
2088.235351
2392.156982
2009.803955
1529.411743
823.529418
9.803922
-627.450988
-1303.921630
-1950.980468
-2431.372558
-2196.078369
-1813.725463
-1176.470581
-303.921569
460.784332
1117.647094
1754.901977
2176.470703
2401.960937
1892.156860
1382.353027
588.235290
-205.882354
-931.372558
-1558.823608
-2127.450927
-2411.764648
-2068.627441
-1598.039184
-872.549011
-39.215686
656.862731
1284.313720
1921.568603
2264.705810
2392.156982
2254.902099
1852.941162
1294.117675
490.196075
-323.529418
-1019.607849
-1676.470581
-2156.862792
-2382.353027
-1970.588256
-1450.980468
-686.274536
147.058822
843.137268
1450.980468
2058.823486
2333.333496
2411.764648
1656.862792
970.588256
176.470596
-558.823547
-1215.686279
-1862.745117
-2264.705810
-2215.686279
-1833.333374
-1196.078491
-362.745117
441.176483
1078.431396
1754.901977
2186.274658
2392.156982
2372.549072
1950.980468
1460.784301
725.490234
-88.235298
-754.901977
-1392.156860
-2019.607910
-2313.725585
-2421.568603
-2156.862792
-1764.705932
-1127.451049
-294.117645
480.392150
1166.666748
2245.098144
2401.960937
2313.725585
1901.960815
1343.137329
558.823547
-264.705902
-1676.470581
-2166.666748
-2401.960937
-2401.960937
-2039.215698
-1529.411743
186.274520
862.745117
1490.196166
2068.627441
2323.529541
2401.960937
2107.843261
911.764709
88.235298
-568.627441
-1225.490234
-1901.960815
-2284.313720
-2431.372558
-1823.529418
-1196.078491
-382.352935
421.568634
1098.039184
1725.490234
2166.666748
2343.137207
1911.764770
1411.764770
637.254943
-186.274520
-892.156860
-1500.000000
-2058.823486
-2333.333496
-2431.372558
-2107.843261
-1705.882324
-1049.019653
-186.274520
549.019592
1196.078491
1843.137329
2245.098144
2264.705810
1862.745117
1274.509887
470.588256
-333.333343
-1009.803955
-1676.470581
-2431.372558
-2382.353027
-1980.392211
-1460.784301
-696.078430
147.058822
833.333374
1450.980468
2058.823486
2343.137207
2431.372558
2107.843261
1705.882324
1088.235351
215.686279
-509.803924
-1196.078491
-1823.529418
-2421.568603
-2303.921630
-1882.353027
-1303.921630
-480.392150
333.333343
1000.000000
1607.843139
2098.039306
2343.137207
1980.392211
1500.000000
833.333374
9.803922
-627.450988
-1264.705932
-1931.372558
-2441.176513
-2166.666748
-1823.529418
-1176.470581
-362.745117
421.568634
1117.647094
2215.686279
2392.156982
2323.529541
1921.568603
1343.137329
598.039245
-245.098037
-1666.666748
-2156.862792
-2411.764648
-2411.764648
-2019.607910
-1558.823608
166.666671
862.745117
1470.588256
2039.215698
2323.529541
2401.960937
2107.843261
1725.490234
1039.215698
196.078430
-529.411804
-1911.764770
-2294.117675
-2421.568603
-2284.313720
-1862.745117
-1254.901977
470.588256
1137.254882
1784.313720
2205.882324
2411.764648
2343.137207
1931.372558
529.411804
-254.901962
-950.980407
-1578.431396
-2127.450927
-2382.353027
-2411.764648
-2058.823486
-1627.451049
-921.568664
774.509826
1411.764770
2009.803955
2284.313720
2411.764648
2166.666748
1794.117675
205.882354
-539.215698
-1176.470581
-1882.353027
-2235.294189
-2421.568603
-2333.333496
-1284.313720
-450.980407
372.549041
1019.607849
1656.862792
2127.450927
2372.549072
2392.156982
2039.215698
1549.019653
-137.254898
-833.333374
-1500.000000
-2049.019531
-2431.372558
-2107.843261
-1686.274536
-1000.000000
-205.882354
558.823547
1205.882324
1852.941162
2254.902099
2401.960937
1872.549072
1294.117675
500.000000
-274.509796
-980.392150
-1578.431396
-2117.647216
-2411.764648
-2029.411743
-1509.803955
-803.921569
49.019607
705.882385
1343.137329
1970.588256
2294.117675
2411.764648
1745.098022
1117.647094
284.313720
-1254.901977
-1931.372558
-2294.117675
-2421.568603
-2313.725585
-1892.156860
-1284.313720
450.980407
1107.843139
1764.705932
2215.686279
2362.745117
2372.549072
1950.980468
588.235290
-225.490203
-911.764709
-1539.215698
-2117.647216
-2352.941162
-2441.176513
-1578.431396
-843.137268
-9.803922
627.450988
1284.313720
1892.156860
2284.313720
2431.372558
2284.313720
1882.353027
372.549041
-411.764709
-1058.823608
-2245.098144
-2421.568603
-2382.353027
-1950.980468
-1411.764770
-607.843139
225.490203
1647.058837
2127.450927
2392.156982
2401.960937
2039.215698
1588.235351
892.156860
-794.117675
-1441.176513
-2049.019531
-2343.137207
-2441.176513
-2098.039306
-1745.098022
-117.647064
588.235290
1245.098022
1892.156860
2264.705810
2411.764648
1852.941162
1245.098022
421.568634
-343.137268
-1019.607849
-1705.882324
-2176.470703
-2372.549072
-1941.176513
-1441.176513
-647.058837
176.470596
882.352966
1480.392211
2343.137207
2411.764648
2068.627441
1637.254882
950.980407
147.058822
-588.235290
-1960.784301
-2294.117675
-2431.372558
-2215.686279
-1833.333374
-1196.078491
-382.352935
401.960784
1068.627441
1725.490234
2382.353027
2343.137207
1911.764770
1401.960815
647.058837
-156.862747
-892.156860
-2117.647216
-2392.156982
-2441.176513
-2098.039306
-1607.843139
-911.764709
-78.431373
1392.156860
2009.803955
2303.921630
2431.372558
2147.058837
1803.921630
1186.274536
372.549041
-421.568634
-1098.039184
-2225.490234
-2421.568603
-2352.941162
-1303.921630
-500.000000
254.901962
931.372558
1558.823608
2088.235351
2352.941162
2029.411743
1549.019653
833.333374
0.000000
-558.823547
-1235.294189
-1892.156860
-2421.568603
-2245.098144
-1862.745117
-1254.901977
-401.960784
382.352935
1058.823608
2205.882324
2392.156982
2352.941162
1941.176513
1441.176513
647.058837
-156.862747
-1598.039184
-2147.058837
-2362.745117
-2411.764648
-2058.823486
-1568.627441
88.235298
774.509826
1401.960815
1990.196166
2303.921630
2411.764648
2166.666748
1058.823608
176.470596
-539.215698
-1176.470581
-1862.745117
-2264.705810
-2411.764648
-1872.549072
-1274.509887
-431.372558
382.352935
1039.215698
1686.274536
2137.254882
2372.549072
1921.568603
1431.372558
656.862731
-147.058822
-843.137268
-1480.392211
-2362.745117
-2441.176513
-2068.627441
-1637.254882
-911.764709
-88.235298
1362.745117
1980.392211
2294.117675
2411.764648
2166.666748
1784.313720
1166.666748
-558.823547
-1225.490234
-1882.353027
