-1892.156860
-2264.705810
-2441.176513
-1833.333374
-1225.490234
-362.745117
441.176483
1098.039184
1745.098022
2186.274658
2362.745117
1931.372558
1392.156860
637.254943
-176.470596
-892.156860
-1519.607910
-2382.353027
-2421.568603
-2078.431396
-1627.451049
-882.352966
-49.019607
1421.568603
2019.607910
2294.117675
2411.764648
2186.274658
1803.921630
1176.470581
-568.627441
-1225.490234
-1882.353027
-2284.313720
-2421.568603
-2303.921630
-1911.764770
-421.568634
392.156860
1058.823608
1696.078491
2166.666748
2392.156982
2382.353027
2000.000000
1578.431396
852.941162
49.019607
-637.254943
-1303.921630
-1960.784301
-2294.117675
-2431.372558
-2245.098144
-1862.745117
-303.921569
490.196075
1127.451049
1803.921630
2196.078369
2411.764648
2362.745117
1343.137329
558.823547
-284.313720
-970.588256
-1588.235351
-2137.254882
-2382.353027
-2421.568603
-2098.039306
-1617.647094
49.019607
696.078430
1362.745117
1950.980468
2274.509765
2401.960937
2245.098144
1843.137329
1254.901977
431.372558
-382.352935
-1058.823608
-1725.490234
-2205.882324
-2401.960937
-1950.980468
-1441.176513
-627.450988
176.470596
882.352966
1490.196166
2088.235351
2401.960937
2088.235351
1627.451049
941.176513
98.039215
-568.627441
-1245.098022
-2294.117675
-2441.176513
-2225.490234
-1843.137329
-1205.882324
-343.137268
1196.078491
1852.941162
2235.294189
2421.568603
2323.529541
1901.960815
1372.549072
-372.549041
-1058.823608
-1705.882324
-2176.470703
-2401.960937
-2421.568603
-2019.607910
-1519.607910
-784.313720
58.823532
1480.392211
2058.823486
2333.333496
2431.372558
2127.450927
1725.490234
1058.823608
-647.058837
-1323.529418
-1970.588256
-2264.705810
-2421.568603
-2274.509765
-1862.745117
-323.529418
470.588256
1127.451049
1754.901977
2196.078369
2401.960937
2392.156982
1960.784301
1460.784301
705.882385
-107.843139
-823.529418
-1480.392211
-2078.431396
-2362.745117
-2431.372558
-2117.647216
-1715.686279
-68.627449
637.254943
1303.921630
1921.568603
2264.705810
2401.960937
2294.117675
1862.745117
1284.313720
519.607849
-303.921569
-1009.803955
-1666.666748
-2176.470703
-2411.764648
-2431.372558
-2049.019531
-1549.019653
147.058822
843.137268
1470.588256
2088.235351
2333.333496
2421.568603
2098.039306
960.784301
176.470596
-568.627441
-1225.490234
-1882.353027
-2245.098144
-2421.568603
-1852.941162
-1245.098022
-441.176483
392.156860
1049.019653
1705.882324
2392.156982
2362.745117
1941.176513
1431.372558
676.470581
-156.862747
-862.745117
-2127.450927
-2382.353027
-2431.372558
-2107.843261
-1647.058837
-931.372558
-88.235298
1372.549072
1990.196166
2333.333496
2431.372558
2186.274658
1803.921630
1176.470581
-529.411804
-1205.882324
-1862.745117
-2235.294189
-2431.372558
-2333.333496
-1892.156860
-1333.333374
-529.411804
303.921569
1735.294189
2186.274658
2392.156982
1921.568603
1411.764770
656.862731
-166.666671
-872.549011
-1529.411743
-2088.235351
-2441.176513
-2078.431396
-1607.843139
-872.549011
-58.823532
647.058837
1303.921630
1931.372558
2284.313720
2421.568603
1794.117675
1186.274536
343.137268
-431.372558
-1107.843139
-1764.705932
-2225.490234
-2323.529541
-1901.960815
-1362.745117
-558.823547
284.313720
960.784301
1598.039184
2362.745117
2411.764648
2039.215698
1558.823608
833.333374
0.000000
-578.431396
-1950.980468
-2294.117675
-2421.568603
-2235.294189
-1843.137329
-1196.078491
-382.352935
1196.078491
1843.137329
2235.294189
2411.764648
2323.529541
1901.960815
490.196075
-323.529418
-1000.000000
-1617.647094
-2107.843261
-2382.353027
-2421.568603
-1519.607910
-794.117675
39.215686
705.882385
1352.941162
2000.000000
2284.313720
2166.666748
1794.117675
1156.862792
303.921569
-450.980407
-1117.647094
-1794.117675
-2421.568603
-2323.529541
-1901.960815
-1352.941162
-529.411804
284.313720
990.196105
1588.235351
2088.235351
2372.549072
2039.215698
1539.215698
794.117675
-862.745117
-1509.803955
-2098.039306
-2343.137207
-2431.372558
-2127.450927
-1705.882324
-39.215686
647.058837
1294.117675
1921.568603
2274.509765
2401.960937
2313.725585
1186.274536
372.549041
-411.764709
-1098.039184
-1725.490234
-2205.882324
-2401.960937
-1950.980468
-1401.960815
-617.647094
196.078430
901.960815
1490.196166
2098.039306
2343.137207
2392.156982
2107.843261
1715.686279
1029.411743
156.862747
-558.823547
-1225.490234
-1901.960815
-2254.902099
-2441.176513
-1862.745117
-1225.490234
-401.960784
421.568634
1068.627441
1745.098022
2156.862792
2382.353027
1941.176513
1431.372558
637.254943
-176.470596
-892.156860
-1490.196166
-2372.549072
-2441.176513
-2078.431396
-1598.039184
-911.764709
-78.431373
1421.568603
1980.392211
2294.117675
2401.960937
2156.862792
1823.529418
1147.058837
-568.627441
-1225.490234
-1901.960815
-2264.705810
-2421.568603
-2333.333496
-1901.960815
-401.960784
401.960784
1049.019653
1676.470581
2176.470703
2382.353027
2401.960937
2029.411743
1529.411743
813.725524
-852.941162
-1519.607910
-2098.039306
-2352.941162
-2441.176513
-2107.843261
-1696.078491
-39.215686
627.450988
1284.313720
1931.372558
2254.902099
2411.764648
2284.313720
1872.549072
1294.117675
490.196075
-313.725494
-1009.803955
-1676.470581
-2147.058837
-2392.156982
-2441.176513
-2068.627441
-1568.627441
127.450981
833.333374
1500.000000
2039.215698
2323.529541
2411.764648
2127.450927
1029.411743
186.274520
-539.215698
-1205.882324
-1872.549072
-2254.902099
-2421.568603
-1872.549072
-1264.705932
-441.176483
382.352935
1058.823608
1696.078491
2392.156982
2362.745117
1941.176513
1431.372558
705.882385
-127.450981
-852.941162
-2117.647216
-2392.156982
-2441.176513
-2098.039306
-1627.451049
-941.176513
-98.039215
1401.960815
2000.000000
2284.313720
2421.568603
2264.705810
1862.745117
1264.705932
-470.588256
-1166.666748
-1813.725463
-2225.490234
-2431.372558
-2362.745117
-1931.372558
-480.392150
333.333343
1000.000000
1607.843139
2127.450927
2372.549072
2000.000000
1568.627441
872.549011
49.019607
-637.254943
-1303.921630
-1950.980468
-2284.313720
-2431.372558
-2264.705810
-1852.941162
-1245.098022
-441.176483
362.745117
1049.019653
1686.274536
2147.058837
2392.156982
2392.156982
2009.803955
1549.019653
794.117675
-872.549011
-1509.803955
-2088.235351
-2343.137207
-2450.980468
-2127.450927
-1705.882324
-58.823532
637.254943
1294.117675
1921.568603
2254.902099
2401.960937
2284.313720
1852.941162
1294.117675
480.392150
-1098.039184
-1784.313720
-2225.490234
-2333.333496
-1911.764770
-1372.549072
-588.235290
254.901962
931.372558
1568.627441
2362.745117
2411.764648
2068.627441
1578.431396
872.549011
49.019607
-617.647094
-1980.392211
-2323.529541
-2450.980468
-2186.274658
-1803.921630
-1186.274536
-313.725494
1235.294189
1882.353027
2254.902099
2401.960937
2303.921630
1892.156860
1343.137329
568.627441
-264.705902
-960.784301
-2156.862792
-2401.960937
-2421.568603
-1470.588256
-705.882385
117.647064
823.529418
1450.980468
2029.411743
2313.725585
2088.235351
1656.862792
990.196105
156.862747
-568.627441
-1235.294189
-1911.764770
-2421.568603
-2235.294189
-1843.137329
-1215.686279
-382.352935
431.372558
1088.235351
1725.490234
2176.470703
2382.353027
1941.176513
1401.960815
637.254943
-166.666671
-892.156860
-1529.411743
-2107.843261
-2421.568603
-2068.627441
-1598.039184
-882.352966
-49.019607
607.843139
1274.509887
2284.313720
2431.372558
2186.274658
1813.725463
1176.470581
362.745117
-431.372558
-1852.941162
-2264.705810
-2421.568603
-2333.333496
-1921.568603
-1372.549072
372.549041
1039.215698
1696.078491
2137.254882
2392.156982
2421.568603
2009.803955
686.274536
-137.254898
-852.941162
-1490.196166
-2098.039306
-2343.137207
-2421.568603
-1647.058837
-950.980407
-117.647064
607.843139
1264.705932
1911.764770
2254.902099
2235.294189
1862.745117
1225.490234
401.960784
-382.352935
-1068.627441
-1715.686279
-2411.764648
-2352.941162
-1921.568603
-1421.568603
-637.254943
196.078430
1647.058837
2127.450927
2362.745117
2421.568603
2068.627441
1607.843139
892.156860
-794.117675
-1450.980468
-2049.019531
-2343.137207
-2421.568603
-2137.254882
-1774.509887
-147.058822
568.627441
1235.294189
1862.745117
2245.098144
2382.353027
2313.725585
1911.764770
1343.137329
539.215698
-284.313720
-990.196105
-1588.235351
-2137.254882
-2382.353027
-2441.176513
-2068.627441
-1607.843139
78.431373
754.901977
1401.960815
2009.803955
2323.529541
2421.568603
2166.666748
1058.823608
225.490203
-490.196075
-1176.470581
-1843.137329
-2235.294189
-2421.568603
-1872.549072
-1284.313720
-480.392150
333.333343
1029.411743
1676.470581
2372.549072
2372.549072
2000.000000
1519.607910
794.117675
-19.607843
-696.078430
-2078.431396
-2323.529541
-2431.372558
-2137.254882
-1745.098022
-1078.431396
-235.294128
1333.333374
1960.784301
2274.509765
2401.960937
2284.313720
1852.941162
1264.705932
-470.588256
-1127.451049
-1794.117675
-2245.098144
-2421.568603
-2372.549072
-1950.980468
-568.627441
274.509796
1000.000000
1558.823608
2107.843261
2352.941162
2068.627441
1578.431396
852.941162
29.411766
-637.254943
-1323.529418
-1950.980468
-2431.372558
-2176.470703
-1794.117675
-1147.058837
-284.313720
470.588256
1137.254882
2225.490234
2392.156982
2323.529541
1911.764770
1333.333374
539.215698
-264.705902
-1705.882324
-2176.470703
-2411.764648
-2411.764648
-2000.000000
-1568.627441
-833.333374
872.549011
1509.803955
2068.627441
2323.529541
2411.764648
2088.235351
970.588256
147.058822
-568.627441
-1225.490234
-1901.960815
-2264.705810
-2431.372558
-1852.941162
-1205.882324
-352.941192
441.176483
1088.235351
1764.705932
2196.078369
2343.137207
1931.372558
1392.156860
607.843139
-205.882354
-921.568664
-1539.215698
-2392.156982
-2421.568603
-2049.019531
-1598.039184
-872.549011
-49.019607
637.254943
1294.117675
1941.176513
2303.921630
2147.058837
1803.921630
1176.470581
-549.019592
-1225.490234
-1882.353027
-2274.509765
-2421.568603
-2352.941162
-1892.156860
-450.980407
362.745117
1068.627441
1696.078491
2156.862792
2372.549072
2401.960937
1450.980468
696.078430
-107.843139
-833.333374
-1480.392211
-2068.627441
-2343.137207
-2450.980468
-2098.039306
-1715.686279
-98.039215
607.843139
1245.098022
1901.960815
2254.902099
2411.764648
2294.117675
1264.705932
441.176483
-382.352935
-1049.019653
-1715.686279
-2196.078369
-2421.568603
-1960.784301
-1441.176513
-656.862731
205.882354
901.960815
1500.000000
2049.019531
2303.921630
2401.960937
2127.450927
1745.098022
1107.843139
274.509796
-480.392150
-1156.862792
-1794.117675
-2215.686279
-2411.764648
-1882.353027
-1333.333374
-509.803924
313.725494
970.588256
1617.647094
2117.647216
2421.568603
2000.000000
1588.235351
843.137268
19.607843
-656.862731
-1303.921630
-2323.529541
-2431.372558
-2147.058837
-1803.921630
-1127.451049
-294.117645
470.588256
1147.058837
1784.313720
2196.078369
2392.156982
2352.941162
1921.568603
1441.176513
676.470581
-127.450981
-852.941162
-1509.803955
-2362.745117
-2450.980468
-2088.235351
-1617.647094
-931.372558
-98.039215
607.843139
1970.588256
2313.725585
2411.764648
2215.686279
1833.333374
1215.686279
401.960784
-392.156860
-1068.627441
-1745.098022
-2411.764648
-2372.549072
-1931.372558
-539.215698
294.117645
1000.000000
1588.235351
2098.039306
2372.549072
2421.568603
1568.627441
852.941162
19.607843
-647.058837
-1303.921630
-1970.588256
-2294.117675
-2176.470703
-1784.313720
-1137.254882
-284.313720
470.588256
1117.647094
1764.705932
2431.372558
2323.529541
1872.549072
1343.137329
549.019592
-254.901962
-960.784301
-2137.254882
-2382.353027
-2421.568603
-2039.215698
-1549.019653
-813.725524
882.352966
1490.196166
2088.235351
2343.137207
2421.568603
2107.843261
1705.882324
68.627449
-607.843139
-1264.705932
-1931.372558
-2284.313720
-2411.764648
-2294.117675
-1176.470581
-352.941192
441.176483
1107.843139
1774.509887
2225.490234
2382.353027
2372.549072
1950.980468
1450.980468
705.882385
-117.647064
-803.921569
-1460.784301
-2058.823486
-2333.333496
-2421.568603
-2107.843261
-950.980407
-127.450981
598.039245
1254.901977
1872.549072
2254.902099
2411.764648
1852.941162
1225.490234
421.568634
-382.352935
-1049.019653
-1715.686279
-2186.274658
-2343.137207
-1941.176513
-1411.764770
-627.450988
196.078430
892.156860
1509.803955
2088.235351
2313.725585
2401.960937
2088.235351
1696.078491
1078.431396
176.470596
-549.019592
-1215.686279
-1852.941162
-2235.294189
-2264.705810
-1843.137329
-1254.901977
-421.568634
392.156860
1058.823608
1705.882324
2166.666748
2382.353027
2392.156982
2009.803955
1529.411743
784.313720
-39.215686
-715.686279
-1401.960815
-2019.607910
-2303.921630
-2137.254882
-1715.686279
-1049.019653
-196.078430
529.411804
1196.078491
1823.529418
2225.490234
2411.764648
2343.137207
1284.313720
480.392150
-323.529418
-1029.411743
-2205.882324
-2411.764648
-2411.764648
-1980.392211
-1470.588256
-676.470581
970.588256
1598.039184
2156.862792
2362.745117
2411.764648
2058.823486
1637.254882
-29.411766
-715.686279
-1372.549072
-2019.607910
-2313.725585
-2441.176513
-2186.274658
-1058.823608
-215.686279
539.215698
1196.078491
1843.137329
2235.294189
2401.960937
2313.725585
1882.353027
1372.549072
-352.941192
-1029.411743
-1705.882324
-2421.568603
-2372.549072
-1950.980468
-1441.176513
-686.274536
156.862747
852.941162
2107.843261
2333.333496
2421.568603
2078.431396
1627.451049
950.980407
147.058822
-1382.353027
-2000.000000
-2294.117675
-2441.176513
-2245.098144
-1852.941162
-1225.490234
-411.764709
401.960784
1068.627441
2205.882324
2411.764648
2362.745117
1931.372558
1441.176513
656.862731
-156.862747
-1617.647094
-2127.450927
-2392.156982
-2019.607910
-1539.215698
-803.921569
49.019607
696.078430
1372.549072
1980.392211
2411.764648
2117.647216
1774.509887
1127.451049
303.921569
-470.588256
-1147.058837
-2264.705810
-2441.176513
-2323.529541
-1892.156860
-1303.921630
-529.411804
303.921569
1735.294189
2176.470703
2372.549072
2401.960937
1990.196166
1529.411743
754.901977
-29.411766
-735.294128
-1401.960815
-2029.411743
-2343.137207
-2431.372558
-2127.450927
-1784.313720
-1127.451049
-274.509796
480.392150
1862.745117
2264.705810
2411.764648
2303.921630
1882.353027
1333.333374
539.215698
-274.509796
-990.196105
-1598.039184
-2137.254882
-2382.353027
-2421.568603
-2068.627441
-1627.451049
-921.568664
-78.431373
637.254943
1960.784301
2284.313720
2392.156982
2205.882324
1823.529418
1196.078491
421.568634
-1166.666748
-1833.333374
-2245.098144
-2411.764648
-2343.137207
-1921.568603
-1352.941162
-588.235290
245.098037
950.980407
1578.431396
2088.235351
2352.941162
2411.764648
2088.235351
1686.274536
970.588256
127.450981
-1362.745117
-1990.196166
-2313.725585
-2450.980468
-2196.078369
-1823.529418
-1176.470581
558.823547
1225.490234
1862.745117
2245.098144
2411.764648
2313.725585
1264.705932
450.980407
-343.137268
-1049.019653
-1686.274536
-2156.862792
-2411.764648
-1970.588256
-1441.176513
-637.254943
196.078430
872.549011
1500.000000
2058.823486
2401.960937
2078.431396
1686.274536
1039.215698
137.254898
-588.235290
-1225.490234
-1872.549072
-2264.705810
-2431.372558
-1843.137329
-1225.490234
-392.156860
411.764709
1049.019653
1705.882324
2186.274658
2352.941162
1931.372558
1441.176513
647.058837
-156.862747
-862.745117
-1509.803955
-2382.353027
-2441.176513
-2078.431396
-1607.843139
-892.156860
-68.627449
607.843139
1274.509887
1931.372558
2254.902099
2411.764648
2274.509765
1872.549072
1294.117675
500.000000
-254.901962
-941.176513
-1588.235351
-2382.353027
-2421.568603
-2029.411743
-1539.215698
-803.921569
29.411766
696.078430
2029.411743
2313.725585
2421.568603
2137.254882
1774.509887
1156.862792
313.725494
-1245.098022
-1882.353027
-2294.117675
-2401.960937
-2313.725585
-1882.353027
-392.156860
401.960784
1068.627441
1686.274536
2166.666748
2382.353027
2401.960937
1421.568603
666.666687
-147.058822
-862.745117
-1509.803955
-2098.039306
-2352.941162
-2088.235351
-1637.254882
-921.568664
-88.235298
617.647094
1264.705932
1892.156860
2411.764648
2225.490234
1833.333374
1225.490234
382.352935
-401.960784
-1068.627441
-2225.490234
-2421.568603
-2352.941162
-1950.980468
-1401.960815
-647.058837
990.196105
1617.647094
2127.450927
2372.549072
2421.568603
2068.627441
1598.039184
-68.627449
-754.901977
-1401.960815
-2019.607910
-2313.725585
-2441.176513
-2156.862792
-1049.019653
-186.274520
578.431396
1225.490234
1852.941162
2235.294189
2411.764648
1872.549072
1284.313720
470.588256
-352.941192
-1039.215698
-1686.274536
-2166.666748
-2372.549072
-1960.784301
-1470.588256
-666.666687
186.274520
872.549011
2107.843261
2343.137207
2421.568603
2088.235351
1647.058837
941.176513
127.450981
-1382.353027
-1980.392211
-2333.333496
-2441.176513
-2205.882324
-1813.725463
-1176.470581
558.823547
1215.686279
1872.549072
2264.705810
2441.176513
2362.745117
1892.156860
1323.529418
539.215698
-254.901962
-960.784301
-1588.235351
-2117.647216
-2372.549072
-2421.568603
-2058.823486
-1607.843139
-911.764709
764.705871
1421.568603
2019.607910
2294.117675
2411.764648
2166.666748
1784.313720
215.686279
-539.215698
-1176.470581
-1862.745117
-2254.902099
-2411.764648
-2323.529541
-1274.509887
-470.588256
362.745117
1019.607849
1676.470581
2137.254882
2372.549072
1960.784301
1480.392211
705.882385
-107.843139
-823.529418
-1480.392211
-2362.745117
-2431.372558
-2088.235351
-1627.451049
-941.176513
-88.235298
598.039245
1950.980468
2264.705810
2411.764648
2245.098144
1862.745117
1264.705932
450.980407
-1137.254882
-1803.921630
-2215.686279
-2392.156982
-2362.745117
-1941.176513
-1401.960815
333.333343
1009.803955
1637.254882
2137.254882
2382.353027
2401.960937
1480.392211
745.098083
-78.431373
-764.705871
-1401.960815
-2049.019531
-2333.333496
-2107.843261
-1686.274536
-1009.803955
-147.058822
568.627441
1225.490234
1862.745117
2411.764648
2225.490234
1843.137329
1245.098022
431.372558
-352.941192
-1058.823608
-2215.686279
-2421.568603
-2372.549072
-1960.784301
-1431.372558
-666.666687
980.392150
1617.647094
2107.843261
2392.156982
2421.568603
2068.627441
1598.039184
-78.431373
-735.294128
-1441.176513
-2009.803955
-2323.529541
-2431.372558
-2156.862792
-1029.411743
-147.058822
578.431396
1225.490234
1872.549072
2235.294189
2421.568603
1872.549072
1264.705932
460.784332
-362.745117
-1049.019653
-1676.470581
-2156.862792
-2392.156982
-1950.980468
-1441.176513
-676.470581
166.666671
852.941162
2098.039306
2372.549072
2411.764648
2068.627441
1647.058837
960.784301
166.666671
-1343.137329
-1980.392211
-2323.529541
-2441.176513
-2225.490234
-1833.333374
-1176.470581
549.019592
1196.078491
1872.549072
2245.098144
2411.764648
2352.941162
1901.960815
490.196075
-313.725494
-1019.607849
-1676.470581
-2166.666748
-2392.156982
-2431.372558
-1450.980468
-725.490234
117.647064
833.333374
1450.980468
2068.627441
2411.764648
2088.235351
1666.666748
980.392150
176.470596
-549.019592
-1205.882324
-2274.509765
-2421.568603
-2274.509765
-1862.745117
-1264.705932
-450.980407
382.352935
1774.509887
2196.078369
2401.960937
2362.745117
1941.176513
1470.588256
705.882385
-960.784301
-1578.431396
-2107.843261
-2382.353027
-2450.980468
-2078.431396
-1598.039184
-892.156860
-98.039215
617.647094
1990.196166
2294.117675
2411.764648
1725.490234
1078.431396
235.294128
-500.000000
-1127.451049
-1794.117675
-2215.686279
-2323.529541
-1882.353027
-1333.333374
-539.215698
294.117645
980.392150
1607.843139
2372.549072
2382.353027
2029.411743
1549.019653
843.137268
-9.803922
-656.862731
-2019.607910
-2313.725585
-2431.372558
-2166.666748
-1784.313720
-1137.254882
-284.313720
1254.901977
1892.156860
2264.705810
2421.568603
2303.921630
1882.353027
421.568634
-372.549041
-1058.823608
-1696.078491
-2176.470703
-2421.568603
-2411.764648
-1421.568603
-656.862731
176.470596
862.745117
1480.392211
2078.431396
2352.941162
2068.627441
1598.039184
931.372558
107.843139
-607.843139
-1254.901977
-1892.156860
-2441.176513
-2186.274658
-1813.725463
-1156.862792
-323.529418
460.784332
1098.039184
1784.313720
2186.274658
2401.960937
1892.156860
1372.549072
598.039245
-1019.607849
-1676.470581
-2147.058837
-2392.156982
-2431.372558
-2039.215698
-1519.607910
176.470596
872.549011
1509.803955
2078.431396
2323.529541
2411.764648
2068.627441
950.980407
127.450981
-607.843139
-1245.098022
-1892.156860
-2274.509765
-2431.372558
-1833.333374
-1205.882324
-352.941192
450.980407
1098.039184
1764.705932
2176.470703
2411.764648
2392.156982
1980.392211
1460.784301
754.901977
-49.019607
-754.901977
-1401.960815
-2019.607910
-2303.921630
-2421.568603
-1745.098022
-1088.235351
-215.686279
529.411804
1205.882324
1833.333374
2215.686279
2431.372558
2333.333496
1892.156860
460.784332
-362.745117
-1049.019653
-1705.882324
-2166.666748
-2401.960937
-2392.156982
-1450.980468
-686.274536
147.058822
843.137268
1470.588256
2068.627441
2323.529541
2401.960937
2127.450927
1725.490234
117.647064
-598.039245
-1245.098022
-1901.960815
-2421.568603
-2264.705810
-1843.137329
-1225.490234
-362.745117
421.568634
1813.725463
2225.490234
2392.156982
2362.745117
1921.568603
1382.353027
637.254943
-1009.803955
-1666.666748
-2137.254882
-2392.156982
-2411.764648
-2049.019531
-1549.019653
-813.725524
29.411766
725.490234
1352.941162
1960.784301
2284.313720
2411.764648
2225.490234
1833.333374
1225.490234
401.960784
-1176.470581
-1843.137329
-2245.098144
-2421.568603
-2333.333496
-1931.372558
-1382.353027
362.745117
1039.215698
1676.470581
2147.058837
2362.745117
2401.960937
2029.411743
1539.215698
794.117675
-19.607843
-1480.392211
-2078.431396
-2343.137207
-2098.039306
-1647.058837
-941.176513
-107.843139
588.235290
1264.705932
1892.156860
2421.568603
2245.098144
1833.333374
1186.274536
372.549041
-401.960784
-1078.431396
-1745.098022
-2186.274658
-2411.764648
-1931.372558
-1401.960815
-617.647094
196.078430
882.352966
1529.411743
2088.235351
2411.764648
2088.235351
1607.843139
911.764709
98.039215
-578.431396
-1254.901977
-2303.921630
-2450.980468
-2225.490234
-1833.333374
-1225.490234
-392.156860
411.764709
1803.921630
2215.686279
2401.960937
2362.745117
1921.568603
1411.764770
666.666687
-176.470596
-892.156860
-1519.607910
-2088.235351
-2362.745117
-2450.980468
-2117.647216
-1676.470581
-1009.803955
-176.470596
558.823547
1950.980468
2284.313720
2421.568603
2245.098144
1843.137329
1274.509887
450.980407
-1117.647094
-1774.509887
-2215.686279
-2421.568603
-2372.549072
-1950.980468
-1431.372558
284.313720
1000.000000
1588.235351
2117.647216
2343.137207
2401.960937
1568.627441
843.137268
9.803922
-607.843139
-1284.313720
-1931.372558
-2274.509765
-2205.882324
-1803.921630
-1156.862792
-323.529418
460.784332
1127.451049
1784.313720
2401.960937
2294.117675
1901.960815
1343.137329
558.823547
-254.901962
-950.980407
-2137.254882
-2392.156982
-2441.176513
-2049.019531
-1558.823608
-833.333374
9.803922
647.058837
1313.725463
1931.372558
2431.372558
2156.862792
1784.313720
1147.058837
343.137268
-441.176483
-1127.451049
-2245.098144
-2421.568603
-2343.137207
-1911.764770
-1382.353027
-578.431396
264.705902
950.980407
1568.627441
2088.235351
2352.941162
2392.156982
2088.235351
1656.862792
960.784301
147.058822
-568.627441
-1254.901977
-2294.117675
-2441.176513
-2215.686279
-1843.137329
-1196.078491
-362.745117
431.372558
1078.431396
1764.705932
2196.078369
2333.333496
1901.960815
1401.960815
617.647094
-166.666671
-882.352966
-1529.411743
-2382.353027
-2431.372558
-2058.823486
-1568.627441
-852.941162
-39.215686
647.058837
2019.607910
2294.117675
2411.764648
2156.862792
1774.509887
1186.274536
352.941192
-441.176483
-1137.254882
-1784.313720
-2431.372558
-2333.333496
-1911.764770
-441.176483
392.156860
1058.823608
1686.274536
2166.666748
2362.745117
2382.353027
1450.980468
676.470581
-117.647064
-852.941162
-1480.392211
-2078.431396
-2362.745117
-2098.039306
-1647.058837
-941.176513
-117.647064
617.647094
1274.509887
1911.764770
2411.764648
2205.882324
1823.529418
1196.078491
382.352935
-421.568634
-1068.627441
-1735.294189
-2196.078369
-2421.568603
-2392.156982
-1960.784301
-1460.784301
264.705902
970.588256
1598.039184
2098.039306
2343.137207
2401.960937
2078.431396
852.941162
58.823532
-637.254943
-1294.117675
-1960.784301
-2303.921630
-2441.176513
-1774.509887
-1147.058837
-284.313720
480.392150
1137.254882
1794.117675
2205.882324
2323.529541
1892.156860
1333.333374
549.019592
-284.313720
-970.588256
-1588.235351
-2401.960937
-2441.176513
-2029.411743
-1539.215698
-803.921569
58.823532
1509.803955
2058.823486
2323.529541
2411.764648
2098.039306
1705.882324
1039.215698
-666.666687
-1343.137329
-1980.392211
-2294.117675
-2450.980468
-2215.686279
-1823.529418
-264.705902
509.803924
1147.058837
1784.313720
2186.274658
2401.960937
2333.333496
1921.568603
1431.372558
647.058837
-176.470596
-862.745117
-1509.803955
-2098.039306
-2352.941162
-2441.176513
-2117.647216
-1696.078491
-58.823532
647.058837
1303.921630
1941.176513
2294.117675
2421.568603
2274.509765
1205.882324
372.549041
-421.568634
-1117.647094
-1735.294189
-2215.686279
-2411.764648
-1911.764770
-1382.353027
-578.431396
274.509796
941.176513
1558.823608
2107.843261
2372.549072
2421.568603
2068.627441
852.941162
29.411766
-627.450988
-1313.725463
-1941.176513
-2284.313720
-2421.568603
-1794.117675
-1147.058837
-294.117645
480.392150
1137.254882
1794.117675
2401.960937
2294.117675
1882.353027
1323.529418
558.823547
-264.705902
-970.588256
-2156.862792
-2401.960937
-2421.568603
-2049.019531
-1549.019653
-803.921569
19.607843
1480.392211
2068.627441
2352.941162
2411.764648
2117.647216
1745.098022
1107.843139
-617.647094
-1294.117675
-1931.372558
-2294.117675
-2441.176513
-2274.509765
-1156.862792
-313.725494
470.588256
1127.451049
1784.313720
2205.882324
2392.156982
1892.156860
1352.941162
588.235290
-235.294128
-950.980407
-1568.627441
-2117.647216
-2431.372558
-2049.019531
-1558.823608
-823.529418
9.803922
637.254943
1303.921630
2303.921630
2421.568603
2147.058837
1803.921630
1166.666748
343.137268
-441.176483
-1862.745117
-2254.902099
-2421.568603
-2333.333496
-1911.764770
-1362.745117
401.960784
1058.823608
1725.490234
2166.666748
2382.353027
2372.549072
2019.607910
686.274536
-117.647064
-823.529418
-1460.784301
-2088.235351
-2343.137207
-2441.176513
-1627.451049
-941.176513
-98.039215
598.039245
1245.098022
1892.156860
2254.902099
2235.294189
1843.137329
1235.294189
431.372558
-372.549041
-1068.627441
-1705.882324
-2431.372558
-2392.156982
-1931.372558
-1421.568603
-656.862731
196.078430
872.549011
1490.196166
2068.627441
2343.137207
2078.431396
1627.451049
931.372558
-715.686279
-1382.353027
-2009.803955
-2323.529541
-2431.372558
-2166.666748
-1784.313720
-176.470596
539.215698
1225.490234
1872.549072
2254.902099
2411.764648
2323.529541
1274.509887
480.392150
-333.333343
-1029.411743
-1705.882324
-2176.470703
-2401.960937
-1960.784301
-1460.784301
-715.686279
147.058822
833.333374
1490.196166
2088.235351
2313.725585
2411.764648
2098.039306
990.196105
166.666671
-549.019592
-1215.686279
-1892.156860
-2264.705810
-2421.568603
-2333.333496
-1901.960815
-1323.529418
-509.803924
303.921569
980.392150
1588.235351
2107.843261
2362.745117
2411.764648
2088.235351
803.921569
-29.411766
-705.882385
-1372.549072
-2009.803955
-2313.725585
-2441.176513
-1725.490234
-1068.627441
-205.882354
529.411804
1205.882324
1833.333374
2235.294189
2392.156982
2323.529541
1901.960815
1382.353027
598.039245
-225.490203
-921.568664
-1558.823608
-2127.450927
-2372.549072
-2450.980468
-1598.039184
-852.941162
-29.411766
686.274536
1323.529418
1960.784301
2284.313720
2137.254882
1774.509887
1147.058837
313.725494
-441.176483
-1117.647094
-1774.509887
-2431.372558
-2343.137207
-1892.156860
-1352.941162
-549.019592
274.509796
1676.470581
2156.862792
2362.745117
2392.156982
2009.803955
1529.411743
803.921569
-862.745117
-1509.803955
-2078.431396
-2362.745117
-2450.980468
-2107.843261
-1676.470581
-29.411766
656.862731
1303.921630
1931.372558
2254.902099
2411.764648
2264.705810
1186.274536
352.941192
-431.372558
-1107.843139
-1784.313720
-2215.686279
-2401.960937
-2372.549072
-1941.176513
-1441.176513
-656.862731
176.470596
872.549011
1500.000000
2029.411743
2323.529541
2431.372558
2137.254882
1009.803955
127.450981
-568.627441
-1235.294189
-1901.960815
-2254.902099
-2401.960937
-2313.725585
-1882.353027
-1313.725463
-500.000000
264.705902
960.784301
1568.627441
2107.843261
2323.529541
2421.568603
2088.235351
843.137268
39.215686
-647.058837
-1303.921630
-1960.784301
-2284.313720
-2431.372558
-1774.509887
-1166.666748
-303.921569
470.588256
1147.058837
1784.313720
2186.274658
2323.529541
1892.156860
1352.941162
558.823547
-264.705902
-950.980407
-1578.431396
-2401.960937
-2431.372558
-2049.019531
-1549.019653
-823.529418
29.411766
1470.588256
2058.823486
2303.921630
2411.764648
2137.254882
1735.294189
1088.235351
245.098037
-500.000000
-1137.254882
-1794.117675
-2431.372558
-2333.333496
-1892.156860
-1333.333374
-539.215698
294.117645
1745.098022
2147.058837
2392.156982
2372.549072
2000.000000
1549.019653
833.333374
-833.333374
-1480.392211
-2078.431396
-2352.941162
-2431.372558
-2098.039306
-1686.274536
-29.411766
647.058837
1303.921630
1950.980468
2274.509765
2401.960937
2284.313720
1205.882324
372.549041
-421.568634
-1098.039184
-1745.098022
-2196.078369
-2401.960937
-1931.372558
-1392.156860
-607.843139
235.294128
931.372558
1549.019653
2343.137207
2392.156982
2058.823486
1588.235351
892.156860
58.823532
-617.647094
-2000.000000
-2284.313720
-2450.980468
-2274.509765
-1872.549072
-1254.901977
-431.372558
392.156860
1058.823608
1705.882324
2421.568603
2352.941162
1950.980468
1441.176513
686.274536
-137.254898
-852.941162
-2127.450927
-2362.745117
-2450.980468
-2098.039306
-1647.058837
-950.980407
-127.450981
1382.353027
1970.588256
2323.529541
2431.372558
2186.274658
1794.117675
1156.862792
-558.823547
-1235.294189
-1892.156860
-2254.902099
-2421.568603
-2343.137207
-1901.960815
-421.568634
401.960784
1039.215698
1735.294189
2186.274658
2372.549072
1941.176513
1401.960815
676.470581
-137.254898
-852.941162
-1500.000000
-2058.823486
-2421.568603
-2107.843261
-1666.666748
-970.588256
-176.470596
549.019592
1215.686279
2264.705810
2421.568603
2274.509765
1833.333374
1254.901977
450.980407
-333.333343
-1754.901977
-2186.274658
-2411.764648
-2401.960937
-1970.588256
-1450.980468
-696.078430
137.254898
843.137268
1460.784301
2343.137207
2431.372558
2107.843261
1647.058837
980.392150
147.058822
-558.823547
-1931.372558
-2284.313720
-2431.372558
-2245.098144
-1843.137329
-1235.294189
-411.764709
1156.862792
1803.921630
2205.882324
2421.568603
2343.137207
1921.568603
1382.353027
607.843139
-196.078430
-892.156860
-2137.254882
-2362.745117
-2431.372558
-2068.627441
-1588.235351
-862.745117
-9.803922
1382.353027
2009.803955
2284.313720
2421.568603
2166.666748
1813.725463
215.686279
-529.411804
-1186.274536
-1852.941162
-2264.705810
-2411.764648
-2333.333496
-1264.705932
-450.980407
392.156860
1029.411743
1666.666748
2147.058837
2392.156982
2421.568603
2029.411743
1519.607910
794.117675
-39.215686
-715.686279
-1372.549072
-2352.941162
-2431.372558
-2137.254882
-1705.882324
-1058.823608
-196.078430
549.019592
1196.078491
1823.529418
2215.686279
2303.921630
1882.353027
1294.117675
-431.372558
-1107.843139
-1774.509887
-2215.686279
-2411.764648
-2382.353027
-1950.980468
-568.627441
254.901962
950.980407
1539.215698
2098.039306
2362.745117
2421.568603
2107.843261
1656.862792
970.588256
-705.882385
-1392.156860
-2000.000000
-2303.921630
-2431.372558
-2264.705810
-1852.941162
-303.921569
480.392150
1147.058837
1784.313720
2176.470703
2392.156982
2372.549072
1362.745117
578.431396
-254.901962
-970.588256
-1578.431396
-2117.647216
-2392.156982
-2049.019531
-1558.823608
-843.137268
39.215686
696.078430
1343.137329
1970.588256
2284.313720
2401.960937
2225.490234
1137.254882
294.117645
-470.588256
-1147.058837
-1794.117675
-2245.098144
-2431.372558
-1901.960815
-1323.529418
-519.607849
303.921569
1000.000000
1598.039184
2117.647216
2372.549072
2401.960937
2078.431396
1627.451049
931.372558
107.843139
-617.647094
-1264.705932
-1921.568603
-2284.313720
-2441.176513
-2303.921630
-1862.745117
-1274.509887
460.784332
1107.843139
1774.509887
2196.078369
2392.156982
2382.353027
1950.980468
588.235290
-235.294128
-941.176513
-1558.823608
-2107.843261
-2352.941162
-2431.372558
-1568.627441
-823.529418
9.803922
656.862731
1294.117675
1921.568603
2264.705810
2186.274658
1803.921630
1186.274536
362.745117
-450.980407
-1078.431396
-1764.705932
-2205.882324
-2421.568603
-2392.156982
-1960.784301
-1460.784301
-705.882385
970.588256
1578.431396
2098.039306
2352.941162
2401.960937
2068.627441
1647.058837
-29.411766
-696.078430
-1362.745117
-1980.392211
-2303.921630
-2441.176513
-2186.274658
-1088.235351
-215.686279
539.215698
1196.078491
1813.725463
2196.078369
2392.156982
1882.353027
1274.509887
480.392150
-333.333343
-1019.607849
-1676.470581
-2166.666748
-2392.156982
-2401.960937
-2058.823486
-1549.019653
-794.117675
19.607843
686.274536
1352.941162
1990.196166
2274.509765
2401.960937
1774.509887
1137.254882
294.117645
-480.392150
-1117.647094
-1794.117675
-2225.490234
-2294.117675
-1882.353027
-1323.529418
-500.000000
245.098037
941.176513
1549.019653
2088.235351
2362.745117
2411.764648
1578.431396
843.137268
29.411766
-1450.980468
-2049.019531
-2313.725585
-2431.372558
-2147.058837
-1754.901977
-1107.843139
617.647094
1264.705932
1931.372558
2254.902099
2392.156982
2284.313720
1882.353027
401.960784
-392.156860
-1058.823608
-1705.882324
-2166.666748
-2401.960937
-2421.568603
-1441.176513
-656.862731
990.196105
1627.451049
2107.843261
2421.568603
2009.803955
1509.803955
803.921569
-29.411766
-715.686279
-1401.960815
-2333.333496
-2441.176513
-2147.058837
-1725.490234
-1078.431396
-196.078430
539.215698
1921.568603
2245.098144
2421.568603
2274.509765
1882.353027
1303.921630
480.392150
-1098.039184
-1774.509887
-2205.882324
-2421.568603
-2382.353027
-1950.980468
-1460.784301
-696.078430
127.450981
852.941162
2088.235351
2362.745117
2431.372558
2078.431396
1647.058837
970.588256
156.862747
-1343.137329
-1980.392211
-2323.529541
-2431.372558
-2205.882324
-1803.921630
-215.686279
529.411804
1156.862792
1813.725463
2245.098144
2411.764648
2343.137207
1294.117675
500.000000
-235.294128
-941.176513
-1568.627441
-2127.450927
-2392.156982
-2450.980468
-2088.235351
-1617.647094
78.431373
725.490234
1382.353027
1990.196166
2294.117675
2372.549072
2176.470703
1098.039184
254.901962
-480.392150
-1147.058837
-1823.529418
-2225.490234
-2421.568603
-1882.353027
-1313.725463
-490.196075
313.725494
990.196105
1607.843139
2127.450927
2401.960937
2019.607910
1539.215698
813.725524
-19.607843
-725.490234
-1362.745117
-1990.196166
-2313.725585
-2431.372558
-1725.490234
-1049.019653
-186.274520
529.411804
1176.470581
1852.941162
2235.294189
2254.902099
1862.745117
1284.313720
460.784332
-343.137268
-1029.411743
-1686.274536
-2156.862792
-2411.764648
-2431.372558
-2000.000000
-1549.019653
-813.725524
0.000000
578.431396
1245.098022
1892.156860
2264.705810
2274.509765
1872.549072
1274.509887
460.784332
-352.941192
-1049.019653
-1696.078491
-2411.764648
-2382.353027
-1950.980468
-1441.176513
-676.470581
147.058822
862.745117
2098.039306
2343.137207
2411.764648
2068.627441
1656.862792
960.784301
147.058822
-539.215698
-1235.294189
-1911.764770
-2254.902099
-2431.372558
-2323.529541
-1882.353027
-1313.725463
-500.000000
264.705902
950.980407
2137.254882
2392.156982
2431.372558
2049.019531
1568.627441
843.137268
19.607843
-1411.764770
-2029.411743
-2313.725585
-2450.980468
-2156.862792
-1794.117675
-1127.451049
607.843139
1264.705932
1911.764770
2284.313720
2431.372558
2323.529541
1215.686279
382.352935
-421.568634
-1088.235351
-1735.294189
-2176.470703
-2411.764648
-1921.568603
-1372.549072
-598.039245
225.490203
911.764709
1519.607910
2078.431396
2421.568603
2058.823486
1617.647094
901.960815
98.039215
-588.235290
-1245.098022
-2303.921630
-2441.176513
-2215.686279
-1852.941162
-1205.882324
-372.549041
401.960784
1058.823608
1715.686279
2176.470703
2382.353027
2401.960937
1990.196166
1500.000000
852.941162
9.803922
-647.058837
-1284.313720
-2313.725585
-2421.568603
-2205.882324
-1813.725463
-1137.254882
-333.333343
431.372558
1862.745117
2225.490234
2411.764648
2313.725585
1892.156860
1362.745117
578.431396
-1049.019653
-1705.882324
-2176.470703
-2431.372558
-2411.764648
-1990.196166
-647.058837
156.862747
872.549011
1490.196166
2088.235351
2333.333496
2411.764648
1637.254882
921.568664
117.647064
-607.843139
-1274.509887
-1921.568603
-2264.705810
-2421.568603
-2313.725585
-1882.353027
-1274.509887
-470.588256
343.137268
1000.000000
1637.254882
2137.254882
2362.745117
2421.568603
2088.235351
1588.235351
882.352966
68.627449
-1401.960815
-2019.607910
-2333.333496
-2421.568603
-2186.274658
-1774.509887
-1166.666748
-313.725494
480.392150
1117.647094
1794.117675
2225.490234
2392.156982
2382.353027
1941.176513
1441.176513
676.470581
-127.450981
-1607.843139
-2117.647216
-2392.156982
-2441.176513
-2068.627441
-1607.843139
-892.156860
813.725524
1450.980468
2029.411743
2323.529541
2401.960937
2127.450927
1754.901977
1137.254882
313.725494
-470.588256
-1147.058837
-1813.725463
-2254.902099
-2411.764648
-2372.549072
-1950.980468
-1431.372558
-637.254943
1019.607849
1676.470581
2127.450927
2372.549072
2392.156982
2019.607910
1568.627441
852.941162
29.411766
-647.058837
-1303.921630
-1960.784301
-2284.313720
-2441.176513
-2235.294189
-1843.137329
-1215.686279
-382.352935
1186.274536
1852.941162
2254.902099
2421.568603
2343.137207
1892.156860
1362.745117
598.039245
-225.490203
-911.764709
-1549.019653
-2098.039306
-2352.941162
-2431.372558
-2107.843261
-1656.862792
-950.980407
-127.450981
1352.941162
1970.588256
2294.117675
2421.568603
2205.882324
1813.725463
1186.274536
-529.411804
-1215.686279
-1872.549072
-2254.902099
-2431.372558
-2343.137207
-1245.098022
-431.372558
382.352935
1019.607849
1676.470581
2127.450927
2382.353027
1941.176513
1441.176513
676.470581
-107.843139
-833.333374
-1500.000000
-2049.019531
-2421.568603
-2098.039306
-1705.882324
-1009.803955
-147.058822
578.431396
1215.686279
2284.313720
2411.764648
2235.294189
1843.137329
1215.686279
421.568634
-382.352935
-1794.117675
-2205.882324
-2421.568603
-2392.156982
-1960.784301
-1421.568603
323.529418
1009.803955
1617.647094
2127.450927
2382.353027
2401.960937
2058.823486
754.901977
-49.019607
-725.490234
-1372.549072
-1990.196166
-2303.921630
-2431.372558
-1725.490234
-1058.823608
-186.274520
529.411804
1186.274536
1833.333374
2235.294189
2421.568603
2303.921630
1892.156860
480.392150
-343.137268
-1029.411743
-1696.078491
-2147.058837
-2401.960937
-2431.372558
-1441.176513
-686.274536
147.058822
862.745117
1480.392211
2058.823486
2333.333496
2058.823486
1647.058837
941.176513
156.862747
-578.431396
-1254.901977
-1901.960815
-2274.509765
-2421.568603
-2303.921630
-1245.098022
-411.764709
392.156860
1068.627441
1686.274536
2147.058837
2401.960937
1950.980468
1421.568603
686.274536
-127.450981
-843.137268
-1509.803955
-2088.235351
-2343.137207
-2431.372558
-2117.647216
-1705.882324
-1029.411743
-147.058822
598.039245
1235.294189
1862.745117
2235.294189
2401.960937
1862.745117
1245.098022
441.176483
-372.549041
-1049.019653
-1705.882324
-2166.666748
-2411.764648
-2411.764648
-1990.196166
-656.862731
156.862747
882.352966
1500.000000
2058.823486
2323.529541
2411.764648
1676.470581
1029.411743
156.862747
-588.235290
-1215.686279
-1892.156860
-2274.509765
-2274.509765
-1843.137329
-1225.490234
-392.156860
382.352935
1058.823608
1715.686279
2156.862792
2392.156982
2392.156982
1421.568603
666.666687
-156.862747
-1617.647094
-2127.450927
-2382.353027
-2421.568603
-2068.627441
-1588.235351
-882.352966
803.921569
1450.980468
2019.607910
2303.921630
2401.960937
2127.450927
1754.901977
186.274520
-549.019592
-1205.882324
-1872.549072
-2254.902099
-2441.176513
-2313.725585
-1882.353027
-1333.333374
-539.215698
313.725494
980.392150
1617.647094
2127.450927
2362.745117
2411.764648
2078.431396
1598.039184
941.176513
107.843139
-607.843139
-1284.313720
-1921.568603
-2264.705810
-2401.960937
-2303.921630
-1882.353027
-1274.509887
-450.980407
352.941192
1009.803955
1676.470581
2137.254882
2372.549072
1970.588256
1480.392211
725.490234
-78.431373
-754.901977
-1421.568603
-2029.411743
-2323.529541
-2441.176513
-2156.862792
-1754.901977
-1107.843139
-264.705902
509.803924
1166.666748
1823.529418
2245.098144
2401.960937
2323.529541
1911.764770
1392.156860
617.647094
-186.274520
-882.352966
-2117.647216
-2372.549072
-2431.372558
-2098.039306
-1617.647094
-901.960815
-78.431373
607.843139
1274.509887
1911.764770
2411.764648
2196.078369
1813.725463
245.098037
-490.196075
-1156.862792
-1813.725463
-2225.490234
-2421.568603
-2352.941162
-1313.725463
-490.196075
313.725494
990.196105
1627.451049
2127.450927
2362.745117
2000.000000
1558.823608
872.549011
29.411766
-647.058837
-1313.725463
-1950.980468
-2431.372558
-2176.470703
-1803.921630
-1156.862792
-294.117645
470.588256
1107.843139
1774.509887
2196.078369
2382.353027
2372.549072
1960.784301
1450.980468
686.274536
-117.647064
-833.333374
-1480.392211
-2078.431396
-2352.941162
-2441.176513
-2127.450927
-921.568664
-98.039215
568.627441
1225.490234
1882.353027
2245.098144
2421.568603
1823.529418
1225.490234
431.372558
-382.352935
-1058.823608
-1715.686279
-2186.274658
-2382.353027
-1950.980468
-1421.568603
-647.058837
196.078430
872.549011
1509.803955
2372.549072
2411.764648
2068.627441
1627.451049
931.372558
107.843139
-598.039245
-1970.588256
-2284.313720
-2441.176513
-2205.882324
-1843.137329
-1196.078491
529.411804
1196.078491
1852.941162
2254.902099
2392.156982
2333.333496
1892.156860
480.392150
-333.333343
-1029.411743
-1676.470581
-2156.862792
-2382.353027
-2411.764648
-1450.980468
-686.274536
156.862747
852.941162
1460.784301
2088.235351
2313.725585
2421.568603
2117.647216
1715.686279
98.039215
-588.235290
-1235.294189
-1911.764770
-2254.902099
-2431.372558
-2303.921630
-1196.078491
-372.549041
411.764709
1068.627441
1745.098022
2176.470703
2401.960937
1921.568603
1401.960815
647.058837
-176.470596
-882.352966
-1509.803955
-2078.431396
-2431.372558
-2098.039306
-1617.647094
-931.372558
-88.235298
598.039245
1245.098022
1882.353027
2245.098144
2392.156982
1823.529418
1215.686279
392.156860
-1147.058837
-1813.725463
-2225.490234
-2421.568603
-2372.549072
-1931.372558
-1392.156860
343.137268
1000.000000
1627.451049
2107.843261
2392.156982
2421.568603
2058.823486
794.117675
-49.019607
-715.686279
-1411.764770
-2009.803955
-2313.725585
-2421.568603
-1735.294189
-1058.823608
-225.490203
519.607849
1166.666748
1843.137329
2411.764648
2284.313720
1872.549072
1294.117675
480.392150
-323.529418
-1039.215698
-2196.078369
-2411.764648
-2392.156982
-2000.000000
-1519.607910
-774.509826
78.431373
1500.000000
2019.607910
2303.921630
2401.960937
2127.450927
1754.901977
1127.451049
-607.843139
-1254.901977
-1931.372558
-2294.117675
-2421.568603
-2294.117675
-1872.549072
-362.745117
411.764709
1078.431396
1745.098022
2186.274658
2401.960937
2382.353027
1980.392211
1480.392211
725.490234
-931.372558
-1578.431396
-2117.647216
-2421.568603
-2049.019531
-1568.627441
-833.333374
-9.803922
656.862731
1313.725463
2313.725585
2421.568603
2196.078369
1803.921630
1186.274536
343.137268
-441.176483
-1843.137329
-2235.294189
-2421.568603
-2343.137207
-1901.960815
-1362.745117
-549.019592
284.313720
980.392150
1578.431396
2382.353027
2411.764648
2039.215698
1549.019653
833.333374
9.803922
-637.254943
-2009.803955
-2313.725585
-2441.176513
-2156.862792
-1794.117675
-1127.451049
-294.117645
1235.294189
1892.156860
2245.098144
2401.960937
2303.921630
1892.156860
1323.529418
549.019592
-274.509796
-970.588256
-2156.862792
-2401.960937
-2411.764648
-2029.411743
-1519.607910
-803.921569
39.215686
1490.196166
2049.019531
2313.725585
2401.960937
2117.647216
1725.490234
1078.431396
245.098037
-509.803924
-1166.666748
-2284.313720
-2441.176513
-2303.921630
-1215.686279
-352.941192
421.568634
1068.627441
1725.490234
2166.666748
2392.156982
2382.353027
2009.803955
1470.588256
754.901977
-68.627449
-754.901977
-1421.568603
-2029.411743
-2313.725585
-2431.372558
-2147.058837
-1784.313720
-1117.647094
-284.313720
470.588256
1862.745117
2264.705810
2411.764648
2294.117675
1872.549072
1343.137329
558.823547
-284.313720
-990.196105
-1598.039184
-2117.647216
-2382.353027
-2431.372558
-2078.431396
-1607.843139
-892.156860
-39.215686
637.254943
1303.921630
1901.960815
2254.902099
2205.882324
1823.529418
1205.882324
362.745117
-441.176483
-1088.235351
-1764.705932
-2401.960937
-2323.529541
-1911.764770
-1362.745117
-578.431396
274.509796
941.176513
2117.647216
2382.353027
2401.960937
2019.607910
1578.431396
852.941162
39.215686
-1441.176513
-2049.019531
-2333.333496
-2421.568603
-2147.058837
-1754.901977
-1117.647094
607.843139
1274.509887
1892.156860
2254.902099
2401.960937
2303.921630
1225.490234
411.764709
-382.352935
-1068.627441
-1745.098022
-2186.274658
-2411.764648
-1950.980468
-1411.764770
-617.647094
196.078430
892.156860
1509.803955
2078.431396
2401.960937
2078.431396
1607.843139
921.568664
88.235298
-578.431396
-1235.294189
-2303.921630
-2421.568603
-2215.686279
-1833.333374
-1205.882324
-323.529418
441.176483
1117.647094
1745.098022
2186.274658
2362.745117
1921.568603
1392.156860
-333.333343
-1039.215698
-1696.078491
-2166.666748
-2392.156982
-2411.764648
-2019.607910
-676.470581
156.862747
852.941162
1480.392211
2058.823486
2323.529541
2411.764648
1617.647094
960.784301
156.862747
-568.627441
-1245.098022
-1882.353027
-2274.509765
-2254.902099
-1862.745117
-1245.098022
-411.764709
411.764709
1058.823608
1686.274536
2127.450927
2372.549072
2401.960937
2029.411743
1539.215698
803.921569
-29.411766
-705.882385
-1372.549072
-2000.000000
-2284.313720
-2156.862792
-1764.705932
-1127.451049
-284.313720
460.784332
1137.254882
1803.921630
2392.156982
2294.117675
1245.098022
421.568634
-362.745117
-1784.313720
-2235.294189
-2401.960937
-2382.353027
-1960.784301
-1431.372558
-647.058837
1000.000000
1598.039184
2098.039306
2343.137207
2411.764648
2078.431396
1627.451049
-19.607843
-696.078430
-1362.745117
-2009.803955
-2323.529541
-2431.372558
-2205.882324
-1078.431396
-215.686279
539.215698
1186.274536
1843.137329
2225.490234
2401.960937
2333.333496
1911.764770
1372.549072
598.039245
-215.686279
-921.568664
-1558.823608
-2127.450927
-2352.941162
-2431.372558
-2117.647216
-862.745117
-19.607843
686.274536
1333.333374
1970.588256
2274.509765
2401.960937
2245.098144
1852.941162
1254.901977
450.980407
-343.137268
-1049.019653
-1715.686279
-2186.274658
-2401.960937
-2431.372558
-2019.607910
-686.274536
166.666671
872.549011
1490.196166
2058.823486
2323.529541
2421.568603
1647.058837
960.784301
137.254898
-588.235290
-1225.490234
-1882.353027
-2274.509765
-2431.372558
-2323.529541
-1892.156860
-1313.725463
-490.196075
323.529418
1000.000000
1578.431396
2107.843261
2382.353027
2401.960937
1539.215698
833.333374
9.803922
-627.450988
-1303.921630
-1950.980468
-2303.921630
-2166.666748
-1794.117675
-1127.451049
-303.921569
460.784332
1127.451049
1794.117675
2411.764648
2313.725585
1901.960815
1343.137329
539.215698
-274.509796
-980.392150
-2147.058837
-2401.960937
-2431.372558
-2039.215698
-1539.215698
-784.313720
862.745117
1500.000000
2039.215698
2333.333496
2441.176513
2137.254882
1735.294189
137.254898
-568.627441
-1264.705932
-1892.156860
-2264.705810
-2421.568603
-2323.529541
-1225.490234
-392.156860
392.156860
1068.627441
1715.686279
2196.078369
2401.960937
1921.568603
1431.372558
656.862731
-166.666671
-862.745117
-1500.000000
-2049.019531
-2441.176513
-2098.039306
-1666.666748
-960.784301
-137.254898
598.039245
1960.784301
2274.509765
2421.568603
2264.705810
1862.745117
1264.705932
441.176483
-1147.058837
-1794.117675
-2225.490234
-2421.568603
-2372.549072
-1941.176513
-1421.568603
323.529418
1000.000000
1598.039184
2127.450927
2362.745117
2431.372558
2088.235351
813.725524
0.000000
-568.627441
-1254.901977
-1892.156860
-2274.509765
-2421.568603
-1833.333374
-1215.686279
-392.156860
421.568634
1088.235351
1725.490234
2166.666748
2372.549072
2401.960937
1980.392211
647.058837
-156.862747
-892.156860
-2117.647216
-2382.353027
-2421.568603
-2098.039306
-1627.451049
-941.176513
-78.431373
1392.156860
1980.392211
2274.509765
2401.960937
2186.274658
1813.725463
1186.274536
-568.627441
-1215.686279
-1892.156860
-2264.705810
-2421.568603
-2323.529541
-1901.960815
-1333.333374
-519.607849
333.333343
1019.607849
1637.254882
2117.647216
2362.745117
2421.568603
2029.411743
1578.431396
862.745117
-833.333374
-1480.392211
-2078.431396
-2323.529541
-2421.568603
-2098.039306
-1745.098022
-1078.431396
-186.274520
539.215698
1196.078491
1862.745117
2245.098144
2411.764648
2313.725585
1911.764770
1392.156860
617.647094
-1000.000000
-1627.451049
-2117.647216
-2392.156982
-2441.176513
-2078.431396
-1578.431396
117.647064
803.921569
1450.980468
2068.627441
2343.137207
2411.764648
2137.254882
1764.705932
1107.843139
274.509796
-1245.098022
-1911.764770
-2264.705810
-2235.294189
-1833.333374
-1205.882324
-382.352935
421.568634
1078.431396
1754.901977
2392.156982
2333.333496
1931.372558
1392.156860
627.450988
-196.078430
-921.568664
-2117.647216
-2372.549072
-2441.176513
-2068.627441
-1588.235351
-882.352966
-49.019607
1421.568603
2019.607910
2294.117675
2401.960937
2147.058837
1754.901977
1147.058837
343.137268
-441.176483
-1117.647094
-1794.117675
-2205.882324
-2411.764648
-2352.941162
-1921.568603
-1431.372558
-647.058837
196.078430
1637.254882
2137.254882
2372.549072
2401.960937
2058.823486
1607.843139
901.960815
98.039215
-578.431396
-1254.901977
-2303.921630
-2421.568603
-2205.882324
-1843.137329
-254.901962
500.000000
1088.235351
1745.098022
2176.470703
2382.353027
1901.960815
1392.156860
637.254943
-205.882354
-911.764709
-1539.215698
-2107.843261
-2431.372558
-2068.627441
-1588.235351
-872.549011
-39.215686
647.058837
1294.117675
2303.921630
2411.764648
2176.470703
1794.117675
1186.274536
343.137268
-450.980407
-1823.529418
-2245.098144
-2421.568603
-2343.137207
-1941.176513
-1382.353027
-598.039245
1039.215698
1705.882324
2137.254882
2382.353027
2411.764648
2029.411743
676.470581
-127.450981
-843.137268
-1500.000000
-2029.411743
-2323.529541
-2421.568603
-1696.078491
-980.392150
-176.470596
558.823547
1215.686279
1882.353027
2225.490234
2254.902099
1852.941162
1254.901977
441.176483
-372.549041
-1049.019653
-1686.274536
-2411.764648
-2401.960937
-1931.372558
-1441.176513
-656.862731
186.274520
862.745117
1480.392211
2068.627441
2323.529541
2411.764648
2098.039306
1715.686279
1058.823608
215.686279
-519.607849
-1176.470581
-1852.941162
-2431.372558
-2274.509765
-1862.745117
-1264.705932
-431.372558
382.352935
1039.215698
2186.274658
2382.353027
2362.745117
1960.784301
1450.980468
676.470581
-127.450981
-1598.039184
-2147.058837
-2372.549072
-2411.764648
-2088.235351
-1627.451049
49.019607
715.686279
1382.353027
1980.392211
2254.902099
2411.764648
2225.490234
1117.647094
274.509796
-490.196075
-1156.862792
-1813.725463
-2235.294189
-2411.764648
-1892.156860
-1313.725463
-470.588256
362.745117
1019.607849
1666.666748
2117.647216
2372.549072
2392.156982
2019.607910
1558.823608
852.941162
19.607843
-647.058837
-1303.921630
-1931.372558
-2284.313720
-2441.176513
-1754.901977
-1127.451049
-274.509796
500.000000
1107.843139
1754.901977
2186.274658
2323.529541
1892.156860
1411.764770
598.039245
-215.686279
-911.764709
-1529.411743
-2392.156982
-2441.176513
-2068.627441
-1578.431396
-852.941162
-9.803922
627.450988
1245.098022
1901.960815
2245.098144
2401.960937
2303.921630
1892.156860
1333.333374
529.411804
-274.509796
-980.392150
-1617.647094
-2421.568603
-2421.568603
-2019.607910
-1549.019653
-813.725524
39.215686
705.882385
2078.431396
2303.921630
2421.568603
2107.843261
1735.294189
1117.647094
274.509796
-500.000000
-1098.039184
-1774.509887
-2205.882324
-2401.960937
-2392.156982
-1950.980468
-1460.784301
-686.274536
156.862747
843.137268
2078.431396
2352.941162
2411.764648
2088.235351
1627.451049
950.980407
166.666671
-1352.941162
-1980.392211
-2274.509765
-2411.764648
-2196.078369
-1803.921630
-1176.470581
568.627441
1215.686279
1872.549072
2245.098144
2411.764648
2313.725585
1264.705932
450.980407
-343.137268
-1049.019653
-1705.882324
-2176.470703
-2401.960937
-1970.588256
-1460.784301
-676.470581
137.254898
823.529418
1470.588256
2049.019531
2421.568603
2078.431396
1627.451049
950.980407
166.666671
-598.039245
-1235.294189
-2294.117675
-2421.568603
-2254.902099
-1843.137329
-1196.078491
-372.549041
431.372558
1078.431396
1735.294189
2166.666748
2333.333496
1872.549072
1372.549072
-343.137268
-1029.411743
-1705.882324
-2176.470703
-2392.156982
-2421.568603
-2029.411743
-676.470581
156.862747
833.333374
1500.000000
2029.411743
2313.725585
2450.980468
1666.666748
990.196105
225.490203
-529.411804
-1205.882324
-1862.745117
-2254.902099
-2421.568603
-2323.529541
-1892.156860
-1362.745117
-568.627441
284.313720
1009.803955
1588.235351
2098.039306
2372.549072
2401.960937
1539.215698
803.921569
-29.411766
-715.686279
-1382.353027
-2000.000000
-2294.117675
-2156.862792
-1784.313720
-1127.451049
-284.313720
500.000000
1098.039184
1745.098022
2372.549072
2343.137207
1931.372558
1382.353027
607.843139
-196.078430
-901.960815
-2137.254882
-2392.156982
-2441.176513
-2068.627441
-1588.235351
-872.549011
-49.019607
647.058837
1274.509887
1911.764770
2392.156982
2176.470703
1803.921630
1196.078491
382.352935
-401.960784
-1068.627441
-2225.490234
-2401.960937
-2352.941162
-1921.568603
-1411.764770
-617.647094
1019.607849
1676.470581
2156.862792
2362.745117
2392.156982
2029.411743
1529.411743
-166.666671
-892.156860
-1519.607910
-2088.235351
-2362.745117
-2421.568603
-2107.843261
-921.568664
-68.627449
588.235290
1264.705932
1941.176513
2264.705810
2421.568603
1823.529418
1235.294189
411.764709
-392.156860
-1058.823608
-1715.686279
-2205.882324
-2372.549072
-1931.372558
-1411.764770
-656.862731
205.882354
911.764709
2107.843261
2343.137207
2382.353027
2049.019531
1598.039184
950.980407
137.254898
-1382.353027
-2000.000000
-2323.529541
-2421.568603
-2254.902099
-1843.137329
-1215.686279
519.607849
1176.470581
1833.333374
2245.098144
2392.156982
2352.941162
1911.764770
1372.549072
607.843139
-205.882354
-921.568664
-1549.019653
-2098.039306
-2352.941162
-2441.176513
-2098.039306
-1666.666748
-960.784301
715.686279
1343.137329
1990.196166
2303.921630
2431.372558
2176.470703
1794.117675
284.313720
-500.000000
-1107.843139
-1794.117675
-2225.490234
-2421.568603
-2372.549072
-1343.137329
-549.019592
284.313720
990.196105
1588.235351
2117.647216
2362.745117
2411.764648
2107.843261
1637.254882
950.980407
117.647064
-598.039245
-1264.705932
-1911.764770
-2294.117675
-2441.176513
-2333.333496
-1205.882324
-352.941192
441.176483
1107.843139
1754.901977
2176.470703
2372.549072
2382.353027
1980.392211
1490.196166
-264.705902
-950.980407
-1558.823608
-2382.353027
-2411.764648
-2049.019531
-1568.627441
-843.137268
9.803922
647.058837
2009.803955
2274.509765
2401.960937
2205.882324
1813.725463
1196.078491
382.352935
-1196.078491
-1852.941162
-2254.902099
-2421.568603
-2352.941162
-1892.156860
-1343.137329
392.156860
1058.823608
1705.882324
2147.058837
2372.549072
2401.960937
2009.803955
1558.823608
803.921569
-19.607843
-1470.588256
-2088.235351
-2352.941162
-2098.039306
-1666.666748
-950.980407
-137.254898
598.039245
1254.901977
1901.960815
2411.764648
2215.686279
1862.745117
1225.490234
392.156860
-372.549041
-1049.019653
-2215.686279
-2421.568603
-2362.745117
-1931.372558
-1401.960815
-647.058837
186.274520
1607.843139
2107.843261
2372.549072
2421.568603
2058.823486
1578.431396
892.156860
78.431373
-588.235290
-1264.705932
-2294.117675
-2421.568603
-2196.078369
-1098.039184
-274.509796
519.607849
1147.058837
1803.921630
2225.490234
2392.156982
1892.156860
1333.333374
539.215698
-284.313720
-980.392150
-1607.843139
-2127.450927
-2372.549072
-2450.980468
-2098.039306
-813.725524
39.215686
676.470581
1343.137329
1980.392211
2294.117675
2421.568603
1735.294189
1098.039184
294.117645
-480.392150
-1127.451049
-1803.921630
-2235.294189
-2333.333496
-1872.549072
-1323.529418
-509.803924
303.921569
960.784301
1598.039184
2382.353027
2382.353027
2029.411743
1519.607910
794.117675
-29.411766
-715.686279
-2039.215698
-2323.529541
-2441.176513
-2107.843261
-1725.490234
-1058.823608
647.058837
1303.921630
1950.980468
2294.117675
2421.568603
2235.294189
1843.137329
343.137268
-441.176483
-1127.451049
-1774.509887
-2196.078369
-2421.568603
-2401.960937
-1372.549072
-578.431396
264.705902
960.784301
1568.627441
2117.647216
2362.745117
2049.019531
1578.431396
852.941162
19.607843
-647.058837
-1294.117675
-1941.176513
-2441.176513
-2166.666748
-1774.509887
-1137.254882
-274.509796
480.392150
1147.058837
1774.509887
2215.686279
2401.960937
1901.960815
1362.745117
578.431396
-1049.019653
-1705.882324
-2205.882324
-2411.764648
-2421.568603
-2000.000000
-1549.019653
137.254898
833.333374
1509.803955
2078.431396
2333.333496
2421.568603
2088.235351
970.588256
147.058822
-588.235290
-1235.294189
-1921.568603
-2274.509765
-2431.372558
-2323.529541
-1892.156860
-1313.725463
-500.000000
274.509796
941.176513
1568.627441
2078.431396
2352.941162
2431.372558
2078.431396
823.529418
-9.803922
-637.254943
-1303.921630
-1950.980468
-2294.117675
-2441.176513
-1774.509887
-1147.058837
-284.313720
490.196075
1127.451049
1764.705932
2196.078369
2323.529541
1921.568603
1362.745117
568.627441
-235.294128
-980.392150
-1578.431396
-2382.353027
-2421.568603
-2029.411743
-1539.215698
-823.529418
19.607843
1480.392211
2039.215698
2313.725585
2401.960937
2117.647216
1754.901977
1117.647094
-637.254943
-1303.921630
-1960.784301
-2284.313720
-2421.568603
-2294.117675
-1872.549072
-313.725494
460.784332
1117.647094
1754.901977
2205.882324
2382.353027
2382.353027
1970.588256
1460.784301
696.078430
-127.450981
-833.333374
-1480.392211
-2098.039306
-2333.333496
-2441.176513
-2127.450927
-1715.686279
-68.627449
607.843139
1284.313720
1921.568603
2264.705810
2401.960937
2294.117675
1235.294189
392.156860
-362.745117
-1078.431396
-1754.901977
-2196.078369
-2431.372558
-1941.176513
-1401.960815
-627.450988
205.882354
921.568664
1549.019653
2352.941162
2411.764648
2058.823486
1607.843139
901.960815
98.039215
-598.039245
-1980.392211
-2313.725585
-2441.176513
-2235.294189
-1813.725463
-1196.078491
-343.137268
1215.686279
1872.549072
2235.294189
2392.156982
2303.921630
1882.353027
1362.745117
-392.156860
-1068.627441
-1745.098022
-2186.274658
-2392.156982
-2392.156982
-1431.372558
-627.450988
196.078430
892.156860
1509.803955
2078.431396
2313.725585
2098.039306
1607.843139
911.764709
107.843139
-598.039245
-1284.313720
-1911.764770
-2421.568603
-2186.274658
-1823.529418
-1196.078491
-352.941192
431.372558
1117.647094
2235.294189
2401.960937
2333.333496
1911.764770
1392.156860
617.647094
-186.274520
-1647.058837
-2156.862792
-2392.156982
-2421.568603
-2058.823486
-1578.431396
127.450981
833.333374
1470.588256
2029.411743
2323.529541
2431.372558
2127.450927
960.784301
147.058822
-558.823547
-1225.490234
-1872.549072
-2274.509765
-2431.372558
-1852.941162
-1235.294189
-392.156860
411.764709
1049.019653
1705.882324
2156.862792
2392.156982
1921.568603
1411.764770
686.274536
-147.058822
-852.941162
-1500.000000
-2049.019531
-2333.333496
-2441.176513
-2137.254882
-1725.490234
-1088.235351
-225.490203
509.803924
1156.862792
1833.333374
2235.294189
2284.313720
1872.549072
1303.921630
519.607849
-313.725494
-1019.607849
-1637.254882
-2411.764648
-2392.156982
-2000.000000
-1519.607910
-803.921569
39.215686
696.078430
2029.411743
2323.529541
2411.764648
2127.450927
1735.294189
1088.235351
235.294128
-490.196075
-1156.862792
-1813.725463
-2245.098144
-2431.372558
-2372.549072
-1931.372558
-1372.549072
-607.843139
225.490203
911.764709
2127.450927
2372.549072
2431.372558
2088.235351
1578.431396
901.960815
68.627449
-1392.156860
-2019.607910
-2313.725585
-2421.568603
-2176.470703
-1803.921630
-215.686279
509.803924
1176.470581
1833.333374
2215.686279
2401.960937
2333.333496
1284.313720
460.784332
-333.333343
-1019.607849
-1666.666748
-2166.666748
-2401.960937
-1970.588256
-1460.784301
-696.078430
127.450981
823.529418
1421.568603
2019.607910
2421.568603
2098.039306
1676.470581
1009.803955
166.666671
-549.019592
-1205.882324
-2294.117675
-2431.372558
-2245.098144
-1852.941162
-1254.901977
-392.156860
1147.058837
1803.921630
2225.490234
2401.960937
2362.745117
1911.764770
1401.960815
-313.725494
-1029.411743
-1696.078491
-2147.058837
-2401.960937
-2411.764648
-2049.019531
-715.686279
117.647064
803.921569
1450.980468
2019.607910
2313.725585
2431.372558
1676.470581
990.196105
196.078430
-529.411804
-1176.470581
-1862.745117
-2245.098144
-2284.313720
-1862.745117
-1254.901977
-421.568634
392.156860
1039.215698
2205.882324
2392.156982
2362.745117
1941.176513
1421.568603
676.470581
-147.058822
-1607.843139
-2137.254882
-2382.353027
-2421.568603
-2098.039306
-1607.843139
-892.156860
784.313720
1401.960815
2009.803955
2343.137207
2411.764648
2156.862792
1764.705932
1137.254882
303.921569
-460.784332
-1137.254882
