-1784.313720
-941.176513
39.215686
1696.078491
2411.764648
2725.490234
2784.313720
2490.196044
2039.215698
1264.705932
-725.490234
-1490.196166
-2254.902099
-2686.274658
-2813.725585
-2617.647216
-2176.470703
-392.156860
509.803924
2117.647216
2656.862792
2813.725585
2637.254882
2235.294189
1607.843139
715.686279
-1215.686279
-1950.980468
-2549.019775
-2803.921630
-2774.509765
-2382.353027
-1803.921630
-980.392150
9.803922
764.705871
1529.411743
2245.098144
2666.666748
2774.509765
2588.235351
2166.666748
1509.803955
568.627441
-1284.313720
-2078.431396
-2647.058837
-2813.725585
-2686.274658
-2274.509765
-1656.862792
-784.313720
196.078430
990.196105
2450.980468
2745.098144
2803.921630
2421.568603
1921.568603
1176.470581
186.274520
-1578.431396
-2333.333496
-2745.098144
-2843.137207
-2558.823486
-2107.843261
-1372.549072
637.254943
1392.156860
2156.862792
2637.254882
2794.117675
2617.647216
2215.686279
1607.843139
666.666687
-294.117645
-1147.058837
-1862.745117
-2500.000000
-2764.706054
-2833.333496
-2441.176513
-1872.549072
-1117.647094
-117.647064
754.901977
1470.588256
2696.078369
2794.117675
2519.607910
2098.039306
1392.156860
441.176483
-490.196075
-2107.843261
-2647.058837
-2823.529541
-2656.862792
-2254.902099
-1627.451049
-725.490234
1186.274536
1941.176513
2519.607910
2794.117675
2735.294189
2372.549072
1745.098022
-117.647064
-980.392150
-1686.274536
-2411.764648
-2745.098144
-2833.333496
-2470.588378
-2009.803955
-1245.098022
-254.901962
1539.215698
2274.509765
2725.490234
2774.509765
2568.627441
2156.862792
1500.000000
637.254943
-333.333343
-1156.862792
-1911.764770
-2509.803955
-2794.117675
-2794.117675
-2411.764648
-1803.921630
-970.588256
-19.607843
1676.470581
2372.549072
2696.078369
2823.529541
2519.607910
2088.235351
1333.333374
-656.862731
-1441.176513
-2176.470703
-2656.862792
-2833.333496
-2607.843261
-2166.666748
-1490.196166
-549.019592
382.352935
2029.411743
2588.235351
2794.117675
2686.274658
2303.921630
1725.490234
833.333374
-1088.235351
-1852.941162
-2480.392089
-2774.509765
-2813.725585
-2421.568603
-911.764709
29.411766
813.725524
1578.431396
2294.117675
2686.274658
2813.725585
2568.627441
2098.039306
1411.764770
470.588256
-1343.137329
-2127.450927
-2647.058837
-2813.725585
-2647.058837
-2274.509765
-598.039245
343.137268
1156.862792
1901.960815
2490.196044
2774.509765
2784.313720
1725.490234
901.960815
-49.019607
-852.941162
-1607.843139
-2343.137207
-2686.274658
-2490.196044
-2019.607910
-117.647064
725.490234
1460.784301
2196.078369
2676.470703
2803.921630
2617.647216
1392.156860
470.588256
-441.176483
-1245.098022
-2000.000000
-2549.019775
-2784.313720
-2774.509765
-2382.353027
-1764.705932
147.058822
970.588256
1666.666748
2382.353027
2725.490234
2794.117675
2490.196044
1156.862792
147.058822
-686.274536
-1460.784301
-2235.294189
-2676.470703
-2833.333496
-2627.450927
-2196.078369
-1519.607910
519.607849
1274.509887
2019.607910
2588.235351
2794.117675
2715.686279
2303.921630
705.882385
-245.098037
-1078.431396
-1823.529418
-2480.392089
-2774.509765
-2784.313720
-1843.137329
-970.588256
-19.607843
794.117675
1558.823608
2245.098144
2696.078369
2529.411865
2078.431396
1313.725463
352.941192
-539.215698
-1323.529418
-2098.039306
-2823.529541
-2647.058837
-2225.490234
-1568.627441
-617.647094
333.333343
1980.392211
2539.215820
2794.117675
2745.098144
2362.745117
1745.098022
921.568664
-1039.215698
-1803.921630
-2450.980468
-2754.902099
-2823.529541
-2450.980468
-1970.588256
-49.019607
754.901977
1509.803955
2235.294189
2666.666748
2823.529541
2607.843261
1382.353027
392.156860
-509.803924
-1274.509887
-2049.019531
-2607.843261
-2794.117675
-2705.882324
-2323.529541
-1696.078491
313.725494
1098.039184
1852.941162
2450.980468
2764.706054
2803.921630
2421.568603
1892.156860
1127.451049
98.039215
-686.274536
-1460.784301
-2215.686279
-2686.274658
-2813.725585
-2627.450927
-2196.078369
-1500.000000
460.784332
1245.098022
2019.607910
2549.019775
2774.509765
2735.294189
2343.137207
1794.117675
941.176513
-9.803922
-1676.470581
-2401.960937
-2725.490234
-2823.529541
-2529.411865
-2049.019531
-1284.313720
745.098083
1500.000000
2166.666748
2627.450927
2794.117675
2617.647216
2205.882324
539.215698
-411.764709
-1176.470581
-1950.980468
-2549.019775
-2833.333496
-2774.509765
-1735.294189
-823.529418
137.254898
960.784301
1666.666748
2352.941162
2735.294189
2813.725585
2500.000000
2088.235351
1352.941162
352.941192
-519.607849
-1303.921630
-2656.862792
-2803.921630
-2627.450927
-2235.294189
-1588.235351
-627.450988
1235.294189
1990.196166
2558.823486
2794.117675
2745.098144
2352.941162
1725.490234
-235.294128
-1078.431396
-1823.529418
-2480.392089
-2754.902099
-2823.529541
-2421.568603
-1892.156860
-1117.647094
-88.235298
715.686279
1470.588256
2205.882324
2666.666748
2784.313720
2607.843261
2186.274658
1519.607910
598.039245
-343.137268
-1137.254882
-2588.235351
-2794.117675
-2725.490234
-2323.529541
-1745.098022
-862.745117
117.647064
1774.509887
2421.568603
2725.490234
2794.117675
2421.568603
1931.372558
1156.862792
-882.352966
-1637.254882
-2343.137207
-2735.294189
-2823.529541
-2539.215820
-2098.039306
-225.490203
647.058837
2225.490234
2676.470703
2803.921630
2088.235351
1401.960815
441.176483
-490.196075
-1264.705932
-2019.607910
-2588.235351
-2676.470703
-2245.098144
-1647.058837
-735.294128
225.490203
1049.019653
1784.313720
2774.509765
2774.509765
2372.549072
1852.941162
1058.823608
58.823532
-735.294128
-1529.411743
-2284.313720
-2696.078369
-2558.823486
-2078.431396
-1343.137329
-323.529418
558.823547
1294.117675
2078.431396
2813.725585
2607.843261
2196.078369
1578.431396
647.058837
-264.705902
-1107.843139
-2519.607910
-2803.921630
-2774.509765
-2382.353027
-1764.705932
-921.568664
39.215686
794.117675
1549.019653
2254.902099
2656.862792
2803.921630
2588.235351
2127.450927
1450.980468
500.000000
-352.941192
-1186.274536
-1931.372558
-2539.215820
-2774.509765
-2803.921630
-2333.333496
-1764.705932
-941.176513
1029.411743
1774.509887
2460.784423
2715.686279
2794.117675
2441.176513
1921.568603
1186.274536
186.274520
-656.862731
-1450.980468
-2186.274658
-2676.470703
-2803.921630
-2637.254882
-2205.882324
-1539.215698
-598.039245
1264.705932
2049.019531
2588.235351
2784.313720
2676.470703
2303.921630
1715.686279
882.352966
-78.431373
-901.960815
-1676.470581
-2382.353027
-2735.294189
-2460.784423
-1980.392211
-1196.078491
-196.078430
647.058837
1401.960815
2156.862792
2823.529541
2588.235351
2156.862792
1450.980468
519.607849
-401.960784
-1235.294189
-2617.647216
-2833.333496
-2676.470703
-2294.117675
-1715.686279
-774.509826
156.862747
990.196105
1686.274536
2392.156982
2823.529541
2401.960937
1852.941162
1127.451049
117.647064
-715.686279
-1470.588256
-2696.078369
-2823.529541
-2539.215820
-2098.039306
-1382.353027
-411.764709
500.000000
2058.823486
2578.431396
2784.313720
2666.666748
2294.117675
1686.274536
803.921569
-147.058822
-1000.000000
-1686.274536
-2421.568603
-2745.098144
-2843.137207
-2509.803955
-2029.411743
-1274.509887
-274.509796
588.235290
2196.078369
2656.862792
2794.117675
2588.235351
2156.862792
1529.411743
568.627441
-1274.509887
-2049.019531
-2617.647216
-2813.725585
-2696.078369
-2303.921630
-686.274536
264.705902
1078.431396
1823.529418
2450.980468
2745.098144
2794.117675
1784.313720
1019.607849
9.803922
-715.686279
-1500.000000
-2196.078369
-2676.470703
-2813.725585
-2627.450927
-2186.274658
-1568.627441
470.588256
1264.705932
2019.607910
2578.431396
2803.921630
2725.490234
1627.451049
764.705871
-186.274520
-1029.411743
-1784.313720
-2460.784423
-2764.706054
-2421.568603
-1862.745117
-1019.607849
-19.607843
764.705871
1519.607910
2245.098144
2803.921630
2509.803955
2078.431396
1333.333374
352.941192
-519.607849
-1313.725463
-2656.862792
-2833.333496
-2637.254882
-2225.490234
-1578.431396
-637.254943
323.529418
1127.451049
1852.941162
2490.196044
2754.902099
2803.921630
2382.353027
1843.137329
1068.627441
88.235298
-715.686279
-1480.392211
-2705.882324
-2843.137207
-2549.019775
-2117.647216
-1372.549072
-372.549041
519.607849
1284.313720
2029.411743
2578.431396
2617.647216
2205.882324
1637.254882
-431.372558
-1215.686279
-1970.588256
-2558.823486
-2803.921630
-2735.294189
-2333.333496
-764.705871
196.078430
1019.607849
1754.901977
2441.176513
2715.686279
2803.921630
1843.137329
1098.039184
98.039215
-725.490234
-1490.196166
-2254.902099
-2676.470703
-2588.235351
-2127.450927
-1392.156860
-411.764709
500.000000
1215.686279
1970.588256
2529.411865
2784.313720
2745.098144
1696.078491
794.117675
-137.254898
-970.588256
-1725.490234
-2431.372558
-2754.902099
-2441.176513
-1882.353027
-1127.451049
-117.647064
735.294128
1490.196166
2215.686279
2686.274658
2803.921630
2617.647216
1392.156860
441.176483
-470.588256
-1264.705932
-2029.411743
-2607.843261
-2823.529541
-2696.078369
-2313.725585
-1725.490234
-803.921569
147.058822
990.196105
1686.274536
2401.960937
2784.313720
2372.549072
1931.372558
1147.058837
147.058822
-696.078430
-1431.372558
-2705.882324
-2823.529541
-2588.235351
-2117.647216
-1421.568603
-411.764709
1372.549072
2147.058837
2647.058837
2803.921630
2617.647216
2254.902099
1666.666748
-382.352935
-1205.882324
-1990.196166
-2558.823486
-2794.117675
-2715.686279
-2362.745117
-803.921569
156.862747
1019.607849
1725.490234
2431.372558
2725.490234
2823.529541
2460.784423
1990.196166
1225.490234
225.490203
-617.647094
-1392.156860
-2176.470703
-2656.862792
-2833.333496
-2627.450927
-2225.490234
-549.019592
411.764709
1205.882324
1950.980468
2529.411865
2764.706054
2754.902099
1735.294189
862.745117
-98.039215
-872.549011
-1627.451049
-2352.941162
-2735.294189
-2823.529541
-2558.823486
-2078.431396
-215.686279
647.058837
1401.960815
2166.666748
2656.862792
2803.921630
2607.843261
1480.392211
549.019592
-382.352935
-1205.882324
-1970.588256
-2539.215820
-2813.725585
-2284.313720
-1686.274536
-784.313720
176.470596
1000.000000
1686.274536
2745.098144
2784.313720
2431.372558
1941.176513
1166.666748
156.862747
-666.666687
-2274.509765
-2725.490234
-2843.137207
-2598.039306
-2176.470703
-1411.764770
-470.588256
1352.941162
2127.450927
2617.647216
2794.117675
2627.450927
2245.098144
1637.254882
754.901977
-186.274520
-1029.411743
-1803.921630
-2460.784423
-2764.706054
-2823.529541
-2450.980468
-1941.176513
-1137.254882
-107.843139
1647.058837
2343.137207
2715.686279
2803.921630
2509.803955
2098.039306
1362.745117
421.568634
-509.803924
-1264.705932
-2058.823486
-2607.843261
-2803.921630
-2686.274658
-1617.647094
-705.882385
274.509796
1078.431396
1833.333374
2460.784423
2774.509765
2362.745117
1764.705932
1000.000000
58.823532
-715.686279
-1500.000000
-2705.882324
-2784.313720
-2598.039306
-2137.254882
-1421.568603
-470.588256
490.196075
2078.431396
2607.843261
2784.313720
2647.058837
2274.509765
1705.882324
774.509826
-176.470596
-1019.607849
-1764.705932
-2784.313720
-2803.921630
-2401.960937
-1803.921630
-1058.823608
-58.823532
764.705871
2343.137207
2705.882324
2803.921630
2539.215820
2088.235351
1372.549072
401.960784
-1392.156860
-2166.666748
-2666.666748
-2823.529541
-2617.647216
-2215.686279
-1578.431396
-637.254943
352.941192
1156.862792
2539.215820
2803.921630
2735.294189
2343.137207
1764.705932
911.764709
-49.019607
-823.529418
-1598.039184
-2333.333496
-2843.137207
-2480.392089
-2019.607910
-1264.705932
-274.509796
607.843139
1352.941162
2647.058837
2803.921630
2607.843261
2205.882324
1519.607910
588.235290
-362.745117
-2019.607910
-2588.235351
-2823.529541
-2715.686279
-2323.529541
-1735.294189
-843.137268
137.254898
970.588256
1686.274536
2392.156982
2725.490234
2803.921630
1931.372558
1186.274536
156.862747
-676.470581
-1431.372558
-2205.882324
-2696.078369
-2598.039306
-2147.058837
-1431.372558
-450.980407
450.980407
1245.098022
1990.196166
2784.313720
2647.058837
2284.313720
1705.882324
803.921569
-137.254898
-990.196105
-2480.392089
-2764.706054
-2843.137207
-2441.176513
-1911.764770
-1137.254882
-98.039215
686.274536
1450.980468
2186.274658
2696.078369
2833.333496
2617.647216
2166.666748
1529.411743
607.843139
-333.333343
-1186.274536
-2578.431396
-2803.921630
-2715.686279
-2333.333496
-1735.294189
-843.137268
117.647064
941.176513
1666.666748
2382.353027
2725.490234
2813.725585
2509.803955
2049.019531
1303.921630
343.137268
-539.215698
-1323.529418
-2666.666748
-2833.333496
-2607.843261
-2196.078369
-1529.411743
-598.039245
372.549041
1980.392211
2568.627441
2784.313720
2715.686279
2333.333496
1735.294189
872.549011
-58.823532
-872.549011
-1647.058837
-2343.137207
-2725.490234
-2813.725585
-2529.411865
-2068.627441
-1333.333374
-343.137268
578.431396
2186.274658
2647.058837
2784.313720
2627.450927
2205.882324
1578.431396
666.666687
-284.313720
-1107.843139
-1852.941162
-2803.921630
-2754.902099
-2352.941162
-1754.901977
-911.764709
49.019607
823.529418
2392.156982
2715.686279
2823.529541
2470.588378
2019.607910
1313.725463
313.725494
-1450.980468
-2215.686279
-2686.274658
-2823.529541
-2617.647216
-2186.274658
-411.764709
490.196075
1264.705932
2029.411743
2568.627441
2813.725585
2686.274658
2284.313720
1705.882324
852.941162
-88.235298
-1774.509887
-2441.176513
-2745.098144
-2813.725585
-2460.784423
-1941.176513
-29.411766
754.901977
1529.411743
2245.098144
2686.274658
2823.529541
2588.235351
1333.333374
362.745117
-539.215698
-1303.921630
-2078.431396
-2607.843261
-2803.921630
-2225.490234
-1568.627441
-627.450988
323.529418
1127.451049
1872.549072
2490.196044
2735.294189
2343.137207
1754.901977
931.372558
-29.411766
-843.137268
-1598.039184
-2323.529541
-2686.274658
-2823.529541
-2568.627441
-2107.843261
-1372.549072
-382.352935
529.411804
1274.509887
2058.823486
2568.627441
2617.647216
2225.490234
1607.843139
686.274536
-264.705902
-1117.647094
-1843.137329
-2490.196044
-2774.509765
-2803.921630
-1764.705932
-941.176513
19.607843
803.921569
1558.823608
2254.902099
2666.666748
2519.607910
2068.627441
1343.137329
352.941192
-549.019592
-1294.117675
-2078.431396
-2813.725585
-2647.058837
-2205.882324
-1598.039184
-637.254943
343.137268
1137.254882
1892.156860
2470.588378
2745.098144
2774.509765
2392.156982
1872.549072
-68.627449
-862.745117
-1627.451049
-2333.333496
-2823.529541
-2480.392089
-2009.803955
-1215.686279
-196.078430
627.450988
1382.353027
2137.254882
2617.647216
2794.117675
2617.647216
2205.882324
1617.647094
735.294128
-215.686279
-1078.431396
-1813.725463
-2460.784423
-2784.313720
-2362.745117
-1774.509887
-950.980407
9.803922
754.901977
1500.000000
2715.686279
2823.529541
2568.627441
2117.647216
1421.568603
460.784332
-450.980407
-2107.843261
-2617.647216
-2813.725585
-2656.862792
-2254.902099
-1666.666748
382.352935
1176.470581
1931.372558
2529.411865
2803.921630
2774.509765
2352.941162
852.941162
-107.843139
-950.980407
-1686.274536
-2382.353027
-2754.902099
-2823.529541
-1950.980468
-1166.666748
-137.254898
705.882385
1460.784301
2205.882324
2686.274658
2813.725585
2598.039306
2176.470703
1539.215698
627.450988
-313.725494
-1156.862792
-1872.549072
-2519.607910
-2774.509765
-2794.117675
-1764.705932
-901.960815
68.627449
872.549011
1627.451049
2313.725585
2696.078369
2480.392089
2029.411743
1274.509887
294.117645
-607.843139
-1343.137329
-2127.450927
-2676.470703
-2823.529541
-2627.450927
-1519.607910
-568.627441
382.352935
2019.607910
2568.627441
2794.117675
2715.686279
2313.725585
1705.882324
862.745117
-1088.235351
-1833.333374
-2460.784423
-2774.509765
-2803.921630
-2411.764648
-1862.745117
39.215686
862.745117
1607.843139
2323.529541
2705.882324
2823.529541
2539.215820
1254.901977
274.509796
-578.431396
-1362.745117
-2147.058837
-2647.058837
-2823.529541
-2656.862792
-2235.294189
-1627.451049
421.568634
1205.882324
1960.784301
2529.411865
2784.313720
2754.902099
2352.941162
1745.098022
950.980407
9.803922
-1666.666748
-2382.353027
-2735.294189
-2803.921630
-2019.607910
-1245.098022
-215.686279
647.058837
1392.156860
2127.450927
2833.333496
2607.843261
2156.862792
1470.588256
549.019592
-372.549041
-1186.274536
-1950.980468
-2539.215820
-2774.509765
-2784.313720
-1754.901977
-852.941162
137.254898
960.784301
1686.274536
2352.941162
2813.725585
2431.372558
1941.176513
1147.058837
176.470596
-656.862731
-1450.980468
-2715.686279
-2833.333496
-2578.431396
-2127.450927
-1411.764770
-450.980407
480.392150
2098.039306
2617.647216
2803.921630
2647.058837
2274.509765
1705.882324
764.705871
-166.666671
-1019.607849
-1774.509887
-2784.313720
-2794.117675
-2411.764648
-1823.529418
-1039.215698
-19.607843
794.117675
2352.941162
2696.078369
2813.725585
2539.215820
2068.627441
1362.745117
352.941192
-1431.372558
-2196.078369
-2676.470703
-2813.725585
-2627.450927
-2196.078369
-460.784332
460.784332
1225.490234
1980.392211
2539.215820
2794.117675
2735.294189
2343.137207
1745.098022
901.960815
-29.411766
-1725.490234
-2431.372558
-2764.706054
-2813.725585
-2470.588378
-1970.588256
-68.627449
715.686279
1450.980468
2215.686279
2656.862792
2803.921630
2617.647216
1401.960815
431.372558
-490.196075
-1254.901977
-2029.411743
-2578.431396
-2813.725585
-2254.902099
-1637.254882
-705.882385
245.098037
1058.823608
1784.313720
2441.176513
2784.313720
2382.353027
1803.921630
1019.607849
49.019607
-715.686279
-1500.000000
-2725.490234
-2833.333496
-2578.431396
-2156.862792
-1411.764770
-460.784332
470.588256
1245.098022
1990.196166
2549.019775
2647.058837
2274.509765
1705.882324
-333.333343
-1156.862792
-1901.960815
-2529.411865
-2794.117675
-2794.117675
-2382.353027
-1794.117675
-980.392150
0.000000
647.058837
1421.568603
2166.666748
2666.666748
2568.627441
2127.450927
1450.980468
-539.215698
-1313.725463
-2088.235351
-2627.450927
-2833.333496
-2666.666748
-2254.902099
-627.450988
343.137268
1166.666748
1901.960815
2490.196044
2764.706054
2774.509765
1764.705932
931.372558
-9.803922
-764.705871
-1529.411743
-2274.509765
-2696.078369
-2813.725585
-2598.039306
-2156.862792
-333.333343
558.823547
1313.725463
2088.235351
2607.843261
2823.529541
2637.254882
1549.019653
647.058837
-313.725494
-1137.254882
-1882.353027
-2519.607910
-2794.117675
-2343.137207
-1735.294189
-882.352966
58.823532
872.549011
1607.843139
2333.333496
2705.882324
2813.725585
2549.019775
1264.705932
254.901962
-617.647094
-1352.941162
-2137.254882
-2637.254882
-2823.529541
-2186.274658
-1480.392211
-529.411804
421.568634
1196.078491
1950.980468
2519.607910
2794.117675
2774.509765
2382.353027
1754.901977
1000.000000
68.627449
-705.882385
-1490.196166
-2254.902099
-2686.274658
-2843.137207
-2098.039306
-1362.745117
-392.156860
519.607849
1294.117675
2058.823486
2568.627441
2627.450927
2235.294189
1617.647094
715.686279
-254.901962
-1088.235351
-1833.333374
-2784.313720
-2774.509765
-2382.353027
-1784.313720
-980.392150
9.803922
745.098083
1480.392211
2235.294189
2686.274658
2813.725585
2598.039306
2147.058837
1500.000000
666.666687
-313.725494
-1117.647094
-1852.941162
-2813.725585
-2754.902099
-2333.333496
-1764.705932
-882.352966
58.823532
862.745117
2382.353027
2715.686279
2813.725585
2480.392089
2019.607910
1294.117675
284.313720
-578.431396
-1343.137329
-2147.058837
-2823.529541
-2617.647216
-2186.274658
-1509.803955
-558.823547
411.764709
1166.666748
2568.627441
2794.117675
2715.686279
2313.725585
1735.294189
862.745117
-88.235298
-1784.313720
-2450.980468
-2774.509765
-2813.725585
-2450.980468
-1970.588256
-1176.470581
-166.666671
696.078430
1441.176513
2686.274658
2803.921630
2578.431396
2137.254882
1411.764770
480.392150
-441.176483
-2088.235351
-2637.254882
-2813.725585
-2656.862792
-2274.509765
-1696.078491
362.745117
1166.666748
1892.156860
2490.196044
2764.706054
2764.706054
2362.745117
921.568664
-49.019607
-843.137268
-1617.647094
-2352.941162
-2715.686279
-2833.333496
-2539.215820
-2098.039306
-1372.549072
656.862731
1392.156860
2156.862792
2656.862792
2803.921630
2617.647216
2225.490234
549.019592
-372.549041
-1196.078491
-1950.980468
-2529.411865
-2794.117675
-2754.902099
-1745.098022
-852.941162
127.450981
970.588256
1676.470581
2372.549072
2705.882324
2803.921630
2500.000000
2107.843261
1372.549072
411.764709
-480.392150
-1254.901977
-2049.019531
-2578.431396
-2813.725585
-2715.686279
-1617.647094
-705.882385
264.705902
1088.235351
1833.333374
2480.392089
2764.706054
2362.745117
1754.901977
980.392150
49.019607
-725.490234
-1480.392211
-2264.705810
-2833.333496
-2558.823486
-2137.254882
-1382.353027
-382.352935
529.411804
1294.117675
2029.411743
2588.235351
2813.725585
2676.470703
2284.313720
1705.882324
813.725524
-156.862747
-990.196105
-1725.490234
-2441.176513
-2823.529541
-2431.372558
-1852.941162
-1088.235351
-68.627449
745.098083
1490.196166
2235.294189
2656.862792
2794.117675
2588.235351
2166.666748
1480.392211
549.019592
-382.352935
-1225.490234
-1960.784301
-2558.823486
-2696.078369
-2303.921630
-1715.686279
-813.725524
156.862747
970.588256
1725.490234
2725.490234
2803.921630
2411.764648
1911.764770
1166.666748
147.058822
-696.078430
-2294.117675
-2725.490234
-2833.333496
-2588.235351
-2127.450927
-1392.156860
617.647094
1382.353027
2107.843261
2637.254882
2794.117675
2617.647216
2235.294189
578.431396
-382.352935
-1176.470581
-1950.980468
-2529.411865
-2803.921630
-2764.706054
-1745.098022
-843.137268
107.843139
970.588256
1666.666748
2392.156982
2696.078369
2784.313720
2500.000000
2098.039306
303.921569
-578.431396
-1362.745117
-2147.058837
-2803.921630
-2607.843261
-2176.470703
-1519.607910
-578.431396
362.745117
2029.411743
2539.215820
2774.509765
2696.078369
2313.725585
1696.078491
892.156860
-1068.627441
-1843.137329
-2470.588378
-2794.117675
-2833.333496
-2411.764648
-1843.137329
58.823532
862.745117
2392.156982
2715.686279
2823.529541
2509.803955
2039.215698
1274.509887
294.117645
-578.431396
-1362.745117
-2147.058837
-2666.666748
-2823.529541
-2647.058837
-2245.098144
-1637.254882
431.372558
1215.686279
1950.980468
2529.411865
2794.117675
2754.902099
2333.333496
1754.901977
950.980407
19.607843
-1696.078491
-2392.156982
-2745.098144
-2460.784423
-1950.980468
-1176.470581
-196.078430
696.078430
1460.784301
2166.666748
2803.921630
2568.627441
2156.862792
1441.176513
519.607849
-421.568634
-1225.490234
-2627.450927
-2823.529541
-2666.666748
-2284.313720
-1725.490234
-794.117675
176.470596
1862.745117
2470.588378
2754.902099
2784.313720
2411.764648
1862.745117
1098.039184
98.039215
-696.078430
-1441.176513
-2715.686279
-2843.137207
-2578.431396
-2117.647216
-1392.156860
-401.960784
500.000000
2068.627441
2568.627441
2774.509765
2666.666748
2284.313720
1715.686279
833.333374
-127.450981
-970.588256
-1686.274536
-2401.960937
-2745.098144
-2833.333496
-2490.196044
-2039.215698
-1264.705932
-245.098037
578.431396
2225.490234
2656.862792
2833.333496
2588.235351
2176.470703
1500.000000
656.862731
-1235.294189
-2029.411743
-2578.431396
-2784.313720
-2725.490234
-2343.137207
-1764.705932
225.490203
1049.019653
1764.705932
2441.176513
2735.294189
2833.333496
1784.313720
1009.803955
29.411766
-774.509826
-1519.607910
-2274.509765
-2696.078369
-2549.019775
-2088.235351
-1352.941162
-352.941192
529.411804
1294.117675
2058.823486
2803.921630
2598.039306
2205.882324
1578.431396
676.470581
-254.901962
-1088.235351
-2549.019775
-2784.313720
-2774.509765
-2372.549072
-1774.509887
-970.588256
-9.803922
1676.470581
2343.137207
2725.490234
2843.137207
2519.607910
2078.431396
225.490203
-627.450988
-1392.156860
-2156.862792
-2666.666748
-2823.529541
-2627.450927
-1480.392211
-509.803924
421.568634
1205.882324
1970.588256
2558.823486
2784.313720
2284.313720
1686.274536
794.117675
-166.666671
-1009.803955
-1764.705932
-2460.784423
-2813.725585
-2411.764648
-1843.137329
-1029.411743
-39.215686
764.705871
1519.607910
2225.490234
2676.470703
2803.921630
2617.647216
2176.470703
1480.392211
549.019592
-401.960784
-1205.882324
-1950.980468
-2539.215820
-2686.274658
-2284.313720
-1745.098022
-833.333374
156.862747
990.196105
1696.078491
2735.294189
2823.529541
2431.372558
1950.980468
1147.058837
147.058822
-696.078430
-1450.980468
-2215.686279
-2696.078369
-2607.843261
-2137.254882
-1441.176513
598.039245
1333.333374
2137.254882
2627.450927
2794.117675
2666.666748
2245.098144
588.235290
-343.137268
-1176.470581
-1941.176513
-2519.607910
-2774.509765
-2794.117675
-1745.098022
-882.352966
88.235298
892.156860
1627.451049
2333.333496
2715.686279
2823.529541
2519.607910
2088.235351
254.901962
-607.843139
-1382.353027
-2137.254882
-2647.058837
-2813.725585
-2637.254882
-2225.490234
-1607.843139
-686.274536
313.725494
1137.254882
1872.549072
2490.196044
2754.902099
2372.549072
1764.705932
990.196105
58.823532
-784.313720
-1558.823608
-2274.509765
-2823.529541
-2549.019775
-2068.627441
-1333.333374
-313.725494
568.627441
2205.882324
2666.666748
2784.313720
2598.039306
2196.078369
1578.431396
656.862731
-1254.901977
-2029.411743
-2607.843261
-2823.529541
-2725.490234
-2313.725585
-1745.098022
274.509796
1078.431396
1833.333374
2450.980468
2754.902099
2794.117675
2411.764648
1901.960815
1147.058837
127.450981
-696.078430
-1450.980468
-2205.882324
-2676.470703
-2803.921630
-2637.254882
-2225.490234
-1539.215698
500.000000
1205.882324
1970.588256
2549.019775
2784.313720
2764.706054
2352.941162
833.333374
-137.254898
-980.392150
-1705.882324
-2421.568603
-2725.490234
-2833.333496
-1892.156860
-1117.647094
-107.843139
735.294128
1500.000000
2186.274658
2637.254882
2803.921630
2627.450927
2196.078369
500.000000
-362.745117
-1166.666748
-2578.431396
-2803.921630
-2735.294189
-2333.333496
-1745.098022
-843.137268
107.843139
1794.117675
2460.784423
2764.706054
2833.333496
2431.372558
1911.764770
1137.254882
-843.137268
-1627.451049
-2343.137207
-2725.490234
-2823.529541
-2568.627441
-2088.235351
-264.705902
627.450988
1382.353027
2137.254882
2637.254882
2803.921630
2607.843261
2245.098144
1617.647094
745.098083
-1196.078491
-1921.568603
-2539.215820
-2794.117675
-2764.706054
-2382.353027
-1764.705932
137.254898
980.392150
1696.078491
2392.156982
2705.882324
2823.529541
1921.568603
1156.862792
147.058822
-686.274536
-1441.176513
-2225.490234
-2666.666748
-2598.039306
-2137.254882
-1392.156860
-460.784332
460.784332
1235.294189
2019.607910
2794.117675
2617.647216
2235.294189
1666.666748
754.901977
-215.686279
-1039.215698
-2519.607910
-2784.313720
-2803.921630
-2411.764648
-1794.117675
-1019.607849
-39.215686
764.705871
1500.000000
2205.882324
2666.666748
2813.725585
2627.450927
2205.882324
1529.411743
607.843139
-343.137268
-1176.470581
-2588.235351
-2794.117675
-2725.490234
-2343.137207
-1745.098022
-872.549011
88.235298
882.352966
1647.058837
2333.333496
2794.117675
2460.784423
1990.196166
1225.490234
235.294128
-617.647094
-1382.353027
-2715.686279
-2843.137207
-2637.254882
-2166.666748
-1460.784301
-490.196075
431.372558
2058.823486
2578.431396
2784.313720
2647.058837
2284.313720
1725.490234
843.137268
-137.254898
-970.588256
-1696.078491
-2764.706054
-2852.941162
-2460.784423
-1931.372558
-1186.274536
-147.058822
725.490234
2294.117675
2686.274658
2784.313720
2558.823486
2107.843261
1401.960815
470.588256
-460.784332
-1235.294189
-2029.411743
-2823.529541
-2647.058837
-2254.902099
-617.647094
333.333343
1176.470581
1901.960815
2470.588378
2774.509765
2774.509765
2352.941162
1774.509887
1049.019653
68.627449
-735.294128
-1509.803955
-2264.705810
-2686.274658
-2803.921630
-2598.039306
-2186.274658
-1470.588256
-500.000000
343.137268
1156.862792
2539.215820
2794.117675
2696.078369
2313.725585
1705.882324
862.745117
-98.039215
-1764.705932
-2450.980468
-2754.902099
-2813.725585
-2450.980468
-1960.784301
-1215.686279
823.529418
1578.431396
2294.117675
2705.882324
2823.529541
2568.627441
1264.705932
313.725494
-588.235290
-1333.333374
-2137.254882
-2617.647216
-2823.529541
-2186.274658
-1500.000000
-637.254943
303.921569
1117.647094
1862.745117
2470.588378
2754.902099
2333.333496
1754.901977
941.176513
-19.607843
-813.725524
-1578.431396
-2735.294189
-2833.333496
-2500.000000
-2078.431396
-1333.333374
-313.725494
588.235290
1323.529418
2098.039306
2578.431396
2617.647216
2176.470703
1578.431396
647.058837
-313.725494
-1137.254882
-1882.353027
-2794.117675
-2764.706054
-2343.137207
-1764.705932
-892.156860
58.823532
843.137268
1588.235351
2313.725585
2686.274658
2803.921630
2549.019775
2098.039306
1411.764770
460.784332
-460.784332
-1274.509887
-2000.000000
-2803.921630
-2705.882324
-2313.725585
-1705.882324
-803.921569
156.862747
990.196105
1696.078491
2401.960937
2745.098144
2421.568603
1911.764770
1147.058837
156.862747
-676.470581
-1441.176513
-2225.490234
-2833.333496
-2578.431396
-2127.450927
-1411.764770
-441.176483
460.784332
1235.294189
2627.450927
2794.117675
2617.647216
2225.490234
1666.666748
735.294128
-215.686279
-1058.823608
-1794.117675
-2460.784423
-2803.921630
-2401.960937
-1784.313720
-1000.000000
-58.823532
745.098083
1470.588256
2715.686279
2823.529541
2549.019775
2098.039306
1372.549072
431.372558
-490.196075
-2137.254882
-2617.647216
-2823.529541
-2656.862792
-2245.098144
-1637.254882
411.764709
1186.274536
1950.980468
2509.803955
2794.117675
2745.098144
2343.137207
1764.705932
970.588256
29.411766
-784.313720
-2372.549072
-2735.294189
-2794.117675
-2549.019775
-2068.627441
-1333.333374
705.882385
1450.980468
2205.882324
2666.666748
2823.529541
2617.647216
2186.274658
470.588256
-470.588256
-1254.901977
-2009.803955
-2588.235351
-2794.117675
-2735.294189
-1666.666748
-735.294128
245.098037
1049.019653
1784.313720
2431.372558
2735.294189
2794.117675
2441.176513
1941.176513
0.000000
-666.666687
-1450.980468
-2196.078369
-2686.274658
-2823.529541
-2617.647216
-1421.568603
-450.980407
470.588256
1245.098022
2000.000000
2509.803955
2764.706054
2323.529541
1735.294189
852.941162
-78.431373
-892.156860
-1647.058837
-2352.941162
-2813.725585
-2470.588378
-1990.196166
-1225.490234
-205.882354
676.470581
1421.568603
2176.470703
2656.862792
2803.921630
2147.058837
1460.784301
539.215698
-392.156860
-1205.882324
-1950.980468
-2529.411865
-2696.078369
-2303.921630
-1725.490234
-823.529418
166.666671
990.196105
1696.078491
2382.353027
2745.098144
2813.725585
1941.176513
1137.254882
147.058822
-1598.039184
-2313.725585
-2705.882324
-2843.137207
-2568.627441
-2098.039306
-1372.549072
-411.764709
509.803924
1254.901977
2039.215698
2588.235351
2813.725585
2676.470703
1656.862792
735.294128
-215.686279
-1941.176513
-2529.411865
-2813.725585
-2813.725585
-2392.156982
-1764.705932
-960.784301
1019.607849
1745.098022
2411.764648
2725.490234
2803.921630
2460.784423
2000.000000
205.882354
-647.058837
-1401.960815
-2166.666748
-2686.274658
-2823.529541
-2656.862792
-1450.980468
-509.803924
431.372558
1225.490234
1980.392211
2549.019775
2666.666748
2264.705810
1715.686279
803.921569
-137.254898
-990.196105
-1735.294189
-2794.117675
-2823.529541
-2421.568603
-1872.549072
-1117.647094
-117.647064
735.294128
2313.725585
2676.470703
2813.725585
2529.411865
2098.039306
1401.960815
470.588256
-1343.137329
-2147.058837
-2647.058837
-2833.333496
-2647.058837
-2225.490234
-1627.451049
-715.686279
274.509796
1098.039184
2509.803955
2784.313720
2745.098144
2372.549072
1764.705932
1029.411743
9.803922
-1627.451049
-2362.745117
-2745.098144
-2833.333496
-2519.607910
-2058.823486
-1313.725463
686.274536
1470.588256
2176.470703
2656.862792
2803.921630
2607.843261
2176.470703
1568.627441
637.254943
-313.725494
-1980.392211
-2568.627441
-2823.529541
-2754.902099
-2333.333496
-1725.490234
-882.352966
78.431373
852.941162
1617.647094
2303.921630
2696.078369
2803.921630
2558.823486
2107.843261
1382.353027
431.372558
-500.000000
-2078.431396
-2637.254882
-2813.725585
-2676.470703
-2294.117675
-1715.686279
-784.313720
1156.862792
1911.764770
2480.392089
2774.509765
2794.117675
2401.960937
1784.313720
1049.019653
19.607843
-774.509826
-1539.215698
-2264.705810
-2705.882324
-2833.333496
-2588.235351
-2137.254882
-1431.372558
-480.392150
1343.137329
2117.647216
2607.843261
2774.509765
2647.058837
2235.294189
1656.862792
735.294128
-205.882354
-1058.823608
-1803.921630
-2480.392089
-2774.509765
-2823.529541
-2441.176513
-1892.156860
-1137.254882
-117.647064
725.490234
1480.392211
2245.098144
2784.313720
2549.019775
2088.235351
1382.353027
441.176483
-480.392150
-1264.705932
-2647.058837
-2794.117675
-2647.058837
-2254.902099
-1647.058837
-745.098083
225.490203
1892.156860
2490.196044
2764.706054
2803.921630
2392.156982
1803.921630
1039.215698
49.019607
-735.294128
-1529.411743
-2745.098144
-2843.137207
-2558.823486
-2088.235351
-1333.333374
-333.333343
558.823547
2196.078369
2676.470703
2794.117675
2607.843261
2186.274658
1558.823608
656.862731
-303.921569
-1147.058837
-1882.353027
-2480.392089
-2784.313720
-2794.117675
-2401.960937
-1813.725463
-1039.215698
-19.607843
794.117675
2362.745117
2715.686279
2813.725585
2509.803955
2058.823486
1352.941162
343.137268
-1431.372558
-2196.078369
-2696.078369
-2833.333496
-2637.254882
-2205.882324
-450.980407
460.784332
1245.098022
1970.588256
2549.019775
2794.117675
2735.294189
1686.274536
764.705871
-186.274520
-1029.411743
-1764.705932
-2441.176513
-2754.902099
-2392.156982
-1803.921630
-1039.215698
-19.607843
764.705871
1509.803955
2245.098144
2803.921630
2529.411865
2088.235351
1343.137329
362.745117
-539.215698
-1294.117675
-2666.666748
-2833.333496
-2647.058837
-2225.490234
-1578.431396
-637.254943
333.333343
1156.862792
1882.353027
2490.196044
2715.686279
2323.529541
1735.294189
892.156860
-49.019607
-833.333374
-1607.843139
-2735.294189
-2833.333496
-2509.803955
-2019.607910
-1274.509887
-264.705902
1519.607910
2245.098144
2715.686279
2823.529541
2588.235351
2156.862792
1490.196166
-539.215698
-1313.725463
-2088.235351
-2647.058837
-2813.725585
-2686.274658
-2264.705810
-647.058837
333.333343
1147.058837
1872.549072
2480.392089
2764.706054
2794.117675
2392.156982
1833.333374
1078.431396
-911.764709
-1647.058837
-2372.549072
-2833.333496
-2460.784423
-1980.392211
-1205.882324
-176.470596
676.470581
1411.764770
2176.470703
2617.647216
2774.509765
2598.039306
2186.274658
1578.431396
666.666687
-294.117645
-1156.862792
-1872.549072
-2509.803955
-2774.509765
-2813.725585
-2421.568603
-1852.941162
68.627449
862.745117
1617.647094
2333.333496
2676.470703
2803.921630
2568.627441
1274.509887
294.117645
-598.039245
-1352.941162
-2137.254882
-2647.058837
-2813.725585
-2196.078369
-1509.803955
-558.823547
382.352935
1166.666748
1911.764770
2764.706054
2686.274658
2294.117675
1745.098022
892.156860
-68.627449
-862.745117
-2441.176513
-2745.098144
-2843.137207
-2470.588378
-2000.000000
-1294.117675
-264.705902
1480.392211
2205.882324
2696.078369
2813.725585
2627.450927
2176.470703
1519.607910
-490.196075
-1274.509887
-2039.215698
-2598.039306
-2833.333496
-2705.882324
-2323.529541
-1735.294189
-823.529418
156.862747
1843.137329
2470.588378
2754.902099
2833.333496
2411.764648
1852.941162
1117.647094
107.843139
-725.490234
-1500.000000
-2705.882324
-2803.921630
-2598.039306
-2166.666748
-343.137268
549.019592
1303.921630
2068.627441
2588.235351
2794.117675
2205.882324
1568.627441
676.470581
-303.921569
-1117.647094
-1872.549072
-2480.392089
-2764.706054
-2362.745117
-1764.705932
-901.960815
58.823532
823.529418
1607.843139
2715.686279
2843.137207
2480.392089
2029.411743
1294.117675
303.921569
-568.627441
-2215.686279
-2696.078369
-2823.529541
-2627.450927
-2196.078369
-1539.215698
-578.431396
372.549041
1186.274536
1911.764770
2500.000000
2745.098144
2794.117675
2392.156982
1813.725463
1078.431396
88.235298
-725.490234
-1470.588256
-2245.098144
-2696.078369
-2568.627441
-2107.843261
-1372.549072
-392.156860
509.803924
1254.901977
2029.411743
2774.509765
2627.450927
2205.882324
1647.058837
764.705871
-196.078430
-1049.019653
-2500.000000
-2784.313720
-2833.333496
-2421.568603
-1862.745117
-1088.235351
-78.431373
1637.254882
2362.745117
2725.490234
2794.117675
2509.803955
2058.823486
1352.941162
372.549041
-519.607849
-1313.725463
-2058.823486
-2617.647216
-2794.117675
-2686.274658
-2294.117675
-1696.078491
-784.313720
205.882354
1862.745117
2480.392089
2764.706054
2794.117675
2392.156982
1803.921630
1049.019653
68.627449
-735.294128
-1500.000000
-2196.078369
-2686.274658
-2833.333496
-2637.254882
-2196.078369
-1549.019653
-588.235290
352.941192
2019.607910
2539.215820
2774.509765
2715.686279
2333.333496
1735.294189
911.764709
-29.411766
-862.745117
-1647.058837
-2735.294189
-2843.137207
-2509.803955
-1990.196166
-1254.901977
-235.294128
637.254943
2245.098144
2666.666748
2784.313720
2568.627441
2156.862792
1470.588256
539.215698
-1303.921630
-2078.431396
-2637.254882
-2833.333496
-2686.274658
-2264.705810
-1705.882324
-774.509826
215.686279
1039.215698
2490.196044
2754.902099
2784.313720
2382.353027
1803.921630
1078.431396
88.235298
-1627.451049
-2362.745117
-2725.490234
-2843.137207
-2529.411865
-2068.627441
-1333.333374
-333.333343
568.627441
1323.529418
2627.450927
2803.921630
2607.843261
1411.764770
500.000000
-343.137268
-1176.470581
-1931.372558
-2519.607910
-2803.921630
-2313.725585
-1745.098022
-862.745117
98.039215
892.156860
1627.451049
2333.333496
2803.921630
2450.980468
2000.000000
1303.921630
333.333343
-568.627441
-1333.333374
-2676.470703
-2833.333496
-2637.254882
-2205.882324
-1539.215698
-588.235290
352.941192
1147.058837
1882.353027
2500.000000
2764.706054
2352.941162
1745.098022
990.196105
39.215686
-754.901977
-1529.411743
-2294.117675
-2696.078369
-2823.529541
-2598.039306
-2156.862792
-1450.980468
-500.000000
372.549041
2039.215698
2568.627441
2774.509765
2715.686279
2303.921630
1705.882324
892.156860
-1068.627441
-1833.333374
-2490.196044
-2794.117675
-2823.529541
-2431.372558
-1862.745117
-1098.039184
-68.627449
725.490234
1490.196166
2245.098144
2676.470703
2794.117675
2578.431396
2156.862792
1490.196166
558.823547
-1264.705932
-2058.823486
-2617.647216
-2823.529541
-2686.274658
-2294.117675
-1676.470581
-774.509826
176.470596
1019.607849
2470.588378
2764.706054
2784.313720
1754.901977
950.980407
29.411766
-774.509826
-1568.627441
-2303.921630
-2705.882324
-2529.411865
-2049.019531
-1313.725463
-303.921569
588.235290
1323.529418
2117.647216
2637.254882
2794.117675
2637.254882
1509.803955
627.450988
-323.529418
-1147.058837
-1911.764770
-2519.607910
-2794.117675
-2794.117675
-2401.960937
-1794.117675
-980.392150
-29.411766
764.705871
1509.803955
2254.902099
2686.274658
2794.117675
2607.843261
2137.254882
1460.784301
519.607849
-411.764709
-2058.823486
-2607.843261
-2803.921630
-2676.470703
-2303.921630
-1715.686279
-813.725524
147.058822
1000.000000
1696.078491
2725.490234
2784.313720
2441.176513
1950.980468
1215.686279
176.470596
-656.862731
-2284.313720
-2715.686279
-2833.333496
-2578.431396
-2127.450927
-1411.764770
-460.784332
1352.941162
2127.450927
2627.450927
2774.509765
2637.254882
2235.294189
1647.058837
745.098083
-186.274520
-1029.411743
-1803.921630
-2460.784423
-2784.313720
-2833.333496
-2431.372558
-1862.745117
-1098.039184
-127.450981
1647.058837
2333.333496
2686.274658
2784.313720
2519.607910
2078.431396
1362.745117
411.764709
-519.607849
-1294.117675
-2088.235351
-2637.254882
-2813.725585
-2686.274658
-2284.313720
-1705.882324
-784.313720
196.078430
1852.941162
2480.392089
2764.706054
2803.921630
2401.960937
1833.333374
1068.627441
78.431373
-725.490234
-1490.196166
-2725.490234
-2852.941162
-2558.823486
-1274.509887
-264.705902
598.039245
1362.745117
2147.058837
2666.666748
2803.921630
2166.666748
1529.411743
598.039245
-333.333343
-1166.666748
-1911.764770
-2529.411865
-2705.882324
-2313.725585
-1735.294189
-823.529418
127.450981
950.980407
1666.666748
2735.294189
2784.313720
2431.372558
1941.176513
1176.470581
196.078430
-647.058837
-2264.705810
-2715.686279
-2823.529541
-2607.843261
-2147.058837
-1441.176513
-470.588256
470.588256
1245.098022
1990.196166
2794.117675
2637.254882
2245.098144
1696.078491
794.117675
-166.666671
-1000.000000
-2441.176513
-2764.706054
-2813.725585
-2450.980468
-1931.372558
-1137.254882
882.352966
1627.451049
2333.333496
2705.882324
2813.725585
2539.215820
2088.235351
1362.745117
401.960784
-500.000000
-1235.294189
-2588.235351
-2803.921630
-2676.470703
-2294.117675
-1705.882324
-774.509826
1127.451049
1892.156860
2490.196044
2764.706054
2803.921630
2382.353027
1803.921630
-58.823532
-882.352966
-1647.058837
-2362.745117
-2725.490234
-2833.333496
-2549.019775
-1254.901977
-225.490203
617.647094
1372.549072
2137.254882
2627.450927
2813.725585
2166.666748
1509.803955
578.431396
-372.549041
-1166.666748
-1950.980468
-2539.215820
-2725.490234
-2313.725585
-1735.294189
-833.333374
127.450981
950.980407
2441.176513
2754.902099
2813.725585
2441.176513
1960.784301
1215.686279
186.274520
-1539.215698
-2274.509765
-2715.686279
-2833.333496
-2607.843261
-2137.254882
-1411.764770
-411.764709
480.392150
1264.705932
2617.647216
2813.725585
2637.254882
2235.294189
1676.470581
764.705871
-176.470596
-1862.745117
-2500.000000
-2784.313720
-2803.921630
-2441.176513
-1882.353027
-1088.235351
911.764709
1656.862792
2343.137207
2715.686279
2803.921630
2509.803955
2088.235351
1343.137329
372.549041
-529.411804
-2156.862792
-2656.862792
-2823.529541
-2617.647216
-2225.490234
-1588.235351
-656.862731
1235.294189
2029.411743
2588.235351
2784.313720
2705.882324
2303.921630
1705.882324
882.352966
-88.235298
-882.352966
-1666.666748
-2382.353027
-2725.490234
-2833.333496
-2529.411865
-2068.627441
-1313.725463
-303.921569
1460.784301
2225.490234
2676.470703
2803.921630
2607.843261
2186.274658
1519.607910
598.039245
-352.941192
-1166.666748
-2588.235351
-2803.921630
-2745.098144
-2323.529541
-1735.294189
-872.549011
88.235298
1745.098022
2421.568603
2725.490234
2794.117675
2441.176513
1980.392211
1225.490234
225.490203
-647.058837
-1392.156860
-2186.274658
-2686.274658
-2833.333496
-2617.647216
-2215.686279
-1568.627441
-617.647094
323.529418
1990.196166
2529.411865
2774.509765
2735.294189
2343.137207
1735.294189
911.764709
-1029.411743
-1813.725463
-2470.588378
-2754.902099
-2813.725585
-2421.568603
-1019.607849
0.000000
666.666687
1421.568603
2186.274658
2647.058837
2803.921630
2156.862792
1441.176513
549.019592
-392.156860
-1205.882324
-1970.588256
-2568.627441
-2686.274658
-2264.705810
-1705.882324
-774.509826
176.470596
990.196105
1715.686279
2725.490234
2784.313720
2411.764648
1931.372558
1166.666748
147.058822
-686.274536
-1441.176513
-2215.686279
-2696.078369
-2578.431396
-2107.843261
-1392.156860
-421.568634
480.392150
1274.509887
2019.607910
2784.313720
2627.450927
2245.098144
1676.470581
784.313720
-176.470596
-1000.000000
-2460.784423
-2784.313720
-2833.333496
-2450.980468
-1882.353027
-1127.451049
-117.647064
696.078430
1450.980468
2205.882324
2794.117675
2539.215820
2098.039306
1392.156860
460.784332
-480.392150
-1254.901977
-2637.254882
-2813.725585
-2647.058837
-2264.705810
-1666.666748
-735.294128
235.294128
1039.215698
1794.117675
2450.980468
2754.902099
2803.921630
2441.176513
1941.176513
1147.058837
156.862747
-676.470581
-1431.372558
-2715.686279
-2823.529541
-2598.039306
-2137.254882
-1411.764770
-441.176483
500.000000
1205.882324
1960.784301
2519.607910
2676.470703
2294.117675
1725.490234
852.941162
-107.843139
-941.176513
-1715.686279
-2764.706054
-2823.529541
-2431.372558
-1921.568603
-1166.666748
-117.647064
715.686279
2284.313720
2686.274658
2784.313720
2568.627441
2127.450927
1431.372558
450.980407
-450.980407
-1245.098022
-2000.000000
-2813.725585
-2715.686279
-2313.725585
-725.490234
235.294128
1078.431396
1833.333374
2460.784423
2735.294189
2774.509765
1774.509887
990.196105
49.019607
-745.098083
-1490.196166
-2245.098144
-2686.274658
-2549.019775
-2078.431396
-1372.549072
-382.352935
529.411804
1274.509887
2049.019531
2774.509765
2607.843261
2225.490234
1647.058837
725.490234
-225.490203
-1039.215698
-2529.411865
-2803.921630
-2803.921630
-2392.156982
-1784.313720
-1000.000000
-78.431373
1656.862792
2362.745117
2715.686279
2803.921630
2500.000000
2098.039306
294.117645
-578.431396
-1352.941162
-2127.450927
-2647.058837
-2803.921630
-2656.862792
-1529.411743
-558.823547
401.960784
1166.666748
1941.176513
2539.215820
2794.117675
2284.313720
1715.686279
843.137268
-88.235298
-911.764709
-1637.254882
-2362.745117
-2823.529541
-2480.392089
-1980.392211
-1176.470581
-176.470596
656.862731
1411.764770
2186.274658
2666.666748
2813.725585
2617.647216
2186.274658
1578.431396
627.450988
-294.117645
-1127.451049
-1882.353027
-2500.000000
-2794.117675
-2382.353027
-1784.313720
-970.588256
9.803922
735.294128
1490.196166
2225.490234
2656.862792
2803.921630
2127.450927
1392.156860
431.372558
-460.784332
-1274.509887
-2029.411743
-2598.039306
-2656.862792
-2245.098144
-1647.058837
-715.686279
245.098037
1049.019653
1794.117675
2774.509765
2774.509765
2372.549072
1784.313720
1068.627441
58.823532
-745.098083
-2352.941162
-2725.490234
-2862.745117
-2549.019775
-2088.235351
-1362.745117
-343.137268
549.019592
1294.117675
2088.235351
2784.313720
2607.843261
2196.078369
1588.235351
647.058837
-264.705902
-1117.647094
-1852.941162
-2500.000000
-2794.117675
-2813.725585
-2421.568603
-1911.764770
-1117.647094
-88.235298
725.490234
1470.588256
2205.882324
2823.529541
2549.019775
2117.647216
1372.549072
441.176483
-490.196075
-1254.901977
-2637.254882
-2813.725585
-2676.470703
-2264.705810
-1627.451049
-715.686279
245.098037
1068.627441
1784.313720
2431.372558
2735.294189
2813.725585
2441.176513
1960.784301
1156.862792
156.862747
-696.078430
-1450.980468
-2715.686279
-2843.137207
-2578.431396
-2147.058837
-1411.764770
-450.980407
460.784332
2088.235351
2598.039306
2803.921630
2666.666748
2254.902099
1715.686279
794.117675
-137.254898
-990.196105
-1715.686279
-2774.509765
-2823.529541
-2431.372558
-970.588256
0.000000
666.666687
1431.372558
2196.078369
2666.666748
2813.725585
2137.254882
1441.176513
490.196075
-431.372558
-1215.686279
-2009.803955
-2558.823486
-2676.470703
-2264.705810
-1647.058837
-784.313720
196.078430
1000.000000
1696.078491
2764.706054
2784.313720
2411.764648
1921.568603
1176.470581
156.862747
-686.274536
-2303.921630
-2715.686279
-2823.529541
-2588.235351
-2127.450927
-1401.960815
-411.764709
490.196075
1254.901977
2009.803955
2558.823486
2794.117675
2735.294189
2323.529541
1725.490234
872.549011
-78.431373
-872.549011
-2431.372558
-2735.294189
-2803.921630
-2490.196044
-2029.411743
-1225.490234
-235.294128
1529.411743
2264.705810
2696.078369
2803.921630
2578.431396
2156.862792
1450.980468
519.607849
-401.960784
-1215.686279
-2617.647216
-2813.725585
-2666.666748
-1588.235351
-666.666687
343.137268
1137.254882
1882.353027
2460.784423
2754.902099
2323.529541
1735.294189
931.372558
-49.019607
-843.137268
-1607.843139
-2333.333496
-2823.529541
-2500.000000
-2068.627441
-1333.333374
-294.117645
578.431396
1343.137329
2107.843261
2627.450927
2784.313720
2176.470703
1539.215698
598.039245
-333.333343
-1147.058837
-1911.764770
-2529.411865
-2715.686279
-2323.529541
-1725.490234
-823.529418
137.254898
980.392150
1676.470581
2362.745117
2715.686279
2813.725585
2500.000000
2088.235351
1362.745117
392.156860
-519.607849
-1294.117675
-2088.235351
-2617.647216
-2627.450927
-2215.686279
-1588.235351
-637.254943
313.725494
1147.058837
1892.156860
2764.706054
2754.902099
2352.941162
1754.901977
950.980407
0.000000
-696.078430
-2284.313720
-2696.078369
-2823.529541
-2607.843261
-2186.274658
-1411.764770
-441.176483
470.588256
1245.098022
1980.392211
2539.215820
2764.706054
2735.294189
2333.333496
1745.098022
921.568664
-19.607843
-843.137268
-2411.764648
-2754.902099
-2833.333496
-2509.803955
-2058.823486
-1254.901977
-294.117645
598.039245
1362.745117
2156.862792
2794.117675
2588.235351
2156.862792
1519.607910
588.235290
-362.745117
-1176.470581
-1950.980468
-2539.215820
-2794.117675
-2803.921630
-2352.941162
-1754.901977
-970.588256
19.607843
1676.470581
2392.156982
2725.490234
2823.529541
2480.392089
2019.607910
1303.921630
323.529418
-578.431396
-1343.137329
-2676.470703
-2823.529541
-2637.254882
-2196.078369
-1529.411743
-607.843139
362.745117
2029.411743
2568.627441
2784.313720
2705.882324
2303.921630
1735.294189
882.352966
-68.627449
-882.352966
-1656.862792
-2725.490234
-2833.333496
-2490.196044
-1127.451049
-117.647064
735.294128
1480.392211
2245.098144
2676.470703
2823.529541
2088.235351
1372.549072
411.764709
-480.392150
-1254.901977
-2019.607910
-2578.431396
-2647.058837
-2254.902099
-598.039245
352.941192
1147.058837
1882.353027
2500.000000
2764.706054
2813.725585
2421.568603
1892.156860
1166.666748
166.666671
-696.078430
-1460.784301
-2225.490234
-2705.882324
-2578.431396
-2137.254882
-1401.960815
-401.960784
490.196075
1254.901977
2009.803955
2794.117675
2627.450927
2245.098144
1627.451049
725.490234
-205.882354
-1039.215698
-1803.921630
-2460.784423
-2774.509765
-2392.156982
-1852.941162
-1009.803955
9.803922
764.705871
1500.000000
2215.686279
2803.921630
2578.431396
2137.254882
1421.568603
509.803924
-431.372558
-1215.686279
-2637.254882
-2813.725585
-2656.862792
-2284.313720
-1676.470581
-754.901977
196.078430
1019.607849
1774.509887
2431.372558
2813.725585
2401.960937
1882.353027
1078.431396
68.627449
-715.686279
-1509.803955
-2705.882324
-2813.725585
-2549.019775
-2107.843261
-1352.941162
-352.941192
549.019592
1313.725463
2098.039306
2617.647216
2764.706054
2647.058837
2284.313720
1666.666748
813.725524
-137.254898
-990.196105
-1725.490234
-2774.509765
-2833.333496
-2460.784423
-1921.568603
-1098.039184
-107.843139
745.098083
1500.000000
2176.470703
2647.058837
2803.921630
2617.647216
2215.686279
1568.627441
666.666687
-284.313720
-1147.058837
-2549.019775
-2794.117675
-2774.509765
-1686.274536
-813.725524
166.666671
980.392150
1705.882324
2411.764648
2725.490234
2421.568603
1931.372558
1137.254882
137.254898
-686.274536
-1470.588256
-2245.098144
-2803.921630
-2598.039306
-2147.058837
-1431.372558
-441.176483
490.196075
1264.705932
2009.803955
2539.215820
2803.921630
2264.705810
1676.470581
774.509826
-176.470596
-1000.000000
-1705.882324
-2421.568603
-2813.725585
-2450.980468
-1921.568603
-1147.058837
-137.254898
715.686279
1480.392211
2705.882324
2803.921630
2549.019775
2127.450927
1411.764770
441.176483
-460.784332
-1245.098022
-2029.411743
-2588.235351
-2656.862792
-2254.902099
-1666.666748
-705.882385
254.901962
1068.627441
1803.921630
2450.980468
2745.098144
2784.313720
1833.333374
1029.411743
-9.803922
-774.509826
-1509.803955
-2264.705810
-2705.882324
-2549.019775
-2088.235351
-1343.137329
-352.941192
558.823547
1333.333374
2098.039306
2774.509765
2588.235351
2235.294189
1568.627441
656.862731
-303.921569
-1107.843139
-2568.627441
-2803.921630
-2745.098144
-2343.137207
-1784.313720
-901.960815
1058.823608
1774.509887
2431.372558
2725.490234
2794.117675
2411.764648
1950.980468
39.215686
-784.313720
-1529.411743
-2294.117675
-2686.274658
-2843.137207
-2558.823486
-1323.529418
-323.529418
568.627441
1333.333374
2078.431396
2617.647216
2774.509765
2186.274658
1539.215698
617.647094
-323.529418
-1166.666748
-1921.568603
-2529.411865
-2803.921630
-2784.313720
-2382.353027
-1813.725463
-960.784301
9.803922
764.705871
1490.196166
2254.902099
2686.274658
2803.921630
2607.843261
2186.274658
1500.000000
-441.176483
-1254.901977
-2009.803955
-2558.823486
-2803.921630
-2735.294189
-2333.333496
-735.294128
225.490203
1058.823608
1774.509887
2421.568603
2754.902099
2833.333496
2441.176513
1941.176513
1186.274536
-813.725524
-1598.039184
-2323.529541
-2735.294189
-2833.333496
-2568.627441
-2068.627441
-264.705902
607.843139
1382.353027
2156.862792
2656.862792
2803.921630
2627.450927
2235.294189
1627.451049
735.294128
-205.882354
-1068.627441
-1803.921630
-2460.784423
-2774.509765
-2843.137207
-2431.372558
-1901.960815
-1088.235351
-88.235298
735.294128
2294.117675
2696.078369
2823.529541
2558.823486
2107.843261
1382.353027
401.960784
-1372.549072
-2166.666748
-2676.470703
-2823.529541
-2647.058837
-2235.294189
-1607.843139
421.568634
1196.078491
1980.392211
2549.019775
2784.313720
2735.294189
2333.333496
1745.098022
960.784301
0.000000
-666.666687
-1450.980468
-2215.686279
-2696.078369
-2852.941162
-2627.450927
-2196.078369
-1529.411743
509.803924
1284.313720
2029.411743
2598.039306
2774.509765
2705.882324
2313.725585
774.509826
-196.078430
-1029.411743
-1784.313720
-2450.980468
-2774.509765
-2833.333496
-1852.941162
-1029.411743
-9.803922
774.509826
1509.803955
2235.294189
2735.294189
2803.921630
2588.235351
2147.058837
1490.196166
558.823547
-392.156860
-1205.882324
-1960.784301
-2539.215820
-2794.117675
-2764.706054
-1715.686279
-833.333374
127.450981
970.588256
1696.078491
2352.941162
2725.490234
2431.372558
1921.568603
1166.666748
156.862747
-666.666687
-1460.784301
-2205.882324
-2813.725585
-2607.843261
-2147.058837
-1431.372558
-450.980407
480.392150
2088.235351
2627.450927
2823.529541
2666.666748
2264.705810
1647.058837
784.313720
-1137.254882
-1892.156860
-2500.000000
-2764.706054
-2813.725585
-2421.568603
-1911.764770
19.607843
803.921569
1568.627441
2284.313720
2686.274658
2784.313720
2588.235351
1323.529418
333.333343
-549.019592
-1333.333374
-2117.647216
-2656.862792
-2784.313720
-2205.882324
-1549.019653
-598.039245
343.137268
1166.666748
1911.764770
2813.725585
2705.882324
2313.725585
1725.490234
882.352966
-78.431373
-872.549011
-1647.058837
-2362.745117
-2735.294189
-2823.529541
-2549.019775
-2088.235351
-1323.529418
686.274536
1431.372558
2196.078369
2656.862792
2813.725585
2607.843261
2205.882324
1549.019653
617.647094
-303.921569
-1147.058837
-1892.156860
-2529.411865
-2813.725585
-2823.529541
-2382.353027
-1823.529418
-1009.803955
1019.607849
1745.098022
2411.764648
2725.490234
2823.529541
2470.588378
1990.196166
1235.294189
225.490203
-617.647094
-1392.156860
-2166.666748
-2676.470703
-2833.333496
-2627.450927
-2215.686279
-1578.431396
-656.862731
1245.098022
2019.607910
2529.411865
2754.902099
2715.686279
2323.529541
1725.490234
921.568664
-58.823532
-872.549011
-1637.254882
-2352.941162
-2725.490234
-2852.941162
-2529.411865
-2088.235351
-1343.137329
-352.941192
549.019592
1323.529418
2088.235351
2637.254882
2803.921630
2666.666748
2274.509765
656.862731
-264.705902
-1098.039184
-1872.549072
-2509.803955
-2764.706054
-2823.529541
-1803.921630
-941.176513
39.215686
823.529418
1578.431396
2274.509765
2696.078369
2813.725585
2588.235351
2137.254882
1441.176513
450.980407
-460.784332
-1254.901977
-2009.803955
-2568.627441
-2803.921630
-2735.294189
-1666.666748
-754.901977
225.490203
1039.215698
1774.509887
2441.176513
2735.294189
2813.725585
2431.372558
1970.588256
68.627449
-705.882385
-1500.000000
-2196.078369
-2843.137207
-2598.039306
-2127.450927
-1470.588256
-480.392150
450.980407
2049.019531
2588.235351
2813.725585
2637.254882
2274.509765
1666.666748
803.921569
-147.058822
-990.196105
-1715.686279
-2431.372558
-2823.529541
-2450.980468
-1931.372558
-1107.843139
-98.039215
715.686279
2303.921630
2715.686279
2803.921630
2568.627441
2117.647216
1431.372558
441.176483
-1362.745117
-2147.058837
-2647.058837
-2823.529541
-2656.862792
-2245.098144
-1598.039184
441.176483
1196.078491
1980.392211
2539.215820
2754.902099
2735.294189
2333.333496
1774.509887
970.588256
9.803922
-1627.451049
-2343.137207
-2725.490234
-2843.137207
-2558.823486
-2068.627441
-1333.333374
676.470581
1441.176513
2176.470703
2676.470703
2794.117675
2617.647216
2176.470703
1558.823608
666.666687
-294.117645
-1147.058837
-1892.156860
-2509.803955
-2784.313720
-2823.529541
-2401.960937
-1872.549072
-1029.411743
980.392150
1696.078491
2382.353027
2715.686279
2813.725585
2480.392089
2039.215698
1274.509887
294.117645
-578.431396
-2225.490234
-2676.470703
-2833.333496
-2627.450927
-2205.882324
-1549.019653
-588.235290
1274.509887
2029.411743
2588.235351
2794.117675
2686.274658
2284.313720
1676.470581
833.333374
-107.843139
-970.588256
-2460.784423
-2754.902099
-2813.725585
-1794.117675
-1009.803955
-29.411766
774.509826
1529.411743
2274.509765
2686.274658
2519.607910
2078.431396
1362.745117
372.549041
-509.803924
-1303.921630
-2078.431396
-2823.529541
-2637.254882
-2245.098144
-1588.235351
-647.058837
294.117645
1117.647094
2539.215820
2774.509765
2764.706054
2372.549072
1794.117675
970.588256
0.000000
-1568.627441
-2303.921630
-2823.529541
-2509.803955
-2078.431396
-176.470596
656.862731
1411.764770
2166.666748
2656.862792
2803.921630
2627.450927
1470.588256
519.607849
-421.568634
-1205.882324
-1970.588256
-2558.823486
-2794.117675
-2294.117675
-1676.470581
-764.705871
176.470596
1000.000000
1666.666748
2401.960937
2813.725585
2450.980468
1921.568603
1156.862792
156.862747
-676.470581
-1450.980468
-2196.078369
-2686.274658
-2843.137207
-2127.450927
-1441.176513
-441.176483
490.196075
1264.705932
1990.196166
2558.823486
2647.058837
2254.902099
1647.058837
764.705871
-176.470596
-1009.803955
-1764.705932
-2450.980468
-2754.902099
-2833.333496
-1911.764770
-1068.627441
-39.215686
1666.666748
2352.941162
2715.686279
2833.333496
2529.411865
2049.019531
1313.725463
333.333343
-558.823547
-1333.333374
-2107.843261
-2823.529541
-2647.058837
-2205.882324
-1529.411743
-588.235290
362.745117
2009.803955
2568.627441
2794.117675
2725.490234
2333.333496
1735.294189
872.549011
-1078.431396
-1833.333374
-2500.000000
-2774.509765
-2833.333496
-2450.980468
-1970.588256
-78.431373
754.901977
1519.607910
2245.098144
2686.274658
2813.725585
2598.039306
2176.470703
1509.803955
578.431396
-1274.509887
-2068.627441
-2617.647216
-2813.725585
-2715.686279
-2313.725585
-1696.078491
313.725494
1117.647094
1882.353027
2470.588378
2774.509765
2823.529541
2411.764648
1872.549072
1078.431396
58.823532
-1637.254882
-2343.137207
-2735.294189
-2509.803955
-2009.803955
-1254.901977
-215.686279
617.647094
1352.941162
2137.254882
2627.450927
2794.117675
2627.450927
2225.490234
1598.039184
696.078430
-225.490203
-1068.627441
-1823.529418
-2480.392089
-2774.509765
-2823.529541
-2441.176513
-1941.176513
-1098.039184
911.764709
1637.254882
2352.941162
2705.882324
2794.117675
2529.411865
2078.431396
1362.745117
343.137268
-539.215698
-1333.333374
-2098.039306
-2637.254882
-2833.333496
-2647.058837
-2264.705810
-1666.666748
-735.294128
196.078430
1039.215698
1774.509887
2754.902099
2823.529541
2411.764648
1882.353027
1107.843139
78.431373
-715.686279
-1500.000000
-2196.078369
-2676.470703
-2803.921630
-2637.254882
-2205.882324
-1549.019653
-607.843139
362.745117
1156.862792
1901.960815
2509.803955
2754.902099
2774.509765
2392.156982
911.764709
-39.215686
-823.529418
-1627.451049
-2313.725585
-2715.686279
-2813.725585
-2578.431396
-2107.843261
-1362.745117
666.666687
1421.568603
2166.666748
2637.254882
2794.117675
2607.843261
2215.686279
529.411804
-421.568634
-1235.294189
-1990.196166
-2578.431396
-2813.725585
-2754.902099
-2343.137207
-1754.901977
-892.156860
58.823532
843.137268
1598.039184
2323.529541
2725.490234
2813.725585
2529.411865
2098.039306
303.921569
-588.235290
-1362.745117
-2137.254882
-2647.058837
-2813.725585
-2656.862792
-1519.607910
-568.627441
382.352935
1186.274536
1941.176513
2539.215820
2784.313720
2764.706054
2362.745117
1803.921630
-137.254898
-960.784301
-1715.686279
-2794.117675
-2833.333496
-2421.568603
-1911.764770
-1117.647094
-117.647064
745.098083
2294.117675
2686.274658
2813.725585
2549.019775
2107.843261
1392.156860
431.372558
-1392.156860
-2156.862792
-2676.470703
-2833.333496
-2627.450927
-2225.490234
-1607.843139
-686.274536
284.313720
1107.843139
1882.353027
2480.392089
2764.706054
2803.921630
2401.960937
1921.568603
1127.451049
137.254898
-1617.647094
-2362.745117
-2725.490234
-2843.137207
-2568.627441
-2098.039306
-1372.549072
647.058837
1382.353027
2176.470703
2676.470703
2784.313720
2627.450927
2245.098144
1617.647094
715.686279
-225.490203
-1068.627441
-1833.333374
-2480.392089
-2774.509765
-2823.529541
-2450.980468
-1931.372558
-1127.451049
901.960815
1617.647094
2323.529541
2715.686279
2833.333496
2529.411865
2078.431396
1352.941162
352.941192
-529.411804
-1313.725463
-2088.235351
-2637.254882
-2823.529541
-2656.862792
-2254.902099
-1666.666748
-745.098083
205.882354
1019.607849
1784.313720
2764.706054
2803.921630
2382.353027
1901.960815
1117.647094
88.235298
-696.078430
-2303.921630
-2725.490234
-2833.333496
-2558.823486
-2127.450927
-1411.764770
-421.568634
1372.549072
2137.254882
2637.254882
2794.117675
2637.254882
2225.490234
1598.039184
686.274536
-254.901962
-1107.843139
-2549.019775
-2794.117675
-2754.902099
-2382.353027
-1823.529418
-950.980407
-9.803922
1647.058837
2352.941162
2696.078369
2813.725585
2519.607910
2058.823486
1343.137329
-666.666687
-1450.980468
-2205.882324
-2686.274658
-2833.333496
-2627.450927
-1401.960815
-441.176483
490.196075
1254.901977
2019.607910
2529.411865
2774.509765
2264.705810
1656.862792
774.509826
-166.666671
-1009.803955
-1774.509887
-2450.980468
-2754.902099
-2823.529541
-2441.176513
-1078.431396
-49.019607
764.705871
1500.000000
2196.078369
2676.470703
2803.921630
2147.058837
1480.392211
519.607849
-401.960784
-1205.882324
-1970.588256
-2558.823486
-2676.470703
-2294.117675
-1696.078491
-794.117675
176.470596
1009.803955
1745.098022
2735.294189
2803.921630
2421.568603
1901.960815
1117.647094
127.450981
-696.078430
-2323.529541
-2705.882324
-2833.333496
-2588.235351
-2117.647216
-1392.156860
-421.568634
1401.960815
2147.058837
2656.862792
2803.921630
2607.843261
2215.686279
568.627441
-382.352935
-1176.470581
-1950.980468
-2529.411865
-2813.725585
-2774.509765
-1715.686279
-823.529418
156.862747
1009.803955
1735.294189
2411.764648
2725.490234
2774.509765
2441.176513
1980.392211
98.039215
-696.078430
-1460.784301
-2225.490234
-2686.274658
-2813.725585
-2617.647216
-1392.156860
-411.764709
500.000000
1225.490234
1980.392211
2549.019775
2784.313720
2284.313720
1676.470581
823.529418
-147.058822
-990.196105
-1705.882324
-2401.960937
-2823.529541
