2794.117675
2627.450927
1500.000000
656.862731
-284.313720
-1127.451049
-1833.333374
-2500.000000
-2754.902099
-2362.745117
-1764.705932
-990.196105
-29.411766
794.117675
1549.019653
2254.902099
2666.666748
2774.509765
2578.431396
2127.450927
1460.784301
519.607849
-382.352935
-1205.882324
-1960.784301
-2539.215820
-2803.921630
-2274.509765
-1715.686279
-794.117675
196.078430
980.392150
1696.078491
2382.353027
2774.509765
2401.960937
1921.568603
1156.862792
156.862747
-686.274536
-1450.980468
-2205.882324
-2676.470703
-2813.725585
-2117.647216
-1382.353027
-450.980407
1362.745117
2127.450927
2627.450927
2784.313720
2598.039306
2225.490234
1666.666748
735.294128
-205.882354
-1058.823608
-1784.313720
-2764.706054
-2794.117675
-2382.353027
-1784.313720
-1000.000000
-68.627449
745.098083
1470.588256
2205.882324
2656.862792
2794.117675
2588.235351
2156.862792
1470.588256
529.411804
-382.352935
-1196.078491
-1931.372558
-2794.117675
-2666.666748
-2264.705810
-1715.686279
-813.725524
166.666671
990.196105
1705.882324
2372.549072
2686.274658
2774.509765
2441.176513
2009.803955
1294.117675
294.117645
-588.235290
-1352.941162
-2127.450927
-2647.058837
-2813.725585
-2647.058837
-1490.196166
-558.823547
392.156860
1186.274536
1941.176513
2519.607910
2764.706054
2284.313720
1696.078491
862.745117
-88.235298
-901.960815
-1637.254882
-2343.137207
-2823.529541
-2460.784423
-1950.980468
-1196.078491
-186.274520
656.862731
1421.568603
2176.470703
2656.862792
2803.921630
2107.843261
1421.568603
480.392150
-441.176483
-2068.627441
-2617.647216
-2803.921630
-2666.666748
-2264.705810
-1676.470581
362.745117
1156.862792
1911.764770
2480.392089
2735.294189
2764.706054
2352.941162
892.156860
-29.411766
-843.137268
-1607.843139
-2333.333496
-2715.686279
-2823.529541
-2529.411865
-2088.235351
-1333.333374
696.078430
1431.372558
2196.078369
2666.666748
2774.509765
2588.235351
2166.666748
480.392150
-431.372558
-1245.098022
-1980.392211
-2558.823486
-2803.921630
-2725.490234
-1676.470581
-754.901977
196.078430
1019.607849
1784.313720
2421.568603
2735.294189
2784.313720
2421.568603
1950.980468
78.431373
-686.274536
-1480.392211
-2235.294189
-2676.470703
-2823.529541
-2607.843261
-1362.745117
-343.137268
539.215698
1284.313720
2058.823486
2598.039306
2764.706054
2676.470703
2274.509765
1705.882324
-254.901962
-1098.039184
-1833.333374
-2794.117675
-2745.098144
-2352.941162
-1745.098022
-931.372558
39.215686
843.137268
2401.960937
2686.274658
2754.902099
2480.392089
2029.411743
1313.725463
323.529418
-1490.196166
-2235.294189
-2676.470703
-2813.725585
-2607.843261
-2147.058837
-1470.588256
558.823547
1303.921630
2058.823486
2568.627441
2774.509765
2656.862792
1598.039184
696.078430
-254.901962
-1078.431396
-1843.137329
-2509.803955
-2784.313720
-2362.745117
-1764.705932
-941.176513
19.607843
803.921569
1549.019653
2284.313720
2784.313720
2509.803955
2049.019531
1352.941162
362.745117
-539.215698
-1313.725463
-2676.470703
-2794.117675
-2617.647216
-2186.274658
-1519.607910
-588.235290
362.745117
1156.862792
1911.764770
2500.000000
2754.902099
2784.313720
2382.353027
1833.333374
1127.451049
107.843139
-735.294128
-1509.803955
-2715.686279
-2794.117675
-2558.823486
-2078.431396
-1343.137329
-343.137268
568.627441
2156.862792
2627.450927
2784.313720
2598.039306
2186.274658
1578.431396
676.470581
-274.509796
-1117.647094
-1843.137329
-2794.117675
-2764.706054
-2343.137207
-1735.294189
-911.764709
29.411766
843.137268
2372.549072
2715.686279
2803.921630
2470.588378
2000.000000
1382.353027
401.960784
-490.196075
-1264.705932
-2039.215698
-2598.039306
-2784.313720
-2676.470703
-2274.509765
-1715.686279
-813.725524
147.058822
990.196105
2421.568603
2725.490234
2764.706054
2401.960937
1921.568603
1215.686279
186.274520
-1568.627441
-2303.921630
-2705.882324
-2794.117675
-2578.431396
-2098.039306
-1382.353027
617.647094
1372.549072
2117.647216
2607.843261
2764.706054
2607.843261
1509.803955
588.235290
-343.137268
-1156.862792
-1921.568603
-2500.000000
-2764.706054
-2784.313720
-2392.156982
-1813.725463
-1049.019653
941.176513
1676.470581
2382.353027
2705.882324
2794.117675
2480.392089
1205.882324
186.274520
-647.058837
-1421.568603
-2156.862792
-2666.666748
-2813.725585
-2147.058837
-1411.764770
-441.176483
480.392150
1245.098022
2009.803955
2519.607910
2647.058837
2264.705810
1696.078491
803.921569
-147.058822
-1009.803955
-1745.098022
-2774.509765
-2794.117675
-2382.353027
-1823.529418
-1058.823608
-49.019607
745.098083
1480.392211
2225.490234
2656.862792
2774.509765
2568.627441
2156.862792
1509.803955
588.235290
-352.941192
-1176.470581
-1921.568603
-2784.313720
-2705.882324
-2313.725585
-1715.686279
-813.725524
107.843139
921.568664
1656.862792
2362.745117
2705.882324
2803.921630
2450.980468
2029.411743
1284.313720
313.725494
-578.431396
-1343.137329
-2137.254882
-2823.529541
-2627.450927
-2186.274658
-1500.000000
-637.254943
313.725494
1127.451049
2519.607910
2764.706054
2745.098144
2352.941162
1735.294189
960.784301
9.803922
-1637.254882
-2362.745117
-2725.490234
-2823.529541
-2500.000000
-2078.431396
-1362.745117
647.058837
1392.156860
2147.058837
2627.450927
2764.706054
2588.235351
1480.392211
558.823547
-372.549041
-1186.274536
-1941.176513
-2549.019775
-2803.921630
-2274.509765
-1705.882324
-803.921569
166.666671
1009.803955
1686.274536
2392.156982
2794.117675
2382.353027
1813.725463
1068.627441
58.823532
-735.294128
-1509.803955
-2245.098144
-2686.274658
-2823.529541
-2078.431396
-1343.137329
-362.745117
1431.372558
2186.274658
2627.450927
2794.117675
2607.843261
2186.274658
1529.411743
598.039245
-343.137268
-1156.862792
-1901.960815
-2784.313720
-2725.490234
-2343.137207
-1725.490234
-882.352966
98.039215
1735.294189
2382.353027
2725.490234
2784.313720
2460.784423
1960.784301
1215.686279
-784.313720
-1549.019653
-2274.509765
-2696.078369
-2794.117675
-2578.431396
-2127.450927
-1411.764770
-460.784332
460.784332
2088.235351
2598.039306
2774.509765
2637.254882
2254.902099
1696.078491
784.313720
-1147.058837
-1882.353027
-2490.196044
-2784.313720
-2784.313720
-2411.764648
-1803.921630
88.235298
862.745117
1647.058837
2323.529541
2696.078369
2813.725585
2509.803955
2088.235351
1343.137329
392.156860
-509.803924
-1303.921630
-2058.823486
-2578.431396
-2803.921630
-2666.666748
-2254.902099
-1696.078491
343.137268
1137.254882
1862.745117
2450.980468
2735.294189
2784.313720
2392.156982
941.176513
-29.411766
-803.921569
-1607.843139
-2313.725585
-2725.490234
-2813.725585
-2000.000000
-1333.333374
-333.333343
578.431396
1323.529418
2107.843261
2784.313720
2588.235351
2176.470703
1549.019653
656.862731
-294.117645
-1137.254882
-2568.627441
-2784.313720
-2735.294189
-2303.921630
-1735.294189
-892.156860
58.823532
1754.901977
2411.764648
2715.686279
2764.706054
2450.980468
1990.196166
1254.901977
-754.901977
-1519.607910
-2254.902099
-2686.274658
-2823.529541
-2588.235351
-2137.254882
-372.549041
539.215698
1303.921630
2068.627441
2568.627441
2764.706054
2215.686279
1607.843139
696.078430
-245.098037
-1078.431396
-1833.333374
-2480.392089
-2754.902099
-2362.745117
-1735.294189
-941.176513
19.607843
794.117675
1578.431396
2696.078369
2794.117675
2490.196044
2039.215698
1333.333374
323.529418
-549.019592
-2196.078369
-2666.666748
-2823.529541
-2607.843261
-2176.470703
-1519.607910
-588.235290
352.941192
1147.058837
1921.568603
2774.509765
2715.686279
2323.529541
754.901977
-186.274520
-1039.215698
-1784.313720
-2441.176513
-2774.509765
-2823.529541
-1794.117675
-1000.000000
-88.235298
735.294128
1490.196166
2235.294189
2666.666748
2549.019775
2078.431396
1372.549072
401.960784
-490.196075
-1274.509887
-2019.607910
-2794.117675
-2627.450927
-2225.490234
-1627.451049
-696.078430
264.705902
1049.019653
1813.725463
2431.372558
2725.490234
2362.745117
1754.901977
1000.000000
88.235298
-696.078430
-1460.784301
-2225.490234
-2803.921630
-2568.627441
-2117.647216
-1372.549072
-401.960784
480.392150
1235.294189
2019.607910
2558.823486
2784.313720
2205.882324
1617.647094
754.901977
-215.686279
-1058.823608
-1784.313720
-2441.176513
-2754.902099
-2813.725585
-2411.764648
-1872.549072
-1098.039184
-88.235298
725.490234
1450.980468
2205.882324
2666.666748
2784.313720
2588.235351
2166.666748
1519.607910
607.843139
-352.941192
-1176.470581
-1911.764770
-2529.411865
-2784.313720
-2764.706054
-2362.745117
-1745.098022
-970.588256
-9.803922
764.705871
2343.137207
2686.274658
2813.725585
2529.411865
2088.235351
1372.549072
401.960784
-1372.549072
-2156.862792
-2656.862792
-2813.725585
-2627.450927
-2196.078369
-509.803924
421.568634
1205.882324
1960.784301
2549.019775
2774.509765
2745.098144
1696.078491
843.137268
-107.843139
-941.176513
-1696.078491
-2382.353027
-2715.686279
-2421.568603
-1872.549072
-1127.451049
-107.843139
735.294128
1490.196166
2235.294189
2764.706054
2529.411865
2068.627441
1362.745117
392.156860
-500.000000
-1215.686279
-1990.196166
-2558.823486
-2803.921630
-2254.902099
-1656.862792
-735.294128
235.294128
1068.627441
1794.117675
2441.176513
2745.098144
2352.941162
1754.901977
990.196105
58.823532
-745.098083
-1500.000000
-2696.078369
-2813.725585
-2588.235351
-2137.254882
-1421.568603
-441.176483
490.196075
1245.098022
1980.392211
2549.019775
2784.313720
2715.686279
2303.921630
754.901977
-205.882354
-1029.411743
-1784.313720
-2470.588378
-2764.706054
-2794.117675
-2421.568603
-1892.156860
-1117.647094
892.156860
1617.647094
2313.725585
2686.274658
2784.313720
2549.019775
2078.431396
245.098037
-598.039245
-1362.745117
-2137.254882
-2656.862792
-2794.117675
-2627.450927
-1470.588256
-539.215698
421.568634
1186.274536
1941.176513
2519.607910
2784.313720
2764.706054
2352.941162
1745.098022
-127.450981
-970.588256
-1705.882324
-2392.156982
-2735.294189
-2803.921630
-2470.588378
-1137.254882
-117.647064
705.882385
1470.588256
2215.686279
2666.666748
2794.117675
2088.235351
1372.549072
411.764709
-490.196075
-1264.705932
-2000.000000
-2539.215820
-2686.274658
-2284.313720
-1696.078491
-784.313720
176.470596
1000.000000
1696.078491
2372.549072
2696.078369
2784.313720
1960.784301
1186.274536
166.666671
-666.666687
-1431.372558
-2176.470703
-2666.666748
-2803.921630
-2617.647216
-2166.666748
-1529.411743
-568.627441
372.549041
1186.274536
1931.372558
2519.607910
2774.509765
2764.706054
1715.686279
872.549011
-78.431373
-872.549011
-1627.451049
-2333.333496
-2735.294189
-2460.784423
-1960.784301
-1205.882324
-176.470596
676.470581
1392.156860
2166.666748
2647.058837
2794.117675
2598.039306
2176.470703
1588.235351
676.470581
-274.509796
-1098.039184
-1843.137329
-2470.588378
-2764.706054
-2352.941162
-1745.098022
-921.568664
29.411766
823.529418
1568.627441
2284.313720
2803.921630
2490.196044
2039.215698
1294.117675
303.921569
-578.431396
-1343.137329
-2666.666748
-2784.313720
-2598.039306
-2156.862792
-1500.000000
-647.058837
1235.294189
1980.392211
2529.411865
2774.509765
2725.490234
2333.333496
1696.078491
-225.490203
-1068.627441
-1803.921630
-2470.588378
-2754.902099
-2803.921630
-2392.156982
-990.196105
-29.411766
794.117675
1519.607910
2215.686279
2686.274658
2803.921630
2058.823486
1343.137329
362.745117
-529.411804
-1313.725463
-2088.235351
-2627.450927
-2803.921630
-2656.862792
-2254.902099
-647.058837
313.725494
1117.647094
1843.137329
2480.392089
2754.902099
2794.117675
2392.156982
1852.941162
1068.627441
68.627449
-735.294128
-1500.000000
-2196.078369
-2676.470703
-2803.921630
-2598.039306
-2196.078369
-480.392150
450.980407
1215.686279
1970.588256
2539.215820
2764.706054
2745.098144
1676.470581
823.529418
-127.450981
-960.784301
-1696.078491
-2401.960937
-2735.294189
-2431.372558
-1921.568603
-1137.254882
-107.843139
715.686279
1480.392211
2215.686279
2696.078369
2803.921630
2588.235351
1372.549072
441.176483
-470.588256
-1254.901977
-2029.411743
-2568.627441
-2803.921630
-2686.274658
-2294.117675
-1705.882324
-803.921569
156.862747
970.588256
1696.078491
2382.353027
2705.882324
2794.117675
2460.784423
1137.254882
147.058822
-715.686279
-1441.176513
-2205.882324
-2666.666748
-2803.921630
-2137.254882
-1382.353027
-411.764709
500.000000
1225.490234
1950.980468
2519.607910
2754.902099
2745.098144
2333.333496
1764.705932
970.588256
19.607843
-774.509826
-1529.411743
-2274.509765
-2686.274658
-2823.529541
-2039.215698
-1313.725463
-313.725494
568.627441
1323.529418
2098.039306
2627.450927
2598.039306
2186.274658
1549.019653
637.254943
-313.725494
-1147.058837
-1862.745117
-2480.392089
-2754.902099
-2794.117675
-2372.549072
-1794.117675
-1009.803955
-9.803922
745.098083
1480.392211
2205.882324
2656.862792
2519.607910
2098.039306
1401.960815
421.568634
-480.392150
-1254.901977
-2009.803955
-2803.921630
-2637.254882
-2254.902099
-1647.058837
-725.490234
254.901962
1088.235351
1784.313720
2421.568603
2745.098144
2372.549072
1784.313720
1009.803955
-990.196105
-1686.274536
-2392.156982
-2725.490234
-2803.921630
-2460.784423
-2000.000000
-186.274520
656.862731
1421.568603
2147.058837
2637.254882
2764.706054
2607.843261
1450.980468
529.411804
-401.960784
-1205.882324
-1950.980468
-2539.215820
-2784.313720
-2764.706054
-2362.745117
-1735.294189
176.470596
1009.803955
1725.490234
2392.156982
2705.882324
2774.509765
2441.176513
1960.784301
1245.098022
245.098037
-1529.411743
-2254.902099
-2686.274658
-2813.725585
-2588.235351
-2147.058837
-1421.568603
558.823547
1313.725463
2088.235351
2617.647216
2794.117675
2627.450927
2235.294189
617.647094
-343.137268
-1186.274536
-1911.764770
-2509.803955
-2774.509765
-2794.117675
-1745.098022
-901.960815
78.431373
872.549011
1617.647094
2303.921630
2676.470703
2784.313720
2539.215820
2107.843261
1372.549072
421.568634
-480.392150
-1264.705932
-2019.607910
-2578.431396
-2794.117675
-2696.078369
-1627.451049
-725.490234
245.098037
1049.019653
1794.117675
2450.980468
2735.294189
2774.509765
2401.960937
1921.568603
1166.666748
176.470596
-676.470581
-1450.980468
-2176.470703
-2656.862792
-2813.725585
-2617.647216
-1401.960815
-470.588256
470.588256
1245.098022
1990.196166
2558.823486
2784.313720
2235.294189
1656.862792
774.509826
-176.470596
-1039.215698
-1764.705932
-2441.176513
-2803.921630
-2382.353027
-1794.117675
-1000.000000
-68.627449
735.294128
2303.921630
2705.882324
2823.529541
2558.823486
2098.039306
1372.549072
411.764709
-1372.549072
-2147.058837
-2637.254882
-2784.313720
-2647.058837
-2235.294189
-1598.039184
431.372558
1176.470581
1941.176513
2529.411865
2784.313720
2764.706054
2323.529541
823.529418
-147.058822
-980.392150
-1715.686279
-2401.960937
-2725.490234
-2813.725585
-1931.372558
-1137.254882
-127.450981
696.078430
1441.176513
2705.882324
2784.313720
2549.019775
2107.843261
1392.156860
470.588256
-480.392150
-2078.431396
-2617.647216
-2813.725585
-2656.862792
-2254.902099
-1676.470581
-745.098083
1186.274536
1921.568603
2500.000000
2774.509765
2784.313720
2392.156982
1813.725463
1068.627441
68.627449
-735.294128
-1500.000000
-2215.686279
-2676.470703
-2794.117675
-2617.647216
-2176.470703
-1519.607910
-607.843139
382.352935
1166.666748
1950.980468
2774.509765
2676.470703
2313.725585
1725.490234
882.352966
-58.823532
-872.549011
-2421.568603
-2764.706054
-2843.137207
-2480.392089
-2000.000000
-1303.921630
-313.725494
1480.392211
2196.078369
2666.666748
2774.509765
2578.431396
2156.862792
1509.803955
-490.196075
-1254.901977
-2000.000000
-2529.411865
-2803.921630
-2735.294189
-2323.529541
-1725.490234
-862.745117
88.235298
1764.705932
2441.176513
2725.490234
2784.313720
2431.372558
1941.176513
1186.274536
-823.529418
-1578.431396
-2313.725585
-2803.921630
-2460.784423
-2009.803955
-1264.705932
-254.901962
588.235290
1352.941162
2627.450927
2754.902099
2588.235351
2166.666748
1539.215698
607.843139
-333.333343
-1990.196166
-2578.431396
-2794.117675
-2686.274658
-2294.117675
-1715.686279
-823.529418
156.862747
1000.000000
1676.470581
2382.353027
2696.078369
2784.313720
2470.588378
2029.411743
1294.117675
313.725494
-558.823547
-2186.274658
-2666.666748
-2823.529541
-2607.843261
-2186.274658
-1490.196166
-558.823547
1303.921630
2049.019531
2558.823486
2754.902099
2666.666748
2284.313720
1715.686279
833.333374
-117.647064
-950.980407
-2421.568603
-2764.706054
-2803.921630
-2450.980468
-1950.980468
-1156.862792
-176.470596
1588.235351
2313.725585
2686.274658
2774.509765
2549.019775
2107.843261
323.529418
-578.431396
-1323.529418
-2127.450927
-2637.254882
-2794.117675
-2627.450927
-1509.803955
-588.235290
392.156860
1147.058837
1882.353027
2500.000000
2764.706054
2343.137207
1764.705932
990.196105
49.019607
-745.098083
-1480.392211
-2235.294189
-2696.078369
-2813.725585
-2588.235351
-1343.137329
-352.941192
549.019592
1303.921630
2049.019531
2549.019775
2774.509765
2196.078369
1568.627441
676.470581
-284.313720
-1107.843139
-1843.137329
-2470.588378
-2754.902099
-2352.941162
-1745.098022
-921.568664
39.215686
833.333374
1588.235351
2323.529541
2676.470703
2813.725585
2549.019775
2107.843261
1372.549072
421.568634
-480.392150
-1274.509887
-2009.803955
-2568.627441
-2784.313720
-2725.490234
-1647.058837
-725.490234
245.098037
1049.019653
1774.509887
2392.156982
2725.490234
2382.353027
1803.921630
1078.431396
68.627449
-725.490234
-1480.392211
-2235.294189
-2813.725585
-2539.215820
-2068.627441
-1333.333374
-323.529418
558.823547
1303.921630
2078.431396
2598.039306
2774.509765
2215.686279
1588.235351
686.274536
-274.509796
-1117.647094
-1852.941162
-2480.392089
-2735.294189
-2333.333496
-1735.294189
-892.156860
68.627449
852.941162
1578.431396
2705.882324
2784.313720
2470.588378
1990.196166
1264.705932
294.117645
-598.039245
-2196.078369
-2676.470703
-2803.921630
-2627.450927
-2166.666748
-1509.803955
-568.627441
392.156860
1186.274536
1911.764770
2509.803955
2784.313720
2754.902099
2352.941162
1774.509887
990.196105
58.823532
-715.686279
-1519.607910
-2264.705810
-2705.882324
-2549.019775
-2078.431396
-1343.137329
-343.137268
549.019592
1294.117675
2049.019531
2823.529541
2617.647216
2186.274658
1558.823608
647.058837
-284.313720
-1127.451049
-1872.549072
-2480.392089
-2774.509765
-2774.509765
-2392.156982
-1813.725463
-1039.215698
-39.215686
784.313720
1558.823608
2264.705810
2794.117675
2529.411865
2058.823486
1323.529418
352.941192
-539.215698
-1303.921630
-2656.862792
-2813.725585
-2627.450927
-2186.274658
-1539.215698
-607.843139
1235.294189
2019.607910
2558.823486
2774.509765
2696.078369
2313.725585
1715.686279
-225.490203
-1049.019653
-1794.117675
-2460.784423
-2745.098144
-2803.921630
-2392.156982
-980.392150
-29.411766
803.921569
1509.803955
2254.902099
2656.862792
2794.117675
2058.823486
1333.333374
372.549041
-509.803924
-1313.725463
-2068.627441
-2607.843261
-2627.450927
-2215.686279
-1598.039184
-637.254943
323.529418
1137.254882
1872.549072
2460.784423
2754.902099
2794.117675
1745.098022
941.176513
-9.803922
-774.509826
-1549.019653
-2264.705810
-2686.274658
-2519.607910
-2078.431396
-1333.333374
-333.333343
588.235290
1323.529418
2068.627441
2607.843261
2784.313720
2617.647216
1568.627441
627.450988
-303.921569
-1960.784301
-2539.215820
-2794.117675
-2715.686279
-2333.333496
-1754.901977
-882.352966
1068.627441
1794.117675
2411.764648
2735.294189
2784.313720
2421.568603
1921.568603
29.411766
-774.509826
-1529.411743
-2245.098144
-2686.274658
-2794.117675
-2568.627441
-1323.529418
-313.725494
588.235290
1333.333374
2107.843261
2607.843261
2598.039306
2176.470703
1549.019653
647.058837
-313.725494
-1137.254882
-1862.745117
-2500.000000
-2754.902099
-2813.725585
-2411.764648
-1000.000000
-58.823532
754.901977
1519.607910
2225.490234
2666.666748
2784.313720
2568.627441
2147.058837
1460.784301
549.019592
-382.352935
-1205.882324
-1921.568603
-2549.019775
-2794.117675
-2764.706054
-2372.549072
-833.333374
127.450981
950.980407
1686.274536
2372.549072
2715.686279
2803.921630
2490.196044
2049.019531
1274.509887
-696.078430
-1460.784301
-2205.882324
-2656.862792
-2813.725585
-2607.843261
-2176.470703
-441.176483
470.588256
1245.098022
2000.000000
2509.803955
2764.706054
2745.098144
1696.078491
843.137268
-88.235298
-892.156860
-1647.058837
-2362.745117
-2705.882324
-2450.980468
-1950.980468
-1186.274536
-147.058822
705.882385
1431.372558
2686.274658
2784.313720
2558.823486
2117.647216
1411.764770
490.196075
-431.372558
-2078.431396
-2617.647216
-2803.921630
-2647.058837
-2254.902099
-1686.274536
-764.705871
1166.666748
1911.764770
2500.000000
2745.098144
2774.509765
2411.764648
1833.333374
-29.411766
-852.941162
-1617.647094
-2333.333496
-2696.078369
-2813.725585
-2568.627441
-1264.705932
-245.098037
617.647094
1333.333374
2107.843261
2627.450927
2578.431396
2166.666748
1500.000000
656.862731
-284.313720
-1117.647094
-1862.745117
-2784.313720
-2745.098144
-2333.333496
-1754.901977
-911.764709
29.411766
843.137268
2352.941162
2705.882324
2794.117675
2470.588378
2019.607910
1303.921630
294.117645
-1460.784301
-2215.686279
-2686.274658
-2813.725585
-2598.039306
-2156.862792
-1470.588256
509.803924
1274.509887
2039.215698
2598.039306
2764.706054
2656.862792
2284.313720
1705.882324
823.529418
-107.843139
-950.980407
-1705.882324
-2401.960937
-2803.921630
-2421.568603
-1941.176513
-1147.058837
-156.862747
705.882385
1490.196166
2676.470703
2794.117675
2558.823486
2098.039306
1392.156860
460.784332
-470.588256
-2107.843261
-2637.254882
-2803.921630
-2627.450927
-2254.902099
-1656.862792
-745.098083
254.901962
1029.411743
1784.313720
2421.568603
2725.490234
2784.313720
1794.117675
1029.411743
29.411766
-754.901977
-1519.607910
-2254.902099
-2686.274658
-2519.607910
-2068.627441
-1333.333374
-343.137268
558.823547
1333.333374
2098.039306
2774.509765
2598.039306
2186.274658
1607.843139
666.666687
-294.117645
-1117.647094
-2529.411865
-2784.313720
-2745.098144
-2333.333496
-1735.294189
-911.764709
1049.019653
1764.705932
2411.764648
2725.490234
2774.509765
2421.568603
1950.980468
68.627449
-745.098083
-1500.000000
-2176.470703
-2656.862792
-2803.921630
-2627.450927
-1450.980468
-490.196075
460.784332
1215.686279
1970.588256
2509.803955
2784.313720
2254.902099
1696.078491
823.529418
-117.647064
-990.196105
-1686.274536
-2401.960937
-2823.529541
-2411.764648
-1843.137329
-1098.039184
-98.039215
696.078430
1450.980468
2196.078369
2666.666748
2803.921630
2588.235351
2166.666748
1500.000000
686.274536
-284.313720
-1098.039184
-1852.941162
-2500.000000
-2774.509765
-2372.549072
-1784.313720
-990.196105
-49.019607
725.490234
1500.000000
2696.078369
2784.313720
2549.019775
2117.647216
1441.176513
519.607849
-411.764709
-1215.686279
-1990.196166
-2539.215820
-2656.862792
-2264.705810
-1686.274536
-784.313720
196.078430
1009.803955
1745.098022
2735.294189
2774.509765
2392.156982
1784.313720
1078.431396
78.431373
-725.490234
-2313.725585
-2715.686279
-2813.725585
-2578.431396
-2078.431396
-1352.941162
-362.745117
1431.372558
2166.666748
2647.058837
2774.509765
2588.235351
2196.078369
490.196075
-411.764709
-1196.078491
-1980.392211
-2539.215820
-2794.117675
-2745.098144
-1686.274536
-764.705871
205.882354
1029.411743
1774.509887
2401.960937
2696.078369
2392.156982
1823.529418
1058.823608
88.235298
-715.686279
-1470.588256
-2235.294189
-2696.078369
-2803.921630
-2627.450927
-1372.549072
-392.156860
519.607849
1284.313720
2039.215698
2588.235351
2784.313720
2205.882324
1617.647094
715.686279
-1235.294189
-1950.980468
-2568.627441
-2803.921630
-2745.098144
-2343.137207
-1764.705932
215.686279
1009.803955
1754.901977
2411.764648
2705.882324
2823.529541
2470.588378
1068.627441
58.823532
-764.705871
-1500.000000
-2186.274658
-2666.666748
-2813.725585
-2617.647216
-2176.470703
-1509.803955
500.000000
1225.490234
1980.392211
2549.019775
2764.706054
2725.490234
2323.529541
803.921569
-147.058822
-1000.000000
-1705.882324
-2401.960937
-2715.686279
-2813.725585
-2490.196044
-1990.196166
-1225.490234
-245.098037
617.647094
1372.549072
2107.843261
2627.450927
2794.117675
2617.647216
2235.294189
588.235290
-343.137268
-1186.274536
-1921.568603
-2519.607910
-2774.509765
-2794.117675
-1735.294189
-852.941162
107.843139
960.784301
1676.470581
2352.941162
2686.274658
2794.117675
2490.196044
2039.215698
1294.117675
294.117645
-588.235290
-1333.333374
-2117.647216
-2637.254882
-2803.921630
-2617.647216
-1500.000000
-647.058837
323.529418
1147.058837
1862.745117
2450.980468
2754.902099
2352.941162
1754.901977
960.784301
19.607843
-754.901977
-1509.803955
-2264.705810
-2813.725585
-2529.411865
-2058.823486
-1333.333374
-313.725494
578.431396
2176.470703
2627.450927
2784.313720
2588.235351
2186.274658
1549.019653
656.862731
-1235.294189
-1970.588256
-2568.627441
-2794.117675
-2754.902099
-2323.529541
-1735.294189
254.901962
1088.235351
1813.725463
2421.568603
2745.098144
2794.117675
2401.960937
1911.764770
1147.058837
147.058822
-666.666687
-1460.784301
-2215.686279
-2656.862792
-2578.431396
-2107.843261
-1401.960815
-421.568634
500.000000
1205.882324
2588.235351
2745.098144
2647.058837
2264.705810
1705.882324
823.529418
-127.450981
-1823.529418
-2470.588378
-2764.706054
-2823.529541
-2392.156982
-1823.529418
-1078.431396
-68.627449
754.901977
1519.607910
2696.078369
2794.117675
2529.411865
2049.019531
1362.745117
392.156860
-500.000000
-2098.039306
-2607.843261
-2813.725585
-2656.862792
-2274.509765
-1676.470581
-784.313720
1166.666748
1892.156860
2509.803955
2774.509765
2764.706054
2372.549072
1794.117675
-98.039215
-892.156860
-1647.058837
-2352.941162
-2705.882324
-2813.725585
-2509.803955
-2068.627441
-1323.529418
-323.529418
1460.784301
2215.686279
2666.666748
2794.117675
2568.627441
2147.058837
1519.607910
607.843139
-323.529418
-1176.470581
-1911.764770
-2500.000000
-2774.509765
-2813.725585
-2411.764648
-1833.333374
-1029.411743
-29.411766
1666.666748
2362.745117
2715.686279
2813.725585
2480.392089
2029.411743
1274.509887
-705.882385
-1460.784301
-2186.274658
-2676.470703
-2813.725585
-2627.450927
-2156.862792
-421.568634
529.411804
1264.705932
2039.215698
2539.215820
2794.117675
2205.882324
1637.254882
725.490234
-235.294128
-1078.431396
-1813.725463
-2450.980468
-2784.313720
-2352.941162
-1754.901977
-960.784301
0.000000
647.058837
1411.764770
2666.666748
2784.313720
2598.039306
2127.450927
1470.588256
549.019592
-392.156860
-2029.411743
-2568.627441
-2794.117675
-2686.274658
-2284.313720
-1725.490234
-794.117675
186.274520
1019.607849
1735.294189
2735.294189
2813.725585
2421.568603
1843.137329
1098.039184
88.235298
-676.470581
-2294.117675
-2715.686279
-2813.725585
-2549.019775
-2088.235351
-1392.156860
-411.764709
1392.156860
2156.862792
2813.725585
2578.431396
2127.450927
401.960784
-490.196075
-1274.509887
-2039.215698
-2588.235351
-2794.117675
-2686.274658
-1607.843139
-676.470581
284.313720
1078.431396
1843.137329
2441.176513
2784.313720
2333.333496
1745.098022
941.176513
-9.803922
-774.509826
-1529.411743
-2264.705810
-2696.078369
-2794.117675
-2578.431396
-1313.725463
-313.725494
588.235290
1303.921630
2068.627441
2607.843261
2794.117675
2166.666748
1519.607910
627.450988
-313.725494
-1176.470581
-1911.764770
-2529.411865
-2725.490234
-2333.333496
-1735.294189
-892.156860
98.039215
872.549011
1607.843139
2313.725585
2705.882324
2803.921630
2000.000000
1323.529418
313.725494
-1460.784301
-2205.882324
-2666.666748
-2794.117675
-2598.039306
-2147.058837
-1509.803955
-568.627441
401.960784
1166.666748
1901.960815
2490.196044
2764.706054
2764.706054
1725.490234
872.549011
-88.235298
-1745.098022
-2421.568603
-2735.294189
-2794.117675
-2450.980468
-1950.980468
-1196.078491
823.529418
1539.215698
2294.117675
2676.470703
2774.509765
2558.823486
2117.647216
333.333343
-568.627441
-1333.333374
-2098.039306
-2617.647216
-2794.117675
-2637.254882
-2235.294189
-1656.862792
-725.490234
1205.882324
1960.784301
2519.607910
2774.509765
2764.706054
2362.745117
1735.294189
960.784301
39.215686
-784.313720
-2352.941162
-2696.078369
-2794.117675
-2529.411865
-1215.686279
-196.078430
656.862731
1411.764770
2166.666748
2637.254882
2588.235351
2107.843261
1450.980468
500.000000
-352.941192
-1166.666748
-1911.764770
-2529.411865
-2774.509765
-2774.509765
-2372.549072
-892.156860
78.431373
1735.294189
2431.372558
2705.882324
2392.156982
1803.921630
1039.215698
88.235298
-725.490234
-1470.588256
-2245.098144
-2813.725585
-2568.627441
-2098.039306
-1392.156860
-411.764709
490.196075
1284.313720
2617.647216
2794.117675
2627.450927
2235.294189
1656.862792
725.490234
-215.686279
-1901.960815
-2500.000000
-2774.509765
-2794.117675
-2401.960937
-1823.529418
-1058.823608
941.176513
1647.058837
2372.549072
2715.686279
2784.313720
2509.803955
1186.274536
166.666671
-676.470581
-1421.568603
-2166.666748
-2676.470703
-2784.313720
-2137.254882
-1421.568603
-450.980407
450.980407
1215.686279
1960.784301
2509.803955
2754.902099
2735.294189
2343.137207
794.117675
-137.254898
-960.784301
-1696.078491
-2411.764648
-2735.294189
-2803.921630
-1872.549072
-1117.647094
-88.235298
705.882385
1470.588256
2186.274658
2656.862792
2578.431396
2127.450927
1411.764770
450.980407
-450.980407
-1235.294189
-2000.000000
-2803.921630
-2715.686279
-2313.725585
-1725.490234
-813.725524
147.058822
960.784301
2421.568603
2735.294189
2774.509765
2411.764648
1931.372558
1176.470581
176.470596
-656.862731
-1431.372558
-2186.274658
-2813.725585
-2578.431396
-2107.843261
-1392.156860
-421.568634
490.196075
1274.509887
2019.607910
2588.235351
2784.313720
2666.666748
2284.313720
1696.078491
862.745117
-88.235298
-901.960815
-1647.058837
-2343.137207
-2813.725585
-2470.588378
-1980.392211
-1176.470581
-166.666671
666.666687
1421.568603
2696.078369
2774.509765
2568.627441
2117.647216
1421.568603
509.803924
-421.568634
-2049.019531
-2607.843261
-2803.921630
-2686.274658
-2294.117675
-1705.882324
333.333343
1147.058837
1882.353027
2480.392089
2774.509765
2764.706054
2382.353027
941.176513
-9.803922
-774.509826
-1519.607910
-2245.098144
-2666.666748
-2803.921630
-2098.039306
-1352.941162
676.470581
1441.176513
2166.666748
2656.862792
2823.529541
2578.431396
2166.666748
1529.411743
617.647094
-333.333343
-1147.058837
-1901.960815
-2500.000000
-2745.098144
-2803.921630
-1784.313720
-980.392150
0.000000
666.666687
1411.764770
2186.274658
2656.862792
2549.019775
2117.647216
1460.784301
500.000000
-352.941192
-1186.274536
-1901.960815
-2784.313720
-2696.078369
-2303.921630
-1715.686279
-833.333374
147.058822
950.980407
1686.274536
2372.549072
2715.686279
2803.921630
2480.392089
2019.607910
1294.117675
294.117645
-568.627441
-1352.941162
-2127.450927
-2813.725585
-2627.450927
-2176.470703
-1529.411743
-588.235290
362.745117
1166.666748
2588.235351
2784.313720
2686.274658
2284.313720
1705.882324
852.941162
-107.843139
-1794.117675
-2460.784423
-2764.706054
-2813.725585
-2421.568603
-1882.353027
0.000000
686.274536
1421.568603
2166.666748
2647.058837
2803.921630
2607.843261
1431.372558
480.392150
-431.372558
-1215.686279
-1980.392211
-2539.215820
-2803.921630
-2264.705810
-1686.274536
-764.705871
215.686279
1019.607849
1745.098022
2401.960937
2705.882324
2784.313720
2450.980468
1068.627441
88.235298
-705.882385
-1470.588256
-2235.294189
-2735.294189
-2794.117675
-2107.843261
-1372.549072
-372.549041
529.411804
1274.509887
2039.215698
2607.843261
2627.450927
2205.882324
1617.647094
686.274536
-274.509796
-1107.843139
-1833.333374
-2764.706054
-2764.706054
-2372.549072
-1764.705932
-950.980407
9.803922
735.294128
1500.000000
2176.470703
2666.666748
2558.823486
2117.647216
1431.372558
-578.431396
-1352.941162
-2117.647216
-2656.862792
-2803.921630
-2627.450927
-2225.490234
-568.627441
411.764709
1196.078491
1911.764770
2490.196044
2735.294189
2784.313720
1725.490234
862.745117
-78.431373
-882.352966
-1637.254882
-2333.333496
-2725.490234
-2441.176513
-1980.392211
-1215.686279
-186.274520
666.666687
1431.372558
2147.058837
2647.058837
2784.313720
2598.039306
1480.392211
529.411804
-411.764709
-1205.882324
-1970.588256
-2549.019775
-2803.921630
-2264.705810
-1705.882324
-813.725524
166.666671
1000.000000
1656.862792
2382.353027
2696.078369
2803.921630
2490.196044
2009.803955
1274.509887
303.921569
-549.019592
-1313.725463
-2098.039306
-2627.450927
-2813.725585
-2656.862792
-2245.098144
-1666.666748
-745.098083
245.098037
1049.019653
1774.509887
2754.902099
2784.313720
2382.353027
1833.333374
1088.235351
78.431373
-725.490234
-2333.333496
-2705.882324
-2813.725585
-2558.823486
-2098.039306
-1362.745117
676.470581
1392.156860
2147.058837
2627.450927
2764.706054
2598.039306
2225.490234
558.823547
-392.156860
-1186.274536
-1911.764770
-2519.607910
-2794.117675
-2754.902099
-2362.745117
-1774.509887
-960.784301
1000.000000
1686.274536
2362.745117
2696.078369
2774.509765
2470.588378
2039.215698
186.274520
-656.862731
-1431.372558
-2186.274658
-2656.862792
-2813.725585
-2617.647216
-1401.960815
-431.372558
490.196075
1245.098022
1990.196166
2539.215820
2784.313720
2705.882324
2313.725585
1745.098022
-225.490203
-1049.019653
-1794.117675
-2470.588378
-2774.509765
-2803.921630
-2421.568603
-1029.411743
0.000000
676.470581
1431.372558
2166.666748
2656.862792
2784.313720
2117.647216
1431.372558
490.196075
-431.372558
-1235.294189
-1990.196166
-2558.823486
-2656.862792
-2235.294189
-1656.862792
-725.490234
225.490203
1049.019653
1794.117675
2441.176513
2725.490234
2784.313720
1803.921630
1049.019653
49.019607
-735.294128
-1500.000000
-2205.882324
-2656.862792
-2813.725585
-2598.039306
-2196.078369
-1519.607910
-578.431396
362.745117
1186.274536
1901.960815
2500.000000
2725.490234
2774.509765
1735.294189
931.372558
9.803922
-754.901977
-1519.607910
-2264.705810
-2696.078369
-2529.411865
-2078.431396
-1323.529418
-313.725494
549.019592
1313.725463
2088.235351
2774.509765
2588.235351
2186.274658
1558.823608
656.862731
-303.921569
-1127.451049
-1852.941162
-2490.196044
-2784.313720
-2333.333496
-1725.490234
-911.764709
58.823532
852.941162
1607.843139
2343.137207
2784.313720
2470.588378
2009.803955
1264.705932
274.509796
-607.843139
-1362.745117
-2676.470703
-2833.333496
-2598.039306
-2156.862792
-1500.000000
-656.862731
333.333343
1117.647094
1852.941162
2480.392089
2754.902099
2784.313720
2382.353027
931.372558
-9.803922
-764.705871
-1529.411743
-2264.705810
-2705.882324
-2813.725585
-2068.627441
-1323.529418
-323.529418
578.431396
1313.725463
2078.431396
2607.843261
2588.235351
2176.470703
1519.607910
637.254943
-303.921569
-1147.058837
-1892.156860
-2490.196044
-2774.509765
-2774.509765
-1745.098022
-901.960815
58.823532
843.137268
1588.235351
2284.313720
2666.666748
2480.392089
2019.607910
1274.509887
294.117645
-588.235290
-1352.941162
-2117.647216
-2637.254882
-2803.921630
-2617.647216
-1509.803955
-568.627441
392.156860
1176.470581
1921.568603
2480.392089
2754.902099
2313.725585
1715.686279
862.745117
-68.627449
-892.156860
-1637.254882
-2352.941162
-2823.529541
-2431.372558
-1960.784301
-1205.882324
-186.274520
656.862731
1441.176513
2176.470703
2686.274658
2784.313720
2598.039306
2186.274658
1578.431396
647.058837
-284.313720
-1117.647094
-1882.353027
-2480.392089
-2774.509765
-2343.137207
-1735.294189
-921.568664
49.019607
823.529418
1539.215698
2284.313720
2676.470703
2794.117675
2568.627441
2098.039306
1392.156860
480.392150
-431.372558
-1225.490234
-2009.803955
-2578.431396
-2656.862792
-2264.705810
-1666.666748
-725.490234
215.686279
1068.627441
1784.313720
2784.313720
2784.313720
2372.549072
1784.313720
1049.019653
49.019607
-735.294128
-2323.529541
-2715.686279
-2803.921630
-2549.019775
-2098.039306
-1352.941162
656.862731
1401.960815
2147.058837
2627.450927
2794.117675
2627.450927
2215.686279
1588.235351
627.450988
-303.921569
-1117.647094
-2529.411865
-2784.313720
-2754.902099
-2343.137207
-1735.294189
-950.980407
1009.803955
1735.294189
2411.764648
2705.882324
2794.117675
2441.176513
1941.176513
49.019607
-725.490234
-1490.196166
-2254.902099
-2686.274658
-2803.921630
-2578.431396
-1343.137329
-372.549041
539.215698
1294.117675
2049.019531
2588.235351
2794.117675
2647.058837
2284.313720
1705.882324
-284.313720
-1117.647094
-1862.745117
-2519.607910
-2764.706054
-2823.529541
-2392.156982
-901.960815
68.627449
833.333374
1607.843139
2303.921630
2705.882324
2794.117675
2539.215820
2098.039306
1382.353027
-637.254943
-1411.764770
-2156.862792
-2647.058837
-2803.921630
-2637.254882
-2215.686279
-529.411804
421.568634
1205.882324
1941.176513
2529.411865
2754.902099
2764.706054
2333.333496
1754.901977
960.784301
19.607843
-774.509826
-1519.607910
-2284.313720
-2686.274658
-2823.529541
-2578.431396
-2127.450927
-372.549041
539.215698
1294.117675
2107.843261
2627.450927
2803.921630
2627.450927
1588.235351
656.862731
-294.117645
-1117.647094
-1882.353027
-2509.803955
-2784.313720
-2333.333496
-1745.098022
-921.568664
49.019607
843.137268
1598.039184
2686.274658
2764.706054
2480.392089
2029.411743
1303.921630
323.529418
-549.019592
-2176.470703
-2647.058837
-2813.725585
-2617.647216
-2205.882324
-1529.411743
-607.843139
1264.705932
2009.803955
2558.823486
2754.902099
2676.470703
2313.725585
1725.490234
892.156860
-39.215686
-862.745117
-2441.176513
-2725.490234
-2803.921630
-2480.392089
-2009.803955
-1254.901977
-245.098037
1509.803955
2264.705810
2676.470703
2794.117675
2568.627441
2156.862792
1480.392211
-529.411804
-1313.725463
-2078.431396
-2607.843261
-2803.921630
-2666.666748
-2274.509765
-647.058837
323.529418
1127.451049
1852.941162
2500.000000
2745.098144
2803.921630
2392.156982
1901.960815
1117.647094
-852.941162
-1617.647094
-2303.921630
-2715.686279
-2794.117675
-2529.411865
-2068.627441
-225.490203
617.647094
1372.549072
2137.254882
2637.254882
2813.725585
2137.254882
1480.392211
568.627441
-382.352935
-1186.274536
-1921.568603
-2549.019775
-2686.274658
-2284.313720
-1705.882324
-794.117675
147.058822
980.392150
1656.862792
2735.294189
2784.313720
2392.156982
1901.960815
1166.666748
176.470596
-686.274536
-2264.705810
-2696.078369
-2803.921630
-2588.235351
-2127.450927
-1411.764770
-460.784332
470.588256
1235.294189
2009.803955
2803.921630
2617.647216
2225.490234
617.647094
-333.333343
-1166.666748
-1901.960815
-2490.196044
-2784.313720
-2784.313720
-1735.294189
-892.156860
78.431373
872.549011
1637.254882
2323.529541
2705.882324
2794.117675
2500.000000
2127.450927
323.529418
-558.823547
-1323.529418
-2078.431396
-2617.647216
-2803.921630
-2647.058837
-1539.215698
-617.647094
343.137268
1137.254882
1892.156860
2450.980468
2774.509765
2313.725585
1725.490234
901.960815
-29.411766
-833.333374
-1598.039184
-2323.529541
-2823.529541
-2470.588378
-2009.803955
-1245.098022
-235.294128
627.450988
1362.745117
2117.647216
2666.666748
2794.117675
2127.450927
1470.588256
539.215698
-401.960784
-1215.686279
-1960.784301
-2549.019775
-2696.078369
-2294.117675
-1725.490234
-794.117675
156.862747
990.196105
1696.078491
2333.333496
2696.078369
2794.117675
2470.588378
2029.411743
1264.705932
284.313720
-558.823547
-1352.941162
-2137.254882
-2647.058837
-2598.039306
-2176.470703
-1509.803955
-578.431396
362.745117
1196.078491
1901.960815
2470.588378
2735.294189
2754.902099
1725.490234
901.960815
-49.019607
-843.137268
-1617.647094
-2323.529541
-2715.686279
-2490.196044
-2009.803955
-1254.901977
-235.294128
656.862731
1362.745117
2137.254882
2774.509765
2588.235351
2156.862792
1490.196166
558.823547
-401.960784
-1186.274536
-1931.372558
-2519.607910
-2784.313720
-2774.509765
-2372.549072
-1764.705932
-941.176513
0.000000
686.274536
1441.176513
2656.862792
2813.725585
2558.823486
2107.843261
1401.960815
500.000000
-372.549041
-2019.607910
-2588.235351
-2813.725585
-2686.274658
-2294.117675
-1725.490234
-833.333374
147.058822
970.588256
1705.882324
2382.353027
2705.882324
2774.509765
2460.784423
2009.803955
1294.117675
294.117645
-598.039245
-1333.333374
-2147.058837
-2627.450927
-2617.647216
-2176.470703
-1519.607910
-598.039245
362.745117
1166.666748
1882.353027
2784.313720
2696.078369
2323.529541
1705.882324
892.156860
-49.019607
-872.549011
-2401.960937
-2725.490234
-2803.921630
-2480.392089
-2049.019531
-1274.509887
-254.901962
607.843139
1372.549072
2088.235351
2813.725585
2598.039306
2156.862792
1480.392211
588.235290
-362.745117
-1176.470581
-2568.627441
-2803.921630
-2696.078369
-2313.725585
-1715.686279
-823.529418
107.843139
980.392150
1676.470581
2343.137207
2696.078369
2794.117675
2480.392089
2049.019531
1294.117675
333.333343
-558.823547
-1333.333374
-2686.274658
-2813.725585
-2607.843261
-2186.274658
-1480.392211
-558.823547
411.764709
2039.215698
2558.823486
2784.313720
2686.274658
2284.313720
1715.686279
852.941162
-127.450981
-970.588256
-1686.274536
-2392.156982
-2754.902099
-2833.333496
-2470.588378
-1990.196166
-1245.098022
-254.901962
637.254943
2225.490234
2666.666748
2784.313720
2588.235351
2147.058837
1490.196166
558.823547
-392.156860
-1176.470581
-1921.568603
-2813.725585
-2696.078369
-2294.117675
-725.490234
254.901962
1058.823608
1774.509887
2431.372558
2725.490234
2784.313720
1784.313720
990.196105
78.431373
-705.882385
-1490.196166
-2245.098144
-2686.274658
-2539.215820
-2088.235351
-1343.137329
-362.745117
529.411804
1303.921630
2049.019531
2774.509765
2607.843261
2196.078369
1588.235351
696.078430
-254.901962
-1088.235351
-2529.411865
-2794.117675
-2754.902099
-2362.745117
-1754.901977
-950.980407
9.803922
735.294128
1490.196166
2245.098144
2803.921630
2539.215820
2078.431396
1352.941162
401.960784
-490.196075
-1274.509887
-2647.058837
-2813.725585
-2647.058837
-2235.294189
-1647.058837
-715.686279
254.901962
1039.215698
1784.313720
2431.372558
2764.706054
2372.549072
1774.509887
1019.607849
39.215686
-764.705871
-1519.607910
-2264.705810
-2686.274658
-2813.725585
-2068.627441
-1333.333374
-294.117645
558.823547
1303.921630
2058.823486
2607.843261
2607.843261
2186.274658
1549.019653
647.058837
-264.705902
-1117.647094
-1862.745117
-2774.509765
-2754.902099
-2343.137207
-1745.098022
-931.372558
39.215686
833.333374
1578.431396
2294.117675
2686.274658
2803.921630
2539.215820
2078.431396
274.509796
-588.235290
-1343.137329
-2127.450927
-2647.058837
-2813.725585
-2617.647216
-1500.000000
-647.058837
303.921569
1127.451049
1852.941162
2490.196044
2745.098144
2323.529541
1745.098022
960.784301
9.803922
-725.490234
-1480.392211
-2245.098144
-2823.529541
-2539.215820
-2088.235351
-1362.745117
-352.941192
539.215698
1294.117675
2666.666748
2764.706054
2588.235351
2186.274658
1549.019653
666.666687
-284.313720
-1950.980468
-2519.607910
-2794.117675
-2784.313720
-2333.333496
-1745.098022
186.274520
1019.607849
1754.901977
2431.372558
2725.490234
2764.706054
2421.568603
1107.843139
88.235298
-686.274536
-1460.784301
-2235.294189
-2686.274658
-2823.529541
-2617.647216
-2147.058837
-1480.392211
549.019592
1294.117675
2078.431396
2598.039306
2774.509765
2666.666748
2245.098144
686.274536
-284.313720
-1107.843139
-1852.941162
-2480.392089
-2784.313720
-2813.725585
-1754.901977
-921.568664
19.607843
803.921569
1598.039184
2284.313720
2666.666748
2813.725585
2549.019775
2098.039306
1401.960815
470.588256
-450.980407
-1254.901977
-2000.000000
-2519.607910
-2784.313720
-2784.313720
-2343.137207
-1764.705932
-950.980407
-29.411766
1666.666748
2362.745117
2696.078369
2794.117675
2480.392089
2029.411743
137.254898
-705.882385
-1460.784301
-2215.686279
-2676.470703
-2823.529541
-2588.235351
-1382.353027
-411.764709
509.803924
1264.705932
2019.607910
2529.411865
2754.902099
2254.902099
1666.666748
735.294128
-215.686279
-1068.627441
-1803.921630
-2470.588378
-2803.921630
-2372.549072
-1784.313720
-1009.803955
9.803922
754.901977
1519.607910
2225.490234
2676.470703
2803.921630
2588.235351
2156.862792
1460.784301
539.215698
-382.352935
-1205.882324
-1960.784301
-2539.215820
-2686.274658
-2274.509765
-1696.078491
-794.117675
176.470596
990.196105
1696.078491
2382.353027
2715.686279
2823.529541
1882.353027
1147.058837
127.450981
-1617.647094
-2333.333496
-2715.686279
-2823.529541
-2549.019775
-2088.235351
-1343.137329
676.470581
1431.372558
2196.078369
2627.450927
2803.921630
2568.627441
2205.882324
529.411804
-411.764709
-1215.686279
-1970.588256
-2558.823486
-2813.725585
-2764.706054
-2343.137207
-1745.098022
-911.764709
1068.627441
1774.509887
2431.372558
2774.509765
2362.745117
1813.725463
1039.215698
29.411766
-774.509826
-1500.000000
-2705.882324
-2823.529541
-2568.627441
-2117.647216
-1411.764770
-431.372558
490.196075
2088.235351
2588.235351
2803.921630
2627.450927
2235.294189
1647.058837
764.705871
-1166.666748
-1921.568603
-2519.607910
-2794.117675
-2774.509765
-2362.745117
-1764.705932
-960.784301
-19.607843
794.117675
2343.137207
2696.078369
2784.313720
2500.000000
2088.235351
1382.353027
450.980407
-450.980407
-1245.098022
-2019.607910
-2803.921630
-2676.470703
-2294.117675
-1696.078491
-764.705871
215.686279
1019.607849
2470.588378
2764.706054
2803.921630
2372.549072
1823.529418
1068.627441
98.039215
-1607.843139
-2313.725585
-2696.078369
-2823.529541
-2549.019775
-2117.647216
-1343.137329
686.274536
1431.372558
2205.882324
2637.254882
2784.313720
2568.627441
2147.058837
1549.019653
627.450988
-294.117645
-1127.451049
-1882.353027
-2500.000000
-2774.509765
-2794.117675
-2411.764648
-1833.333374
-1058.823608
931.372558
1666.666748
2352.941162
2715.686279
2813.725585
2500.000000
2078.431396
1343.137329
382.352935
-519.607849
-1294.117675
-2068.627441
-2607.843261
-2803.921630
-2666.666748
-2274.509765
-1676.470581
-774.509826
1176.470581
1882.353027
2490.196044
2754.902099
2754.902099
2362.745117
1784.313720
1039.215698
58.823532
-735.294128
-1519.607910
-2264.705810
-2705.882324
-2833.333496
-2607.843261
-2147.058837
-1431.372558
-500.000000
1264.705932
2029.411743
2607.843261
2784.313720
2656.862792
2264.705810
1715.686279
843.137268
-107.843139
-960.784301
-2441.176513
-2754.902099
-2813.725585
-2411.764648
-1941.176513
-1137.254882
-137.254898
1627.451049
2343.137207
2715.686279
2784.313720
2519.607910
2078.431396
1343.137329
-656.862731
-1421.568603
-2176.470703
-2656.862792
-2833.333496
-2637.254882
-2196.078369
-480.392150
450.980407
1196.078491
1970.588256
2539.215820
2754.902099
2745.098144
2333.333496
1745.098022
980.392150
-980.392150
-1715.686279
-2411.764648
-2725.490234
-2803.921630
-2470.588378
-1980.392211
-127.450981
735.294128
1490.196166
2264.705810
2666.666748
2803.921630
2078.431396
1372.549072
441.176483
-480.392150
-1274.509887
-2029.411743
-2588.235351
-2637.254882
-2205.882324
-1607.843139
-686.274536
284.313720
1098.039184
1833.333374
2745.098144
2735.294189
2333.333496
1764.705932
941.176513
0.000000
-696.078430
-2274.509765
-2696.078369
-2813.725585
-2588.235351
-2166.666748
-1421.568603
-470.588256
1362.745117
2127.450927
2637.254882
2794.117675
2617.647216
2196.078369
578.431396
-362.745117
-1166.666748
-1921.568603
-2529.411865
-2784.313720
-2754.902099
-1715.686279
-852.941162
117.647064
941.176513
1676.470581
2362.745117
2715.686279
2794.117675
2490.196044
2039.215698
156.862747
-676.470581
-1431.372558
-2166.666748
-2676.470703
-2813.725585
-2617.647216
-1411.764770
-460.784332
470.588256
1235.294189
2009.803955
2539.215820
2813.725585
2235.294189
1676.470581
754.901977
-196.078430
-1029.411743
-1784.313720
-2431.372558
-2754.902099
-2813.725585
-2450.980468
-1049.019653
-39.215686
764.705871
1519.607910
2235.294189
2686.274658
2784.313720
2078.431396
1343.137329
382.352935
-529.411804
-1274.509887
-2078.431396
-2607.843261
-2656.862792
-2215.686279
-1578.431396
-627.450988
303.921569
1107.843139
1852.941162
2460.784423
2754.902099
2794.117675
1735.294189
931.372558
-9.803922
-774.509826
-1549.019653
-2284.313720
-2705.882324
-2519.607910
-2078.431396
-1323.529418
-333.333343
558.823547
1323.529418
2088.235351
2617.647216
2754.902099
2647.058837
1549.019653
647.058837
-323.529418
-1127.451049
-1862.745117
-2480.392089
-2745.098144
-2794.117675
-2392.156982
-1784.313720
98.039215
911.764709
1637.254882
2323.529541
2676.470703
2784.313720
2509.803955
1225.490234
235.294128
-627.450988
-2205.882324
-2696.078369
-2803.921630
-2107.843261
-1372.549072
-411.764709
1382.353027
2137.254882
2656.862792
2794.117675
2607.843261
2205.882324
1598.039184
-421.568634
-1235.294189
-1980.392211
-2558.823486
-2794.117675
-2745.098144
-1676.470581
-745.098083
186.274520
1049.019653
1735.294189
2441.176513
2735.294189
2362.745117
1774.509887
1049.019653
58.823532
-745.098083
-1500.000000
-2205.882324
-2803.921630
-2598.039306
-2117.647216
-1401.960815
-470.588256
470.588256
1264.705932
2617.647216
2794.117675
2617.647216
2235.294189
1647.058837
754.901977
-205.882354
-1862.745117
-2500.000000
-2764.706054
-2813.725585
-2401.960937
-1862.745117
-1098.039184
921.568664
1637.254882
2352.941162
2715.686279
2774.509765
2500.000000
2088.235351
1372.549072
450.980407
-450.980407
-2078.431396
-2617.647216
-2803.921630
-2666.666748
-2245.098144
-1666.666748
-735.294128
1176.470581
1911.764770
2490.196044
2794.117675
2754.902099
2362.745117
872.549011
-78.431373
-882.352966
-1666.666748
-2362.745117
-2705.882324
-2803.921630
-1950.980468
-1176.470581
-176.470596
666.666687
1421.568603
2176.470703
2627.450927
2794.117675
2617.647216
2176.470703
509.803924
-411.764709
-1235.294189
-1990.196166
-2529.411865
-2754.902099
-2764.706054
-1725.490234
-803.921569
176.470596
990.196105
1686.274536
2392.156982
2715.686279
2421.568603
1892.156860
1147.058837
137.254898
-696.078430
-1450.980468
-2205.882324
-2676.470703
-2803.921630
-2598.039306
-1441.176513
-431.372558
480.392150
1245.098022
2000.000000
2500.000000
2754.902099
2352.941162
1735.294189
931.372558
-39.215686
-862.745117
-1598.039184
-2333.333496
-2813.725585
-2470.588378
-1980.392211
-1235.294189
-196.078430
656.862731
1411.764770
2666.666748
2774.509765
2558.823486
2137.254882
1470.588256
568.627441
-382.352935
-1196.078491
-1931.372558
-2519.607910
-2705.882324
-2294.117675
-1715.686279
-813.725524
147.058822
990.196105
1696.078491
2725.490234
2774.509765
2411.764648
1931.372558
1186.274536
156.862747
-686.274536
-2284.313720
-2705.882324
-2823.529541
-2588.235351
-2098.039306
-1392.156860
598.039245
1372.549072
2107.843261
2617.647216
2774.509765
2617.647216
2215.686279
588.235290
-343.137268
-1166.666748
-1921.568603
-2509.803955
-2803.921630
-2774.509765
-1754.901977
-872.549011
88.235298
892.156860
1617.647094
2333.333496
2715.686279
2441.176513
1980.392211
1235.294189
235.294128
-627.450988
-1392.156860
-2137.254882
-2813.725585
-2617.647216
-2137.254882
-1450.980468
-519.607849
441.176483
2049.019531
2568.627441
2754.902099
2666.666748
2264.705810
1705.882324
813.725524
-117.647064
-950.980407
-1686.274536
-2401.960937
-2823.529541
-2431.372558
-1911.764770
-1156.862792
-137.254898
725.490234
2294.117675
2666.666748
2794.117675
2509.803955
2098.039306
1372.549072
450.980407
-1352.941162
-2127.450927
-2676.470703
-2823.529541
-2656.862792
-2215.686279
-1647.058837
431.372558
1186.274536
1970.588256
2490.196044
2764.706054
2764.706054
2333.333496
1754.901977
990.196105
58.823532
-1666.666748
-2372.549072
-2735.294189
-2823.529541
-2519.607910
-2058.823486
-1294.117675
715.686279
1470.588256
2205.882324
2666.666748
2803.921630
2568.627441
2137.254882
1509.803955
588.235290
-352.941192
-1166.666748
-1921.568603
-2529.411865
-2774.509765
-2754.902099
-2372.549072
-1754.901977
-970.588256
0.000000
696.078430
1431.372558
2196.078369
2617.647216
2813.725585
2578.431396
1460.784301
519.607849
-431.372558
-1215.686279
-1990.196166
-2558.823486
-2803.921630
-2745.098144
-2333.333496
-1725.490234
-892.156860
68.627449
862.745117
1607.843139
2294.117675
2686.274658
2813.725585
2558.823486
1254.901977
254.901962
-598.039245
-1352.941162
-2127.450927
-2627.450927
-2803.921630
-2627.450927
-2264.705810
-1656.862792
382.352935
1186.274536
1931.372558
2519.607910
2764.706054
2803.921630
2352.941162
833.333374
-117.647064
-970.588256
-1676.470581
-2392.156982
-2705.882324
-2813.725585
-1950.980468
-1166.666748
-137.254898
705.882385
1470.588256
2215.686279
2666.666748
2803.921630
2607.843261
2156.862792
431.372558
-480.392150
-1284.313720
-2647.058837
-2803.921630
-2666.666748
-2264.705810
-1656.862792
-735.294128
235.294128
1911.764770
2490.196044
2794.117675
2764.706054
2362.745117
1754.901977
1039.215698
-970.588256
-1705.882324
-2421.568603
-2745.098144
-2803.921630
-2480.392089
-1990.196166
-117.647064
725.490234
1460.784301
2225.490234
2666.666748
2794.117675
2578.431396
2137.254882
1490.196166
568.627441
-1284.313720
-2058.823486
-2598.039306
-2794.117675
-2705.882324
-2284.313720
-1715.686279
-794.117675
196.078430
1009.803955
2460.784423
2745.098144
2774.509765
2382.353027
1833.333374
1068.627441
68.627449
-1617.647094
-2343.137207
-2715.686279
-2833.333496
-2558.823486
-2068.627441
-1343.137329
-333.333343
558.823547
1303.921630
2088.235351
2627.450927
2794.117675
2617.647216
2225.490234
1666.666748
764.705871
-186.274520
-1000.000000
-1705.882324
-2421.568603
-2803.921630
-2431.372558
-1901.960815
-1137.254882
-117.647064
745.098083
1470.588256
2676.470703
2794.117675
2558.823486
2117.647216
1382.353027
431.372558
-480.392150
-2117.647216
-2637.254882
-2803.921630
-2637.254882
-2245.098144
-1647.058837
-725.490234
245.098037
1088.235351
1784.313720
2774.509765
2764.706054
2372.549072
1774.509887
1019.607849
58.823532
-745.098083
-2333.333496
-2715.686279
-2813.725585
-2558.823486
-2088.235351
-1333.333374
-343.137268
1441.176513
2186.274658
2647.058837
2794.117675
2598.039306
2205.882324
460.784332
-441.176483
-1235.294189
-2019.607910
-2568.627441
-2794.117675
-2705.882324
-1656.862792
-735.294128
245.098037
1058.823608
1754.901977
2401.960937
2725.490234
2372.549072
1784.313720
1039.215698
58.823532
-745.098083
-1500.000000
-2186.274658
-2803.921630
-2598.039306
-2147.058837
-1441.176513
-470.588256
470.588256
1245.098022
1990.196166
2529.411865
2745.098144
2715.686279
2323.529541
1715.686279
921.568664
-68.627449
-862.745117
-1607.843139
-2343.137207
-2843.137207
-2460.784423
-1970.588256
-1205.882324
-186.274520
676.470581
1421.568603
2166.666748
2656.862792
2794.117675
2127.450927
1431.372558
480.392150
-431.372558
-1225.490234
-1980.392211
-2568.627441
-2647.058837
-2245.098144
-1676.470581
-754.901977
196.078430
1029.411743
1745.098022
2735.294189
2794.117675
2392.156982
1813.725463
1068.627441
58.823532
-745.098083
-1500.000000
-2196.078369
-2676.470703
-2813.725585
-2607.843261
-2196.078369
-470.588256
431.372558
1225.490234
1960.784301
2529.411865
2745.098144
2745.098144
1676.470581
794.117675
-176.470596
-1009.803955
-1735.294189
-2411.764648
-2745.098144
-2421.568603
-1823.529418
-1068.627441
-29.411766
764.705871
1490.196166
2215.686279
2823.529541
2500.000000
2107.843261
1392.156860
431.372558
-480.392150
-1254.901977
-2019.607910
-2568.627441
-2803.921630
-2245.098144
-1676.470581
-754.901977
245.098037
1019.607849
1745.098022
2411.764648
2794.117675
2372.549072
1803.921630
1049.019653
78.431373
-735.294128
-1500.000000
-2715.686279
-2813.725585
-2568.627441
-2127.450927
-1401.960815
-450.980407
470.588256
1225.490234
2000.000000
2529.411865
2686.274658
2303.921630
1696.078491
-264.705902
-1088.235351
-1833.333374
-2480.392089
-2774.509765
-2803.921630
-2401.960937
-960.784301
-9.803922
735.294128
1500.000000
2186.274658
2627.450927
2813.725585
2117.647216
1411.764770
490.196075
-431.372558
-1215.686279
-2000.000000
-2519.607910
-2696.078369
-2313.725585
-1705.882324
-833.333374
147.058822
941.176513
1666.666748
2372.549072
2686.274658
2794.117675
2500.000000
2068.627441
1352.941162
372.549041
-1411.764770
-2196.078369
-2647.058837
-2813.725585
-2607.843261
-2186.274658
-460.784332
460.784332
1235.294189
1970.588256
2529.411865
2784.313720
2715.686279
1656.862792
735.294128
-215.686279
-1049.019653
-1794.117675
-2450.980468
-2745.098144
-2392.156982
-1774.509887
-1009.803955
0.000000
666.666687
1441.176513
2186.274658
2647.058837
2764.706054
2588.235351
1431.372558
500.000000
-372.549041
-1156.862792
-1911.764770
-2490.196044
-2794.117675
-2303.921630
-1725.490234
-833.333374
147.058822
950.980407
1705.882324
2401.960937
2784.313720
2411.764648
1941.176513
1156.862792
196.078430
-647.058837
-1421.568603
-2186.274658
-2676.470703
-2803.921630
-2137.254882
-1401.960815
-450.980407
450.980407
1215.686279
1990.196166
2558.823486
2627.450927
2245.098144
1696.078491
784.313720
-147.058822
-990.196105
-1725.490234
-2754.902099
-2823.529541
-2431.372558
-1852.941162
-1088.235351
-78.431373
735.294128
1480.392211
2215.686279
2676.470703
2813.725585
2578.431396
2156.862792
1460.784301
568.627441
-362.745117
-1186.274536
-1941.176513
-2784.313720
-2696.078369
-2294.117675
-1725.490234
-813.725524
156.862747
1000.000000
1686.274536
2362.745117
2705.882324
2450.980468
1921.568603
1166.666748
166.666671
-656.862731
-1441.176513
-2215.686279
-2686.274658
-2803.921630
-2598.039306
-2176.470703
-1519.607910
-588.235290
343.137268
1186.274536
2558.823486
2774.509765
2715.686279
2323.529541
1705.882324
872.549011
-68.627449
-892.156860
-1647.058837
-2764.706054
-2813.725585
-2460.784423
-1098.039184
-98.039215
735.294128
1490.196166
2225.490234
2627.450927
2784.313720
2098.039306
1392.156860
450.980407
-450.980407
-1245.098022
-1990.196166
-2568.627441
-2637.254882
-2245.098144
-1656.862792
-725.490234
215.686279
1029.411743
1784.313720
2431.372558
2725.490234
2764.706054
1794.117675
1029.411743
49.019607
-725.490234
-1519.607910
-2254.902099
-2696.078369
-2558.823486
-2078.431396
-1362.745117
-362.745117
549.019592
1313.725463
2049.019531
2774.509765
2607.843261
2186.274658
1568.627441
676.470581
-303.921569
-1137.254882
-2549.019775
-2803.921630
-2764.706054
-2343.137207
-1745.098022
-921.568664
19.607843
794.117675
1549.019653
2274.509765
2794.117675
2490.196044
1205.882324
196.078430
-656.862731
-1411.764770
-2686.274658
-2803.921630
-2588.235351
-2147.058837
-1431.372558
-450.980407
1343.137329
2078.431396
2627.450927
2774.509765
2637.254882
2225.490234
1696.078491
-352.941192
-1176.470581
-1911.764770
-2519.607910
-2784.313720
-2774.509765
-2343.137207
-1764.705932
-980.392150
-9.803922
1647.058837
2333.333496
2686.274658
2794.117675
2509.803955
2058.823486
1323.529418
-696.078430
-1431.372558
-2205.882324
-2705.882324
-2794.117675
-2607.843261
-2186.274658
-1519.607910
-558.823547
362.745117
1166.666748
1950.980468
2500.000000
2754.902099
2784.313720
2372.549072
1803.921630
1068.627441
-911.764709
-1647.058837
-2362.745117
-2725.490234
-2813.725585
-2529.411865
-2049.019531
-196.078430
676.470581
1441.176513
2166.666748
2656.862792
2784.313720
2578.431396
2186.274658
1549.019653
666.666687
-1215.686279
-1980.392211
-2549.019775
-2666.666748
-2264.705810
-1676.470581
-764.705871
205.882354
1019.607849
1764.705932
2745.098144
2764.706054
2392.156982
1813.725463
1088.235351
98.039215
-725.490234
-2303.921630
-2705.882324
-2823.529541
-2558.823486
-2098.039306
-1382.353027
-411.764709
1392.156860
2147.058837
2627.450927
2764.706054
2607.843261
2225.490234
1617.647094
725.490234
-215.686279
-1078.431396
-1794.117675
-2441.176513
-2764.706054
-2813.725585
-2411.764648
-1862.745117
-1068.627441
-68.627449
1627.451049
2343.137207
2715.686279
2813.725585
2529.411865
2058.823486
1352.941162
382.352935
-509.803924
-1303.921630
-2049.019531
-2598.039306
-2813.725585
-2656.862792
-2294.117675
-1705.882324
-794.117675
1156.862792
1901.960815
2480.392089
2754.902099
2794.117675
2372.549072
1794.117675
1049.019653
58.823532
-735.294128
-2352.941162
-2754.902099
-2794.117675
-2019.607910
-1235.294189
-225.490203
617.647094
1372.549072
2117.647216
2647.058837
2794.117675
2607.843261
2205.882324
1607.843139
686.274536
-264.705902
-1117.647094
-1833.333374
-2460.784423
-2774.509765
-2803.921630
-2392.156982
-1823.529418
-1058.823608
-39.215686
1656.862792
2333.333496
2696.078369
2784.313720
2529.411865
2068.627441
1323.529418
372.549041
-519.607849
-1303.921630
-2666.666748
-2813.725585
-2637.254882
-1421.568603
-509.803924
431.372558
1225.490234
1950.980468
2529.411865
2764.706054
2754.902099
2313.725585
1774.509887
950.980407
39.215686
-784.313720
-1539.215698
-2715.686279
-2813.725585
-2509.803955
-2049.019531
-1313.725463
-323.529418
588.235290
2196.078369
2647.058837
2784.313720
2568.627441
2186.274658
1568.627441
656.862731
-303.921569
-1137.254882
-1882.353027
-2784.313720
-2735.294189
-2343.137207
-784.313720
186.274520
1000.000000
1686.274536
2401.960937
2735.294189
2784.313720
1852.941162
1117.647094
147.058822
-686.274536
-1480.392211
-2186.274658
-2705.882324
-2558.823486
-2078.431396
-1362.745117
-362.745117
539.215698
1274.509887
2058.823486
2774.509765
2607.843261
2196.078369
1617.647094
696.078430
-225.490203
-1068.627441
-1823.529418
-2470.588378
-2764.706054
-2372.549072
-1764.705932
-960.784301
-19.607843
774.509826
1539.215698
2235.294189
2784.313720
2470.588378
2049.019531
1333.333374
352.941192
-549.019592
-1323.529418
-2088.235351
-2617.647216
-2784.313720
-2656.862792
-2274.509765
-1666.666748
-735.294128
205.882354
1039.215698
1774.509887
2411.764648
2794.117675
2352.941162
1754.901977
1009.803955
19.607843
-754.901977
-1509.803955
-2705.882324
-2803.921630
-2539.215820
-2068.627441
-1323.529418
-313.725494
568.627441
1303.921630
2078.431396
2588.235351
2794.117675
2637.254882
2264.705810
1686.274536
764.705871
-166.666671
-1029.411743
-1794.117675
-2784.313720
-2794.117675
-2382.353027
-1764.705932
-990.196105
-9.803922
735.294128
2313.725585
2676.470703
2774.509765
2549.019775
2088.235351
1382.353027
460.784332
-450.980407
-1245.098022
-2019.607910
-2568.627441
-2784.313720
-2705.882324
-2352.941162
-1725.490234
-852.941162
98.039215
882.352966
2401.960937
2735.294189
2813.725585
2450.980468
1980.392211
1254.901977
