-2676.470703
-2303.921630
-1696.078491
343.137268
1127.451049
1852.941162
2490.196044
2745.098144
2784.313720
2382.353027
1872.549072
1068.627441
78.431373
-1647.058837
-2352.941162
-2745.098144
-2813.725585
-2519.607910
-2078.431396
-1333.333374
-313.725494
578.431396
1333.333374
2088.235351
2627.450927
2813.725585
2647.058837
2264.705810
647.058837
-294.117645
-1137.254882
-1892.156860
-2500.000000
-2764.706054
-2823.529541
-1803.921630
-970.588256
-29.411766
803.921569
1558.823608
2294.117675
2764.706054
2490.196044
2068.627441
1343.137329
333.333343
-529.411804
-1303.921630
-2666.666748
-2813.725585
-2656.862792
-2215.686279
-1578.431396
-637.254943
333.333343
2000.000000
2529.411865
2774.509765
2764.706054
2343.137207
1823.529418
970.588256
-960.784301
-1696.078491
-2392.156982
-2735.294189
-2803.921630
-2490.196044
-2009.803955
-137.254898
705.882385
1470.588256
2205.882324
2676.470703
2813.725585
2078.431396
1431.372558
431.372558
-470.588256
-1264.705932
-2029.411743
-2598.039306
-2656.862792
-2254.902099
-1627.451049
-735.294128
225.490203
1058.823608
1774.509887
2745.098144
2784.313720
2362.745117
1833.333374
1049.019653
58.823532
-735.294128
-2333.333496
-2715.686279
-2843.137207
-2529.411865
-2068.627441
-1333.333374
-333.333343
1480.392211
2205.882324
2647.058837
2784.313720
2588.235351
2147.058837
441.176483
-450.980407
-1245.098022
-2009.803955
-2568.627441
-2833.333496
-2715.686279
-1647.058837
-764.705871
215.686279
1039.215698
1794.117675
2441.176513
2715.686279
2362.745117
1823.529418
1000.000000
58.823532
-705.882385
-1470.588256
-2225.490234
-2813.725585
-2558.823486
-2107.843261
-1372.549072
-382.352935
529.411804
1294.117675
2058.823486
2588.235351
2784.313720
2666.666748
2274.509765
1686.274536
833.333374
-127.450981
-960.784301
-1696.078491
-2411.764648
-2823.529541
-2431.372558
-1931.372558
-1098.039184
-117.647064
745.098083
1480.392211
2225.490234
2676.470703
2794.117675
2588.235351
2127.450927
1480.392211
539.215698
-392.156860
-1196.078491
-1931.372558
-2519.607910
-2696.078369
-2313.725585
-1715.686279
-813.725524
166.666671
970.588256
1696.078491
2735.294189
2813.725585
2411.764648
1931.372558
1137.254882
147.058822
-696.078430
-2284.313720
-2696.078369
-2813.725585
-2588.235351
-2137.254882
-1431.372558
-450.980407
480.392150
1245.098022
1970.588256
2794.117675
2637.254882
2254.902099
1656.862792
754.901977
-205.882354
-1029.411743
-2509.803955
-2754.902099
-2794.117675
-2392.156982
-1862.745117
-1019.607849
980.392150
1705.882324
2382.353027
2715.686279
2813.725585
2480.392089
2029.411743
156.862747
-676.470581
-1441.176513
-2215.686279
-2676.470703
-2823.529541
-2617.647216
-1421.568603
-450.980407
470.588256
1225.490234
2000.000000
2529.411865
2764.706054
2754.902099
2392.156982
1823.529418
990.196105
58.823532
-754.901977
-1519.607910
-2274.509765
-2686.274658
-2823.529541
-2598.039306
-1372.549072
-362.745117
558.823547
1294.117675
2078.431396
2578.431396
2784.313720
2205.882324
1588.235351
666.666687
-303.921569
-1127.451049
-1843.137329
-2490.196044
-2774.509765
-2343.137207
-1794.117675
-911.764709
49.019607
843.137268
1558.823608
2284.313720
2696.078369
2833.333496
2558.823486
2117.647216
1421.568603
460.784332
-441.176483
-1225.490234
-2019.607910
-2578.431396
-2656.862792
-2284.313720
-1647.058837
-725.490234
196.078430
1049.019653
1745.098022
2421.568603
2725.490234
2803.921630
2460.784423
1941.176513
1176.470581
186.274520
-656.862731
-1421.568603
-2186.274658
-2705.882324
-2578.431396
-2166.666748
-1441.176513
-441.176483
480.392150
1245.098022
1990.196166
2539.215820
2764.706054
2705.882324
2333.333496
1745.098022
901.960815
-39.215686
-843.137268
-1617.647094
-2323.529541
-2715.686279
-2480.392089
-2000.000000
-1294.117675
-313.725494
558.823547
1294.117675
2068.627441
2803.921630
2588.235351
2196.078369
1529.411743
627.450988
-313.725494
-1156.862792
-2568.627441
-2823.529541
-2754.902099
-2343.137207
-1764.705932
-901.960815
58.823532
843.137268
1607.843139
2313.725585
2696.078369
2803.921630
2558.823486
2098.039306
1411.764770
460.784332
-470.588256
-1245.098022
-2637.254882
-2823.529541
-2647.058837
-2245.098144
-1627.451049
-715.686279
254.901962
1078.431396
1813.725463
2441.176513
2784.313720
2382.353027
1833.333374
-117.647064
-980.392150
-1705.882324
-2411.764648
-2745.098144
-2833.333496
-2480.392089
-1127.451049
-117.647064
745.098083
1470.588256
2205.882324
2656.862792
2813.725585
2088.235351
1362.745117
421.568634
-500.000000
-1215.686279
-1980.392211
-2558.823486
-2666.666748
-2264.705810
-1666.666748
-764.705871
215.686279
1019.607849
1735.294189
2411.764648
2725.490234
2794.117675
1862.745117
1049.019653
58.823532
-745.098083
-1490.196166
-2235.294189
-2705.882324
-2539.215820
-2098.039306
-1392.156860
-392.156860
519.607849
1274.509887
2019.607910
2568.627441
2784.313720
2666.666748
2303.921630
1696.078491
872.549011
-78.431373
-892.156860
-1656.862792
-2372.549072
-2725.490234
-2460.784423
-1980.392211
-1205.882324
-176.470596
656.862731
1411.764770
2176.470703
2784.313720
2568.627441
2156.862792
1480.392211
519.607849
-392.156860
-1205.882324
-2598.039306
-2803.921630
-2705.882324
-2294.117675
-1715.686279
-803.921569
1137.254882
1882.353027
2480.392089
2754.902099
2764.706054
2372.549072
1882.353027
-29.411766
-852.941162
-1617.647094
-2333.333496
-2705.882324
-2823.529541
-2558.823486
-1245.098022
-245.098037
598.039245
1352.941162
2156.862792
2637.254882
2784.313720
2176.470703
1519.607910
568.627441
-362.745117
-1186.274536
-1950.980468
-2539.215820
-2696.078369
-2313.725585
-1725.490234
-823.529418
127.450981
970.588256
2441.176513
2715.686279
2784.313720
2421.568603
1931.372558
1186.274536
156.862747
-676.470581
-1450.980468
-2196.078369
-2676.470703
-2607.843261
-2147.058837
-1441.176513
-460.784332
470.588256
1215.686279
2637.254882
2764.706054
2627.450927
2245.098144
1666.666748
794.117675
-176.470596
-1862.745117
-2470.588378
-2803.921630
-2803.921630
-2411.764648
-1862.745117
-1039.215698
990.196105
1696.078491
2735.294189
2794.117675
2421.568603
1931.372558
1147.058837
156.862747
-686.274536
-2303.921630
-2696.078369
-2823.529541
-2558.823486
-2127.450927
-1421.568603
-431.372558
1362.745117
2117.647216
2647.058837
2794.117675
2647.058837
2225.490234
578.431396
-372.549041
-1166.666748
-1931.372558
-2539.215820
-2774.509765
-2764.706054
-1725.490234
-843.137268
117.647064
931.372558
1647.058837
2352.941162
2705.882324
2803.921630
2509.803955
2078.431396
205.882354
-666.666687
-1401.960815
-2186.274658
-2666.666748
-2803.921630
-2627.450927
-1460.784301
-470.588256
460.784332
1225.490234
1980.392211
2539.215820
2764.706054
2254.902099
1676.470581
784.313720
-156.862747
-1009.803955
-1745.098022
-2421.568603
-2764.706054
-2803.921630
-2470.588378
-1117.647094
-98.039215
715.686279
1460.784301
2186.274658
2666.666748
2813.725585
2137.254882
1431.372558
431.372558
-470.588256
-1245.098022
-2019.607910
-2578.431396
-2666.666748
-2245.098144
-1666.666748
-745.098083
196.078430
1029.411743
1754.901977
2431.372558
2725.490234
2784.313720
1882.353027
1078.431396
58.823532
-735.294128
-1509.803955
-2235.294189
-2696.078369
-2529.411865
-2098.039306
-1372.549072
-372.549041
529.411804
1303.921630
2058.823486
2578.431396
2774.509765
2666.666748
2274.509765
1696.078491
833.333374
-137.254898
-980.392150
-1696.078491
-2411.764648
-2764.706054
-2441.176513
-1931.372558
-1117.647094
-117.647064
735.294128
1470.588256
2225.490234
2686.274658
2794.117675
2578.431396
1392.156860
411.764709
-490.196075
-1254.901977
-2656.862792
-2823.529541
-2637.254882
-2245.098144
-1607.843139
-696.078430
1196.078491
1950.980468
2539.215820
2764.706054
2745.098144
2343.137207
1794.117675
-117.647064
-980.392150
-1705.882324
-2401.960937
-2735.294189
-2833.333496
-2490.196044
-1166.666748
-137.254898
725.490234
1470.588256
2225.490234
2627.450927
2794.117675
2588.235351
2186.274658
1519.607910
-480.392150
-1274.509887
-2049.019531
-2588.235351
-2813.725585
-2705.882324
-2313.725585
-1705.882324
-813.725524
166.666671
990.196105
1725.490234
2401.960937
2715.686279
2803.921630
2490.196044
2019.607910
1274.509887
-705.882385
-1480.392211
-2254.902099
-2705.882324
-2833.333496
-2607.843261
-2166.666748
-362.745117
519.607849
1274.509887
2049.019531
2588.235351
2764.706054
2656.862792
2274.509765
1696.078491
823.529418
-1117.647094
-1852.941162
-2460.784423
-2784.313720
-2823.529541
-2401.960937
-1892.156860
68.627449
862.745117
1598.039184
2323.529541
2715.686279
2813.725585
2549.019775
2078.431396
1352.941162
392.156860
-500.000000
-1235.294189
-2000.000000
-2539.215820
-2794.117675
-2774.509765
-2372.549072
-1794.117675
-950.980407
0.000000
676.470581
1421.568603
2176.470703
2647.058837
2794.117675
2617.647216
2225.490234
1558.823608
637.254943
-303.921569
-1137.254882
-1872.549072
-2490.196044
-2745.098144
-2352.941162
-1774.509887
-921.568664
49.019607
813.725524
1578.431396
2725.490234
2774.509765
2490.196044
2058.823486
1323.529418
313.725494
-549.019592
-2186.274658
-2676.470703
-2833.333496
-2627.450927
-2186.274658
-1549.019653
500.000000
1215.686279
1950.980468
2519.607910
2764.706054
2745.098144
2343.137207
843.137268
-107.843139
-960.784301
-1686.274536
-2401.960937
-2745.098144
-2833.333496
-1950.980468
-1156.862792
-137.254898
715.686279
1470.588256
2205.882324
2656.862792
2549.019775
2147.058837
1431.372558
460.784332
-470.588256
-1254.901977
-2029.411743
-2803.921630
-2637.254882
-2235.294189
-1617.647094
-715.686279
245.098037
1911.764770
2490.196044
2745.098144
2774.509765
2392.156982
1872.549072
1049.019653
-941.176513
-1686.274536
-2421.568603
-2745.098144
-2833.333496
-2500.000000
-2088.235351
-205.882354
627.450988
1392.156860
2147.058837
2617.647216
2784.313720
2598.039306
2215.686279
1598.039184
735.294128
-1205.882324
-1960.784301
-2568.627441
-2813.725585
-2764.706054
-2362.745117
-1764.705932
205.882354
1019.607849
1774.509887
2421.568603
2735.294189
2803.921630
2431.372558
1970.588256
1225.490234
215.686279
-637.254943
-1401.960815
-2186.274658
-2676.470703
-2813.725585
-2637.254882
-2205.882324
-1558.823608
470.588256
1245.098022
2019.607910
2558.823486
2774.509765
2705.882324
2333.333496
754.901977
-186.274520
-1029.411743
-1774.509887
-2450.980468
-2754.902099
-2823.529541
-1882.353027
-1058.823608
-39.215686
764.705871
1529.411743
2254.902099
2794.117675
2509.803955
2078.431396
1352.941162
392.156860
-509.803924
-1274.509887
-2647.058837
-2813.725585
-2656.862792
-2225.490234
-1607.843139
-686.274536
303.921569
1117.647094
1852.941162
2490.196044
2745.098144
2343.137207
1794.117675
950.980407
19.607843
-774.509826
-1539.215698
-2715.686279
-2833.333496
-2529.411865
-2068.627441
-1333.333374
-313.725494
578.431396
2215.686279
2637.254882
2774.509765
2598.039306
2205.882324
1558.823608
627.450988
-1235.294189
-1990.196166
-2588.235351
-2823.529541
-2725.490234
-2303.921630
-1715.686279
-833.333374
127.450981
950.980407
2431.372558
2725.490234
2784.313720
2431.372558
1950.980468
1196.078491
176.470596
-627.450988
-1411.764770
-2176.470703
-2647.058837
-2803.921630
-2647.058837
-2186.274658
-1578.431396
-637.254943
333.333343
1147.058837
2568.627441
2794.117675
2725.490234
2313.725585
1735.294189
931.372558
-58.823532
-1735.294189
-2441.176513
-2745.098144
-2803.921630
-2470.588378
-2000.000000
-1274.509887
725.490234
1480.392211
2225.490234
2647.058837
2794.117675
2607.843261
1382.353027
431.372558
-470.588256
-1274.509887
-2009.803955
-2578.431396
-2794.117675
-2245.098144
-1617.647094
-715.686279
235.294128
1049.019653
1803.921630
2441.176513
2754.902099
2352.941162
1803.921630
1009.803955
9.803922
-745.098083
-1500.000000
-2696.078369
-2803.921630
-2568.627441
-2137.254882
-1450.980468
-470.588256
460.784332
1235.294189
2019.607910
2558.823486
2784.313720
2725.490234
2323.529541
1735.294189
882.352966
-68.627449
-852.941162
-1637.254882
-2745.098144
-2833.333496
-2480.392089
-2000.000000
-1284.313720
-294.117645
568.627441
2215.686279
2676.470703
2803.921630
2607.843261
2176.470703
1549.019653
647.058837
-294.117645
-1117.647094
-1862.745117
-2500.000000
-2764.706054
-2794.117675
-2441.176513
-980.392150
-9.803922
745.098083
1509.803955
2225.490234
2656.862792
2803.921630
2598.039306
2176.470703
1529.411743
598.039245
-352.941192
-1166.666748
-1892.156860
-2519.607910
-2784.313720
-2794.117675
-2372.549072
-862.745117
107.843139
941.176513
1686.274536
2382.353027
2705.882324
2803.921630
2500.000000
2098.039306
1362.745117
382.352935
-519.607849
-1274.509887
-2068.627441
-2607.843261
-2784.313720
-2676.470703
-2313.725585
-696.078430
274.509796
1088.235351
1823.529418
2460.784423
2774.509765
2754.902099
1823.529418
980.392150
39.215686
-774.509826
-1519.607910
-2254.902099
-2686.274658
-2843.137207
-2588.235351
-2147.058837
-1460.784301
-490.196075
431.372558
1215.686279
1980.392211
2558.823486
2774.509765
2725.490234
1686.274536
823.529418
-147.058822
-970.588256
-1715.686279
-2401.960937
-2735.294189
-2431.372558
-1892.156860
-1117.647094
-107.843139
745.098083
1470.588256
2215.686279
2676.470703
2813.725585
2598.039306
2166.666748
1519.607910
598.039245
-343.137268
-1166.666748
-1931.372558
-2519.607910
-2784.313720
-2794.117675
-2392.156982
-1813.725463
147.058822
970.588256
1666.666748
2372.549072
2705.882324
2823.529541
2480.392089
1147.058837
147.058822
-666.666687
-1431.372558
-2205.882324
-2656.862792
-2813.725585
-2127.450927
-1421.568603
-441.176483
490.196075
1245.098022
2000.000000
2490.196044
2696.078369
2294.117675
1705.882324
813.725524
-137.254898
-990.196105
-1705.882324
-2735.294189
-2813.725585
-2421.568603
-1911.764770
-1117.647094
-107.843139
1627.451049
2343.137207
2715.686279
2833.333496
2519.607910
2078.431396
1333.333374
-666.666687
-1450.980468
-2186.274658
-2676.470703
-2823.529541
-2656.862792
-2205.882324
-460.784332
470.588256
1245.098022
1990.196166
2558.823486
2784.313720
2705.882324
2323.529541
1715.686279
872.549011
-1068.627441
-1794.117675
-2480.392089
-2754.902099
-2823.529541
-2431.372558
-1911.764770
9.803922
735.294128
1500.000000
2186.274658
2656.862792
2794.117675
2598.039306
2205.882324
1558.823608
637.254943
-1254.901977
-2019.607910
-2578.431396
-2647.058837
-2254.902099
-1647.058837
-754.901977
196.078430
1039.215698
1774.509887
2774.509765
2774.509765
2392.156982
1862.745117
1058.823608
78.431373
-725.490234
-2313.725585
-2715.686279
-2813.725585
-2558.823486
-2088.235351
-1362.745117
-352.941192
1421.568603
2176.470703
2656.862792
2813.725585
2607.843261
2205.882324
1539.215698
637.254943
-303.921569
-1156.862792
-1892.156860
-2500.000000
-2774.509765
-2813.725585
-2421.568603
-1901.960815
-1078.431396
-78.431373
1627.451049
2323.529541
2696.078369
2784.313720
2519.607910
2088.235351
1362.745117
382.352935
-500.000000
-1225.490234
-2647.058837
-2813.725585
-2637.254882
-2254.902099
-1666.666748
-754.901977
196.078430
1039.215698
1764.705932
2431.372558
2735.294189
2813.725585
2411.764648
1950.980468
1156.862792
-813.725524
-1607.843139
-2323.529541
-2725.490234
-2843.137207
-2558.823486
-2098.039306
-1392.156860
-382.352935
529.411804
2147.058837
2647.058837
2784.313720
2607.843261
2235.294189
1617.647094
735.294128
-1176.470581
-1950.980468
-2539.215820
-2794.117675
-2764.706054
-2352.941162
-823.529418
117.647064
960.784301
1686.274536
2411.764648
2725.490234
2803.921630
1941.176513
1166.666748
176.470596
-666.666687
-1421.568603
-2186.274658
-2666.666748
-2568.627441
-2127.450927
-1431.372558
-450.980407
480.392150
1225.490234
2009.803955
2794.117675
2637.254882
2245.098144
1656.862792
754.901977
-186.274520
-1029.411743
-1774.509887
-2450.980468
-2745.098144
-2382.353027
-1862.745117
-1049.019653
970.588256
1686.274536
2382.353027
2715.686279
2784.313720
2480.392089
2049.019531
166.666671
-686.274536
-1441.176513
-2205.882324
-2666.666748
-2803.921630
-2627.450927
-2186.274658
-1529.411743
-549.019592
1254.901977
2029.411743
2568.627441
2784.313720
2676.470703
2303.921630
1705.882324
-284.313720
-1127.451049
-1862.745117
-2519.607910
-2774.509765
-2813.725585
-2411.764648
-921.568664
49.019607
813.725524
1568.627441
2284.313720
2686.274658
2803.921630
2039.215698
1313.725463
313.725494
-578.431396
-1333.333374
-2127.450927
-2637.254882
-2833.333496
-2647.058837
-2245.098144
-598.039245
372.549041
1156.862792
1901.960815
2490.196044
2754.902099
2764.706054
2392.156982
1843.137329
1058.823608
-950.980407
-1676.470581
-2392.156982
-2823.529541
-2441.176513
-1941.176513
-1137.254882
-127.450981
715.686279
1470.588256
2705.882324
2803.921630
2558.823486
2098.039306
1421.568603
450.980407
-441.176483
-2098.039306
-2617.647216
-2794.117675
-2656.862792
-2245.098144
-1666.666748
-774.509826
1166.666748
1921.568603
2519.607910
2764.706054
2784.313720
2392.156982
1843.137329
1000.000000
107.843139
-735.294128
-1500.000000
-2196.078369
-2676.470703
-2823.529541
-2637.254882
-2205.882324
-1549.019653
-588.235290
362.745117
1147.058837
1901.960815
2764.706054
2696.078369
2323.529541
1745.098022
921.568664
-39.215686
-852.941162
-2401.960937
-2745.098144
-2813.725585
-2490.196044
-2029.411743
-1245.098022
-235.294128
1529.411743
2245.098144
2676.470703
2803.921630
2598.039306
2166.666748
1500.000000
-450.980407
-1215.686279
-1990.196166
-2568.627441
-2803.921630
-2725.490234
-2343.137207
-1725.490234
-862.745117
98.039215
1764.705932
2431.372558
2754.902099
2813.725585
2441.176513
1970.588256
1225.490234
-774.509826
-1549.019653
-2303.921630
-2715.686279
-2823.529541
-2568.627441
-2147.058837
-323.529418
558.823547
1323.529418
2088.235351
2647.058837
2794.117675
2166.666748
1539.215698
627.450988
-294.117645
-1147.058837
-1882.353027
-2509.803955
-2794.117675
-2794.117675
-2392.156982
-892.156860
68.627449
852.941162
1607.843139
2333.333496
2696.078369
2823.529541
1970.588256
1245.098022
254.901962
-598.039245
-1362.745117
-2137.254882
-2637.254882
-2607.843261
-2186.274658
-1509.803955
-539.215698
392.156860
1196.078491
1931.372558
2784.313720
2666.666748
2294.117675
1686.274536
823.529418
-117.647064
-950.980407
-2441.176513
-2764.706054
-2823.529541
-2450.980468
-1931.372558
-1166.666748
872.549011
1607.843139
2343.137207
2705.882324
2794.117675
2529.411865
2088.235351
264.705902
-588.235290
-1362.745117
-2156.862792
-2676.470703
-2813.725585
-2656.862792
-1519.607910
-578.431396
372.549041
1166.666748
1931.372558
2529.411865
2774.509765
2284.313720
1715.686279
862.745117
-88.235298
-921.568664
-1656.862792
-2362.745117
-2725.490234
-2823.529541
-2529.411865
-1205.882324
-166.666671
676.470581
1441.176513
2166.666748
2676.470703
2803.921630
2107.843261
1441.176513
470.588256
-441.176483
-1245.098022
-2000.000000
-2519.607910
-2715.686279
-2313.725585
-1705.882324
-823.529418
166.666671
980.392150
1686.274536
2372.549072
2696.078369
2813.725585
1931.372558
1166.666748
117.647064
-1578.431396
-2323.529541
-2725.490234
-2823.529541
-2549.019775
-2117.647216
-1382.353027
647.058837
1411.764770
2156.862792
2656.862792
2764.706054
2598.039306
2205.882324
588.235290
-362.745117
-1186.274536
-1950.980468
-2539.215820
-2803.921630
-2784.313720
-1725.490234
-823.529418
127.450981
990.196105
1696.078491
2392.156982
2794.117675
2401.960937
1931.372558
1166.666748
117.647064
-696.078430
-1441.176513
-2715.686279
-2823.529541
-2588.235351
-2107.843261
-1343.137329
-372.549041
500.000000
2088.235351
2598.039306
2774.509765
2647.058837
2254.902099
1696.078491
823.529418
-1098.039184
-1862.745117
-2500.000000
-2774.509765
-2823.529541
-2441.176513
-1921.568603
-9.803922
754.901977
1490.196166
2264.705810
2676.470703
2813.725585
2588.235351
2147.058837
1470.588256
539.215698
-1294.117675
-2058.823486
-2627.450927
-2794.117675
-2666.666748
-2284.313720
-1656.862792
323.529418
1147.058837
1882.353027
2490.196044
2764.706054
2784.313720
1745.098022
911.764709
-29.411766
-843.137268
-1568.627441
-2323.529541
-2715.686279
-2509.803955
-2019.607910
-1254.901977
-245.098037
558.823547
1333.333374
2127.450927
2647.058837
2803.921630
2647.058837
1519.607910
607.843139
-343.137268
-1166.666748
-1941.176513
-2519.607910
-2794.117675
-2303.921630
-1705.882324
-813.725524
107.843139
980.392150
1686.274536
2401.960937
2803.921630
2421.568603
1941.176513
1156.862792
156.862747
-676.470581
-1421.568603
-2196.078369
-2656.862792
-2823.529541
-2137.254882
-1411.764770
-441.176483
480.392150
1254.901977
2009.803955
2539.215820
2627.450927
2245.098144
1656.862792
764.705871
-186.274520
-1009.803955
-1774.509887
-2803.921630
-2784.313720
-2392.156982
-1862.745117
-1039.215698
-29.411766
754.901977
1519.607910
2235.294189
2647.058837
2529.411865
2068.627441
1333.333374
-656.862731
-1421.568603
-2186.274658
-2676.470703
-2803.921630
-2647.058837
-2215.686279
-480.392150
450.980407
1215.686279
1980.392211
2539.215820
2794.117675
2735.294189
1656.862792
823.529418
-147.058822
-990.196105
-1715.686279
-2411.764648
-2735.294189
-2421.568603
-1911.764770
-1127.451049
-98.039215
715.686279
1470.588256
2235.294189
2676.470703
2803.921630
2607.843261
1431.372558
441.176483
-470.588256
-2107.843261
-2627.450927
-2823.529541
-2666.666748
-2254.902099
-1647.058837
-745.098083
1166.666748
1941.176513
2529.411865
2774.509765
2745.098144
2362.745117
1803.921630
-127.450981
-970.588256
-1696.078491
-2431.372558
-2745.098144
-2833.333496
-2470.588378
-1107.843139
-88.235298
715.686279
1450.980468
2225.490234
2666.666748
2549.019775
2117.647216
1431.372558
450.980407
-421.568634
-1254.901977
-2009.803955
-2833.333496
-2637.254882
-2245.098144
-1627.451049
-725.490234
225.490203
1058.823608
2490.196044
2745.098144
2764.706054
2392.156982
1852.941162
1078.431396
49.019607
-1637.254882
-2343.137207
-2745.098144
-2833.333496
-2549.019775
-2078.431396
-1333.333374
-333.333343
549.019592
1303.921630
2088.235351
2637.254882
2784.313720
2637.254882
2245.098144
1656.862792
794.117675
-166.666671
-1843.137329
-2480.392089
-2774.509765
-2823.529541
-2401.960937
-1862.745117
-1049.019653
931.372558
1676.470581
2392.156982
2735.294189
2823.529541
2460.784423
1166.666748
166.666671
-676.470581
-1441.176513
-2205.882324
-2696.078369
-2823.529541
-2137.254882
-1411.764770
-421.568634
480.392150
1254.901977
2019.607910
2588.235351
2617.647216
2245.098144
1647.058837
745.098083
-196.078430
-1009.803955
-1784.313720
-2460.784423
-2764.706054
-2833.333496
-2431.372558
-1931.372558
-1147.058837
-117.647064
715.686279
1460.784301
2215.686279
2676.470703
2568.627441
2107.843261
1421.568603
450.980407
-470.588256
-1264.705932
-2009.803955
-2813.725585
-2656.862792
-2254.902099
-1647.058837
-745.098083
215.686279
1039.215698
1774.509887
2441.176513
2745.098144
2794.117675
2431.372558
1950.980468
1156.862792
166.666671
-666.666687
-1421.568603
-2225.490234
-2813.725585
-2598.039306
-2147.058837
-1431.372558
-460.784332
480.392150
1225.490234
1990.196166
2568.627441
2774.509765
2715.686279
2323.529541
1735.294189
862.745117
-78.431373
-882.352966
-1647.058837
-2362.745117
-2823.529541
-2460.784423
-1970.588256
-1186.274536
-156.862747
676.470581
1441.176513
2705.882324
2803.921630
2578.431396
2166.666748
1450.980468
490.196075
-421.568634
-2058.823486
-2637.254882
-2823.529541
-2647.058837
-2274.509765
-1686.274536
343.137268
1147.058837
1872.549072
2470.588378
2745.098144
2794.117675
2401.960937
921.568664
-19.607843
-823.529418
-1588.235351
-2323.529541
-2735.294189
-2833.333496
-2019.607910
-1254.901977
-235.294128
627.450988
1362.745117
2137.254882
2607.843261
2764.706054
2607.843261
2235.294189
1627.451049
735.294128
-235.294128
-1049.019653
-1784.313720
-2470.588378
-2764.706054
-2843.137207
-1843.137329
-1000.000000
-88.235298
725.490234
1470.588256
2215.686279
2676.470703
2549.019775
2107.843261
1382.353027
421.568634
-480.392150
-1245.098022
-2009.803955
-2578.431396
-2813.725585
-2686.274658
-1607.843139
-696.078430
254.901962
1068.627441
1803.921630
2441.176513
2764.706054
2794.117675
2392.156982
1921.568603
1107.843139
107.843139
-725.490234
-1480.392211
-2245.098144
-2813.725585
-2558.823486
-2117.647216
-1372.549072
-372.549041
529.411804
1264.705932
2049.019531
2568.627441
2784.313720
2235.294189
1598.039184
705.882385
-254.901962
-1058.823608
-1803.921630
-2460.784423
-2784.313720
-2392.156982
-1803.921630
-970.588256
-29.411766
774.509826
1519.607910
2254.902099
2666.666748
2774.509765
2578.431396
2166.666748
1500.000000
607.843139
-333.333343
-1156.862792
-1892.156860
-2519.607910
-2735.294189
-2343.137207
-1725.490234
-882.352966
98.039215
892.156860
1607.843139
2735.294189
2803.921630
2450.980468
2000.000000
1303.921630
313.725494
-549.019592
-2156.862792
-2627.450927
-2813.725585
-2637.254882
-2235.294189
-1568.627441
460.784332
1235.294189
1990.196166
2568.627441
2794.117675
2686.274658
2303.921630
764.705871
-196.078430
-1039.215698
-1764.705932
-2450.980468
-2774.509765
-2813.725585
-1833.333374
-1009.803955
0.000000
647.058837
1401.960815
2137.254882
2647.058837
2578.431396
2156.862792
1480.392211
500.000000
-323.529418
-1166.666748
-1901.960815
-2803.921630
-2705.882324
-2323.529541
-1735.294189
-843.137268
127.450981
960.784301
1666.666748
2352.941162
2705.882324
2803.921630
2509.803955
2039.215698
1284.313720
303.921569
-558.823547
-1323.529418
-2098.039306
-2823.529541
-2617.647216
-2186.274658
-1529.411743
-578.431396
392.156860
1166.666748
1931.372558
2519.607910
2774.509765
2764.706054
2343.137207
1823.529418
1009.803955
78.431373
-764.705871
-1529.411743
-2294.117675
-2823.529541
-2539.215820
-2068.627441
-1313.725463
-303.921569
558.823547
1323.529418
2107.843261
2617.647216
2794.117675
2176.470703
1539.215698
607.843139
-323.529418
-1156.862792
-1911.764770
-2500.000000
-2764.706054
-2382.353027
-1774.509887
-941.176513
9.803922
745.098083
1490.196166
2696.078369
2813.725585
2558.823486
2088.235351
1372.549072
421.568634
-480.392150
-2137.254882
-2656.862792
-2803.921630
-2647.058837
-2235.294189
-1617.647094
-715.686279
264.705902
1088.235351
1823.529418
2460.784423
2754.902099
2803.921630
2431.372558
1901.960815
1137.254882
156.862747
-696.078430
-2294.117675
-2705.882324
-2823.529541
-2598.039306
-2147.058837
-1441.176513
-441.176483
1372.549072
2117.647216
2617.647216
2784.313720
2637.254882
2235.294189
558.823547
-362.745117
-1196.078491
-1921.568603
-2539.215820
-2794.117675
-2774.509765
-1715.686279
-833.333374
147.058822
970.588256
1686.274536
2372.549072
2705.882324
2450.980468
1941.176513
1166.666748
176.470596
-666.666687
-1421.568603
-2186.274658
-2803.921630
-2588.235351
-2127.450927
-1421.568603
-460.784332
490.196075
1245.098022
2000.000000
2519.607910
2764.706054
2754.902099
2372.549072
1803.921630
1000.000000
78.431373
-725.490234
-1490.196166
-2245.098144
-2813.725585
-2558.823486
-2098.039306
-1392.156860
-382.352935
519.607849
1264.705932
2647.058837
2813.725585
2617.647216
2235.294189
1607.843139
705.882385
-215.686279
-1058.823608
-1813.725463
-2450.980468
-2794.117675
-2382.353027
-1803.921630
137.254898
960.784301
1676.470581
2382.353027
2715.686279
2794.117675
2470.588378
1166.666748
147.058822
-676.470581
-1431.372558
-2215.686279
-2686.274658
-2813.725585
-2127.450927
-1431.372558
-441.176483
490.196075
1235.294189
2000.000000
2549.019775
2656.862792
2264.705810
1696.078491
823.529418
-147.058822
-960.784301
-1696.078491
-2431.372558
-2735.294189
-2813.725585
-1931.372558
-1107.843139
-88.235298
1607.843139
2313.725585
2705.882324
2813.725585
2549.019775
2088.235351
1372.549072
392.156860
-490.196075
-1284.313720
-2039.215698
-2803.921630
-2637.254882
-2254.902099
-1637.254882
-696.078430
245.098037
1901.960815
2509.803955
2784.313720
2774.509765
2392.156982
1843.137329
1029.411743
-980.392150
-1696.078491
-2411.764648
-2735.294189
-2833.333496
-2490.196044
-2019.607910
-127.450981
696.078430
1460.784301
2205.882324
2666.666748
2813.725585
2607.843261
2166.666748
1529.411743
578.431396
-1264.705932
-2049.019531
-2607.843261
-2813.725585
-2705.882324
-2313.725585
-1696.078491
323.529418
1137.254882
1882.353027
2500.000000
2774.509765
2813.725585
2372.549072
1901.960815
1127.451049
156.862747
-696.078430
-1480.392211
-2245.098144
-2686.274658
-2803.921630
-2617.647216
-2176.470703
-1500.000000
-627.450988
323.529418
1156.862792
1882.353027
2490.196044
2764.706054
2774.509765
1803.921630
960.784301
-9.803922
-764.705871
-1549.019653
-2274.509765
-2696.078369
-2549.019775
-2088.235351
-1343.137329
-343.137268
549.019592
1323.529418
2078.431396
2598.039306
2813.725585
2666.666748
2264.705810
1666.666748
813.725524
-147.058822
-980.392150
-1715.686279
-2411.764648
-2725.490234
-2823.529541
-2480.392089
-2009.803955
-1245.098022
-235.294128
617.647094
1372.549072
2666.666748
2784.313720
2588.235351
2186.274658
1519.607910
598.039245
-352.941192
-2019.607910
-2598.039306
-2823.529541
-2715.686279
-2343.137207
-1745.098022
264.705902
1078.431396
1803.921630
2421.568603
2735.294189
2803.921630
2431.372558
1019.607849
0.000000
-656.862731
-1392.156860
-2156.862792
-2656.862792
-2803.921630
-2637.254882
-2186.274658
-1519.607910
470.588256
1245.098022
2000.000000
2539.215820
2794.117675
2745.098144
2323.529541
823.529418
-107.843139
-960.784301
-1686.274536
-2401.960937
-2754.902099
-2813.725585
-1941.176513
-1137.254882
-137.254898
715.686279
1480.392211
2225.490234
2696.078369
2794.117675
2607.843261
2166.666748
460.784332
-480.392150
-1225.490234
-2019.607910
-2578.431396
-2813.725585
-2705.882324
-1617.647094
-735.294128
235.294128
1058.823608
1784.313720
2460.784423
2754.902099
2372.549072
1833.333374
1029.411743
19.607843
-764.705871
-1519.607910
-2264.705810
-2823.529541
-2539.215820
-2068.627441
-1323.529418
-313.725494
578.431396
1303.921630
2088.235351
2656.862792
2794.117675
2196.078369
1539.215698
617.647094
-313.725494
-1156.862792
-1892.156860
-2509.803955
-2754.902099
-2343.137207
-1754.901977
-911.764709
49.019607
823.529418
2382.353027
2725.490234
2823.529541
2490.196044
2049.019531
1294.117675
323.529418
-1460.784301
-2205.882324
-2686.274658
-2833.333496
-2607.843261
-2186.274658
-1490.196166
-509.803924
411.764709
1186.274536
2617.647216
2784.313720
2686.274658
2264.705810
1696.078491
843.137268
-107.843139
-1794.117675
-2490.196044
-2774.509765
-2823.529541
-2421.568603
-1911.764770
-1117.647094
921.568664
1617.647094
2362.745117
2715.686279
2803.921630
2519.607910
2068.627441
1382.353027
392.156860
-509.803924
-1264.705932
-2058.823486
-2598.039306
-2813.725585
-2686.274658
-2303.921630
-1725.490234
-813.725524
1137.254882
1872.549072
2500.000000
2745.098144
2794.117675
2431.372558
1941.176513
19.607843
-764.705871
-1568.627441
-2294.117675
-2715.686279
-2813.725585
-2588.235351
-1333.333374
-313.725494
578.431396
1333.333374
2088.235351
2598.039306
2607.843261
2166.666748
1529.411743
607.843139
-333.333343
-1186.274536
-1931.372558
-2784.313720
-2735.294189
-2333.333496
-1725.490234
-843.137268
107.843139
950.980407
2441.176513
2754.902099
2803.921630
2441.176513
1950.980468
1166.666748
186.274520
-1549.019653
-2274.509765
-2696.078369
-2833.333496
-2598.039306
-2147.058837
-343.137268
558.823547
1313.725463
2058.823486
2598.039306
2764.706054
2666.666748
2264.705810
1666.666748
803.921569
-147.058822
-1823.529418
-2470.588378
-2774.509765
-2813.725585
-2421.568603
-1892.156860
29.411766
813.725524
1578.431396
2294.117675
2705.882324
2813.725585
2558.823486
1274.509887
284.313720
-568.627441
-1352.941162
-2147.058837
-2617.647216
-2803.921630
-2205.882324
-1539.215698
-549.019592
372.549041
1166.666748
1892.156860
2500.000000
2754.902099
2784.313720
2401.960937
960.784301
39.215686
-735.294128
-1519.607910
-2254.902099
-2686.274658
-2823.529541
-2088.235351
-1333.333374
-333.333343
568.627441
1313.725463
2078.431396
2568.627441
2617.647216
2205.882324
1549.019653
617.647094
-303.921569
-1137.254882
-1882.353027
-2794.117675
-2735.294189
-2333.333496
-1754.901977
-911.764709
58.823532
852.941162
1598.039184
2323.529541
2696.078369
2480.392089
2039.215698
1274.509887
303.921569
-568.627441
-1362.745117
-2147.058837
-2813.725585
-2627.450927
-2196.078369
-1529.411743
-568.627441
372.549041
1186.274536
1921.568603
2500.000000
2764.706054
2794.117675
2372.549072
1872.549072
1107.843139
88.235298
-696.078430
-1460.784301
-2215.686279
-2843.137207
-2568.627441
-2127.450927
-1392.156860
-401.960784
500.000000
1196.078491
2578.431396
2813.725585
2656.862792
2274.509765
1696.078491
823.529418
-107.843139
-1843.137329
-2460.784423
-2774.509765
-2813.725585
-2421.568603
-1882.353027
49.019607
813.725524
1568.627441
2294.117675
2676.470703
2813.725585
2568.627441
1294.117675
313.725494
-578.431396
-1352.941162
-2127.450927
-2637.254882
-2803.921630
-2627.450927
-2245.098144
-1617.647094
392.156860
1156.862792
1901.960815
2509.803955
2774.509765
2764.706054
2372.549072
872.549011
-58.823532
-872.549011
-1627.451049
-2372.549072
-2725.490234
-2823.529541
-1990.196166
-1235.294189
-205.882354
637.254943
1382.353027
2137.254882
2617.647216
2598.039306
2156.862792
1490.196166
529.411804
-382.352935
-1196.078491
-1960.784301
-2803.921630
-2696.078369
-2303.921630
-1705.882324
-803.921569
166.666671
1852.941162
2470.588378
2754.902099
2813.725585
2411.764648
1911.764770
1107.843139
-901.960815
-1647.058837
-2372.549072
-2715.686279
-2813.725585
-2539.215820
-2088.235351
-205.882354
656.862731
1401.960815
2147.058837
2637.254882
2823.529541
2617.647216
1470.588256
529.411804
-401.960784
-1186.274536
-1960.784301
-2549.019775
-2813.725585
-2274.509765
-1715.686279
-794.117675
156.862747
980.392150
1715.686279
2774.509765
2784.313720
2411.764648
1911.764770
1156.862792
166.666671
-676.470581
-2294.117675
-2696.078369
-2833.333496
-2598.039306
-2147.058837
-1450.980468
-480.392150
1352.941162
2117.647216
2637.254882
2813.725585
2627.450927
2254.902099
1656.862792
754.901977
-196.078430
-1009.803955
-1803.921630
-2450.980468
-2754.902099
-2823.529541
-2450.980468
-1960.784301
-1196.078491
-176.470596
1558.823608
2274.509765
2676.470703
2794.117675
2588.235351
2137.254882
1431.372558
-598.039245
-1333.333374
-2137.254882
-2656.862792
-2813.725585
-2647.058837
-2225.490234
-1627.451049
-696.078430
264.705902
1068.627441
1813.725463
2450.980468
2745.098144
2803.921630
2431.372558
1931.372558
1156.862792
-862.745117
-1627.451049
-2362.745117
-2745.098144
-2813.725585
-2519.607910
-2088.235351
-235.294128
627.450988
1382.353027
2127.450927
2637.254882
2784.313720
2186.274658
1490.196166
558.823547
-382.352935
-1196.078491
-1960.784301
-2539.215820
-2696.078369
-2303.921630
-1715.686279
-823.529418
147.058822
980.392150
1676.470581
2735.294189
2803.921630
2441.176513
1931.372558
1127.451049
166.666671
-686.274536
-2284.313720
-2705.882324
-2813.725585
-2558.823486
-2117.647216
-1411.764770
637.254943
1362.745117
2127.450927
2656.862792
2803.921630
2637.254882
2225.490234
558.823547
-382.352935
-1186.274536
-1931.372558
-2529.411865
-2784.313720
-2764.706054
-2372.549072
-1803.921630
-960.784301
990.196105
1705.882324
2401.960937
2705.882324
2833.333496
2470.588378
2000.000000
205.882354
-647.058837
-1401.960815
-2176.470703
-2647.058837
-2833.333496
-2627.450927
-1470.588256
-509.803924
441.176483
1196.078491
1950.980468
2509.803955
2774.509765
2284.313720
1676.470581
843.137268
-117.647064
-941.176513
-1696.078491
-2392.156982
-2754.902099
-2823.529541
-2490.196044
-1156.862792
-127.450981
715.686279
1441.176513
2176.470703
2656.862792
2784.313720
2107.843261
1411.764770
470.588256
-1343.137329
-2127.450927
-2637.254882
-2823.529541
-2647.058837
-2254.902099
-1647.058837
382.352935
1186.274536
1960.784301
2529.411865
2794.117675
2745.098144
2362.745117
843.137268
-88.235298
-921.568664
-1666.666748
-2372.549072
-2735.294189
-2813.725585
-1980.392211
-1186.274536
-147.058822
686.274536
1441.176513
2196.078369
2803.921630
2568.627441
2137.254882
1450.980468
490.196075
-431.372558
-1235.294189
-2637.254882
-2813.725585
-2676.470703
-2294.117675
-1676.470581
-754.901977
205.882354
1852.941162
2480.392089
2784.313720
2784.313720
2382.353027
1852.941162
1078.431396
88.235298
-725.490234
-1500.000000
-2705.882324
-2833.333496
-2607.843261
-2127.450927
-352.941192
539.215698
1294.117675
2068.627441
2617.647216
2794.117675
2176.470703
1568.627441
686.274536
-254.901962
-1088.235351
-1862.745117
-2519.607910
-2754.902099
-2372.549072
-1794.117675
-931.372558
19.607843
803.921569
1549.019653
2705.882324
2813.725585
2529.411865
2049.019531
1303.921630
323.529418
-558.823547
-2196.078369
-2666.666748
-2813.725585
-2627.450927
-2205.882324
-1529.411743
-588.235290
1274.509887
2029.411743
2588.235351
2813.725585
2686.274658
2284.313720
696.078430
-225.490203
-1058.823608
-1784.313720
-2460.784423
-2764.706054
-2833.333496
-1843.137329
-990.196105
-19.607843
764.705871
1490.196166
2245.098144
2647.058837
2549.019775
2098.039306
1382.353027
401.960784
-480.392150
-1264.705932
-2049.019531
-2813.725585
-2656.862792
-2245.098144
-1607.843139
-705.882385
264.705902
1078.431396
1803.921630
2450.980468
2735.294189
2794.117675
2431.372558
1911.764770
1137.254882
127.450981
-715.686279
-1470.588256
-2225.490234
-2833.333496
-2578.431396
-2127.450927
-1392.156860
-392.156860
519.607849
1294.117675
2039.215698
2568.627441
2784.313720
2235.294189
1607.843139
696.078430
-225.490203
-1058.823608
-1794.117675
-2490.196044
-2764.706054
-2843.137207
-2441.176513
-1901.960815
-1137.254882
-107.843139
745.098083
1480.392211
2676.470703
2784.313720
2539.215820
2107.843261
1411.764770
431.372558
-480.392150
-2107.843261
-2647.058837
-2833.333496
-2656.862792
-2254.902099
-1647.058837
401.960784
1156.862792
1921.568603
2490.196044
2745.098144
2754.902099
2362.745117
892.156860
-39.215686
-872.549011
-1607.843139
-2352.941162
-2715.686279
-2833.333496
-2009.803955
-1245.098022
-225.490203
607.843139
1372.549072
2137.254882
2656.862792
2813.725585
2598.039306
2225.490234
598.039245
-333.333343
-1176.470581
-1892.156860
-2529.411865
-2794.117675
-2803.921630
-1715.686279
-833.333374
117.647064
941.176513
1686.274536
2421.568603
2745.098144
2431.372558
1931.372558
1166.666748
176.470596
-666.666687
-1441.176513
-2196.078369
-2833.333496
-2598.039306
-2147.058837
-1450.980468
-500.000000
382.352935
2039.215698
2607.843261
2784.313720
2696.078369
2313.725585
1715.686279
852.941162
-1078.431396
-1833.333374
-2509.803955
-2764.706054
-2833.333496
-2421.568603
-1882.353027
58.823532
833.333374
1607.843139
2323.529541
2715.686279
2803.921630
2539.215820
1303.921630
313.725494
-568.627441
-1352.941162
-2127.450927
-2656.862792
-2833.333496
-2186.274658
-1539.215698
-578.431396
382.352935
1176.470581
1941.176513
2794.117675
2686.274658
2303.921630
1735.294189
843.137268
-98.039215
-901.960815
-2441.176513
-2754.902099
-2823.529541
-2470.588378
-1970.588256
-1215.686279
-176.470596
1578.431396
2313.725585
2686.274658
2794.117675
2549.019775
2117.647216
1460.784301
480.392150
-441.176483
-1235.294189
-2009.803955
-2578.431396
-2784.313720
-2745.098144
-2333.333496
-1754.901977
-862.745117
98.039215
1754.901977
2431.372558
2745.098144
2803.921630
2450.980468
1970.588256
1225.490234
-774.509826
-1539.215698
-2284.313720
-2705.882324
-2813.725585
-2588.235351
-2117.647216
-1411.764770
-441.176483
490.196075
1254.901977
2029.411743
2588.235351
2794.117675
2666.666748
2274.509765
1686.274536
843.137268
-1107.843139
-1872.549072
-2500.000000
-2784.313720
-2823.529541
-2450.980468
-1931.372558
-29.411766
813.725524
1558.823608
2284.313720
2705.882324
2803.921630
2049.019531
1313.725463
333.333343
-539.215698
-1323.529418
-2078.431396
-2637.254882
-2637.254882
-2215.686279
-1558.823608
-588.235290
323.529418
1147.058837
1882.353027
2784.313720
2725.490234
2323.529541
1754.901977
911.764709
-19.607843
-813.725524
-2382.353027
-2725.490234
-2823.529541
-2509.803955
-2049.019531
-1274.509887
-274.509796
1490.196166
2225.490234
2676.470703
2794.117675
2617.647216
2127.450927
411.764709
-480.392150
-1245.098022
-2019.607910
-2568.627441
-2803.921630
-2715.686279
-1627.451049
-725.490234
235.294128
1058.823608
1774.509887
2441.176513
2745.098144
2362.745117
1833.333374
990.196105
68.627449
-725.490234
-1490.196166
-2254.902099
-2813.725585
-2558.823486
-2117.647216
-1362.745117
-352.941192
539.215698
1284.313720
2058.823486
2558.823486
2794.117675
2686.274658
2274.509765
1696.078491
813.725524
-117.647064
-970.588256
-1696.078491
-2421.568603
-2813.725585
-2431.372558
-1931.372558
-1107.843139
-68.627449
696.078430
1431.372558
2715.686279
2803.921630
2578.431396
2127.450927
1450.980468
460.784332
-450.980407
-2088.235351
-2637.254882
-2813.725585
-2647.058837
-2264.705810
-1676.470581
343.137268
1156.862792
1882.353027
2490.196044
2774.509765
2784.313720
2401.960937
901.960815
-49.019607
-823.529418
-1607.843139
-2333.333496
-2745.098144
-2833.333496
-2039.215698
-1254.901977
-245.098037
617.647094
1362.745117
2117.647216
2617.647216
2607.843261
2186.274658
1529.411743
568.627441
-362.745117
-1215.686279
-1911.764770
-2794.117675
-2696.078369
-2313.725585
-1715.686279
-823.529418
137.254898
1803.921630
2450.980468
2735.294189
2803.921630
2411.764648
1921.568603
1117.647094
-852.941162
-1637.254882
-2333.333496
-2725.490234
-2823.529541
-2568.627441
-2117.647216
-235.294128
627.450988
1362.745117
2137.254882
2637.254882
2794.117675
2617.647216
2254.902099
1598.039184
705.882385
-245.098037
-1088.235351
-1843.137329
-2490.196044
-2774.509765
-2823.529541
-2421.568603
-1911.764770
49.019607
823.529418
1578.431396
2274.509765
2686.274658
2784.313720
2568.627441
1313.725463
333.333343
-578.431396
-1323.529418
-2127.450927
-2647.058837
-2833.333496
-2215.686279
-1549.019653
-607.843139
362.745117
1176.470581
1901.960815
2764.706054
2715.686279
2323.529541
1754.901977
892.156860
-49.019607
-823.529418
-2411.764648
-2745.098144
-2803.921630
-2500.000000
-2078.431396
-1333.333374
-352.941192
1460.784301
2196.078369
2794.117675
2578.431396
2127.450927
1431.372558
480.392150
-460.784332
-1264.705932
-2029.411743
-2588.235351
-2813.725585
-2696.078369
-2323.529541
-1705.882324
-852.941162
1117.647094
1843.137329
2460.784423
2774.509765
2794.117675
2421.568603
1901.960815
1107.843139
98.039215
-696.078430
-1441.176513
-2205.882324
-2696.078369
-2823.529541
-2627.450927
-2186.274658
-1519.607910
-588.235290
1313.725463
2058.823486
2598.039306
2784.313720
2676.470703
2294.117675
1725.490234
872.549011
-58.823532
-892.156860
-2421.568603
-2735.294189
-2813.725585
-2470.588378
-1990.196166
-1205.882324
-176.470596
647.058837
1382.353027
2156.862792
2647.058837
2803.921630
2637.254882
2235.294189
1617.647094
-411.764709
-1235.294189
-1980.392211
-2549.019775
-2794.117675
-2754.902099
-2343.137207
-794.117675
176.470596
990.196105
1725.490234
2382.353027
2705.882324
2411.764648
1921.568603
1156.862792
147.058822
-676.470581
-1411.764770
-2196.078369
-2813.725585
-2578.431396
-2137.254882
-1421.568603
-460.784332
470.588256
1235.294189
2617.647216
2794.117675
2627.450927
2245.098144
1637.254882
745.098083
-196.078430
-1892.156860
-2500.000000
-2764.706054
-2803.921630
-2421.568603
-1921.568603
-1137.254882
-127.450981
715.686279
1480.392211
2205.882324
2666.666748
2794.117675
2617.647216
2166.666748
1500.000000
656.862731
-1245.098022
-2009.803955
-2578.431396
-2803.921630
-2715.686279
-2352.941162
-1745.098022
245.098037
1058.823608
1803.921630
2450.980468
2735.294189
2803.921630
1833.333374
1029.411743
29.411766
-774.509826
-1529.411743
-2294.117675
-2715.686279
-2509.803955
-2068.627441
-1303.921630
-294.117645
578.431396
1323.529418
2107.843261
2813.725585
2588.235351
2166.666748
1539.215698
598.039245
-333.333343
-1176.470581
-2588.235351
-2803.921630
-2705.882324
-2323.529541
-1725.490234
-833.333374
1088.235351
1813.725463
2460.784423
2754.902099
2813.725585
2401.960937
1892.156860
1117.647094
107.843139
-725.490234
-1480.392211
-2264.705810
-2705.882324
-2823.529541
-2598.039306
-2176.470703
-1490.196166
-500.000000
362.745117
1166.666748
1931.372558
2509.803955
2696.078369
2323.529541
1735.294189
882.352966
-68.627449
-882.352966
-1637.254882
-2735.294189
-2843.137207
-2460.784423
-1970.588256
-1196.078491
-176.470596
656.862731
1401.960815
2166.666748
2666.666748
2823.529541
2598.039306
2176.470703
1578.431396
676.470581
-264.705902
-1107.843139
-1843.137329
-2794.117675
-2764.706054
-2362.745117
-1764.705932
-892.156860
58.823532
862.745117
2392.156982
2715.686279
2813.725585
2500.000000
2098.039306
1382.353027
401.960784
-480.392150
-1264.705932
-2029.411743
-2813.725585
-2627.450927
-2245.098144
-558.823547
382.352935
1156.862792
1901.960815
2509.803955
2784.313720
2784.313720
2362.745117
1813.725463
980.392150
49.019607
-735.294128
-1500.000000
-2196.078369
-2686.274658
-2823.529541
-2627.450927
-2205.882324
-1539.215698
-578.431396
401.960784
1166.666748
2578.431396
2794.117675
2676.470703
2303.921630
1715.686279
882.352966
-88.235298
-1754.901977
-2421.568603
-2725.490234
-2843.137207
-2450.980468
-1970.588256
-1196.078491
-166.666671
666.666687
1421.568603
2696.078369
2833.333496
2588.235351
2147.058837
1441.176513
500.000000
-372.549041
-2019.607910
-2568.627441
-2803.921630
-2735.294189
-2313.725585
-1725.490234
-872.549011
1078.431396
1813.725463
2460.784423
2774.509765
2813.725585
2411.764648
980.392150
39.215686
-754.901977
-1529.411743
-2274.509765
-2696.078369
-2833.333496
-2598.039306
-2156.862792
-1441.176513
-500.000000
1284.313720
2049.019531
2598.039306
2784.313720
2666.666748
2294.117675
1715.686279
833.333374
-147.058822
-960.784301
-1696.078491
-2401.960937
-2735.294189
-2833.333496
-2490.196044
-2019.607910
-1254.901977
-254.901962
1549.019653
2235.294189
2647.058837
2794.117675
2568.627441
2156.862792
1470.588256
529.411804
-401.960784
-1215.686279
-1980.392211
-2578.431396
-2803.921630
-2754.902099
-2372.549072
-1774.509887
-931.372558
1049.019653
1774.509887
2460.784423
2735.294189
2803.921630
2411.764648
1941.176513
1186.274536
176.470596
-666.666687
-2274.509765
-2696.078369
-2843.137207
-2049.019531
-1352.941162
-343.137268
549.019592
1313.725463
2107.843261
2627.450927
2794.117675
2627.450927
2245.098144
1656.862792
803.921569
-156.862747
-1000.000000
-1705.882324
-2392.156982
-2735.294189
-2803.921630
-2480.392089
-2009.803955
-1245.098022
-264.705902
1490.196166
2225.490234
2686.274658
2803.921630
2617.647216
2166.666748
1490.196166
539.215698
-421.568634
-1215.686279
-1970.588256
-2568.627441
-2813.725585
-2754.902099
-2362.745117
-1774.509887
-921.568664
29.411766
852.941162
1617.647094
2343.137207
2803.921630
2500.000000
2088.235351
1362.745117
382.352935
-509.803924
-1303.921630
-2637.254882
-2813.725585
-2647.058837
-2225.490234
-1598.039184
-666.666687
303.921569
1950.980468
2539.215820
2764.706054
2745.098144
2352.941162
1784.313720
960.784301
-980.392150
-1705.882324
-2421.568603
-2745.098144
-2833.333496
-2490.196044
-2019.607910
-1245.098022
-274.509796
627.450988
2225.490234
2696.078369
2784.313720
2578.431396
2156.862792
1519.607910
588.235290
-1264.705932
-2039.215698
-2607.843261
-2813.725585
-2725.490234
-2303.921630
-1676.470581
-803.921569
156.862747
980.392150
1696.078491
2362.745117
2705.882324
2823.529541
2480.392089
2009.803955
1254.901977
284.313720
-1480.392211
-2215.686279
-2686.274658
-2823.529541
-2607.843261
-2166.666748
-1460.784301
568.627441
1313.725463
2098.039306
2627.450927
2823.529541
2656.862792
2235.294189
1647.058837
784.313720
-156.862747
-1833.333374
-2490.196044
-2784.313720
-2794.117675
-2421.568603
-1882.353027
49.019607
823.529418
1598.039184
2294.117675
2715.686279
2843.137207
2568.627441
1294.117675
294.117645
-588.235290
-1362.745117
-2147.058837
-2637.254882
-2833.333496
-2196.078369
-1509.803955
-568.627441
411.764709
1186.274536
1931.372558
2519.607910
2686.274658
2294.117675
1715.686279
852.941162
-107.843139
-950.980407
-1676.470581
-2774.509765
-2823.529541
-2470.588378
-1960.784301
-1156.862792
-156.862747
1617.647094
2333.333496
2686.274658
2784.313720
2539.215820
2098.039306
1411.764770
431.372558
-490.196075
-1254.901977
-2019.607910
-2823.529541
-2666.666748
-2245.098144
-1647.058837
-715.686279
235.294128
1921.568603
2490.196044
2754.902099
2774.509765
2382.353027
1843.137329
1049.019653
-941.176513
-1696.078491
-2382.353027
-2745.098144
-2823.529541
-2500.000000
-2078.431396
-215.686279
627.450988
1411.764770
2166.666748
2656.862792
2823.529541
2607.843261
1500.000000
617.647094
-333.333343
-1166.666748
-1911.764770
-2519.607910
-2784.313720
-2813.725585
-2382.353027
-1833.333374
117.647064
960.784301
1676.470581
2382.353027
2735.294189
2794.117675
2500.000000
1245.098022
274.509796
-578.431396
-1362.745117
-2147.058837
-2656.862792
-2813.725585
-2627.450927
-2225.490234
-1607.843139
421.568634
1196.078491
1960.784301
2784.313720
2666.666748
2274.509765
1696.078491
803.921569
-127.450981
-970.588256
-2460.784423
-2774.509765
-2843.137207
-2441.176513
-1950.980468
-1147.058837
-137.254898
1607.843139
2323.529541
2715.686279
2823.529541
2529.411865
2078.431396
1352.941162
-647.058837
-1431.372558
-2196.078369
-2676.470703
-2813.725585
-2637.254882
-2196.078369
-500.000000
362.745117
1196.078491
1931.372558
2519.607910
2784.313720
2803.921630
2382.353027
1843.137329
1019.607849
-990.196105
-1705.882324
-2421.568603
-2745.098144
-2823.529541
-2480.392089
-2019.607910
-1235.294189
-245.098037
617.647094
1343.137329
2117.647216
2666.666748
2784.313720
2627.450927
2235.294189
1607.843139
725.490234
-1205.882324
-1960.784301
-2558.823486
-2794.117675
-2754.902099
-2352.941162
-1774.509887
-941.176513
49.019607
843.137268
1588.235351
2303.921630
2686.274658
2500.000000
2088.235351
1392.156860
382.352935
-509.803924
-1294.117675
-2058.823486
-2823.529541
-2637.254882
-2235.294189
-1598.039184
-656.862731
333.333343
1137.254882
2519.607910
2774.509765
2764.706054
2352.941162
1803.921630
980.392150
0.000000
-676.470581
-1441.176513
-2196.078369
-2666.666748
-2598.039306
-2166.666748
-1441.176513
-460.784332
470.588256
1245.098022
2627.450927
2813.725585
2637.254882
2284.313720
1666.666748
784.313720
-176.470596
-1852.941162
-2500.000000
-2754.902099
-2813.725585
-2460.784423
-1921.568603
-1117.647094
882.352966
1637.254882
2333.333496
2705.882324
2813.725585
2549.019775
2078.431396
1352.941162
362.745117
-519.607849
-2137.254882
-2647.058837
-2794.117675
-2156.862792
-1470.588256
-500.000000
343.137268
1147.058837
1901.960815
2490.196044
2754.902099
2303.921630
1745.098022
921.568664
-9.803922
-784.313720
-1558.823608
-2715.686279
-2833.333496
-2500.000000
-2117.647216
-1352.941162
-382.352935
539.215698
2156.862792
2627.450927
2794.117675
2627.450927
2215.686279
1617.647094
676.470581
-264.705902
-1107.843139
-1852.941162
-2784.313720
-2754.902099
-2392.156982
-1794.117675
-941.176513
58.823532
833.333374
2372.549072
2715.686279
2794.117675
2500.000000
2078.431396
1343.137329
352.941192
-1431.372558
-2215.686279
-2715.686279
-2813.725585
-2617.647216
-2176.470703
-1519.607910
500.000000
1225.490234
2607.843261
2784.313720
2656.862792
2284.313720
1666.666748
813.725524
-156.862747
-1843.137329
-2490.196044
-2754.902099
-2803.921630
-2401.960937
-1892.156860
39.215686
833.333374
1598.039184
2284.313720
2705.882324
2794.117675
2558.823486
1284.313720
303.921569
-568.627441
-1323.529418
-2127.450927
-2637.254882
-2803.921630
-2205.882324
-1549.019653
-578.431396
362.745117
1186.274536
1921.568603
2490.196044
2754.902099
2774.509765
2362.745117
911.764709
-49.019607
-843.137268
-1598.039184
-2333.333496
-2735.294189
-2833.333496
-2019.607910
-1235.294189
-215.686279
647.058837
1372.549072
2137.254882
2637.254882
2607.843261
2186.274658
1529.411743
568.627441
-362.745117
-1176.470581
-1950.980468
-2529.411865
-2803.921630
-2774.509765
-2352.941162
-1784.313720
-960.784301
9.803922
754.901977
1500.000000
2196.078369
2666.666748
2578.431396
2117.647216
1441.176513
490.196075
-441.176483
-1274.509887
-2019.607910
-2803.921630
-2676.470703
-2254.902099
-1666.666748
-754.901977
245.098037
1000.000000
2441.176513
2754.902099
2813.725585
2450.980468
1931.372558
1156.862792
147.058822
-656.862731
-1460.784301
-2196.078369
-2803.921630
-2588.235351
-2147.058837
-1441.176513
-450.980407
480.392150
1235.294189
2598.039306
2784.313720
2647.058837
2294.117675
1656.862792
794.117675
-166.666671
-1862.745117
-2500.000000
-2764.706054
-2813.725585
-2421.568603
-1911.764770
19.607843
803.921569
1578.431396
2274.509765
2666.666748
2803.921630
2578.431396
2137.254882
1460.784301
500.000000
-352.941192
-2019.607910
-2578.431396
-2803.921630
-2735.294189
-2303.921630
-1715.686279
-843.137268
127.450981
950.980407
1676.470581
2362.745117
2735.294189
2833.333496
2490.196044
2049.019531
1303.921630
343.137268
-558.823547
-2196.078369
-2656.862792
-2813.725585
-2627.450927
-2196.078369
-1568.627441
-607.843139
1254.901977
2039.215698
2588.235351
2784.313720
2696.078369
2294.117675
735.294128
-235.294128
-1049.019653
-1803.921630
-2460.784423
-2774.509765
-2803.921630
-2450.980468
-1941.176513
-1127.451049
-117.647064
1617.647094
2362.745117
2705.882324
2803.921630
2529.411865
2068.627441
225.490203
-607.843139
-1362.745117
-2137.254882
-2656.862792
-2813.725585
-2647.058837
-1470.588256
-509.803924
431.372558
1196.078491
1960.784301
2549.019775
2784.313720
2745.098144
2343.137207
1794.117675
-137.254898
-990.196105
-1705.882324
-2431.372558
-2764.706054
-2823.529541
-2480.392089
-1147.058837
-98.039215
705.882385
1460.784301
2186.274658
2656.862792
2833.333496
2107.843261
1411.764770
450.980407
-441.176483
-1245.098022
-1990.196166
-2568.627441
-2784.313720
-2725.490234
-2352.941162
-745.098083
215.686279
1058.823608
1784.313720
2441.176513
2745.098144
2823.529541
1862.745117
1049.019653
49.019607
-1647.058837
-2352.941162
-2725.490234
-2823.529541
-2549.019775
-2088.235351
-1343.137329
696.078430
1431.372558
2196.078369
2656.862792
2794.117675
2588.235351
2196.078369
490.196075
-441.176483
-1225.490234
-2000.000000
-2549.019775
-2784.313720
-2794.117675
-1715.686279
-833.333374
127.450981
970.588256
1676.470581
2401.960937
2725.490234
2803.921630
2500.000000
2098.039306
1382.353027
411.764709
-500.000000
-1235.294189
-1990.196166
-2558.823486
-2843.137207
-2735.294189
-1666.666748
-745.098083
205.882354
1049.019653
1784.313720
2431.372558
2725.490234
2401.960937
1892.156860
1049.019653
58.823532
-735.294128
-1509.803955
-2254.902099
-2823.529541
-2539.215820
-2107.843261
-1362.745117
-352.941192
539.215698
2137.254882
2637.254882
2784.313720
2637.254882
2225.490234
1617.647094
725.490234
-1205.882324
-1970.588256
-2549.019775
-2803.921630
-2754.902099
-2362.745117
-1774.509887
176.470596
990.196105
1725.490234
2382.353027
2725.490234
2813.725585
2490.196044
1156.862792
137.254898
-1617.647094
-2333.333496
-2725.490234
-2813.725585
-2549.019775
-2107.843261
-1401.960815
637.254943
1401.960815
2166.666748
2656.862792
2813.725585
2627.450927
1470.588256
558.823547
-382.352935
-1215.686279
-1960.784301
-2549.019775
-2794.117675
-2313.725585
-1676.470581
-794.117675
156.862747
960.784301
1696.078491
2352.941162
2715.686279
2823.529541
2480.392089
1156.862792
156.862747
-705.882385
-1450.980468
-2215.686279
-2686.274658
-2823.529541
-2107.843261
-1382.353027
-392.156860
480.392150
1245.098022
1990.196166
2558.823486
2627.450927
2225.490234
1637.254882
764.705871
-186.274520
-1049.019653
-1803.921630
-2803.921630
-2774.509765
-2411.764648
-1852.941162
-1009.803955
9.803922
745.098083
1500.000000
2156.862792
2656.862792
2578.431396
2147.058837
1480.392211
500.000000
-323.529418
-1156.862792
-1901.960815
-2519.607910
-2803.921630
-2803.921630
-2401.960937
-1813.725463
-990.196105
-49.019607
754.901977
2343.137207
2715.686279
2803.921630
2519.607910
2078.431396
1362.745117
411.764709
-1392.156860
-2156.862792
-2833.333496
-2598.039306
-2147.058837
-1490.196166
-529.411804
431.372558
1196.078491
1960.784301
2539.215820
2784.313720
2284.313720
1666.666748
833.333374
-127.450981
-980.392150
-1715.686279
-2441.176513
-2813.725585
-2450.980468
-1911.764770
-1117.647094
-88.235298
715.686279
1470.588256
2696.078369
2794.117675
2539.215820
2107.843261
1401.960815
441.176483
-470.588256
-2127.450927
-2647.058837
-2843.137207
-2637.254882
-2225.490234
-1607.843139
-696.078430
254.901962
1068.627441
1803.921630
2450.980468
2764.706054
2803.921630
1774.509887
1019.607849
49.019607
-754.901977
-1519.607910
-2245.098144
-2696.078369
-2549.019775
-2117.647216
-1382.353027
-392.156860
509.803924
1254.901977
2029.411743
2813.725585
2617.647216
2205.882324
1588.235351
686.274536
-264.705902
-1117.647094
-2529.411865
-2803.921630
-2764.706054
-2362.745117
-1794.117675
-941.176513
1049.019653
1794.117675
2441.176513
2725.490234
2794.117675
2431.372558
1950.980468
58.823532
-735.294128
-1509.803955
-2245.098144
-2705.882324
-2813.725585
-2627.450927
-1362.745117
-352.941192
539.215698
1303.921630
2068.627441
2617.647216
2794.117675
2637.254882
2245.098144
1686.274536
-313.725494
-1156.862792
-1921.568603
-2509.803955
-2794.117675
-2803.921630
-2392.156982
-1823.529418
-990.196105
-29.411766
1676.470581
2382.353027
2725.490234
2794.117675
2519.607910
2049.019531
1313.725463
-676.470581
-1431.372558
-2215.686279
-2676.470703
-2823.529541
-2607.843261
-2186.274658
-1509.803955
-588.235290
362.745117
1166.666748
1921.568603
2529.411865
2784.313720
2784.313720
2372.549072
1813.725463
990.196105
29.411766
-764.705871
-1519.607910
-2274.509765
-2803.921630
-2539.215820
-2107.843261
-1352.941162
-352.941192
549.019592
2127.450927
2637.254882
2794.117675
2666.666748
2205.882324
1607.843139
676.470581
-1205.882324
-1970.588256
-2549.019775
-2774.509765
-2764.706054
-2362.745117
-1784.313720
-931.372558
19.607843
823.529418
2382.353027
2715.686279
2813.725585
2500.000000
2098.039306
1382.353027
421.568634
-1382.353027
-2176.470703
-2666.666748
-2843.137207
-2656.862792
-2225.490234
-1588.235351
450.980407
1235.294189
1970.588256
2529.411865
2774.509765
2735.294189
2352.941162
1764.705932
921.568664
-19.607843
-1715.686279
-2431.372558
-2745.098144
-2813.725585
-2470.588378
-2000.000000
-1303.921630
715.686279
1460.784301
2225.490234
2656.862792
2794.117675
2588.235351
2176.470703
1549.019653
598.039245
-343.137268
-1156.862792
-1931.372558
-2519.607910
-2803.921630
-2784.313720
-2362.745117
-1813.725463
-970.588256
1009.803955
1735.294189
2421.568603
2705.882324
2794.117675
2460.784423
1980.392211
1215.686279
215.686279
-647.058837
-2254.902099
-2696.078369
-2843.137207
-2617.647216
-2156.862792
-1480.392211
-509.803924
441.176483
1205.882324
1980.392211
2558.823486
2784.313720
2745.098144
2333.333496
1754.901977
-176.470596
-1019.607849
-1774.509887
-2460.784423
-2774.509765
-2833.333496
-2431.372558
-1039.215698
-29.411766
784.313720
1539.215698
2264.705810
2696.078369
2529.411865
2058.823486
1333.333374
362.745117
-529.411804
-1313.725463
-2078.431396
-2617.647216
-2823.529541
-2666.666748
-1549.019653
-617.647094
323.529418
1147.058837
1882.353027
2500.000000
2774.509765
2333.333496
1803.921630
1009.803955
19.607843
-784.313720
-1539.215698
-2284.313720
-2823.529541
-2549.019775
-2078.431396
-1303.921630
-313.725494
558.823547
1333.333374
2676.470703
2803.921630
2598.039306
2186.274658
1578.431396
627.450988
-294.117645
-1127.451049
-1882.353027
-2500.000000
-2784.313720
-2401.960937
-1833.333374
-1000.000000
-68.627449
754.901977
1490.196166
2686.274658
2823.529541
2558.823486
2088.235351
1362.745117
382.352935
-509.803924
-2147.058837
-2637.254882
-2803.921630
-2637.254882
-2245.098144
-1617.647094
-696.078430
264.705902
1098.039184
1823.529418
2764.706054
2794.117675
2392.156982
1823.529418
1000.000000
98.039215
-705.882385
-2333.333496
-2725.490234
-2823.529541
-2558.823486
-2107.843261
-1382.353027
-392.156860
509.803924
1264.705932
2049.019531
2794.117675
2607.843261
2235.294189
1656.862792
705.882385
-254.901962
-1088.235351
-1823.529418
-2490.196044
-2794.117675
-2813.725585
-2421.568603
-1823.529418
-1078.431396
-58.823532
745.098083
1509.803955
2235.294189
2676.470703
2833.333496
2617.647216
2186.274658
1490.196166
539.215698
-382.352935
-1196.078491
-1980.392211
-2549.019775
-2794.117675
-2764.706054
-2372.549072
-1784.313720
-950.980407
1019.607849
1745.098022
2411.764648
2745.098144
2794.117675
2460.784423
1980.392211
1215.686279
205.882354
-627.450988
-1392.156860
-2186.274658
-2686.274658
-2813.725585
-2627.450927
-2215.686279
-1578.431396
-627.450988
1254.901977
2000.000000
2519.607910
2764.706054
2764.706054
2362.745117
1813.725463
-147.058822
-970.588256
-1715.686279
-2421.568603
-2754.902099
-2823.529541
-2500.000000
-1235.294189
-205.882354
656.862731
1401.960815
2196.078369
2647.058837
2588.235351
2156.862792
1480.392211
519.607849
-411.764709
-1205.882324
-1970.588256
-2803.921630
-2696.078369
-2284.313720
-1715.686279
-794.117675
186.274520
1009.803955
2480.392089
2745.098144
2803.921630
2401.960937
1911.764770
1127.451049
137.254898
-1607.843139
-2362.745117
-2745.098144
-2833.333496
-2549.019775
-2088.235351
-1343.137329
676.470581
1431.372558
2166.666748
2637.254882
2794.117675
2617.647216
1441.176513
490.196075
-431.372558
-1235.294189
-1990.196166
-2558.823486
-2803.921630
-2264.705810
-1666.666748
-754.901977
225.490203
1009.803955
1764.705932
2421.568603
2794.117675
2401.960937
1872.549072
1088.235351
68.627449
-715.686279
-1480.392211
-2254.902099
-2705.882324
-2833.333496
-2107.843261
-1382.353027
-372.549041
1392.156860
2147.058837
2656.862792
2803.921630
2637.254882
2225.490234
1627.451049
666.666687
-264.705902
-1107.843139
-1843.137329
-2803.921630
-2774.509765
-2382.353027
