2284.313720
2686.274658
2794.117675
2000.000000
1333.333374
352.941192
-529.411804
-1303.921630
-2068.627441
-2607.843261
-2627.450927
-2196.078369
-1578.431396
-627.450988
313.725494
1127.451049
1862.745117
2754.902099
2725.490234
2303.921630
1735.294189
911.764709
-9.803922
-774.509826
-2323.529541
-2696.078369
-2813.725585
-2519.607910
-2068.627441
-1303.921630
-303.921569
558.823547
1313.725463
2078.431396
2803.921630
2617.647216
2156.862792
1529.411743
627.450988
-303.921569
-1117.647094
-1872.549072
-2480.392089
-2774.509765
-2343.137207
-1745.098022
-901.960815
1049.019653
1745.098022
2421.568603
2735.294189
2784.313720
2382.353027
1921.568603
68.627449
-745.098083
-1470.588256
-2235.294189
-2676.470703
-2794.117675
-2588.235351
-1362.745117
-372.549041
539.215698
1284.313720
2029.411743
2568.627441
2784.313720
2205.882324
1607.843139
676.470581
-254.901962
-1088.235351
-1833.333374
-2460.784423
-2764.706054
-2343.137207
-1754.901977
-931.372558
29.411766
803.921569
1539.215698
2245.098144
2666.666748
2784.313720
2029.411743
1294.117675
303.921569
-558.823547
-1313.725463
-2107.843261
-2627.450927
-2607.843261
-2196.078369
-1519.607910
-568.627441
352.941192
1147.058837
2558.823486
2764.706054
2666.666748
2303.921630
1705.882324
892.156860
-68.627449
-862.745117
-1607.843139
-2343.137207
-2715.686279
-2470.588378
-1980.392211
-1215.686279
-225.490203
637.254943
1411.764770
2696.078369
2794.117675
2578.431396
2127.450927
1431.372558
500.000000
-343.137268
-2009.803955
-2568.627441
-2774.509765
-2725.490234
-2323.529541
-1735.294189
-872.549011
1068.627441
1813.725463
2441.176513
2735.294189
2803.921630
2411.764648
1872.549072
0.000000
-676.470581
-1431.372558
-2186.274658
-2686.274658
-2794.117675
-2607.843261
-1401.960815
-431.372558
490.196075
1254.901977
1990.196166
2529.411865
2764.706054
2696.078369
2284.313720
1735.294189
-215.686279
-1068.627441
-1813.725463
-2470.588378
-2754.902099
-2794.117675
-2382.353027
-1843.137329
-1088.235351
-78.431373
1637.254882
2323.529541
2676.470703
2794.117675
2509.803955
2078.431396
1333.333374
-666.666687
-1450.980468
-2196.078369
-2666.666748
-2794.117675
-2607.843261
-2186.274658
-1529.411743
-578.431396
401.960784
2000.000000
2509.803955
2754.902099
2274.509765
1686.274536
833.333374
-127.450981
-950.980407
-1696.078491
-2392.156982
-2803.921630
-2431.372558
-1892.156860
-1127.451049
-127.450981
705.882385
1470.588256
2666.666748
2784.313720
2549.019775
2088.235351
1362.745117
421.568634
-470.588256
-2098.039306
-2637.254882
-2794.117675
-2637.254882
-2225.490234
-1627.451049
-696.078430
254.901962
1088.235351
1803.921630
2764.706054
2745.098144
2362.745117
1774.509887
990.196105
49.019607
-715.686279
-2323.529541
-2715.686279
-2794.117675
-2539.215820
-2098.039306
-1352.941162
-382.352935
1392.156860
2137.254882
2617.647216
2784.313720
2598.039306
2205.882324
509.803924
-411.764709
-1205.882324
-1941.176513
-2539.215820
-2774.509765
-2735.294189
-2323.529541
-1754.901977
-882.352966
1058.823608
1784.313720
2431.372558
2735.294189
2784.313720
2421.568603
1911.764770
9.803922
-705.882385
-1470.588256
-2235.294189
-2696.078369
-2794.117675
-2598.039306
-1362.745117
-382.352935
519.607849
1264.705932
2029.411743
2558.823486
2764.706054
2205.882324
1607.843139
686.274536
-254.901962
-1098.039184
-1823.529418
-2470.588378
-2764.706054
-2784.313720
-2401.960937
-1843.137329
-1068.627441
-49.019607
1617.647094
2333.333496
2676.470703
2784.313720
2509.803955
2088.235351
1333.333374
-676.470581
-1421.568603
-2196.078369
-2666.666748
-2794.117675
-2598.039306
-2205.882324
-490.196075
441.176483
1225.490234
1950.980468
2490.196044
2754.902099
2745.098144
2323.529541
1725.490234
950.980407
-1000.000000
-1696.078491
-2401.960937
-2735.294189
-2813.725585
-2460.784423
-2000.000000
-215.686279
647.058837
1401.960815
2156.862792
2627.450927
2784.313720
2568.627441
1460.784301
558.823547
-382.352935
-1205.882324
-1980.392211
-2539.215820
-2784.313720
-2274.509765
-1705.882324
-823.529418
176.470596
990.196105
1705.882324
2725.490234
2784.313720
2392.156982
1921.568603
1156.862792
166.666671
-666.666687
-1460.784301
-2205.882324
-2666.666748
-2784.313720
-2107.843261
-1362.745117
-411.764709
500.000000
1205.882324
1970.588256
2745.098144
2627.450927
2264.705810
1696.078491
803.921569
-107.843139
-980.392150
-2441.176513
-2735.294189
-2813.725585
-2421.568603
-1882.353027
-1117.647094
-137.254898
1647.058837
2343.137207
2696.078369
2745.098144
2529.411865
2058.823486
1362.745117
401.960784
-490.196075
-1274.509887
-2637.254882
-2803.921630
-2617.647216
-2235.294189
-1627.451049
-705.882385
284.313720
1941.176513
2509.803955
2754.902099
2735.294189
2343.137207
1754.901977
990.196105
-970.588256
-1686.274536
-2411.764648
-2725.490234
-2803.921630
-2460.784423
-1990.196166
-137.254898
715.686279
1500.000000
2166.666748
2627.450927
2784.313720
2127.450927
1441.176513
519.607849
-392.156860
-1176.470581
-1931.372558
-2539.215820
-2666.666748
-2274.509765
-1705.882324
-794.117675
176.470596
990.196105
1696.078491
2725.490234
2774.509765
2401.960937
1901.960815
1166.666748
147.058822
-666.666687
-2284.313720
-2696.078369
-2794.117675
-2549.019775
-2127.450927
-1401.960815
-470.588256
460.784332
1245.098022
1990.196166
2784.313720
2598.039306
2205.882324
1666.666748
764.705871
-166.666671
-1039.215698
-2490.196044
-2784.313720
-2794.117675
-2382.353027
-1803.921630
-1009.803955
-29.411766
1686.274536
2372.549072
2696.078369
2784.313720
2470.588378
2029.411743
1294.117675
323.529418
-539.215698
-1313.725463
-2666.666748
-2803.921630
-2617.647216
-2196.078369
-1529.411743
-598.039245
362.745117
1137.254882
1892.156860
2500.000000
2725.490234
2794.117675
2382.353027
1852.941162
1078.431396
78.431373
-725.490234
-1490.196166
-2715.686279
-2794.117675
-2539.215820
-2088.235351
-1343.137329
-362.745117
529.411804
1294.117675
2058.823486
2578.431396
2754.902099
2637.254882
2245.098144
1696.078491
833.333374
-137.254898
-960.784301
-1705.882324
-2764.706054
-2803.921630
-2411.764648
-1882.353027
-1107.843139
-137.254898
715.686279
2274.509765
2676.470703
2774.509765
2539.215820
2088.235351
1411.764770
460.784332
-441.176483
-1245.098022
-2000.000000
-2529.411865
-2784.313720
-2754.902099
-2362.745117
-1764.705932
-941.176513
49.019607
823.529418
2372.549072
2705.882324
2774.509765
2500.000000
2088.235351
1372.549072
401.960784
-490.196075
-1254.901977
-2029.411743
-2803.921630
-2598.039306
-2225.490234
-1627.451049
-696.078430
254.901962
1068.627441
2480.392089
2754.902099
2774.509765
2362.745117
1774.509887
1039.215698
19.607843
-1656.862792
-2362.745117
-2725.490234
-2794.117675
-2490.196044
-2029.411743
-1294.117675
-303.921569
578.431396
1362.745117
2127.450927
2627.450927
2764.706054
2607.843261
2205.882324
1647.058837
754.901977
-1166.666748
-1931.372558
-2500.000000
-2764.706054
-2803.921630
-2392.156982
-1803.921630
-1049.019653
-29.411766
784.313720
2323.529541
2696.078369
2803.921630
2490.196044
2058.823486
1343.137329
362.745117
-539.215698
-1294.117675
-2078.431396
-2617.647216
-2794.117675
-2637.254882
-2235.294189
-1666.666748
-745.098083
215.686279
1029.411743
1774.509887
2401.960937
2725.490234
2764.706054
2421.568603
1931.372558
1176.470581
-813.725524
-1598.039184
-2313.725585
-2803.921630
-2460.784423
-2019.607910
-1254.901977
-245.098037
607.843139
1352.941162
2647.058837
2784.313720
2607.843261
2156.862792
1490.196166
598.039245
-362.745117
-2019.607910
-2539.215820
-2666.666748
-2225.490234
-1656.862792
-725.490234
225.490203
1049.019653
1764.705932
2774.509765
2774.509765
2372.549072
1803.921630
1058.823608
78.431373
-725.490234
-2284.313720
-2686.274658
-2794.117675
-2549.019775
-2078.431396
-1352.941162
-372.549041
1392.156860
2166.666748
2656.862792
2774.509765
2598.039306
2186.274658
539.215698
-382.352935
-1196.078491
-1960.784301
-2519.607910
-2784.313720
-2745.098144
-2343.137207
-1745.098022
-921.568664
29.411766
823.529418
1558.823608
2274.509765
2656.862792
2784.313720
2558.823486
2127.450927
1411.764770
509.803924
-431.372558
-1225.490234
-2617.647216
-2794.117675
-2627.450927
-2264.705810
-1656.862792
-735.294128
215.686279
1019.607849
1784.313720
2431.372558
2725.490234
2774.509765
2411.764648
1960.784301
1205.882324
205.882354
-637.254943
-1401.960815
-2156.862792
-2656.862792
-2784.313720
-2598.039306
-2166.666748
-1549.019653
-607.843139
1264.705932
2029.411743
2549.019775
2774.509765
2686.274658
2254.902099
1715.686279
852.941162
-98.039215
-892.156860
-2411.764648
-2725.490234
-2803.921630
-1843.137329
-1098.039184
-88.235298
696.078430
1460.784301
2186.274658
2637.254882
2549.019775
2078.431396
1392.156860
450.980407
-460.784332
-1254.901977
-2019.607910
-2784.313720
-2627.450927
-2254.902099
-1666.666748
-735.294128
215.686279
1029.411743
2480.392089
2754.902099
2784.313720
2362.745117
1774.509887
1049.019653
78.431373
-725.490234
-1480.392211
-2215.686279
-2647.058837
-2794.117675
-2588.235351
-2137.254882
-1421.568603
-490.196075
431.372558
1225.490234
2549.019775
2774.509765
2656.862792
2264.705810
1705.882324
823.529418
-117.647064
-1823.529418
-2460.784423
-2764.706054
-2813.725585
-2411.764648
-1843.137329
-1078.431396
-68.627449
715.686279
1490.196166
2235.294189
2656.862792
2764.706054
2588.235351
2147.058837
1470.588256
549.019592
-362.745117
-2029.411743
-2578.431396
-2803.921630
-2676.470703
-2274.509765
-1696.078491
-833.333374
1117.647094
1862.745117
2450.980468
2735.294189
2774.509765
2382.353027
931.372558
0.000000
-676.470581
-1431.372558
-2196.078369
-2627.450927
-2813.725585
-2127.450927
-1392.156860
-431.372558
470.588256
1235.294189
2009.803955
2549.019775
2607.843261
2205.882324
1666.666748
735.294128
-215.686279
-1029.411743
-1784.313720
-2441.176513
-2745.098144
-2823.529541
-1764.705932
-990.196105
-39.215686
774.509826
1470.588256
2215.686279
2647.058837
2509.803955
2058.823486
1362.745117
401.960784
-480.392150
-1235.294189
-2039.215698
-2794.117675
-2627.450927
-2245.098144
-1607.843139
-666.666687
284.313720
1088.235351
2509.803955
2794.117675
2735.294189
2313.725585
1735.294189
941.176513
0.000000
-1578.431396
-2313.725585
-2705.882324
-2813.725585
-2549.019775
-2078.431396
-245.098037
607.843139
1362.745117
2098.039306
2588.235351
2784.313720
2637.254882
1500.000000
666.666687
-274.509796
-1127.451049
-1823.529418
-2480.392089
-2754.902099
-2333.333496
-1735.294189
-921.568664
39.215686
803.921569
1549.019653
2274.509765
2794.117675
2470.588378
2039.215698
1303.921630
323.529418
-539.215698
-1333.333374
-2098.039306
-2637.254882
-2833.333496
-2186.274658
-1509.803955
-568.627441
392.156860
1176.470581
1921.568603
2470.588378
2696.078369
2303.921630
1745.098022
911.764709
-39.215686
-833.333374
-1607.843139
-2745.098144
-2813.725585
-2460.784423
-2000.000000
-1303.921630
-313.725494
558.823547
1303.921630
2058.823486
2607.843261
2588.235351
2166.666748
1539.215698
607.843139
-333.333343
-1156.862792
-1882.353027
-2500.000000
-2784.313720
-2794.117675
-1735.294189
-931.372558
9.803922
764.705871
1500.000000
2176.470703
2627.450927
2558.823486
2117.647216
1411.764770
480.392150
-431.372558
-1215.686279
-1980.392211
-2774.509765
-2637.254882
-2254.902099
-1676.470581
-764.705871
186.274520
1019.607849
2441.176513
2735.294189
2754.902099
2382.353027
1833.333374
1049.019653
78.431373
-715.686279
-1490.196166
-2235.294189
-2794.117675
-2529.411865
-2068.627441
-1343.137329
-333.333343
568.627441
1313.725463
2617.647216
2774.509765
2598.039306
2205.882324
1568.627441
656.862731
-294.117645
-1970.588256
-2529.411865
-2774.509765
-2735.294189
-2323.529541
-1745.098022
215.686279
1039.215698
1764.705932
2401.960937
2715.686279
2794.117675
2401.960937
1039.215698
39.215686
-745.098083
-1500.000000
-2196.078369
-2676.470703
-2803.921630
-2117.647216
-1411.764770
-431.372558
490.196075
1254.901977
1980.392211
2549.019775
2617.647216
2245.098144
1656.862792
754.901977
-186.274520
-1009.803955
-1735.294189
-2774.509765
-2784.313720
-2382.353027
-1813.725463
-1039.215698
0.000000
637.254943
1392.156860
2166.666748
2637.254882
2568.627441
2117.647216
1431.372558
509.803924
-382.352935
-1196.078491
-1941.176513
-2813.725585
-2656.862792
-2264.705810
-1696.078491
-784.313720
196.078430
1000.000000
1666.666748
2362.745117
2715.686279
2372.549072
1931.372558
1147.058837
147.058822
-686.274536
-1441.176513
-2196.078369
-2813.725585
-2568.627441
-2088.235351
-1392.156860
-401.960784
490.196075
1245.098022
2019.607910
2549.019775
2784.313720
2705.882324
2303.921630
1715.686279
852.941162
-98.039215
-911.764709
-1647.058837
-2333.333496
-2774.509765
-2460.784423
-1960.784301
-1225.490234
-205.882354
656.862731
1392.156860
2137.254882
2617.647216
2774.509765
2147.058837
1460.784301
539.215698
-392.156860
-2029.411743
-2588.235351
-2754.902099
-2686.274658
-2294.117675
-1705.882324
313.725494
1107.843139
1852.941162
2450.980468
2735.294189
2774.509765
2382.353027
941.176513
9.803922
-745.098083
-1490.196166
-2225.490234
-2686.274658
-2813.725585
-2068.627441
-1352.941162
-323.529418
558.823547
1303.921630
2068.627441
2558.823486
2607.843261
2186.274658
1549.019653
647.058837
-303.921569
-1127.451049
-1852.941162
-2774.509765
-2735.294189
-2333.333496
-1725.490234
-901.960815
68.627449
1705.882324
2372.549072
2715.686279
2794.117675
2460.784423
1960.784301
1235.294189
-754.901977
-1519.607910
-2264.705810
-2686.274658
-2813.725585
-2588.235351
-2117.647216
-323.529418
558.823547
1294.117675
2078.431396
2598.039306
2764.706054
2627.450927
2284.313720
1686.274536
784.313720
-1147.058837
-1892.156860
-2490.196044
-2764.706054
-2774.509765
-2382.353027
-1794.117675
-1019.607849
-19.607843
803.921569
1529.411743
2264.705810
2656.862792
2754.902099
2558.823486
2127.450927
1441.176513
509.803924
-1294.117675
-2078.431396
-2617.647216
-2794.117675
-2637.254882
-2254.902099
-1676.470581
372.549041
1166.666748
1892.156860
2500.000000
2745.098144
2774.509765
2392.156982
1852.941162
1107.843139
98.039215
-715.686279
-1470.588256
-2215.686279
-2686.274658
-2794.117675
-2598.039306
-2166.666748
-1490.196166
519.607849
1294.117675
2049.019531
2588.235351
2764.706054
2676.470703
2274.509765
725.490234
-225.490203
-1068.627441
-1803.921630
-2441.176513
-2745.098144
-2823.529541
-1764.705932
-980.392150
-19.607843
774.509826
1509.803955
2235.294189
2764.706054
2490.196044
2068.627441
1343.137329
372.549041
-509.803924
-1264.705932
-2637.254882
-2794.117675
-2647.058837
-2205.882324
-1627.451049
-705.882385
235.294128
1911.764770
2500.000000
2774.509765
2794.117675
2382.353027
1833.333374
1068.627441
78.431373
-715.686279
-1480.392211
-2715.686279
-2794.117675
-2549.019775
-2098.039306
-1362.745117
-372.549041
529.411804
2127.450927
2637.254882
2803.921630
2617.647216
2215.686279
1617.647094
715.686279
-1215.686279
-1950.980468
-2529.411865
-2803.921630
-2735.294189
-2343.137207
-1754.901977
186.274520
1029.411743
1754.901977
2421.568603
2725.490234
2794.117675
2421.568603
1921.568603
1205.882324
196.078430
-1529.411743
-2245.098144
-2676.470703
-2803.921630
-2568.627441
-2127.450927
-1411.764770
578.431396
1333.333374
2107.843261
2637.254882
2784.313720
2607.843261
1500.000000
676.470581
-254.901962
-1137.254882
-1852.941162
-2480.392089
-2754.902099
-2343.137207
-1735.294189
-931.372558
19.607843
813.725524
1558.823608
2294.117675
2813.725585
2470.588378
2009.803955
1284.313720
333.333343
-539.215698
-1343.137329
-2107.843261
-2637.254882
-2794.117675
-2186.274658
-1480.392211
-529.411804
401.960784
1186.274536
1931.372558
2490.196044
2686.274658
2264.705810
1705.882324
852.941162
-98.039215
-901.960815
-1637.254882
-2735.294189
-2803.921630
-2450.980468
-1960.784301
-1196.078491
-186.274520
666.666687
1401.960815
2156.862792
2607.843261
2578.431396
2117.647216
1431.372558
-539.215698
-1313.725463
-2078.431396
-2617.647216
-2803.921630
-2637.254882
-2245.098144
-607.843139
352.941192
1156.862792
1892.156860
2490.196044
2764.706054
2764.706054
1715.686279
901.960815
-49.019607
-843.137268
-1598.039184
-2303.921630
-2676.470703
-2803.921630
-2558.823486
-2098.039306
-274.509796
607.843139
1352.941162
2107.843261
2607.843261
2774.509765
2607.843261
1490.196166
558.823547
-362.745117
-1205.882324
-1931.372558
-2529.411865
-2754.902099
-2313.725585
-1725.490234
-813.725524
137.254898
960.784301
1666.666748
2362.745117
2696.078369
2784.313720
2490.196044
1176.470581
186.274520
-656.862731
-2274.509765
-2666.666748
-2813.725585
-2568.627441
-2147.058837
-1431.372558
-470.588256
460.784332
1245.098022
1980.392211
2509.803955
2764.706054
2715.686279
2323.529541
764.705871
-166.666671
-1019.607849
-2460.784423
-2764.706054
-2803.921630
-2401.960937
-1823.529418
-1068.627441
-49.019607
1647.058837
2352.941162
2705.882324
2794.117675
2509.803955
2039.215698
1313.725463
333.333343
-568.627441
-1303.921630
-2647.058837
-2784.313720
-2617.647216
-2196.078369
-1558.823608
-637.254943
343.137268
1970.588256
2519.607910
2774.509765
2715.686279
2333.333496
1725.490234
931.372558
-1019.607849
-1764.705932
-2421.568603
-2745.098144
-2823.529541
-2431.372558
-1921.568603
-1156.862792
-137.254898
696.078430
1460.784301
2186.274658
2637.254882
2784.313720
2598.039306
2186.274658
1539.215698
617.647094
-313.725494
-1156.862792
-1892.156860
-2774.509765
-2725.490234
-2313.725585
-1715.686279
-882.352966
78.431373
882.352966
2392.156982
2696.078369
2794.117675
2441.176513
1980.392211
1225.490234
245.098037
-1500.000000
-2196.078369
-2676.470703
-2803.921630
-2598.039306
-2166.666748
-1529.411743
519.607849
1264.705932
2000.000000
2529.411865
2745.098144
2725.490234
2333.333496
1735.294189
931.372558
-19.607843
-1696.078491
-2401.960937
-2735.294189
-2813.725585
-2450.980468
-2009.803955
-1264.705932
-245.098037
627.450988
1343.137329
2666.666748
2784.313720
2568.627441
2147.058837
1500.000000
656.862731
-294.117645
-1960.784301
-2529.411865
-2784.313720
-2284.313720
-1696.078491
-803.921569
176.470596
990.196105
1696.078491
2362.745117
2774.509765
2392.156982
1911.764770
1156.862792
166.666671
-676.470581
-1450.980468
-2696.078369
-2803.921630
-2578.431396
-2107.843261
-1392.156860
-441.176483
490.196075
2117.647216
2617.647216
2803.921630
2588.235351
2215.686279
1637.254882
725.490234
-205.882354
-1058.823608
-1784.313720
-2450.980468
-2745.098144
-2803.921630
-2421.568603
-1911.764770
-1137.254882
-117.647064
715.686279
1480.392211
2205.882324
2666.666748
2529.411865
2068.627441
1362.745117
392.156860
-500.000000
-1215.686279
-2000.000000
-2794.117675
-2686.274658
-2294.117675
-1705.882324
-803.921569
156.862747
980.392150
2421.568603
2715.686279
2784.313720
2411.764648
1931.372558
1186.274536
166.666671
-676.470581
-1431.372558
-2196.078369
-2803.921630
-2568.627441
-2107.843261
-1401.960815
-450.980407
450.980407
1215.686279
2588.235351
2764.706054
2637.254882
2245.098144
1696.078491
803.921569
-156.862747
-1823.529418
-2470.588378
-2764.706054
-2803.921630
-2392.156982
-1823.529418
-1049.019653
931.372558
1666.666748
2362.745117
2686.274658
2794.117675
2480.392089
2019.607910
1294.117675
303.921569
-549.019592
-2196.078369
-2686.274658
-2803.921630
-2578.431396
-2176.470703
-1509.803955
490.196075
1264.705932
1990.196166
2549.019775
2754.902099
2686.274658
2294.117675
745.098083
-205.882354
-1019.607849
-1774.509887
-2441.176513
-2715.686279
-2794.117675
-1784.313720
-1019.607849
9.803922
754.901977
1490.196166
2205.882324
2637.254882
2764.706054
2558.823486
2147.058837
431.372558
-460.784332
-1264.705932
-2019.607910
-2568.627441
-2794.117675
-2696.078369
-1627.451049
-676.470581
264.705902
1078.431396
1794.117675
2450.980468
2735.294189
2352.941162
1774.509887
1000.000000
78.431373
-715.686279
-1490.196166
-2215.686279
-2813.725585
-2539.215820
-2068.627441
-1362.745117
-352.941192
549.019592
1303.921630
2078.431396
2578.431396
2754.902099
2196.078369
1598.039184
666.666687
-1235.294189
-1970.588256
-2568.627441
-2784.313720
-2725.490234
-2333.333496
-1725.490234
225.490203
1029.411743
1764.705932
2392.156982
2715.686279
2794.117675
2421.568603
1039.215698
39.215686
-745.098083
-1490.196166
-2245.098144
-2676.470703
-2813.725585
-2078.431396
-1343.137329
-362.745117
529.411804
1294.117675
2627.450927
2784.313720
2598.039306
2225.490234
1598.039184
686.274536
-264.705902
-1098.039184
-1843.137329
-2490.196044
-2754.902099
-2794.117675
-2382.353027
-1833.333374
-1049.019653
950.980407
1666.666748
2343.137207
2686.274658
2774.509765
2480.392089
2039.215698
1313.725463
323.529418
-558.823547
-2186.274658
-2666.666748
-2803.921630
-2127.450927
-1421.568603
-460.784332
460.784332
1215.686279
1980.392211
2519.607910
2627.450927
2254.902099
1676.470581
774.509826
-137.254898
-980.392150
-1696.078491
-2735.294189
-2803.921630
-2411.764648
-1843.137329
-1088.235351
-88.235298
725.490234
2284.313720
2656.862792
2764.706054
2549.019775
2098.039306
1401.960815
500.000000
-372.549041
-1166.666748
-1931.372558
-2803.921630
-2666.666748
-2284.313720
-1725.490234
-813.725524
147.058822
950.980407
2421.568603
2725.490234
2784.313720
2401.960937
1941.176513
1186.274536
186.274520
-1558.823608
-2284.313720
-2676.470703
-2823.529541
-2578.431396
-2117.647216
-1382.353027
617.647094
1372.549072
2098.039306
2578.431396
2774.509765
2627.450927
1549.019653
607.843139
-323.529418
-1137.254882
-1901.960815
-2490.196044
-2794.117675
-2303.921630
-1705.882324
-843.137268
107.843139
921.568664
1676.470581
2372.549072
2784.313720
2441.176513
1941.176513
1196.078491
205.882354
-637.254943
-1401.960815
-2696.078369
-2803.921630
-2578.431396
-2137.254882
-1421.568603
-460.784332
1362.745117
2107.843261
2607.843261
2774.509765
2617.647216
2225.490234
1647.058837
715.686279
-205.882354
-1058.823608
-1794.117675
-2774.509765
-2774.509765
-2372.549072
-1784.313720
-1009.803955
19.607843
1676.470581
2352.941162
2686.274658
2784.313720
2470.588378
2039.215698
1284.313720
-715.686279
-1490.196166
-2245.098144
-2676.470703
-2803.921630
-2607.843261
-2166.666748
-401.960784
509.803924
1274.509887
2000.000000
2519.607910
2754.902099
2735.294189
2323.529541
1754.901977
941.176513
-990.196105
-1725.490234
-2411.764648
-2735.294189
-2813.725585
-2460.784423
-1970.588256
-68.627449
725.490234
1500.000000
2166.666748
2647.058837
2784.313720
2568.627441
1441.176513
519.607849
-421.568634
-1205.882324
-1970.588256
-2549.019775
-2784.313720
-2725.490234
-2343.137207
-1735.294189
245.098037
1049.019653
1774.509887
2431.372558
2725.490234
2784.313720
2411.764648
1039.215698
39.215686
-754.901977
-1500.000000
-2196.078369
-2686.274658
-2803.921630
-2617.647216
-2166.666748
-1500.000000
460.784332
1245.098022
1960.784301
2519.607910
2774.509765
2754.902099
2343.137207
1725.490234
950.980407
19.607843
-745.098083
-1490.196166
-2274.509765
-2686.274658
-2803.921630
-2588.235351
-2127.450927
-1441.176513
-480.392150
441.176483
1215.686279
1970.588256
2764.706054
2647.058837
2264.705810
1696.078491
823.529418
-117.647064
-970.588256
-2441.176513
-2745.098144
-2794.117675
-2421.568603
-1892.156860
-1107.843139
892.156860
1627.451049
2323.529541
2686.274658
2794.117675
2500.000000
2088.235351
1382.353027
460.784332
-450.980407
-1235.294189
-2607.843261
-2794.117675
-2637.254882
-2245.098144
-1676.470581
-754.901977
1186.274536
1921.568603
2480.392089
2725.490234
2774.509765
2333.333496
1764.705932
-98.039215
-911.764709
-1656.862792
-2343.137207
-2715.686279
-2803.921630
-2509.803955
-1205.882324
-166.666671
676.470581
1431.372558
2186.274658
2656.862792
2794.117675
2107.843261
1421.568603
490.196075
-441.176483
-1225.490234
-2598.039306
-2813.725585
-2666.666748
-2254.902099
-666.666687
313.725494
1107.843139
1852.941162
2460.784423
2745.098144
2774.509765
2382.353027
1823.529418
1068.627441
78.431373
-715.686279
-1490.196166
-2245.098144
-2676.470703
-2784.313720
-2588.235351
-2166.666748
-392.156860
500.000000
1205.882324
2000.000000
2480.392089
2745.098144
2735.294189
1686.274536
833.333374
-88.235298
-911.764709
-1647.058837
-2343.137207
-2725.490234
-2813.725585
-2509.803955
-2049.019531
-1303.921630
-323.529418
568.627441
1294.117675
2107.843261
2607.843261
2764.706054
2607.843261
1549.019653
617.647094
-303.921569
-1137.254882
-1862.745117
-2490.196044
-2774.509765
-2323.529541
-1715.686279
-882.352966
78.431373
892.156860
1598.039184
2313.725585
2696.078369
2794.117675
2519.607910
1264.705932
264.705902
-578.431396
-1352.941162
-2137.254882
-2637.254882
-2794.117675
-2156.862792
-1460.784301
-539.215698
411.764709
1186.274536
1941.176513
2509.803955
2764.706054
2745.098144
2333.333496
1715.686279
960.784301
0.000000
-666.666687
-1441.176513
-2196.078369
-2656.862792
-2813.725585
-2617.647216
-2156.862792
-1519.607910
-568.627441
372.549041
1176.470581
1901.960815
2754.902099
2715.686279
2313.725585
1735.294189
882.352966
-58.823532
-862.745117
-2421.568603
-2715.686279
-2803.921630
-2460.784423
-1970.588256
-1225.490234
813.725524
1549.019653
2254.902099
2656.862792
2774.509765
2568.627441
2137.254882
382.352935
-500.000000
-1245.098022
-1990.196166
-2578.431396
-2774.509765
-2715.686279
-2313.725585
-1725.490234
-852.941162
117.647064
941.176513
1666.666748
2372.549072
2764.706054
2421.568603
1941.176513
1205.882324
176.470596
-647.058837
-1411.764770
-2676.470703
-2803.921630
-2598.039306
-2137.254882
-1421.568603
-470.588256
450.980407
1196.078491
1950.980468
2519.607910
2656.862792
2274.509765
1686.274536
794.117675
-137.254898
-960.784301
-1705.882324
-2411.764648
-2745.098144
-2823.529541
-1852.941162
-1088.235351
-58.823532
745.098083
1470.588256
2186.274658
2627.450927
2539.215820
2088.235351
1372.549072
411.764709
-460.784332
-1235.294189
-2019.607910
-2794.117675
-2637.254882
-2254.902099
-1647.058837
-705.882385
254.901962
1058.823608
1784.313720
2411.764648
2705.882324
2774.509765
2382.353027
1911.764770
19.607843
-764.705871
-1500.000000
-2196.078369
-2637.254882
-2813.725585
-2607.843261
-1392.156860
-431.372558
509.803924
1274.509887
2009.803955
2568.627441
2754.902099
2245.098144
1676.470581
784.313720
-196.078430
-1009.803955
-1745.098022
-2411.764648
-2784.313720
-2362.745117
-1794.117675
-1009.803955
-19.607843
784.313720
1539.215698
2264.705810
2686.274658
2784.313720
2049.019531
1343.137329
372.549041
-1401.960815
-2176.470703
-2647.058837
-2794.117675
-2617.647216
-2186.274658
-1549.019653
470.588256
1245.098022
2000.000000
2500.000000
2754.902099
2774.509765
2333.333496
931.372558
-39.215686
-813.725524
-1588.235351
-2303.921630
-2705.882324
-2813.725585
-2549.019775
-2078.431396
-1333.333374
666.666687
1411.764770
2166.666748
2647.058837
2794.117675
2568.627441
2176.470703
519.607849
-421.568634
-1215.686279
-1980.392211
-2529.411865
-2774.509765
-2754.902099
-1696.078491
-794.117675
176.470596
990.196105
1696.078491
2382.353027
2705.882324
2794.117675
2450.980468
1990.196166
147.058822
-686.274536
-1450.980468
-2215.686279
-2666.666748
-2813.725585
-2607.843261
-1372.549072
-421.568634
490.196075
1274.509887
2039.215698
2578.431396
2794.117675
2647.058837
2264.705810
1715.686279
833.333374
-107.843139
-970.588256
-1686.274536
-2392.156982
-2725.490234
-2794.117675
-2490.196044
-1147.058837
-137.254898
715.686279
1450.980468
2196.078369
2656.862792
2803.921630
2088.235351
1372.549072
450.980407
-421.568634
-1245.098022
-2000.000000
-2529.411865
-2784.313720
-2764.706054
-2343.137207
-833.333374
117.647064
970.588256
1715.686279
2362.745117
2696.078369
2784.313720
1931.372558
1156.862792
166.666671
-686.274536
-1450.980468
-2176.470703
-2676.470703
-2568.627441
-2127.450927
-1411.764770
-460.784332
450.980407
1254.901977
2598.039306
2754.902099
2656.862792
2284.313720
1725.490234
823.529418
-127.450981
-970.588256
-1715.686279
-2411.764648
-2735.294189
-2401.960937
-1882.353027
-1107.843139
-88.235298
705.882385
1460.784301
2196.078369
2647.058837
2784.313720
2617.647216
1421.568603
450.980407
-450.980407
-2058.823486
-2617.647216
-2803.921630
-2647.058837
-2264.705810
-1696.078491
-784.313720
186.274520
1000.000000
1705.882324
2382.353027
2715.686279
2813.725585
2480.392089
1166.666748
156.862747
-705.882385
-2294.117675
-2696.078369
-2813.725585
-2598.039306
-2137.254882
-1392.156860
-431.372558
1362.745117
2137.254882
2666.666748
2764.706054
2617.647216
2186.274658
1617.647094
-421.568634
-1215.686279
-1960.784301
-2549.019775
-2784.313720
-2745.098144
-2333.333496
-1735.294189
-911.764709
49.019607
1715.686279
2382.353027
2715.686279
2774.509765
2460.784423
2009.803955
1274.509887
-735.294128
-1480.392211
-2245.098144
-2696.078369
-2794.117675
-2588.235351
-2156.862792
-382.352935
519.607849
1274.509887
2039.215698
2588.235351
2764.706054
2196.078369
1598.039184
696.078430
-235.294128
-1068.627441
-1813.725463
-2460.784423
-2764.706054
-2833.333496
-2411.764648
-1813.725463
-1068.627441
-78.431373
745.098083
1490.196166
2205.882324
2666.666748
2813.725585
2588.235351
2137.254882
1470.588256
539.215698
-1274.509887
-2068.627441
-2598.039306
-2794.117675
-2656.862792
-2274.509765
-1696.078491
313.725494
1127.451049
1872.549072
2470.588378
2754.902099
2784.313720
1705.882324
911.764709
-19.607843
-813.725524
-1558.823608
-2294.117675
-2696.078369
-2500.000000
-2058.823486
-1343.137329
-343.137268
529.411804
1294.117675
2058.823486
2794.117675
2607.843261
2176.470703
1558.823608
647.058837
-284.313720
-1117.647094
-2509.803955
-2764.706054
-2764.706054
-2372.549072
-1764.705932
-960.784301
-9.803922
1647.058837
2343.137207
2705.882324
2774.509765
2509.803955
2049.019531
1323.529418
352.941192
-539.215698
-1313.725463
-2627.450927
-2784.313720
-2627.450927
-2196.078369
-1558.823608
-666.666687
313.725494
1127.451049
1852.941162
2470.588378
2745.098144
2764.706054
2382.353027
1833.333374
1088.235351
88.235298
-715.686279
-1470.588256
-2705.882324
-2813.725585
-2539.215820
-2068.627441
-1362.745117
-392.156860
509.803924
2137.254882
2617.647216
2774.509765
2607.843261
2196.078369
1627.451049
715.686279
-235.294128
-1058.823608
-1803.921630
-2441.176513
-2764.706054
-2823.529541
-2411.764648
-1843.137329
-1068.627441
-78.431373
754.901977
2313.725585
2696.078369
2784.313720
2539.215820
2078.431396
1372.549072
431.372558
-1343.137329
-2117.647216
-2656.862792
-2794.117675
-2627.450927
-2205.882324
-519.607849
411.764709
1166.666748
1941.176513
2519.607910
2774.509765
2754.902099
2323.529541
1735.294189
950.980407
39.215686
-1637.254882
-2382.353027
-2696.078369
-2813.725585
-2509.803955
-2049.019531
-1313.725463
-313.725494
578.431396
1313.725463
2656.862792
2794.117675
2598.039306
1421.568603
480.392150
-431.372558
-1245.098022
-1990.196166
-2549.019775
-2784.313720
-2264.705810
-1686.274536
-764.705871
225.490203
1000.000000
1686.274536
2372.549072
2794.117675
2411.764648
1862.745117
1117.647094
127.450981
-715.686279
-1480.392211
-2696.078369
-2794.117675
-2549.019775
-2098.039306
-1362.745117
-382.352935
1421.568603
2156.862792
2637.254882
2794.117675
2588.235351
2186.274658
1549.019653
-450.980407
-1225.490234
-2009.803955
-2568.627441
-2794.117675
-2715.686279
-2303.921630
-745.098083
186.274520
1019.607849
1745.098022
2431.372558
2745.098144
2784.313720
1813.725463
1068.627441
78.431373
-745.098083
-1490.196166
-2245.098144
-2686.274658
-2549.019775
-2078.431396
-1343.137329
-352.941192
529.411804
1303.921630
2617.647216
2764.706054
2588.235351
2186.274658
1598.039184
705.882385
-254.901962
-1921.568603
-2509.803955
-2784.313720
-2784.313720
-2362.745117
-1745.098022
-970.588256
19.607843
803.921569
1558.823608
2696.078369
2774.509765
2509.803955
2058.823486
1362.745117
362.745117
-529.411804
-2137.254882
-2647.058837
-2813.725585
-2627.450927
-2205.882324
-1588.235351
-647.058837
1245.098022
1960.784301
2549.019775
2745.098144
2725.490234
2313.725585
1715.686279
-205.882354
-1029.411743
-1803.921630
-2431.372558
-2754.902099
-2813.725585
-1754.901977
-980.392150
-58.823532
774.509826
1519.607910
2245.098144
2686.274658
2519.607910
2098.039306
1372.549072
431.372558
-480.392150
-1274.509887
-2019.607910
-2823.529541
-2637.254882
-2245.098144
-1627.451049
-735.294128
254.901962
1058.823608
2480.392089
2735.294189
2745.098144
2333.333496
1774.509887
1009.803955
49.019607
-745.098083
-1500.000000
-2205.882324
-2803.921630
-2549.019775
-2127.450927
-1411.764770
-441.176483
480.392150
1235.294189
2617.647216
2794.117675
2617.647216
2225.490234
1656.862792
754.901977
-196.078430
-1862.745117
-2490.196044
-2774.509765
-2784.313720
-2382.353027
-1784.313720
-1029.411743
-19.607843
764.705871
1539.215698
2686.274658
2784.313720
2519.607910
2049.019531
1352.941162
372.549041
-519.607849
-2137.254882
-2637.254882
-2794.117675
-2627.450927
-2205.882324
-1598.039184
-656.862731
1225.490234
1970.588256
2549.019775
2764.706054
2735.294189
2333.333496
794.117675
-186.274520
-1019.607849
-1745.098022
-2441.176513
-2735.294189
-2794.117675
-2431.372558
-1941.176513
-1117.647094
862.745117
1598.039184
2294.117675
2696.078369
2794.117675
2509.803955
2088.235351
274.509796
-588.235290
-1343.137329
-2137.254882
-2637.254882
-2813.725585
-2627.450927
-1470.588256
-539.215698
401.960784
1166.666748
1931.372558
2509.803955
2764.706054
2274.509765
1705.882324
852.941162
-98.039215
-901.960815
-1666.666748
-2352.941162
-2696.078369
-2813.725585
-2519.607910
-1205.882324
-176.470596
666.666687
1431.372558
2166.666748
2637.254882
2803.921630
2117.647216
1411.764770
490.196075
-411.764709
-1235.294189
-2000.000000
-2500.000000
-2745.098144
-2794.117675
-2382.353027
-1774.509887
-1029.411743
-9.803922
705.882385
1490.196166
2235.294189
2656.862792
2784.313720
2078.431396
1352.941162
421.568634
-500.000000
-1215.686279
-1990.196166
-2568.627441
-2656.862792
-2245.098144
-1647.058837
-764.705871
205.882354
1009.803955
1754.901977
2745.098144
2764.706054
2362.745117
1784.313720
1078.431396
68.627449
-735.294128
-2333.333496
-2705.882324
-2803.921630
-2568.627441
-2078.431396
-1333.333374
656.862731
1421.568603
2186.274658
2627.450927
2784.313720
2578.431396
2196.078369
529.411804
-411.764709
-1205.882324
-1960.784301
-2529.411865
-2794.117675
-2754.902099
-1705.882324
-794.117675
186.274520
980.392150
1705.882324
2401.960937
2715.686279
2784.313720
2460.784423
2000.000000
235.294128
-647.058837
-1392.156860
-2137.254882
-2823.529541
-2607.843261
-2137.254882
-1441.176513
-500.000000
382.352935
2019.607910
2549.019775
2784.313720
2696.078369
2294.117675
1705.882324
872.549011
-88.235298
-882.352966
-1647.058837
-2343.137207
-2725.490234
-2803.921630
-2500.000000
-1274.509887
-294.117645
588.235290
1352.941162
2098.039306
2607.843261
2784.313720
2607.843261
2235.294189
1656.862792
754.901977
-176.470596
-1019.607849
-1754.901977
-2431.372558
-2794.117675
-2372.549072
-1784.313720
-1019.607849
-29.411766
774.509826
1529.411743
2264.705810
2676.470703
2803.921630
2568.627441
2137.254882
1441.176513
529.411804
-392.156860
-1215.686279
-1970.588256
-2794.117675
-2676.470703
-2294.117675
-656.862731
303.921569
1107.843139
1843.137329
2450.980468
2735.294189
2784.313720
1735.294189
931.372558
0.000000
-676.470581
-1431.372558
-2196.078369
-2656.862792
-2803.921630
-2598.039306
-2176.470703
-1529.411743
-578.431396
372.549041
1166.666748
1921.568603
2490.196044
2754.902099
2313.725585
1735.294189
862.745117
-88.235298
-882.352966
-1637.254882
-2352.941162
-2803.921630
-2441.176513
-1970.588256
-1196.078491
-205.882354
647.058837
1411.764770
2647.058837
2764.706054
2568.627441
2137.254882
1470.588256
558.823547
-392.156860
-2029.411743
-2598.039306
-2803.921630
-2686.274658
-2303.921630
-1686.274536
333.333343
1117.647094
1833.333374
2431.372558
2745.098144
2735.294189
2382.353027
941.176513
0.000000
-666.666687
-1441.176513
-2205.882324
-2647.058837
-2803.921630
-2107.843261
-1382.353027
-401.960784
500.000000
1196.078491
1960.784301
2509.803955
2666.666748
2254.902099
1696.078491
823.529418
-127.450981
-960.784301
-1696.078491
-2745.098144
-2803.921630
-2421.568603
-1911.764770
-1137.254882
-127.450981
715.686279
1450.980468
2205.882324
2637.254882
2794.117675
2588.235351
2156.862792
1490.196166
568.627441
-362.745117
-1176.470581
-1921.568603
-2784.313720
-2686.274658
-2284.313720
-1715.686279
-813.725524
147.058822
960.784301
2421.568603
2715.686279
2794.117675
2421.568603
1911.764770
1166.666748
147.058822
-676.470581
-1441.176513
-2215.686279
-2686.274658
-2813.725585
-2607.843261
-2137.254882
-1470.588256
-529.411804
392.156860
1196.078491
2539.215820
2764.706054
2686.274658
2284.313720
1715.686279
862.745117
-107.843139
-1813.725463
-2450.980468
-2754.902099
-2813.725585
-2401.960937
-1882.353027
0.000000
666.666687
1421.568603
2156.862792
2656.862792
2803.921630
2588.235351
2176.470703
1568.627441
647.058837
-313.725494
-1960.784301
-2539.215820
-2764.706054
-2764.706054
-2352.941162
-1735.294189
-901.960815
29.411766
852.941162
1588.235351
2294.117675
2686.274658
2794.117675
2549.019775
2098.039306
1382.353027
441.176483
-490.196075
-2088.235351
-2617.647216
-2803.921630
-2627.450927
-2225.490234
-1637.254882
-705.882385
264.705902
1058.823608
1803.921630
2754.902099
2754.902099
2362.745117
1774.509887
1049.019653
58.823532
-735.294128
-2303.921630
-2725.490234
-2803.921630
-2509.803955
-2068.627441
-1343.137329
-352.941192
549.019592
1294.117675
2078.431396
2598.039306
2764.706054
2627.450927
2245.098144
1705.882324
803.921569
-117.647064
-990.196105
-2441.176513
-2735.294189
-2813.725585
-2431.372558
-1862.745117
-1107.843139
-107.843139
1647.058837
2362.745117
2705.882324
2774.509765
2490.196044
2049.019531
1343.137329
362.745117
-529.411804
-1303.921630
-2078.431396
-2607.843261
-2803.921630
-2637.254882
-2264.705810
-1666.666748
-784.313720
196.078430
1872.549072
2460.784423
2754.902099
2784.313720
2382.353027
1823.529418
1058.823608
68.627449
-735.294128
-1509.803955
-2686.274658
-2803.921630
-2549.019775
-2078.431396
-1343.137329
-362.745117
558.823547
2147.058837
2637.254882
2803.921630
2607.843261
2186.274658
1588.235351
676.470581
-274.509796
-1117.647094
-1823.529418
-2774.509765
-2745.098144
-2352.941162
-823.529418
147.058822
950.980407
1666.666748
2372.549072
2696.078369
2784.313720
1921.568603
1156.862792
176.470596
-666.666687
-1431.372558
-2176.470703
-2666.666748
-2568.627441
-2127.450927
-1392.156860
-421.568634
470.588256
1215.686279
2000.000000
2784.313720
2666.666748
2284.313720
1705.882324
823.529418
-98.039215
-921.568664
-2441.176513
-2745.098144
-2794.117675
-2441.176513
-1970.588256
-1176.470581
-166.666671
705.882385
1450.980468
2166.666748
2794.117675
2558.823486
2098.039306
333.333343
-558.823547
-1333.333374
-2107.843261
-2627.450927
-2813.725585
-2627.450927
-1558.823608
-598.039245
382.352935
1147.058837
1852.941162
2470.588378
2745.098144
2294.117675
1705.882324
862.745117
-78.431373
-862.745117
-1637.254882
-2343.137207
-2794.117675
-2460.784423
-1980.392211
-1176.470581
-196.078430
676.470581
1401.960815
2147.058837
2627.450927
2774.509765
2156.862792
1441.176513
539.215698
-401.960784
-1215.686279
-1950.980468
-2539.215820
-2803.921630
-2735.294189
-2333.333496
-1745.098022
-921.568664
29.411766
803.921569
1568.627441
2284.313720
2676.470703
2803.921630
2049.019531
1294.117675
333.333343
-588.235290
-1323.529418
-2078.431396
-2637.254882
-2607.843261
-2166.666748
-1500.000000
-666.666687
294.117645
1107.843139
1843.137329
2470.588378
2764.706054
2764.706054
1754.901977
931.372558
-9.803922
-784.313720
-2333.333496
-2715.686279
-2803.921630
-2509.803955
-2078.431396
-1333.333374
696.078430
1441.176513
2186.274658
2647.058837
2784.313720
2578.431396
2156.862792
490.196075
-450.980407
-1235.294189
-1980.392211
-2568.627441
-2803.921630
-2725.490234
-1656.862792
-745.098083
205.882354
1029.411743
1774.509887
2441.176513
2754.902099
2794.117675
2411.764648
1931.372558
68.627449
-754.901977
-1480.392211
-2235.294189
-2823.529541
-2539.215820
-2088.235351
-1343.137329
-362.745117
549.019592
2166.666748
2607.843261
2784.313720
2578.431396
2196.078369
1568.627441
676.470581
-1205.882324
-1990.196166
-2578.431396
-2794.117675
-2725.490234
-2303.921630
-1735.294189
-872.549011
88.235298
872.549011
2392.156982
2686.274658
2794.117675
2431.372558
1990.196166
1225.490234
274.509796
-1480.392211
-2274.509765
-2676.470703
-2813.725585
-2588.235351
-2156.862792
-1431.372558
-509.803924
441.176483
1215.686279
2588.235351
2764.706054
2637.254882
2264.705810
1686.274536
813.725524
-127.450981
-1833.333374
-2460.784423
-2764.706054
-2813.725585
-2392.156982
-1833.333374
-1058.823608
941.176513
1686.274536
2382.353027
2676.470703
2774.509765
2500.000000
2068.627441
1372.549072
421.568634
-480.392150
-1264.705932
-2029.411743
-2568.627441
-2784.313720
-2666.666748
-2294.117675
-1715.686279
-794.117675
1137.254882
1862.745117
2509.803955
2784.313720
2764.706054
2362.745117
1764.705932
1019.607849
49.019607
-735.294128
-1509.803955
-2245.098144
-2686.274658
-2803.921630
-2598.039306
-2156.862792
-1450.980468
-509.803924
1313.725463
2107.843261
2617.647216
2754.902099
2637.254882
2245.098144
1676.470581
764.705871
-156.862747
-1000.000000
-1705.882324
-2392.156982
-2725.490234
-2823.529541
-2470.588378
-1990.196166
-1225.490234
-225.490203
637.254943
1392.156860
2156.862792
2774.509765
2568.627441
2107.843261
1441.176513
529.411804
-401.960784
-1235.294189
-2598.039306
-2803.921630
-2647.058837
-2264.705810
-1696.078491
-823.529418
137.254898
1833.333374
2441.176513
2725.490234
2764.706054
2372.549072
1911.764770
1147.058837
-872.549011
-1617.647094
-2333.333496
-2705.882324
-2803.921630
-2539.215820
-2058.823486
-1352.941162
-352.941192
549.019592
2147.058837
2627.450927
2764.706054
2598.039306
2205.882324
1598.039184
696.078430
-1196.078491
-1941.176513
-2539.215820
-2794.117675
-2754.902099
-2352.941162
-823.529418
156.862747
980.392150
1696.078491
2392.156982
2705.882324
2794.117675
1921.568603
1137.254882
147.058822
-705.882385
-1431.372558
-2196.078369
-2666.666748
-2813.725585
-2617.647216
-2156.862792
-421.568634
490.196075
1235.294189
2029.411743
2539.215820
2764.706054
2686.274658
1637.254882
725.490234
-215.686279
-1049.019653
-1803.921630
-2470.588378
-2754.902099
-2382.353027
-1774.509887
-1029.411743
0.000000
676.470581
1421.568603
2156.862792
2784.313720
2549.019775
2127.450927
1421.568603
500.000000
-323.529418
-1166.666748
-2549.019775
-2784.313720
-2715.686279
-2313.725585
-1715.686279
-823.529418
117.647064
931.372558
1647.058837
2343.137207
2686.274658
2774.509765
2490.196044
2068.627441
1333.333374
362.745117
-549.019592
-1313.725463
-2686.274658
-2803.921630
-2607.843261
-2186.274658
-1558.823608
-637.254943
333.333343
1980.392211
2539.215820
2764.706054
2705.882324
2323.529541
1745.098022
901.960815
-29.411766
-872.549011
-1588.235351
-2735.294189
-2803.921630
-2470.588378
-1137.254882
-107.843139
735.294128
1490.196166
2205.882324
2637.254882
2774.509765
2098.039306
1372.549072
450.980407
-460.784332
-1245.098022
-1990.196166
-2588.235351
-2637.254882
-2225.490234
-1627.451049
-725.490234
254.901962
1068.627441
1794.117675
2431.372558
2725.490234
2774.509765
1774.509887
1009.803955
9.803922
-715.686279
-1490.196166
-2254.902099
-2676.470703
-2539.215820
-2088.235351
-1343.137329
-372.549041
539.215698
1303.921630
2058.823486
2784.313720
2588.235351
2205.882324
1607.843139
686.274536
-274.509796
-1117.647094
-2539.215820
-2774.509765
-2774.509765
-2362.745117
-1735.294189
-921.568664
29.411766
813.725524
1558.823608
2264.705810
2784.313720
2460.784423
2029.411743
1313.725463
323.529418
-558.823547
-1323.529418
-2088.235351
-2617.647216
-2784.313720
-2656.862792
-2235.294189
-1637.254882
-705.882385
245.098037
1029.411743
1774.509887
2431.372558
2774.509765
2343.137207
1784.313720
1029.411743
49.019607
-754.901977
-1509.803955
-2686.274658
-2813.725585
-2558.823486
-2078.431396
-1333.333374
-333.333343
558.823547
1303.921630
2078.431396
2598.039306
2803.921630
2637.254882
2274.509765
1705.882324
794.117675
-156.862747
-1000.000000
-1696.078491
-2745.098144
-2794.117675
-2421.568603
-1901.960815
-1137.254882
-127.450981
715.686279
1480.392211
2225.490234
2686.274658
2774.509765
2568.627441
2156.862792
1509.803955
598.039245
-323.529418
-1156.862792
-1931.372558
-2500.000000
-2745.098144
-2794.117675
-2401.960937
-1813.725463
-1058.823608
-58.823532
1647.058837
2323.529541
2705.882324
2813.725585
2500.000000
2107.843261
1401.960815
411.764709
-490.196075
-1254.901977
-2607.843261
-2813.725585
-2647.058837
-2245.098144
-1656.862792
-735.294128
235.294128
1049.019653
1803.921630
2421.568603
2725.490234
2774.509765
2431.372558
1911.764770
1166.666748
-852.941162
-1617.647094
-2294.117675
-2725.490234
-2803.921630
-2509.803955
-2088.235351
-264.705902
637.254943
1372.549072
2127.450927
2627.450927
2794.117675
2147.058837
1500.000000
647.058837
-274.509796
-1107.843139
-1882.353027
-2480.392089
-2745.098144
-2333.333496
-1725.490234
-921.568664
39.215686
833.333374
1588.235351
2676.470703
2774.509765
2460.784423
2029.411743
1264.705932
313.725494
-578.431396
-2215.686279
-2666.666748
-2803.921630
-2617.647216
-2176.470703
-1500.000000
-647.058837
1235.294189
1990.196166
2549.019775
2754.902099
2705.882324
2294.117675
764.705871
-166.666671
-1009.803955
-1774.509887
-2421.568603
-2754.902099
-2813.725585
-1803.921630
-1058.823608
-39.215686
774.509826
1519.607910
2254.902099
2686.274658
2539.215820
2098.039306
1382.353027
411.764709
-480.392150
-1274.509887
-2009.803955
-2813.725585
-2656.862792
-2225.490234
-1637.254882
-705.882385
264.705902
1068.627441
1794.117675
2450.980468
2745.098144
2352.941162
1754.901977
1000.000000
98.039215
-705.882385
-1470.588256
-2225.490234
-2803.921630
-2578.431396
-2088.235351
-1372.549072
-411.764709
490.196075
1235.294189
2637.254882
2794.117675
2598.039306
2215.686279
1607.843139
696.078430
-196.078430
-1882.353027
-2500.000000
-2774.509765
-2794.117675
-2411.764648
-1833.333374
49.019607
823.529418
1558.823608
2264.705810
2666.666748
2784.313720
2558.823486
1294.117675
323.529418
-558.823547
-1333.333374
-2117.647216
-2637.254882
-2803.921630
-2176.470703
-1539.215698
-578.431396
372.549041
1156.862792
1882.353027
2460.784423
2705.882324
2303.921630
1705.882324
872.549011
-88.235298
-862.745117
-1627.451049
-2352.941162
-2715.686279
-2803.921630
-2519.607910
-2058.823486
-1323.529418
-343.137268
549.019592
1303.921630
2078.431396
2598.039306
2598.039306
2205.882324
1598.039184
666.666687
-254.901962
-1098.039184
-1833.333374
-2480.392089
-2803.921630
-2813.725585
-1745.098022
-931.372558
39.215686
833.333374
1578.431396
2323.529541
2686.274658
2460.784423
2019.607910
1284.313720
284.313720
-568.627441
-1323.529418
-2107.843261
-2813.725585
-2607.843261
-2166.666748
-1490.196166
-519.607849
411.764709
1186.274536
1950.980468
2500.000000
2745.098144
2313.725585
1725.490234
931.372558
-19.607843
-833.333374
-1588.235351
-2303.921630
-2705.882324
-2803.921630
-2539.215820
-1245.098022
-254.901962
627.450988
1362.745117
2147.058837
2637.254882
2794.117675
2147.058837
1509.803955
578.431396
-362.745117
-1196.078491
-1941.176513
-2500.000000
-2735.294189
-2362.745117
-1735.294189
-901.960815
58.823532
843.137268
1607.843139
2715.686279
2813.725585
1911.764770
1156.862792
156.862747
-686.274536
-1450.980468
-2205.882324
-2656.862792
-2568.627441
-2098.039306
-1382.353027
-411.764709
500.000000
1196.078491
1931.372558
2509.803955
2754.902099
2745.098144
2362.745117
1745.098022
960.784301
49.019607
-745.098083
-1480.392211
-2254.902099
-2686.274658
-2539.215820
-2078.431396
-1343.137329
-333.333343
539.215698
1303.921630
2068.627441
2598.039306
2813.725585
2607.843261
1568.627441
656.862731
-284.313720
-1127.451049
-1852.941162
-2490.196044
-2764.706054
-2343.137207
-1745.098022
-921.568664
39.215686
823.529418
1568.627441
2274.509765
2774.509765
2450.980468
2029.411743
1303.921630
323.529418
-539.215698
-1333.333374
-2088.235351
-2627.450927
-2813.725585
-2637.254882
-2245.098144
-1656.862792
-725.490234
254.901962
1049.019653
1774.509887
2401.960937
2774.509765
2372.549072
1774.509887
1039.215698
49.019607
-735.294128
-1509.803955
-2696.078369
-2813.725585
-2529.411865
-2068.627441
-1333.333374
-323.529418
549.019592
1294.117675
2039.215698
2588.235351
2774.509765
2656.862792
2264.705810
1696.078491
794.117675
-147.058822
-980.392150
-1725.490234
-2745.098144
-2784.313720
-2411.764648
-1843.137329
-1107.843139
-88.235298
725.490234
1490.196166
2225.490234
2666.666748
2549.019775
2127.450927
1401.960815
470.588256
-470.588256
-1254.901977
-2000.000000
-2794.117675
-2666.666748
-2274.509765
-1676.470581
-784.313720
196.078430
990.196105
2450.980468
2745.098144
2784.313720
2362.745117
1892.156860
1137.254882
137.254898
-686.274536
-1431.372558
-2205.882324
-2666.666748
-2794.117675
-2598.039306
-1362.745117
-401.960784
509.803924
1245.098022
2009.803955
2558.823486
2794.117675
2205.882324
1627.451049
735.294128
-215.686279
-1039.215698
-1794.117675
-2460.784423
-2784.313720
-2362.745117
-1754.901977
-970.588256
-9.803922
745.098083
1509.803955
2686.274658
2813.725585
2529.411865
2058.823486
1362.745117
392.156860
-509.803924
-2107.843261
-2617.647216
-2803.921630
-2637.254882
-2215.686279
-1588.235351
441.176483
1215.686279
1970.588256
2539.215820
2764.706054
2735.294189
2333.333496
794.117675
-156.862747
-980.392150
-1696.078491
-2401.960937
-2735.294189
-2803.921630
-1833.333374
-1078.431396
-68.627449
745.098083
1470.588256
2196.078369
2666.666748
2803.921630
2598.039306
2147.058837
441.176483
-470.588256
-1264.705932
-2029.411743
-2558.823486
-2784.313720
-2725.490234
-1627.451049
-715.686279
264.705902
1049.019653
1803.921630
2431.372558
2745.098144
2794.117675
2401.960937
1901.960815
1137.254882
137.254898
-705.882385
-1480.392211
-2254.902099
-2666.666748
-2784.313720
-2617.647216
-1362.745117
-392.156860
529.411804
1264.705932
2039.215698
2578.431396
2764.706054
2696.078369
2303.921630
1745.098022
862.745117
-98.039215
-872.549011
-1627.451049
-2333.333496
-2715.686279
-2823.529541
-1970.588256
-1215.686279
-176.470596
1568.627441
2264.705810
2656.862792
2794.117675
2539.215820
2117.647216
1411.764770
-578.431396
-1352.941162
-2137.254882
-2647.058837
-2813.725585
-2617.647216
-2205.882324
-1607.843139
-676.470581
303.921569
1931.372558
2519.607910
2784.313720
2754.902099
2352.941162
1754.901977
980.392150
-970.588256
-1696.078491
-2401.960937
-2735.294189
-2803.921630
-2470.588378
-2000.000000
-205.882354
676.470581
1421.568603
2166.666748
2627.450927
2754.902099
2617.647216
1480.392211
539.215698
-392.156860
-1205.882324
-1950.980468
-2539.215820
-2784.313720
-2764.706054
-2333.333496
-1745.098022
166.666671
1009.803955
1745.098022
2411.764648
2715.686279
2794.117675
2431.372558
1970.588256
1225.490234
245.098037
-617.647094
-1392.156860
-2156.862792
-2637.254882
-2813.725585
-2627.450927
-2205.882324
-1588.235351
450.980407
1215.686279
1980.392211
2539.215820
2764.706054
2725.490234
2323.529541
803.921569
-147.058822
-1000.000000
-1696.078491
-2382.353027
-2715.686279
-2794.117675
-1911.764770
-1137.254882
-127.450981
725.490234
1470.588256
2186.274658
2784.313720
2519.607910
2107.843261
1382.353027
431.372558
-470.588256
-1245.098022
-2627.450927
-2794.117675
-2627.450927
-2254.902099
-1656.862792
-735.294128
225.490203
1892.156860
2490.196044
2745.098144
2754.902099
2382.353027
1803.921630
1068.627441
-931.372558
-1666.666748
-2362.745117
-2715.686279
-2843.137207
-2460.784423
-2000.000000
-1323.529418
-333.333343
558.823547
2166.666748
2627.450927
2794.117675
2117.647216
1441.176513
539.215698
-421.568634
-1235.294189
-1960.784301
-2549.019775
-2666.666748
-2264.705810
-1686.274536
-754.901977
205.882354
1029.411743
1784.313720
2421.568603
2745.098144
2784.313720
1803.921630
1068.627441
68.627449
-735.294128
-1490.196166
-2245.098144
-2696.078369
-2549.019775
-2078.431396
-1352.941162
-362.745117
529.411804
1284.313720
2058.823486
2764.706054
2598.039306
2215.686279
1617.647094
696.078430
-186.274520
-1068.627441
-2500.000000
-2764.706054
-2803.921630
-2401.960937
-1833.333374
-1058.823608
-58.823532
715.686279
1470.588256
2225.490234
2784.313720
2529.411865
2049.019531
1362.745117
411.764709
-480.392150
-1274.509887
-2637.254882
-2813.725585
-2627.450927
-2235.294189
-1627.451049
-696.078430
245.098037
1058.823608
1764.705932
2421.568603
2715.686279
2784.313720
2421.568603
1931.372558
1166.666748
166.666671
-686.274536
-1441.176513
-2705.882324
-2803.921630
-2568.627441
-2088.235351
-1382.353027
-421.568634
509.803924
1274.509887
2009.803955
2549.019775
2774.509765
2696.078369
2303.921630
1715.686279
882.352966
-68.627449
-872.549011
-1627.451049
-2745.098144
-2803.921630
-2450.980468
-1990.196166
-1215.686279
-215.686279
637.254943
2245.098144
2676.470703
2784.313720
2568.627441
2137.254882
1450.980468
549.019592
-392.156860
-1196.078491
-1921.568603
-2509.803955
-2774.509765
-2764.706054
-2352.941162
-1754.901977
-960.784301
-9.803922
754.901977
1509.803955
2235.294189
2676.470703
2764.706054
2568.627441
2156.862792
1509.803955
588.235290
-343.137268
-1176.470581
-1931.372558
-2509.803955
-2784.313720
-2784.313720
-2372.549072
-852.941162
98.039215
892.156860
1627.451049
2303.921630
2696.078369
2813.725585
1990.196166
1245.098022
254.901962
-598.039245
-1352.941162
-2147.058837
-2647.058837
-2774.509765
-2627.450927
-2225.490234
-1627.451049
-705.882385
284.313720
1901.960815
2509.803955
2754.902099
2764.706054
2382.353027
1784.313720
1039.215698
-990.196105
-1715.686279
-2401.960937
-2725.490234
-2813.725585
-2460.784423
-2000.000000
-205.882354
647.058837
1421.568603
2147.058837
2617.647216
2774.509765
2598.039306
2205.882324
1627.451049
715.686279
-1215.686279
-1970.588256
-2774.509765
-2686.274658
-2284.313720
-1696.078491
333.333343
1137.254882
1872.549072
2470.588378
2764.706054
2774.509765
2362.745117
1803.921630
1058.823608
68.627449
-745.098083
-1480.392211
-2215.686279
-2686.274658
-2823.529541
-2588.235351
-2137.254882
-1431.372558
578.431396
1333.333374
2078.431396
2607.843261
2735.294189
2627.450927
2264.705810
1705.882324
774.509826
-156.862747
-1009.803955
-1764.705932
-2441.176513
-2764.706054
-2813.725585
-2421.568603
-1941.176513
-1147.058837
852.941162
1617.647094
2294.117675
2666.666748
2784.313720
2549.019775
2068.627441
1382.353027
421.568634
-470.588256
-1274.509887
-2029.411743
-2588.235351
-2803.921630
-2686.274658
-2274.509765
-1696.078491
-803.921569
156.862747
960.784301
1686.274536
2745.098144
2803.921630
2401.960937
1921.568603
1156.862792
176.470596
-666.666687
-2254.902099
-2696.078369
-2813.725585
-2588.235351
-2137.254882
-1401.960815
-441.176483
1343.137329
2117.647216
2627.450927
2784.313720
2607.843261
2235.294189
1617.647094
725.490234
-215.686279
-1058.823608
-2519.607910
-2774.509765
-2774.509765
-2401.960937
-1784.313720
-1019.607849
-19.607843
1686.274536
2372.549072
2705.882324
2794.117675
2490.196044
2029.411743
1284.313720
313.725494
-578.431396
-1343.137329
-2107.843261
-2637.254882
-2784.313720
-2617.647216
-2225.490234
-1617.647094
-696.078430
264.705902
1892.156860
2480.392089
2774.509765
2774.509765
2372.549072
1774.509887
1049.019653
-960.784301
-1696.078491
-2392.156982
-2725.490234
-2803.921630
-2480.392089
-2019.607910
-166.666671
696.078430
1421.568603
2205.882324
2656.862792
2764.706054
2117.647216
1401.960815
490.196075
-421.568634
-1235.294189
-1980.392211
-2568.627441
-2647.058837
-2284.313720
-1666.666748
-735.294128
235.294128
1049.019653
1774.509887
2764.706054
2784.313720
2382.353027
1784.313720
1039.215698
58.823532
-745.098083
-2303.921630
-2696.078369
-2823.529541
-2549.019775
-2078.431396
-1372.549072
-382.352935
519.607849
1274.509887
2039.215698
2588.235351
2754.902099
2656.862792
2274.509765
1735.294189
833.333374
-117.647064
-950.980407
-2441.176513
-2754.902099
-2813.725585
-2431.372558
-1931.372558
-1166.666748
-147.058822
1617.647094
2294.117675
2676.470703
2813.725585
2519.607910
2098.039306
1392.156860
450.980407
-460.784332
-1245.098022
-2019.607910
-2578.431396
-2784.313720
-2235.294189
-1627.451049
-696.078430
245.098037
1058.823608
1784.313720
2431.372558
2754.902099
2372.549072
1774.509887
1029.411743
29.411766
-745.098083
-1519.607910
-2715.686279
-2833.333496
-2539.215820
-2078.431396
-1323.529418
-343.137268
549.019592
1294.117675
2078.431396
2617.647216
2588.235351
2166.666748
1529.411743
637.254943
-313.725494
-1137.254882
-1882.353027
-2803.921630
-2754.902099
-2333.333496
-1725.490234
-892.156860
58.823532
843.137268
1598.039184
2313.725585
2686.274658
2450.980468
1990.196166
1274.509887
-725.490234
-1480.392211
-2245.098144
-2696.078369
-2823.529541
-2598.039306
-2156.862792
-411.764709
500.000000
1225.490234
1960.784301
2519.607910
2764.706054
2764.706054
2343.137207
1754.901977
970.588256
49.019607
-735.294128
-1519.607910
-2264.705810
-2705.882324
-2813.725585
-2588.235351
-2127.450927
-1441.176513
-480.392150
450.980407
1215.686279
2578.431396
2774.509765
2627.450927
2264.705810
1715.686279
833.333374
-147.058822
-1843.137329
-2490.196044
-2774.509765
-2794.117675
-2392.156982
-1823.529418
-1058.823608
-68.627449
745.098083
1470.588256
2686.274658
2774.509765
2519.607910
2088.235351
1382.353027
431.372558
-480.392150
-2117.647216
-2647.058837
-2823.529541
-2637.254882
-2225.490234
-1617.647094
431.372558
1205.882324
1941.176513
2500.000000
2764.706054
2764.706054
2362.745117
911.764709
-19.607843
-813.725524
-1607.843139
-2313.725585
-2715.686279
-2823.529541
-2529.411865
-2088.235351
-1343.137329
-352.941192
539.215698
1294.117675
2058.823486
2794.117675
2578.431396
2166.666748
1568.627441
647.058837
-294.117645
-1147.058837
-1882.353027
-2490.196044
-2764.706054
-2803.921630
-2401.960937
-1813.725463
-1019.607849
-39.215686
774.509826
1509.803955
2245.098144
2813.725585
2509.803955
2098.039306
1362.745117
411.764709
-480.392150
-1264.705932
-2627.450927
-2784.313720
-2627.450927
-2235.294189
-1627.451049
-676.470581
284.313720
1098.039184
1823.529418
2431.372558
2764.706054
2362.745117
1745.098022
960.784301
39.215686
-745.098083
-1509.803955
-2725.490234
-2794.117675
-2539.215820
-2088.235351
-1352.941162
-352.941192
539.215698
1313.725463
2078.431396
2588.235351
2588.235351
2205.882324
1558.823608
-460.784332
-1254.901977
-2029.411743
-2558.823486
-2774.509765
-2715.686279
-2313.725585
-735.294128
254.901962
1078.431396
1784.313720
2421.568603
2754.902099
2803.921630
1764.705932
1000.000000
88.235298
-705.882385
-1460.784301
-2215.686279
-2696.078369
-2558.823486
-2098.039306
-1372.549072
-411.764709
509.803924
1254.901977
2019.607910
2558.823486
2774.509765
2696.078369
1666.666748
754.901977
-186.274520
-1029.411743
-1784.313720
-2441.176513
-2764.706054
-2401.960937
-1794.117675
-1019.607849
-9.803922
754.901977
1500.000000
2176.470703
2794.117675
2568.627441
2117.647216
1401.960815
490.196075
-431.372558
-1215.686279
-2598.039306
-2823.529541
-2676.470703
-2254.902099
-1676.470581
-794.117675
205.882354
1000.000000
1696.078491
2392.156982
2784.313720
2392.156982
1901.960815
1147.058837
156.862747
-676.470581
-1441.176513
-2205.882324
-2666.666748
-2813.725585
-2607.843261
-2156.862792
-1490.196166
-529.411804
392.156860
1196.078491
1931.372558
2500.000000
2735.294189
2343.137207
1715.686279
901.960815
-49.019607
-833.333374
-1588.235351
-2725.490234
-2794.117675
-2480.392089
-2009.803955
-1284.313720
-254.901962
627.450988
1382.353027
2117.647216
2617.647216
2784.313720
2598.039306
2215.686279
1617.647094
725.490234
-205.882354
-1058.823608
-1803.921630
-2784.313720
-2784.313720
-2372.549072
-1754.901977
-990.196105
-29.411766
754.901977
2313.725585
2696.078369
2803.921630
2529.411865
2078.431396
1343.137329
372.549041
-509.803924
-1294.117675
-2049.019531
-2617.647216
-2794.117675
-2656.862792
-2274.509765
-1686.274536
-764.705871
215.686279
1009.803955
1754.901977
2401.960937
2715.686279
2362.745117
1813.725463
1039.215698
58.823532
-745.098083
-1480.392211
-2274.509765
-2803.921630
-2549.019775
-2078.431396
-1352.941162
-372.549041
539.215698
1294.117675
2627.450927
2794.117675
2617.647216
2205.882324
1588.235351
666.666687
-294.117645
-1950.980468
-2539.215820
-2764.706054
-2764.706054
-2343.137207
-1754.901977
156.862747
1000.000000
1666.666748
2382.353027
2705.882324
2803.921630
2470.588378
1127.451049
147.058822
-696.078430
-1460.784301
-2215.686279
-2666.666748
-2803.921630
-2117.647216
-1382.353027
-401.960784
490.196075
1264.705932
2019.607910
2539.215820
2617.647216
2215.686279
607.843139
-343.137268
-1156.862792
-1921.568603
-2519.607910
-2774.509765
-2794.117675
-1715.686279
-862.745117
98.039215
892.156860
1617.647094
2323.529541
2705.882324
2441.176513
1990.196166
1225.490234
245.098037
-607.843139
-1372.549072
-2137.254882
-2803.921630
-2598.039306
-2176.470703
-1519.607910
-558.823547
372.549041
1186.274536
1931.372558
2480.392089
2745.098144
2774.509765
2362.745117
1784.313720
-127.450981
-970.588256
-1715.686279
-2401.960937
-2745.098144
-2794.117675
-2480.392089
-1137.254882
-127.450981
715.686279
1480.392211
2225.490234
2666.666748
2774.509765
2578.431396
2166.666748
1500.000000
-450.980407
-1215.686279
-1990.196166
-2578.431396
-2794.117675
-2705.882324
-2323.529541
-1735.294189
-852.941162
98.039215
892.156860
1647.058837
2343.137207
2696.078369
2803.921630
2509.803955
2068.627441
1362.745117
-647.058837
-1401.960815
-2166.666748
-2647.058837
-2813.725585
-2607.843261
-2215.686279
-500.000000
382.352935
1166.666748
1931.372558
2500.000000
2764.706054
2803.921630
1735.294189
921.568664
-29.411766
-843.137268
-1607.843139
-2313.725585
-2696.078369
-2823.529541
-2549.019775
-2098.039306
-264.705902
607.843139
1333.333374
2127.450927
2607.843261
