-2813.725585
-2656.862792
-2254.902099
-617.647094
333.333343
1156.862792
1872.549072
2470.588378
2764.706054
2794.117675
1735.294189
911.764709
-29.411766
-833.333374
-1598.039184
-2333.333496
-2745.098144
-2490.196044
-2049.019531
-1274.509887
-264.705902
607.843139
1343.137329
2107.843261
2617.647216
2794.117675
2598.039306
1490.196166
578.431396
-382.352935
-2029.411743
-2588.235351
-2803.921630
-2696.078369
-2303.921630
-1735.294189
-823.529418
1117.647094
1833.333374
2470.588378
2774.509765
2794.117675
2392.156982
1813.725463
-68.627449
-882.352966
-1647.058837
-2362.745117
-2705.882324
-2823.529541
-2549.019775
-1225.490234
-205.882354
627.450988
1392.156860
2147.058837
2647.058837
2578.431396
2147.058837
1480.392211
539.215698
-401.960784
-1225.490234
-1941.176513
-2794.117675
-2686.274658
-2294.117675
-1696.078491
-813.725524
147.058822
990.196105
2450.980468
2735.294189
2823.529541
2392.156982
1901.960815
1137.254882
137.254898
-1578.431396
-2313.725585
-2725.490234
-2823.529541
-2549.019775
-2098.039306
-254.901962
607.843139
1362.745117
2137.254882
2647.058837
2794.117675
2607.843261
1500.000000
627.450988
-284.313720
-1127.451049
-1862.745117
-2480.392089
-2784.313720
-2343.137207
-1725.490234
-892.156860
29.411766
823.529418
1598.039184
2313.725585
2803.921630
2480.392089
2000.000000
1352.941162
362.745117
-529.411804
-1303.921630
-2647.058837
-2794.117675
-2637.254882
-2215.686279
-1578.431396
-627.450988
343.137268
1156.862792
1862.745117
2470.588378
2725.490234
2774.509765
2382.353027
1813.725463
1058.823608
68.627449
-725.490234
-1490.196166
-2735.294189
-2813.725585
-2519.607910
-2088.235351
-1352.941162
-372.549041
519.607849
2117.647216
2607.843261
2794.117675
2627.450927
2205.882324
1617.647094
705.882385
-254.901962
-1098.039184
-1852.941162
-2500.000000
-2774.509765
-2823.529541
-2431.372558
-1882.353027
-1127.451049
-147.058822
725.490234
2323.529541
2686.274658
2774.509765
2539.215820
2107.843261
1392.156860
460.784332
-460.784332
-1274.509887
-2019.607910
-2813.725585
-2647.058837
-2274.509765
-607.843139
323.529418
1127.451049
1872.549072
2480.392089
2754.902099
2784.313720
1725.490234
931.372558
0.000000
-666.666687
-1460.784301
-2235.294189
-2696.078369
-2568.627441
-2137.254882
-1431.372558
-441.176483
490.196075
1264.705932
2000.000000
2774.509765
2686.274658
2303.921630
1705.882324
852.941162
-127.450981
-980.392150
-2470.588378
-2764.706054
-2833.333496
-2441.176513
-1911.764770
-1137.254882
-147.058822
705.882385
1450.980468
2205.882324
2833.333496
2549.019775
2098.039306
1401.960815
450.980407
-441.176483
-1245.098022
-2637.254882
-2823.529541
-2627.450927
-1558.823608
-598.039245
362.745117
1156.862792
1882.353027
2500.000000
2745.098144
2372.549072
1745.098022
1000.000000
78.431373
-725.490234
-1500.000000
-2186.274658
-2823.529541
-2588.235351
-2147.058837
-1411.764770
-480.392150
470.588256
1235.294189
2627.450927
2784.313720
2637.254882
2245.098144
1696.078491
764.705871
-166.666671
-1862.745117
-2490.196044
-2774.509765
-2813.725585
-2392.156982
-1803.921630
-1029.411743
-29.411766
774.509826
1490.196166
2245.098144
2676.470703
2823.529541
2598.039306
2156.862792
1460.784301
549.019592
-392.156860
-2049.019531
-2598.039306
-2784.313720
-2705.882324
-2303.921630
-1735.294189
-852.941162
1098.039184
1843.137329
2450.980468
2754.902099
2794.117675
2401.960937
950.980407
0.000000
-666.666687
-1450.980468
-2205.882324
-2666.666748
-2833.333496
-2137.254882
-1411.764770
-450.980407
470.588256
1235.294189
2000.000000
2519.607910
2676.470703
2284.313720
1735.294189
843.137268
-88.235298
-882.352966
-1656.862792
-2764.706054
-2833.333496
-2450.980468
-1950.980468
-1225.490234
-215.686279
647.058837
2225.490234
2666.666748
2784.313720
2588.235351
2137.254882
1470.588256
529.411804
-1323.529418
-2078.431396
-2607.843261
-2813.725585
-2666.666748
-2245.098144
-656.862731
303.921569
1137.254882
1892.156860
2500.000000
2725.490234
2803.921630
1774.509887
1000.000000
88.235298
-715.686279
-1470.588256
-2225.490234
-2696.078369
-2578.431396
-2098.039306
-1392.156860
-431.372558
500.000000
1215.686279
1990.196166
2784.313720
2647.058837
2245.098144
1696.078491
813.725524
-137.254898
-1000.000000
-2460.784423
-2754.902099
-2813.725585
-2441.176513
-1941.176513
-1166.666748
-156.862747
1627.451049
2323.529541
2705.882324
2823.529541
2529.411865
2088.235351
1343.137329
362.745117
-529.411804
-1303.921630
-2666.666748
-2833.333496
-2637.254882
-1460.784301
-519.607849
421.568634
1196.078491
1950.980468
2539.215820
2784.313720
2264.705810
1715.686279
823.529418
-127.450981
-990.196105
-1705.882324
-2421.568603
-2833.333496
-2441.176513
-1862.745117
-1088.235351
-98.039215
725.490234
1441.176513
2225.490234
2676.470703
2813.725585
2617.647216
2156.862792
1480.392211
588.235290
-352.941192
-1196.078491
-1941.176513
-2529.411865
-2715.686279
-2294.117675
-1725.490234
-833.333374
147.058822
960.784301
1696.078491
2735.294189
2813.725585
2441.176513
1931.372558
1147.058837
137.254898
-686.274536
-2274.509765
-2715.686279
-2823.529541
-2588.235351
-2127.450927
-1431.372558
617.647094
1343.137329
2137.254882
2617.647216
2813.725585
2617.647216
2225.490234
588.235290
-362.745117
-1176.470581
-1941.176513
-2539.215820
-2784.313720
-2794.117675
-1725.490234
-843.137268
117.647064
970.588256
1666.666748
2352.941162
2696.078369
2823.529541
2500.000000
2088.235351
1333.333374
392.156860
-519.607849
-1284.313720
-2049.019531
-2598.039306
-2813.725585
-2715.686279
-1607.843139
-666.666687
294.117645
1117.647094
1862.745117
2480.392089
2725.490234
2352.941162
1774.509887
960.784301
29.411766
-794.117675
-1539.215698
-2294.117675
-2696.078369
-2823.529541
-2598.039306
-1333.333374
-303.921569
568.627441
2176.470703
2647.058837
2794.117675
2607.843261
2196.078369
1549.019653
627.450988
-1235.294189
-2019.607910
-2578.431396
-2813.725585
-2715.686279
-2303.921630
-1735.294189
274.509796
1078.431396
1823.529418
2450.980468
2745.098144
2784.313720
2411.764648
990.196105
39.215686
-754.901977
-1509.803955
-2274.509765
-2696.078369
-2813.725585
-2098.039306
-1372.549072
-401.960784
529.411804
1303.921630
2039.215698
2794.117675
2607.843261
2215.686279
1598.039184
686.274536
-264.705902
-1107.843139
-2519.607910
-2794.117675
-2794.117675
-2372.549072
-1774.509887
-941.176513
29.411766
1705.882324
2372.549072
2715.686279
2813.725585
2480.392089
2029.411743
1274.509887
-745.098083
-1490.196166
-2245.098144
-2696.078369
-2813.725585
-2607.843261
-2166.666748
-1480.392211
-529.411804
431.372558
2058.823486
2598.039306
2774.509765
2225.490234
1598.039184
725.490234
-235.294128
-1058.823608
-1843.137329
-2480.392089
-2794.117675
-2372.549072
-1794.117675
-950.980407
9.803922
754.901977
1490.196166
2696.078369
2794.117675
2558.823486
2098.039306
1392.156860
450.980407
-460.784332
-2117.647216
-2637.254882
-2823.529541
-2627.450927
-2225.490234
-1637.254882
-735.294128
1196.078491
1941.176513
2519.607910
2774.509765
2764.706054
2372.549072
862.745117
-98.039215
-901.960815
-1656.862792
-2372.549072
-2735.294189
-2823.529541
-2519.607910
-2078.431396
-1313.725463
-323.529418
1450.980468
2186.274658
2666.666748
2784.313720
2598.039306
2176.470703
460.784332
-460.784332
-1245.098022
-2009.803955
-2568.627441
-2794.117675
-2725.490234
-1666.666748
-735.294128
254.901962
1058.823608
1774.509887
2431.372558
2745.098144
2392.156982
1784.313720
1019.607849
49.019607
-745.098083
-1480.392211
-2245.098144
-2843.137207
-2568.627441
-2117.647216
-1352.941162
-372.549041
539.215698
1294.117675
2049.019531
2578.431396
2764.706054
2205.882324
1637.254882
686.274536
-1215.686279
-1970.588256
-2558.823486
-2784.313720
-2764.706054
-2352.941162
-1745.098022
205.882354
990.196105
1735.294189
2401.960937
2725.490234
2774.509765
2470.588378
1137.254882
98.039215
-686.274536
-1470.588256
-2245.098144
-2696.078369
-2813.725585
-2598.039306
-2186.274658
-1529.411743
-588.235290
392.156860
1166.666748
1921.568603
2490.196044
2774.509765
2774.509765
2382.353027
901.960815
-49.019607
-843.137268
-1617.647094
-2333.333496
-2686.274658
-2823.529541
-2000.000000
-1303.921630
-333.333343
578.431396
1323.529418
2088.235351
2617.647216
2794.117675
2647.058837
2235.294189
1666.666748
725.490234
-196.078430
-1019.607849
-1784.313720
-2460.784423
-2754.902099
-2813.725585
-1823.529418
-1029.411743
-29.411766
784.313720
1558.823608
2254.902099
2676.470703
2539.215820
2078.431396
1323.529418
352.941192
-539.215698
-1303.921630
-2088.235351
-2813.725585
-2647.058837
-2225.490234
-1588.235351
-627.450988
323.529418
1970.588256
2519.607910
2774.509765
2774.509765
2352.941162
1745.098022
950.980407
-990.196105
-1725.490234
-2392.156982
-2735.294189
-2823.529541
-2480.392089
-2019.607910
-117.647064
705.882385
1480.392211
2225.490234
2676.470703
2823.529541
2607.843261
1382.353027
441.176483
-460.784332
-1274.509887
-2039.215698
-2598.039306
-2803.921630
-2254.902099
-1656.862792
-715.686279
264.705902
1058.823608
1794.117675
2764.706054
2794.117675
2392.156982
1764.705932
1029.411743
29.411766
-784.313720
-2372.549072
-2725.490234
-2823.529541
-2539.215820
-2098.039306
-1343.137329
-343.137268
1450.980468
2176.470703
2666.666748
2813.725585
2598.039306
2186.274658
1529.411743
617.647094
-294.117645
-1137.254882
-2568.627441
-2794.117675
-2754.902099
-2352.941162
-1754.901977
-892.156860
49.019607
1715.686279
2411.764648
2725.490234
2401.960937
1882.353027
1147.058837
147.058822
-705.882385
-1460.784301
-2215.686279
-2823.529541
-2568.627441
-2127.450927
-1382.353027
-421.568634
480.392150
1264.705932
2627.450927
2803.921630
2627.450927
2235.294189
1666.666748
735.294128
-196.078430
-1882.353027
-2490.196044
-2774.509765
-2813.725585
-2382.353027
-1813.725463
-1019.607849
0.000000
647.058837
1411.764770
2156.862792
2656.862792
2754.902099
2607.843261
2205.882324
1598.039184
696.078430
-235.294128
-1941.176513
-2549.019775
-2764.706054
-2794.117675
-2362.745117
-1774.509887
-980.392150
1000.000000
1715.686279
2401.960937
2715.686279
2803.921630
2480.392089
2009.803955
1294.117675
303.921569
-558.823547
-1343.137329
-2137.254882
-2647.058837
-2833.333496
-2637.254882
-2254.902099
-1656.862792
-696.078430
1205.882324
1960.784301
2539.215820
2794.117675
2764.706054
2352.941162
1745.098022
960.784301
39.215686
-774.509826
-2343.137207
-2725.490234
-2813.725585
-2539.215820
-1245.098022
-245.098037
637.254943
1372.549072
2117.647216
2647.058837
2578.431396
2166.666748
1470.588256
558.823547
-382.352935
-1196.078491
-1960.784301
-2813.725585
-2686.274658
-2313.725585
-1735.294189
-823.529418
156.862747
980.392150
2450.980468
2745.098144
2823.529541
2401.960937
1921.568603
1147.058837
166.666671
-1598.039184
-2323.529541
-2686.274658
-2823.529541
-2588.235351
-2107.843261
-1372.549072
-392.156860
519.607849
1264.705932
2029.411743
2558.823486
2774.509765
2705.882324
2294.117675
1735.294189
862.745117
-88.235298
-1764.705932
-2450.980468
-2764.706054
-2813.725585
-2450.980468
-1950.980468
-1166.666748
843.137268
1588.235351
2313.725585
2696.078369
2784.313720
2558.823486
1264.705932
284.313720
-578.431396
-1362.745117
-2147.058837
-2656.862792
-2803.921630
-2205.882324
-1509.803955
-558.823547
401.960784
1186.274536
1921.568603
2500.000000
2745.098144
2352.941162
1754.901977
941.176513
-39.215686
-823.529418
-1588.235351
-2735.294189
-2813.725585
-2490.196044
-2009.803955
-1245.098022
-254.901962
607.843139
1372.549072
2127.450927
2627.450927
2598.039306
2166.666748
1529.411743
-490.196075
-1264.705932
-2049.019531
-2607.843261
-2803.921630
-2676.470703
-2294.117675
-686.274536
274.509796
1098.039184
1803.921630
2441.176513
2745.098144
2803.921630
1764.705932
970.588256
39.215686
-784.313720
-1549.019653
-2274.509765
-2696.078369
-2539.215820
-2068.627441
-1333.333374
-333.333343
578.431396
1323.529418
2098.039306
2578.431396
2764.706054
2647.058837
2264.705810
1705.882324
803.921569
-156.862747
-990.196105
-1725.490234
-2421.568603
-2764.706054
-2441.176513
-1892.156860
-1117.647094
-98.039215
696.078430
1441.176513
2186.274658
2794.117675
2558.823486
2117.647216
1392.156860
450.980407
-450.980407
-1235.294189
-2617.647216
-2823.529541
-2676.470703
-2274.509765
-1676.470581
-764.705871
1147.058837
1921.568603
2500.000000
2774.509765
2794.117675
2392.156982
1843.137329
-19.607843
-852.941162
-1578.431396
-2313.725585
-2725.490234
-2823.529541
-2568.627441
-1274.509887
-274.509796
607.843139
1362.745117
2156.862792
2647.058837
2803.921630
2147.058837
1509.803955
588.235290
-352.941192
-1186.274536
-1921.568603
-2519.607910
-2715.686279
-2303.921630
-1725.490234
-852.941162
127.450981
960.784301
2421.568603
2725.490234
2774.509765
2441.176513
1931.372558
1166.666748
176.470596
-1558.823608
-2294.117675
-2705.882324
-2823.529541
-2598.039306
-2127.450927
-1401.960815
607.843139
1362.745117
2127.450927
2627.450927
2794.117675
2637.254882
2225.490234
1656.862792
715.686279
-215.686279
-1911.764770
-2519.607910
-2794.117675
-2813.725585
-2362.745117
-1774.509887
-1009.803955
9.803922
764.705871
1500.000000
2186.274658
2666.666748
2813.725585
2617.647216
2186.274658
460.784332
-450.980407
-1225.490234
-1990.196166
-2568.627441
-2784.313720
-2725.490234
-1705.882324
-754.901977
196.078430
1019.607849
1725.490234
2401.960937
2735.294189
2803.921630
2441.176513
1980.392211
1215.686279
215.686279
-656.862731
-1431.372558
-2186.274658
-2686.274658
-2813.725585
-2647.058837
-1431.372558
-480.392150
480.392150
1245.098022
2000.000000
2519.607910
2774.509765
2303.921630
1725.490234
882.352966
-78.431373
-892.156860
-1637.254882
-2352.941162
-2823.529541
-2480.392089
-1990.196166
-1225.490234
-186.274520
656.862731
2254.902099
2666.666748
2784.313720
2578.431396
2156.862792
1450.980468
519.607849
-1303.921630
-2078.431396
-2627.450927
-2813.725585
-2676.470703
-2274.509765
-1696.078491
323.529418
1147.058837
1901.960815
2480.392089
2725.490234
2784.313720
2382.353027
1833.333374
1068.627441
88.235298
-1637.254882
-2343.137207
-2725.490234
-2843.137207
-2549.019775
-2078.431396
-1333.333374
-343.137268
558.823547
1303.921630
2088.235351
2637.254882
2784.313720
2656.862792
2245.098144
676.470581
-294.117645
-1137.254882
-1862.745117
-2500.000000
-2794.117675
-2813.725585
-1774.509887
-980.392150
-29.411766
803.921569
1558.823608
2254.902099
2676.470703
2813.725585
2607.843261
2147.058837
382.352935
-500.000000
-1225.490234
-2598.039306
-2803.921630
-2666.666748
-2274.509765
-1705.882324
-764.705871
205.882354
1862.745117
2470.588378
2784.313720
2784.313720
2401.960937
1823.529418
1068.627441
58.823532
-745.098083
-1500.000000
-2196.078369
-2656.862792
-2813.725585
-2637.254882
-2205.882324
-1519.607910
-598.039245
362.745117
1166.666748
1901.960815
2509.803955
2774.509765
2294.117675
1715.686279
892.156860
-58.823532
-892.156860
-1637.254882
-2323.529541
-2833.333496
-2490.196044
-1990.196166
-1205.882324
-205.882354
656.862731
2254.902099
2686.274658
2784.313720
2549.019775
2127.450927
1480.392211
519.607849
-1294.117675
-2078.431396
-2617.647216
-2803.921630
-2676.470703
-2264.705810
-1696.078491
333.333343
1156.862792
1911.764770
2490.196044
2754.902099
2774.509765
2352.941162
1813.725463
1029.411743
49.019607
-745.098083
-1509.803955
-2254.902099
-2686.274658
-2813.725585
-2607.843261
-2176.470703
-1480.392211
558.823547
1323.529418
2078.431396
2627.450927
2784.313720
2666.666748
2254.902099
676.470581
-303.921569
-1127.451049
-1852.941162
-2460.784423
-2794.117675
-2803.921630
-1745.098022
-931.372558
29.411766
823.529418
1588.235351
2323.529541
2794.117675
2460.784423
2019.607910
1254.901977
284.313720
-598.039245
-1352.941162
-2686.274658
-2823.529541
-2637.254882
-2176.470703
-1500.000000
-627.450988
333.333343
2000.000000
2470.588378
2754.902099
2754.902099
2392.156982
1813.725463
1009.803955
-960.784301
-1715.686279
-2431.372558
-2735.294189
-2833.333496
-2480.392089
-2009.803955
-147.058822
715.686279
1470.588256
2215.686279
2676.470703
2803.921630
2088.235351
1382.353027
431.372558
-490.196075
-1254.901977
-2019.607910
-2588.235351
-2647.058837
-2264.705810
-1666.666748
-725.490234
245.098037
1039.215698
1803.921630
2774.509765
2774.509765
2372.549072
1774.509887
1039.215698
39.215686
-745.098083
-2323.529541
-2725.490234
-2833.333496
-2558.823486
-2098.039306
-1362.745117
-382.352935
1421.568603
2156.862792
2637.254882
2794.117675
2607.843261
2196.078369
509.803924
-421.568634
-1235.294189
-1980.392211
-2549.019775
-2803.921630
-2745.098144
-1696.078491
-794.117675
176.470596
1000.000000
1686.274536
2401.960937
2715.686279
2411.764648
1901.960815
1156.862792
147.058822
-696.078430
-1450.980468
-2196.078369
-2823.529541
-2588.235351
-2137.254882
-1411.764770
-421.568634
490.196075
1235.294189
2000.000000
2509.803955
2774.509765
2284.313720
1705.882324
823.529418
-1127.451049
-1872.549072
-2470.588378
-2784.313720
-2813.725585
-2411.764648
-1784.313720
78.431373
882.352966
1637.254882
2323.529541
2715.686279
2823.529541
2509.803955
1235.294189
215.686279
-627.450988
-1392.156860
-2186.274658
-2666.666748
-2813.725585
-2156.862792
-1450.980468
-519.607849
421.568634
1215.686279
1970.588256
2519.607910
2794.117675
2745.098144
2352.941162
1735.294189
911.764709
-19.607843
-852.941162
-1588.235351
-2333.333496
-2715.686279
-2833.333496
-2000.000000
-1313.725463
-323.529418
568.627441
1323.529418
2098.039306
2607.843261
2627.450927
2196.078369
1568.627441
647.058837
-313.725494
-1127.451049
-1872.549072
-2774.509765
-2745.098144
-2333.333496
-1764.705932
-921.568664
39.215686
1705.882324
2411.764648
2715.686279
2803.921630
2470.588378
2009.803955
1274.509887
-735.294128
-1519.607910
-2245.098144
-2696.078369
-2823.529541
-2607.843261
-2166.666748
-401.960784
509.803924
1274.509887
2019.607910
2568.627441
2784.313720
2666.666748
2294.117675
1725.490234
872.549011
-88.235298
-892.156860
-1647.058837
-2343.137207
-2715.686279
-2823.529541
-2539.215820
-2068.627441
-205.882354
647.058837
1411.764770
2156.862792
2656.862792
2794.117675
2607.843261
1460.784301
539.215698
-411.764709
-1205.882324
-1980.392211
-2549.019775
-2813.725585
-2274.509765
-1705.882324
-813.725524
176.470596
1000.000000
1696.078491
2372.549072
2705.882324
2803.921630
2490.196044
1176.470581
196.078430
-647.058837
-2245.098144
-2696.078369
-2813.725585
-2607.843261
-2156.862792
-1450.980468
-490.196075
1323.529418
2088.235351
2627.450927
2774.509765
2617.647216
2215.686279
1666.666748
-362.745117
-1166.666748
-1931.372558
-2509.803955
-2803.921630
-2754.902099
-2382.353027
-872.549011
88.235298
882.352966
1627.451049
2343.137207
2715.686279
2794.117675
2519.607910
2049.019531
1352.941162
362.745117
-509.803924
-1294.117675
-2078.431396
-2617.647216
-2803.921630
-2656.862792
-2274.509765
-1705.882324
-774.509826
205.882354
1862.745117
2480.392089
2754.902099
2813.725585
2372.549072
1823.529418
1068.627441
78.431373
-725.490234
-1490.196166
-2254.902099
-2686.274658
-2823.529541
-2598.039306
-2156.862792
-372.549041
529.411804
1284.313720
2039.215698
2558.823486
2774.509765
2647.058837
2274.509765
1725.490234
862.745117
-88.235298
-911.764709
-1656.862792
-2372.549072
-2735.294189
-2833.333496
-2519.607910
-2058.823486
-205.882354
656.862731
1431.372558
2186.274658
2676.470703
2784.313720
2607.843261
1450.980468
509.803924
-421.568634
-1235.294189
-1970.588256
-2558.823486
-2794.117675
-2284.313720
-1696.078491
-794.117675
186.274520
1019.607849
1764.705932
2735.294189
2774.509765
2392.156982
1843.137329
1068.627441
88.235298
-725.490234
-2323.529541
-2705.882324
-2803.921630
-2578.431396
-2107.843261
-1372.549072
-382.352935
1421.568603
2166.666748
2656.862792
2803.921630
2598.039306
2215.686279
1578.431396
-431.372558
-1235.294189
-2000.000000
-2519.607910
-2794.117675
-2764.706054
-2392.156982
-862.745117
117.647064
941.176513
1686.274536
2372.549072
2725.490234
2431.372558
1931.372558
1176.470581
186.274520
-666.666687
-1421.568603
-2196.078369
-2813.725585
-2578.431396
-2117.647216
-1401.960815
-441.176483
500.000000
1186.274536
2598.039306
2794.117675
2666.666748
2264.705810
1725.490234
833.333374
-127.450981
-1794.117675
-2480.392089
-2774.509765
-2823.529541
-2421.568603
-1852.941162
-1078.431396
931.372558
1666.666748
2352.941162
2725.490234
2784.313720
2480.392089
1215.686279
205.882354
-647.058837
-1382.353027
-2176.470703
-2676.470703
-2823.529541
-2156.862792
-1441.176513
-490.196075
450.980407
1205.882324
1960.784301
2539.215820
2656.862792
2264.705810
1705.882324
794.117675
-156.862747
-980.392150
-1705.882324
-2764.706054
-2813.725585
-2421.568603
-1872.549072
-1127.451049
-117.647064
1637.254882
2323.529541
2696.078369
2794.117675
2529.411865
2068.627441
1362.745117
-676.470581
-1441.176513
-2225.490234
-2676.470703
-2823.529541
-2617.647216
-2176.470703
-460.784332
460.784332
1245.098022
1980.392211
2529.411865
2794.117675
2715.686279
1696.078491
764.705871
-176.470596
-1009.803955
-1774.509887
-2450.980468
-2764.706054
-2431.372558
-1823.529418
-1078.431396
-39.215686
764.705871
1490.196166
2696.078369
2813.725585
2539.215820
2098.039306
1372.549072
411.764709
-500.000000
-2068.627441
-2607.843261
-2823.529541
-2676.470703
-2274.509765
-1715.686279
-794.117675
1156.862792
1882.353027
2480.392089
2754.902099
2794.117675
2382.353027
1823.529418
-78.431373
-892.156860
-1637.254882
-2352.941162
-2725.490234
-2833.333496
-2519.607910
-1235.294189
-235.294128
637.254943
1392.156860
2147.058837
2656.862792
2598.039306
2156.862792
1500.000000
647.058837
-294.117645
-1137.254882
-1892.156860
-2803.921630
-2735.294189
-2343.137207
-1745.098022
-892.156860
29.411766
862.745117
2382.353027
2686.274658
2794.117675
2480.392089
2009.803955
1303.921630
313.725494
-1480.392211
-2215.686279
-2715.686279
-2813.725585
-2617.647216
-2147.058837
-1480.392211
549.019592
1303.921630
2058.823486
2568.627441
2774.509765
2666.666748
1607.843139
705.882385
-245.098037
-1088.235351
-1813.725463
-2480.392089
-2784.313720
-2372.549072
-1764.705932
-941.176513
29.411766
803.921569
1578.431396
2303.921630
2794.117675
2500.000000
2078.431396
1362.745117
382.352935
-500.000000
-1235.294189
-2647.058837
-2823.529541
-2647.058837
-2245.098144
-1676.470581
-764.705871
205.882354
1872.549072
2490.196044
2745.098144
2774.509765
2382.353027
1833.333374
1078.431396
88.235298
-715.686279
-1480.392211
-2235.294189
-2696.078369
-2813.725585
-2598.039306
-2166.666748
-1450.980468
-539.215698
411.764709
2019.607910
2588.235351
2794.117675
2666.666748
2284.313720
1696.078491
823.529418
-117.647064
-970.588256
-1705.882324
-2411.764648
-2735.294189
-2803.921630
-2490.196044
-2019.607910
-1284.313720
-274.509796
617.647094
2215.686279
2656.862792
2803.921630
2588.235351
2176.470703
1519.607910
588.235290
-1254.901977
-2039.215698
-2598.039306
-2803.921630
-2705.882324
-2323.529541
-1715.686279
294.117645
1127.451049
1843.137329
2450.980468
2754.902099
2794.117675
1745.098022
970.588256
29.411766
-754.901977
-1539.215698
-2264.705810
-2705.882324
-2509.803955
-2049.019531
-1313.725463
-313.725494
549.019592
1323.529418
2068.627441
2784.313720
2598.039306
2215.686279
1578.431396
656.862731
-284.313720
-1147.058837
-2539.215820
-2794.117675
-2745.098144
-2362.745117
-1754.901977
-931.372558
49.019607
813.725524
1578.431396
2303.921630
2686.274658
2784.313720
2539.215820
2137.254882
1401.960815
480.392150
-470.588256
-1245.098022
-2607.843261
-2813.725585
-2647.058837
-2294.117675
-1676.470581
-774.509826
186.274520
1852.941162
2480.392089
2745.098144
2764.706054
2392.156982
1833.333374
1088.235351
88.235298
-715.686279
-1500.000000
-2196.078369
-2686.274658
-2794.117675
-2607.843261
-2215.686279
-1568.627441
-607.843139
352.941192
1990.196166
2539.215820
2784.313720
2715.686279
2303.921630
1745.098022
882.352966
-1039.215698
-1813.725463
-2460.784423
-2754.902099
-2813.725585
-2431.372558
-970.588256
0.000000
666.666687
1431.372558
2176.470703
2647.058837
2784.313720
2598.039306
2176.470703
1598.039184
696.078430
-245.098037
-1078.431396
-1852.941162
-2490.196044
-2774.509765
-2813.725585
-2421.568603
-1872.549072
29.411766
833.333374
1588.235351
2294.117675
2696.078369
2833.333496
2558.823486
2098.039306
1392.156860
431.372558
-1352.941162
-2147.058837
-2617.647216
-2627.450927
-2176.470703
-1519.607910
-588.235290
352.941192
1166.666748
1921.568603
2784.313720
2705.882324
2303.921630
1735.294189
882.352966
-68.627449
-882.352966
-2401.960937
-2725.490234
-2803.921630
-2490.196044
-2009.803955
-1274.509887
-245.098037
1509.803955
2264.705810
2676.470703
2813.725585
2598.039306
2156.862792
1470.588256
588.235290
-372.549041
-1166.666748
-2598.039306
-2794.117675
-2715.686279
-1637.254882
-715.686279
245.098037
1049.019653
1774.509887
2431.372558
2754.902099
2362.745117
1774.509887
1049.019653
49.019607
-725.490234
-1500.000000
-2205.882324
-2813.725585
-2578.431396
-2137.254882
-1411.764770
-431.372558
490.196075
1245.098022
2598.039306
2784.313720
2656.862792
2245.098144
1705.882324
754.901977
-186.274520
-1843.137329
-2490.196044
-2764.706054
-2803.921630
-2411.764648
-1823.529418
-1058.823608
-58.823532
754.901977
1509.803955
2705.882324
2794.117675
2549.019775
1254.901977
274.509796
-588.235290
-1352.941162
-2117.647216
-2647.058837
-2813.725585
-2186.274658
-1490.196166
-529.411804
411.764709
1196.078491
1921.568603
2490.196044
2686.274658
2284.313720
1705.882324
843.137268
-127.450981
-960.784301
-1676.470581
-2735.294189
-2833.333496
-2431.372558
-1921.568603
-1137.254882
-117.647064
1607.843139
2333.333496
2686.274658
2823.529541
2519.607910
2078.431396
1372.549072
-666.666687
-1411.764770
-2196.078369
-2656.862792
-2813.725585
-2607.843261
-2186.274658
-470.588256
460.784332
1235.294189
2000.000000
2519.607910
2774.509765
2784.313720
1725.490234
852.941162
-78.431373
-892.156860
-1656.862792
-2392.156982
-2725.490234
-2470.588378
-1970.588256
-1205.882324
-186.274520
676.470581
1421.568603
2696.078369
2784.313720
2588.235351
2137.254882
1431.372558
500.000000
-372.549041
-2019.607910
-2578.431396
-2823.529541
-2715.686279
-2313.725585
-1745.098022
-862.745117
1098.039184
1823.529418
2460.784423
2754.902099
2803.921630
2411.764648
1921.568603
19.607843
-784.313720
-1558.823608
-2284.313720
-2715.686279
-2823.529541
-2598.039306
-1323.529418
-333.333343
558.823547
1323.529418
2078.431396
2607.843261
2588.235351
2166.666748
1529.411743
598.039245
-333.333343
-1147.058837
-1901.960815
-2794.117675
-2745.098144
-2323.529541
-1735.294189
-852.941162
98.039215
872.549011
2431.372558
2745.098144
2794.117675
2460.784423
1970.588256
1245.098022
245.098037
-1500.000000
-2205.882324
-2676.470703
-2803.921630
-2617.647216
-2186.274658
-1549.019653
490.196075
1254.901977
2009.803955
2549.019775
2794.117675
2696.078369
1637.254882
725.490234
-196.078430
-1039.215698
-1784.313720
-2441.176513
-2764.706054
-2401.960937
-1774.509887
-1009.803955
0.000000
656.862731
1431.372558
2147.058837
2803.921630
2588.235351
2147.058837
1441.176513
470.588256
-431.372558
-1225.490234
-2617.647216
-2784.313720
-2666.666748
-2264.705810
-1647.058837
-745.098083
196.078430
1813.725463
2470.588378
2735.294189
2794.117675
2401.960937
1862.745117
1058.823608
68.627449
-715.686279
-1500.000000
-2196.078369
-2666.666748
-2823.529541
-2627.450927
-2186.274658
-1549.019653
-607.843139
343.137268
2019.607910
2558.823486
2764.706054
2705.882324
2294.117675
1735.294189
872.549011
-1049.019653
-1813.725463
-2470.588378
-2764.706054
-2823.529541
-2431.372558
-990.196105
-49.019607
774.509826
1500.000000
2176.470703
2656.862792
2794.117675
2147.058837
1431.372558
509.803924
-411.764709
-1215.686279
-1970.588256
-2549.019775
-2676.470703
-2284.313720
-1696.078491
-803.921569
147.058822
980.392150
1676.470581
2754.902099
2803.921630
2401.960937
1921.568603
1127.451049
166.666671
-676.470581
-2284.313720
-2705.882324
-2813.725585
-2607.843261
-2117.647216
-1392.156860
-431.372558
1382.353027
2147.058837
2656.862792
2803.921630
2598.039306
2235.294189
588.235290
-323.529418
-1176.470581
-1921.568603
-2519.607910
-2803.921630
-2803.921630
-1725.490234
-852.941162
88.235298
882.352966
1607.843139
2333.333496
2715.686279
2431.372558
1960.784301
1235.294189
196.078430
-627.450988
-1372.549072
-2156.862792
-2833.333496
-2617.647216
-2166.666748
-1441.176513
-509.803924
441.176483
1186.274536
1950.980468
2529.411865
2794.117675
2264.705810
1647.058837
794.117675
-1147.058837
-1892.156860
-2500.000000
-2764.706054
-2823.529541
-2431.372558
-1911.764770
29.411766
823.529418
1588.235351
2294.117675
2715.686279
2764.706054
2558.823486
1333.333374
313.725494
-568.627441
-1323.529418
-2107.843261
-2627.450927
-2823.529541
-2196.078369
-1549.019653
-588.235290
372.549041
1166.666748
1931.372558
2509.803955
2774.509765
2764.706054
2372.549072
921.568664
-39.215686
-843.137268
-1598.039184
-2333.333496
-2705.882324
-2813.725585
-2549.019775
-2078.431396
-1352.941162
-362.745117
539.215698
1313.725463
2098.039306
2578.431396
2764.706054
2676.470703
2284.313720
1725.490234
852.941162
-107.843139
-970.588256
-1696.078491
-2411.764648
-2745.098144
-2813.725585
-1931.372558
-1137.254882
-117.647064
725.490234
1480.392211
2215.686279
2656.862792
2549.019775
2107.843261
1392.156860
441.176483
-490.196075
-1264.705932
-2029.411743
-2823.529541
-2637.254882
-2254.902099
-1656.862792
-705.882385
274.509796
1901.960815
2480.392089
2764.706054
2774.509765
2362.745117
1784.313720
1039.215698
-970.588256
-1696.078491
-2411.764648
-2745.098144
-2823.529541
-2490.196044
-2019.607910
-137.254898
725.490234
1470.588256
2205.882324
2627.450927
2813.725585
2588.235351
1411.764770
460.784332
-460.784332
-1254.901977
-2000.000000
-2549.019775
-2813.725585
-2303.921630
-1725.490234
-813.725524
156.862747
1000.000000
1686.274536
2725.490234
2784.313720
2421.568603
1931.372558
1166.666748
156.862747
-705.882385
-2284.313720
-2725.490234
-2843.137207
-2568.627441
-2127.450927
-1411.764770
-441.176483
1352.941162
2127.450927
2647.058837
2794.117675
2637.254882
2245.098144
1676.470581
-401.960784
-1176.470581
-1950.980468
-2549.019775
-2803.921630
-2764.706054
-2372.549072
-1784.313720
-970.588256
-19.607843
1666.666748
2333.333496
2676.470703
2421.568603
1921.568603
1137.254882
166.666671
-656.862731
-1441.176513
-2225.490234
-2813.725585
-2578.431396
-2117.647216
-1401.960815
-441.176483
480.392150
1264.705932
2607.843261
2784.313720
2647.058837
2264.705810
1676.470581
784.313720
-186.274520
-1823.529418
-2480.392089
-2774.509765
-2803.921630
-2421.568603
-1833.333374
58.823532
862.745117
1588.235351
2313.725585
2686.274658
2784.313720
2549.019775
1254.901977
284.313720
-607.843139
-1362.745117
-2147.058837
-2647.058837
-2813.725585
-2176.470703
-1509.803955
-529.411804
401.960784
1196.078491
1892.156860
2490.196044
2715.686279
2323.529541
1735.294189
872.549011
-68.627449
-882.352966
-1637.254882
-2754.902099
-2803.921630
-2460.784423
-1980.392211
-1205.882324
-176.470596
666.666687
1411.764770
2166.666748
2637.254882
2774.509765
2617.647216
2205.882324
1578.431396
647.058837
-294.117645
-1147.058837
-1892.156860
-2803.921630
-2764.706054
-2333.333496
-1735.294189
-901.960815
58.823532
843.137268
1598.039184
2313.725585
2715.686279
2480.392089
2000.000000
1343.137329
343.137268
-529.411804
-1313.725463
-2078.431396
-2607.843261
-2794.117675
-2656.862792
-2254.902099
-1666.666748
-764.705871
205.882354
1019.607849
2500.000000
2754.902099
2794.117675
2431.372558
1862.745117
1127.451049
127.450981
-705.882385
-1490.196166
-2254.902099
-2696.078369
-2823.529541
-2617.647216
-2176.470703
-1490.196166
-558.823547
411.764709
1205.882324
2568.627441
2764.706054
2686.274658
2284.313720
1735.294189
852.941162
-98.039215
-1774.509887
-2450.980468
-2764.706054
-2823.529541
-2441.176513
-1941.176513
-1166.666748
872.549011
1607.843139
2284.313720
2666.666748
2784.313720
2549.019775
1245.098022
264.705902
-598.039245
-1343.137329
-2147.058837
-2637.254882
-2843.137207
-2196.078369
-1500.000000
-647.058837
303.921569
1117.647094
1843.137329
2470.588378
2745.098144
2333.333496
1784.313720
941.176513
9.803922
-735.294128
-1529.411743
-2725.490234
-2823.529541
-2529.411865
-2068.627441
-1333.333374
-313.725494
568.627441
1333.333374
2098.039306
2627.450927
2803.921630
2627.450927
2245.098144
1696.078491
813.725524
-147.058822
-970.588256
-1705.882324
-2754.902099
-2803.921630
-2450.980468
-1901.960815
-1127.451049
-147.058822
705.882385
2284.313720
2705.882324
2813.725585
2578.431396
2098.039306
1431.372558
441.176483
-470.588256
-1245.098022
-2009.803955
-2588.235351
-2803.921630
-2696.078369
-2323.529541
-1705.882324
-852.941162
127.450981
950.980407
2401.960937
2735.294189
2784.313720
2421.568603
1950.980468
1225.490234
215.686279
-1549.019653
-2284.313720
-2705.882324
-2813.725585
-2578.431396
-2127.450927
-284.313720
578.431396
1333.333374
2098.039306
2617.647216
2794.117675
2617.647216
1519.607910
607.843139
-333.333343
-1166.666748
-1911.764770
-2519.607910
-2794.117675
-2323.529541
-1745.098022
-843.137268
107.843139
931.372558
1656.862792
2362.745117
2823.529541
2411.764648
1931.372558
1147.058837
196.078430
-647.058837
-1431.372558
-2176.470703
-2686.274658
-2823.529541
-2617.647216
-2196.078369
-1568.627441
-588.235290
333.333343
1166.666748
1941.176513
2490.196044
2696.078369
2313.725585
1735.294189
901.960815
-39.215686
-852.941162
-1627.451049
-2745.098144
-2813.725585
-2470.588378
-1980.392211
-1215.686279
-186.274520
647.058837
1392.156860
2156.862792
2647.058837
2803.921630
2607.843261
2186.274658
1588.235351
686.274536
-254.901962
-1117.647094
-1843.137329
-2794.117675
-2764.706054
-2362.745117
-1764.705932
-921.568664
39.215686
823.529418
1568.627441
2294.117675
2696.078369
2470.588378
2000.000000
1343.137329
372.549041
-519.607849
-1313.725463
-2088.235351
-2607.843261
-2794.117675
-2656.862792
-2264.705810
-1676.470581
-794.117675
205.882354
1039.215698
2460.784423
2764.706054
2784.313720
2401.960937
1823.529418
1058.823608
58.823532
-715.686279
-1509.803955
-2254.902099
-2696.078369
-2833.333496
-2598.039306
-2166.666748
-1460.784301
-529.411804
421.568634
1196.078491
2598.039306
2784.313720
2656.862792
2303.921630
1696.078491
862.745117
-107.843139
-1813.725463
-2480.392089
-2784.313720
-2823.529541
-2411.764648
-1882.353027
29.411766
833.333374
1598.039184
2323.529541
2686.274658
2803.921630
2539.215820
1313.725463
313.725494
-568.627441
-1343.137329
-2147.058837
-2647.058837
-2813.725585
-2215.686279
-1490.196166
-558.823547
401.960784
1176.470581
1941.176513
2529.411865
2666.666748
2294.117675
1705.882324
813.725524
-117.647064
-950.980407
-1696.078491
-2411.764648
-2735.294189
-2833.333496
-2470.588378
-2000.000000
-1303.921630
-294.117645
578.431396
1323.529418
2107.843261
2617.647216
2588.235351
2156.862792
1519.607910
588.235290
-362.745117
-1156.862792
-1911.764770
-2803.921630
-2725.490234
-2333.333496
-1715.686279
-843.137268
98.039215
882.352966
1637.254882
2333.333496
2696.078369
2794.117675
2529.411865
2068.627441
1343.137329
352.941192
-519.607849
-1313.725463
-2068.627441
-2794.117675
-2627.450927
-2215.686279
-1578.431396
-627.450988
323.529418
1127.451049
1843.137329
2470.588378
2754.902099
2784.313720
2392.156982
1872.549072
1098.039184
88.235298
-715.686279
-1480.392211
-2254.902099
-2833.333496
-2558.823486
-2107.843261
-1362.745117
-372.549041
519.607849
1284.313720
2637.254882
2774.509765
2607.843261
2225.490234
1617.647094
735.294128
-235.294128
-1911.764770
-2519.607910
-2803.921630
-2803.921630
-2382.353027
-1823.529418
127.450981
970.588256
1676.470581
2362.745117
2696.078369
2784.313720
2490.196044
1186.274536
186.274520
-647.058837
-1401.960815
-2166.666748
-2647.058837
-2833.333496
-2147.058837
-1450.980468
-500.000000
372.549041
1166.666748
1911.764770
2509.803955
2686.274658
2303.921630
1725.490234
882.352966
-58.823532
-862.745117
-1647.058837
-2343.137207
-2725.490234
-2823.529541
-2000.000000
-1294.117675
-294.117645
588.235290
1313.725463
2127.450927
2627.450927
2588.235351
2166.666748
1509.803955
578.431396
-352.941192
-1176.470581
-1921.568603
-2794.117675
-2715.686279
-2333.333496
-1735.294189
-862.745117
117.647064
931.372558
1637.254882
2352.941162
2715.686279
2803.921630
2480.392089
2049.019531
1323.529418
362.745117
-549.019592
-1313.725463
-2088.235351
-2813.725585
-2617.647216
-2196.078369
-1558.823608
-598.039245
323.529418
1147.058837
1872.549072
2480.392089
2735.294189
2343.137207
1764.705932
941.176513
-19.607843
-823.529418
-1598.039184
-2343.137207
-2715.686279
-2843.137207
-2568.627441
-2088.235351
-1362.745117
-362.745117
549.019592
1303.921630
2647.058837
2774.509765
2607.843261
2196.078369
1598.039184
686.274536
-254.901962
-1931.372558
-2539.215820
-2794.117675
-2764.706054
-2382.353027
-1794.117675
166.666671
1000.000000
1686.274536
2382.353027
2715.686279
2794.117675
2480.392089
1176.470581
176.470596
-666.666687
-1401.960815
-2186.274658
-2676.470703
-2823.529541
-2147.058837
-1450.980468
-470.588256
470.588256
1245.098022
1990.196166
2549.019775
2647.058837
2254.902099
1666.666748
794.117675
-156.862747
-1019.607849
-1754.901977
-2794.117675
-2823.529541
-2401.960937
-1882.353027
-1068.627441
-29.411766
1676.470581
2362.745117
2705.882324
2803.921630
2500.000000
2058.823486
1382.353027
-647.058837
-1401.960815
-2156.862792
-2666.666748
-2813.725585
-2627.450927
-2205.882324
-529.411804
431.372558
1215.686279
1960.784301
2519.607910
2754.902099
2745.098144
2333.333496
1774.509887
970.588256
-980.392150
-1725.490234
-2411.764648
-2735.294189
-2843.137207
-2470.588378
-2000.000000
-1294.117675
-294.117645
598.039245
1372.549072
2107.843261
2617.647216
2794.117675
2617.647216
1519.607910
578.431396
-372.549041
-1186.274536
-1921.568603
-2529.411865
-2794.117675
-2303.921630
-1715.686279
-823.529418
117.647064
970.588256
1656.862792
2754.902099
2784.313720
2431.372558
1941.176513
1166.666748
166.666671
-656.862731
-2274.509765
-2686.274658
-2823.529541
-2598.039306
-2147.058837
-1470.588256
-490.196075
1323.529418
2117.647216
2647.058837
2803.921630
2627.450927
2264.705810
1656.862792
-343.137268
-1156.862792
-1921.568603
-2529.411865
-2803.921630
-2784.313720
-1725.490234
-843.137268
117.647064
941.176513
1666.666748
2382.353027
2715.686279
2441.176513
1931.372558
1186.274536
186.274520
-647.058837
-1411.764770
-2196.078369
-2813.725585
-2588.235351
-2127.450927
-1441.176513
-460.784332
470.588256
1245.098022
2598.039306
2764.706054
2647.058837
2274.509765
1676.470581
823.529418
-147.058822
-1833.333374
-2480.392089
-2784.313720
-2823.529541
-2401.960937
-1892.156860
39.215686
823.529418
1568.627441
2303.921630
2696.078369
2794.117675
2539.215820
1303.921630
303.921569
-558.823547
-1323.529418
-2107.843261
-2647.058837
-2823.529541
-2186.274658
-1509.803955
-568.627441
392.156860
1176.470581
1921.568603
2509.803955
2676.470703
2323.529541
1725.490234
862.745117
-88.235298
-872.549011
-1637.254882
-2774.509765
-2813.725585
-2441.176513
-1980.392211
-1196.078491
-176.470596
1578.431396
2274.509765
2676.470703
2784.313720
2578.431396
2117.647216
1441.176513
-607.843139
-1372.549072
-2137.254882
-2647.058837
-2813.725585
-2627.450927
-2225.490234
-568.627441
382.352935
1166.666748
1941.176513
2509.803955
2754.902099
2774.509765
1725.490234
862.745117
-98.039215
-911.764709
-1637.254882
-2352.941162
-2715.686279
-2460.784423
-1970.588256
-1205.882324
-166.666671
696.078430
1421.568603
2666.666748
2794.117675
2588.235351
2117.647216
1450.980468
460.784332
-431.372558
-2088.235351
-2617.647216
-2803.921630
-2647.058837
-2274.509765
-1666.666748
-754.901977
1156.862792
1901.960815
2500.000000
2754.902099
2813.725585
2421.568603
1921.568603
1107.843139
107.843139
-735.294128
-1490.196166
-2254.902099
-2715.686279
-2823.529541
-2607.843261
-2137.254882
-1460.784301
-490.196075
1343.137329
2088.235351
2598.039306
2784.313720
2647.058837
2264.705810
1696.078491
-343.137268
-1166.666748
-1911.764770
-2539.215820
-2794.117675
-2774.509765
-1745.098022
-852.941162
78.431373
882.352966
1647.058837
2323.529541
2666.666748
2480.392089
2009.803955
1245.098022
284.313720
-607.843139
-1362.745117
-2156.862792
-2823.529541
-2617.647216
-2186.274658
-1470.588256
-500.000000
352.941192
1166.666748
2539.215820
2794.117675
2705.882324
2313.725585
1725.490234
882.352966
-49.019607
-1745.098022
-2450.980468
-2745.098144
-2823.529541
-2460.784423
-1970.588256
-1205.882324
823.529418
1568.627441
2264.705810
2676.470703
2794.117675
2558.823486
1303.921630
343.137268
-549.019592
-1313.725463
-2088.235351
-2617.647216
-2823.529541
-2186.274658
-1549.019653
-598.039245
352.941192
1166.666748
1892.156860
2490.196044
2715.686279
2333.333496
1735.294189
862.745117
-88.235298
-892.156860
-1637.254882
-2754.902099
-2813.725585
-2480.392089
-2019.607910
-1225.490234
-235.294128
1539.215698
2245.098144
2666.666748
2794.117675
2588.235351
2098.039306
1441.176513
-568.627441
-1333.333374
-2137.254882
-2627.450927
-2823.529541
-2627.450927
-2254.902099
-588.235290
333.333343
1147.058837
1901.960815
2490.196044
2774.509765
2794.117675
2392.156982
1862.745117
1029.411743
-980.392150
-1705.882324
-2401.960937
-2725.490234
-2813.725585
-2490.196044
-2019.607910
-137.254898
705.882385
1470.588256
2215.686279
2656.862792
2823.529541
2588.235351
2176.470703
1509.803955
598.039245
-333.333343
-1156.862792
-1911.764770
-2539.215820
-2784.313720
-2774.509765
-2392.156982
-1813.725463
127.450981
960.784301
1676.470581
2333.333496
2696.078369
2784.313720
2509.803955
1186.274536
196.078430
-637.254943
-1421.568603
-2196.078369
-2676.470703
-2813.725585
-2156.862792
-1470.588256
-480.392150
441.176483
1215.686279
1990.196166
2794.117675
2656.862792
2284.313720
1656.862792
764.705871
-166.666671
-1000.000000
-2460.784423
-2754.902099
-2803.921630
-2441.176513
-1941.176513
-1127.451049
-107.843139
1617.647094
2343.137207
2696.078369
2813.725585
2519.607910
2107.843261
1372.549072
382.352935
-509.803924
-1284.313720
-2647.058837
-2803.921630
-2637.254882
-2245.098144
-1617.647094
-676.470581
274.509796
1098.039184
1813.725463
2450.980468
2745.098144
2794.117675
2401.960937
1931.372558
1117.647094
-862.745117
-1627.451049
-2352.941162
-2725.490234
-2823.529541
-2529.411865
-2088.235351
-215.686279
637.254943
1372.549072
2137.254882
2637.254882
2784.313720
2156.862792
1490.196166
519.607849
-401.960784
-1186.274536
-1960.784301
-2549.019775
-2656.862792
-2284.313720
-1686.274536
-774.509826
176.470596
990.196105
1715.686279
2745.098144
2794.117675
2431.372558
1921.568603
1156.862792
147.058822
-696.078430
-2294.117675
-2725.490234
-2813.725585
-2588.235351
-2127.450927
-1431.372558
-450.980407
470.588256
1254.901977
1970.588256
2774.509765
2656.862792
2264.705810
656.862731
-303.921569
-1117.647094
-1843.137329
-2490.196044
-2774.509765
-2813.725585
-1774.509887
-911.764709
58.823532
833.333374
1568.627441
2294.117675
2666.666748
2480.392089
2049.019531
1284.313720
294.117645
-578.431396
-1333.333374
-2107.843261
-2813.725585
-2617.647216
-2176.470703
-1509.803955
-568.627441
392.156860
1176.470581
1921.568603
2500.000000
2735.294189
2774.509765
2382.353027
1852.941162
1078.431396
78.431373
-725.490234
-1470.588256
-2225.490234
-2823.529541
-2558.823486
-2098.039306
-1372.549072
-362.745117
529.411804
1284.313720
2647.058837
2774.509765
2588.235351
2205.882324
1588.235351
686.274536
-274.509796
-1931.372558
-2529.411865
-2803.921630
-2774.509765
-2362.745117
-1784.313720
176.470596
990.196105
1715.686279
2401.960937
2696.078369
2774.509765
2460.784423
1147.058837
156.862747
-666.666687
-1460.784301
-2176.470703
-2666.666748
-2813.725585
-2137.254882
-1421.568603
-431.372558
480.392150
1245.098022
1990.196166
2588.235351
2794.117675
2696.078369
2294.117675
754.901977
-215.686279
-1039.215698
-1784.313720
-2460.784423
-2764.706054
-2803.921630
-1833.333374
-1009.803955
19.607843
784.313720
1539.215698
2284.313720
2676.470703
2813.725585
2568.627441
2156.862792
1470.588256
490.196075
-421.568634
-1215.686279
-1990.196166
-2558.823486
-2794.117675
-2735.294189
-1656.862792
-745.098083
215.686279
1039.215698
1754.901977
2411.764648
2735.294189
2382.353027
1833.333374
1039.215698
49.019607
-725.490234
-1500.000000
-2196.078369
-2686.274658
-2823.529541
-2617.647216
-2196.078369
-1549.019653
-598.039245
333.333343
1147.058837
1892.156860
2480.392089
2764.706054
2343.137207
1754.901977
941.176513
-29.411766
-833.333374
-1617.647094
-2333.333496
-2833.333496
-2500.000000
-2058.823486
-1294.117675
-284.313720
558.823547
1333.333374
2107.843261
2627.450927
2803.921630
2637.254882
2245.098144
1637.254882
754.901977
-205.882354
-1029.411743
-1794.117675
-2470.588378
-2794.117675
-2392.156982
-1823.529418
-990.196105
0.000000
647.058837
1421.568603
2656.862792
2774.509765
2598.039306
2137.254882
1490.196166
558.823547
-372.549041
-2029.411743
-2588.235351
-2813.725585
-2705.882324
-2303.921630
-1696.078491
323.529418
1127.451049
1833.333374
2470.588378
2754.902099
2754.902099
2401.960937
950.980407
9.803922
-735.294128
-1500.000000
-2186.274658
-2676.470703
-2813.725585
-2117.647216
-1421.568603
-441.176483
480.392150
1235.294189
2019.607910
2568.627441
2617.647216
2245.098144
1656.862792
764.705871
-186.274520
-1049.019653
-1774.509887
-2803.921630
-2813.725585
-2392.156982
-1852.941162
-1009.803955
-9.803922
754.901977
1509.803955
2245.098144
2696.078369
2823.529541
2598.039306
2137.254882
1490.196166
558.823547
-382.352935
-1205.882324
-1950.980468
-2813.725585
-2696.078369
-2313.725585
-1705.882324
-803.921569
147.058822
960.784301
2441.176513
2754.902099
2813.725585
2441.176513
1931.372558
1147.058837
156.862747
-656.862731
-1460.784301
-2215.686279
-2686.274658
-2794.117675
-2617.647216
-2176.470703
-1509.803955
-558.823547
392.156860
1196.078491
2578.431396
2784.313720
2705.882324
2323.529541
1715.686279
852.941162
-107.843139
-960.784301
-1705.882324
-2392.156982
-2745.098144
-2823.529541
-2500.000000
-2068.627441
-1323.529418
-333.333343
568.627441
1303.921630
2686.274658
2764.706054
2598.039306
2186.274658
1558.823608
676.470581
-294.117645
-1970.588256
-2539.215820
-2803.921630
-2764.706054
-2343.137207
-1774.509887
-921.568664
1029.411743
1764.705932
2450.980468
2745.098144
2784.313720
2441.176513
1078.431396
78.431373
-705.882385
-1470.588256
-2215.686279
-2696.078369
-2823.529541
-2117.647216
-1392.156860
-392.156860
500.000000
1205.882324
1960.784301
2549.019775
2647.058837
2274.509765
1696.078491
803.921569
-137.254898
-1000.000000
-1676.470581
-2754.902099
-2843.137207
-2450.980468
-1941.176513
-1127.451049
-127.450981
686.274536
2294.117675
2696.078369
2794.117675
2568.627441
2098.039306
1401.960815
450.980407
-441.176483
-1254.901977
-2019.607910
-2598.039306
-2784.313720
-2715.686279
-2303.921630
-1745.098022
-892.156860
78.431373
862.745117
2411.764648
2715.686279
2803.921630
2460.784423
2009.803955
1294.117675
284.313720
-1490.196166
-2264.705810
-2686.274658
-2813.725585
-2598.039306
-2166.666748
-362.745117
529.411804
1274.509887
2009.803955
2558.823486
2774.509765
2686.274658
1617.647094
705.882385
-225.490203
-1049.019653
-1794.117675
-2470.588378
-2764.706054
-2382.353027
-1843.137329
-980.392150
-19.607843
774.509826
1558.823608
2254.902099
2784.313720
2509.803955
2088.235351
1352.941162
382.352935
-490.196075
-1284.313720
-2666.666748
-2803.921630
-2617.647216
-2235.294189
-1578.431396
-666.666687
1235.294189
1980.392211
2549.019775
2774.509765
2715.686279
2333.333496
1725.490234
-215.686279
-1058.823608
-1803.921630
-2460.784423
-2774.509765
-2813.725585
-2431.372558
-990.196105
-9.803922
745.098083
1470.588256
2196.078369
2647.058837
2794.117675
2127.450927
1441.176513
441.176483
-450.980407
-1245.098022
-2000.000000
-2509.803955
-2705.882324
-2313.725585
-1696.078491
-833.333374
147.058822
990.196105
1676.470581
2401.960937
2715.686279
2784.313720
1921.568603
1196.078491
186.274520
-1558.823608
-2313.725585
-2715.686279
-2843.137207
-2568.627441
-2127.450927
-1401.960815
607.843139
1352.941162
2147.058837
2637.254882
2794.117675
2617.647216
2235.294189
558.823547
-362.745117
-1186.274536
-1970.588256
-2519.607910
-2794.117675
-2754.902099
-1715.686279
-833.333374
156.862747
970.588256
1696.078491
2372.549072
2803.921630
2441.176513
1931.372558
1147.058837
147.058822
-676.470581
-1431.372558
-2705.882324
-2803.921630
-2598.039306
-2127.450927
-1441.176513
-441.176483
490.196075
2098.039306
2598.039306
2794.117675
2637.254882
2274.509765
1676.470581
774.509826
-1137.254882
-1901.960815
-2509.803955
-2784.313720
-2784.313720
-2411.764648
-1852.941162
98.039215
882.352966
1637.254882
2343.137207
2705.882324
2794.117675
1970.588256
1215.686279
235.294128
-607.843139
-1392.156860
-2147.058837
-2656.862792
-2607.843261
-2156.862792
-1480.392211
-529.411804
431.372558
1215.686279
1960.784301
2813.725585
2656.862792
2264.705810
1705.882324
803.921569
-137.254898
-980.392150
-2460.784423
-2764.706054
-2823.529541
-2431.372558
-1901.960815
-1088.235351
892.156860
1637.254882
2343.137207
2715.686279
2833.333496
2500.000000
2107.843261
294.117645
-568.627441
-1352.941162
-2107.843261
-2656.862792
-2813.725585
-2647.058837
-1509.803955
-558.823547
401.960784
1166.666748
1911.764770
2490.196044
2764.706054
2294.117675
1715.686279
852.941162
-88.235298
-882.352966
-1627.451049
-2352.941162
-2813.725585
-2470.588378
-1970.588256
-1166.666748
-156.862747
686.274536
1431.372558
2176.470703
2656.862792
2803.921630
2127.450927
1450.980468
490.196075
-1323.529418
-2088.235351
-2647.058837
-2803.921630
-2676.470703
-2254.902099
-1666.666748
362.745117
1166.666748
1931.372558
2529.411865
2764.706054
2784.313720
2362.745117
882.352966
-68.627449
-882.352966
-1647.058837
-2333.333496
-2725.490234
-2803.921630
-2000.000000
-1303.921630
-313.725494
588.235290
1343.137329
2107.843261
2617.647216
2803.921630
2647.058837
2254.902099
617.647094
-333.333343
-1156.862792
-2558.823486
-2803.921630
-2745.098144
-2352.941162
-1735.294189
-882.352966
68.627449
1754.901977
2431.372558
2754.902099
2803.921630
2431.372558
1980.392211
1205.882324
-774.509826
-1539.215698
-2274.509765
-2696.078369
-2813.725585
-2578.431396
-2117.647216
-333.333343
578.431396
1323.529418
2107.843261
2647.058837
2794.117675
2176.470703
1539.215698
647.058837
-313.725494
-1137.254882
-1892.156860
-2500.000000
-2774.509765
-2362.745117
-1794.117675
-941.176513
0.000000
696.078430
1441.176513
2666.666748
2803.921630
2578.431396
2137.254882
1441.176513
470.588256
-441.176483
-2088.235351
-2617.647216
-2803.921630
-2647.058837
-2264.705810
-1696.078491
-764.705871
1147.058837
1901.960815
2490.196044
2774.509765
2794.117675
2372.549072
1823.529418
1029.411743
39.215686
-764.705871
-1519.607910
-2274.509765
-2705.882324
-2823.529541
-2578.431396
-2147.058837
-1480.392211
-480.392150
1343.137329
2107.843261
2627.450927
2774.509765
2656.862792
2235.294189
1647.058837
754.901977
-186.274520
-1029.411743
-2519.607910
-2774.509765
-2794.117675
-1764.705932
-882.352966
68.627449
852.941162
1627.451049
2333.333496
2686.274658
2460.784423
2009.803955
1264.705932
284.313720
-588.235290
-1352.941162
-2127.450927
-2823.529541
-2607.843261
-2186.274658
-1509.803955
-558.823547
382.352935
1176.470581
2558.823486
2784.313720
2696.078369
2313.725585
1745.098022
892.156860
-49.019607
-1735.294189
-2431.372558
-2754.902099
-2843.137207
-2460.784423
-1960.784301
-78.431373
735.294128
1480.392211
2225.490234
2647.058837
2764.706054
2607.843261
1401.960815
441.176483
-470.588256
-1264.705932
-2039.215698
-2607.843261
-2823.529541
-2235.294189
-1607.843139
-705.882385
284.313720
1098.039184
1823.529418
2460.784423
2754.902099
2362.745117
1813.725463
980.392150
39.215686
-754.901977
-1500.000000
-2715.686279
-2813.725585
-2578.431396
-2117.647216
-1392.156860
-411.764709
490.196075
1254.901977
2009.803955
2568.627441
2617.647216
2245.098144
1598.039184
-362.745117
-1196.078491
-1960.784301
-2519.607910
-2774.509765
-2774.509765
-2372.549072
-872.549011
68.627449
911.764709
1637.254882
2372.549072
2696.078369
2794.117675
1990.196166
1235.294189
225.490203
-607.843139
-1372.549072
-2176.470703
-2647.058837
-2617.647216
-2166.666748
-1509.803955
-519.607849
401.960784
1215.686279
1941.176513
2549.019775
2774.509765
2754.902099
2343.137207
1784.313720
980.392150
19.607843
-735.294128
-1509.803955
-2264.705810
-2715.686279
-2539.215820
-2088.235351
-1323.529418
-323.529418
558.823547
1323.529418
2078.431396
2803.921630
2607.843261
2186.274658
1529.411743
617.647094
-303.921569
-1127.451049
-2529.411865
-2794.117675
-2735.294189
-2343.137207
-1754.901977
-901.960815
1068.627441
1784.313720
2470.588378
2774.509765
2784.313720
2431.372558
1921.568603
49.019607
-745.098083
-1509.803955
-2274.509765
-2696.078369
-2813.725585
-2598.039306
-1382.353027
-382.352935
519.607849
1264.705932
2029.411743
2598.039306
2784.313720
2696.078369
2313.725585
1705.882324
823.529418
-107.843139
-931.372558
-1676.470581
-2372.549072
-2754.902099
-2813.725585
-2500.000000
-1235.294189
-245.098037
607.843139
1372.549072
2137.254882
2637.254882
2764.706054
2186.274658
1519.607910
598.039245
-352.941192
-1166.666748
-1921.568603
-2549.019775
-2803.921630
-2794.117675
-2382.353027
-852.941162
107.843139
941.176513
1676.470581
2372.549072
2715.686279
2813.725585
2490.196044
2058.823486
1303.921630
323.529418
-549.019592
-1313.725463
-2088.235351
-2627.450927
-2803.921630
-2656.862792
-2264.705810
-617.647094
323.529418
1117.647094
1833.333374
2470.588378
2754.902099
2794.117675
1764.705932
941.176513
19.607843
-794.117675
-1568.627441
-2294.117675
-2725.490234
-2509.803955
-2058.823486
-1303.921630
-303.921569
578.431396
1323.529418
2098.039306
2598.039306
2794.117675
2647.058837
2254.902099
1656.862792
774.509826
-186.274520
-1029.411743
-1803.921630
-2441.176513
-2764.706054
-2401.960937
-1862.745117
-1049.019653
-19.607843
764.705871
1519.607910
2254.902099
2803.921630
2519.607910
2107.843261
1382.353027
401.960784
-500.000000
-1225.490234
-2607.843261
-2833.333496
-2676.470703
-2264.705810
-1666.666748
-764.705871
196.078430
990.196105
1696.078491
2401.960937
2803.921630
2392.156982
1911.764770
19.607843
-745.098083
-1509.803955
-2245.098144
-2715.686279
-2794.117675
-2607.843261
-1333.333374
-323.529418
568.627441
1303.921630
2078.431396
2598.039306
2813.725585
2215.686279
1578.431396
647.058837
-294.117645
-1117.647094
-1872.549072
-2490.196044
-2774.509765
-2362.745117
-1754.901977
-931.372558
58.823532
823.529418
1598.039184
2294.117675
2696.078369
2813.725585
2558.823486
2098.039306
1421.568603
441.176483
-490.196075
-1235.294189
-2000.000000
-2549.019775
-2666.666748
-2323.529541
-1715.686279
-823.529418
147.058822
980.392150
1686.274536
2764.706054
2803.921630
2431.372558
1941.176513
1156.862792
156.862747
-696.078430
-2284.313720
-2725.490234
-2813.725585
-2568.627441
-2137.254882
-1421.568603
607.843139
1343.137329
2107.843261
2617.647216
2794.117675
2617.647216
2225.490234
558.823547
-372.549041
-1166.666748
-1941.176513
-2519.607910
-2784.313720
-2764.706054
-1715.686279
-813.725524
127.450981
970.588256
1666.666748
2372.549072
2715.686279
2470.588378
1941.176513
1147.058837
166.666671
-656.862731
-1450.980468
-2196.078369
-2833.333496
-2588.235351
-2147.058837
-1441.176513
-450.980407
470.588256
2068.627441
2617.647216
2784.313720
2666.666748
2284.313720
1656.862792
774.509826
-1166.666748
-1901.960815
-2509.803955
-2784.313720
-2794.117675
-2411.764648
-1843.137329
137.254898
970.588256
1686.274536
2401.960937
2745.098144
2803.921630
2490.196044
2049.019531
1284.313720
303.921569
-1470.588256
-2235.294189
-2666.666748
-2813.725585
-2617.647216
-2176.470703
-1500.000000
450.980407
1215.686279
2000.000000
2509.803955
2764.706054
2774.509765
2372.549072
1843.137329
990.196105
49.019607
-725.490234
-1519.607910
-2245.098144
-2696.078369
-2833.333496
-2647.058837
-2186.274658
-1490.196166
558.823547
1284.313720
2107.843261
2617.647216
2764.706054
2656.862792
2274.509765
686.274536
-294.117645
-1107.843139
-1882.353027
-2500.000000
-2764.706054
-2823.529541
-2431.372558
-1921.568603
-1107.843139
-88.235298
696.078430
1441.176513
2186.274658
2656.862792
2794.117675
2588.235351
2186.274658
441.176483
-460.784332
-1245.098022
-2049.019531
-2588.235351
-2813.725585
-2715.686279
-1617.647094
-735.294128
254.901962
1039.215698
1813.725463
2441.176513
2754.902099
2794.117675
2431.372558
1892.156860
1127.451049
127.450981
-696.078430
-1470.588256
-2215.686279
-2686.274658
-2823.529541
-2637.254882
-1411.764770
-401.960784
490.196075
1264.705932
2019.607910
2539.215820
2754.902099
2715.686279
2313.725585
1754.901977
901.960815
-49.019607
-833.333374
-1607.843139
-2343.137207
-2725.490234
-2823.529541
-2549.019775
-1245.098022
-235.294128
607.843139
1362.745117
2127.450927
2637.254882
2794.117675
2176.470703
1519.607910
568.627441
-362.745117
-1176.470581
-1941.176513
-2509.803955
-2715.686279
-2333.333496
-1715.686279
-843.137268
117.647064
960.784301
1676.470581
2372.549072
2735.294189
2823.529541
1960.784301
1156.862792
147.058822
-1578.431396
-2313.725585
-2705.882324
-2823.529541
-2578.431396
-2107.843261
-1382.353027
656.862731
1411.764770
2166.666748
2647.058837
2794.117675
2607.843261
2205.882324
1598.039184
686.274536
-264.705902
-1098.039184
-1833.333374
-2500.000000
-2764.706054
-2813.725585
-2421.568603
-1950.980468
-1137.254882
882.352966
1598.039184
2343.137207
2735.294189
2813.725585
2549.019775
2098.039306
303.921569
-578.431396
-1362.745117
-2147.058837
-2666.666748
-2813.725585
-2647.058837
-1519.607910
-588.235290
382.352935
1156.862792
1921.568603
2519.607910
2676.470703
2313.725585
1735.294189
882.352966
-78.431373
-911.764709
-1647.058837
-2725.490234
-2813.725585
-2490.196044
-2009.803955
-1215.686279
-215.686279
647.058837
2245.098144
2676.470703
2823.529541
2568.627441
2137.254882
1480.392211
529.411804
-1294.117675
-2058.823486
-2617.647216
-2794.117675
-2686.274658
-2264.705810
-1666.666748
372.549041
1147.058837
1901.960815
2519.607910
2764.706054
2784.313720
1745.098022
921.568664
-9.803922
-803.921569
-1549.019653
-2294.117675
-2715.686279
-2529.411865
-2039.215698
-1284.313720
-303.921569
607.843139
1343.137329
2147.058837
2784.313720
2568.627441
2166.666748
1529.411743
607.843139
-352.941192
-1156.862792
-2578.431396
-2813.725585
-2705.882324
-2323.529541
-1705.882324
-843.137268
117.647064
941.176513
1666.666748
2362.745117
2784.313720
2421.568603
1941.176513
49.019607
-735.294128
-1490.196166
-2245.098144
-2696.078369
-2803.921630
-2607.843261
-1352.941162
-362.745117
558.823547
1313.725463
2049.019531
2627.450927
2784.313720
2205.882324
1588.235351
676.470581
-274.509796
-1098.039184
-1823.529418
-2470.588378
-2784.313720
-2362.745117
-1774.509887
-970.588256
19.607843
794.117675
1549.019653
2264.705810
2696.078369
2813.725585
2588.235351
2137.254882
1431.372558
480.392150
-441.176483
-1245.098022
-2009.803955
-2568.627441
-2666.666748
-2284.313720
-1676.470581
-754.901977
196.078430
1009.803955
1754.901977
2774.509765
2813.725585
2392.156982
1892.156860
1078.431396
58.823532
-705.882385
-2303.921630
-2705.882324
-2813.725585
-2578.431396
-2117.647216
-1372.549072
647.058837
1362.745117
2147.058837
2637.254882
2794.117675
2598.039306
2235.294189
529.411804
-401.960784
-1186.274536
-1950.980468
-2529.411865
-2794.117675
-2754.902099
-1696.078491
-823.529418
147.058822
960.784301
1676.470581
2362.745117
2715.686279
2813.725585
2509.803955
2049.019531
1303.921630
303.921569
-568.627441
-1343.137329
-2098.039306
-2627.450927
-2823.529541
-2656.862792
-1539.215698
-607.843139
343.137268
1156.862792
1911.764770
2490.196044
2745.098144
2343.137207
1735.294189
892.156860
-78.431373
-862.745117
-1627.451049
-2352.941162
-2813.725585
-2460.784423
-1990.196166
-1205.882324
-186.274520
676.470581
2245.098144
2647.058837
2803.921630
2578.431396
2186.274658
1450.980468
519.607849
-1294.117675
-2088.235351
-2637.254882
-2813.725585
-2676.470703
-2254.902099
-1656.862792
343.137268
1137.254882
1882.353027
2460.784423
2754.902099
2794.117675
2401.960937
1852.941162
1058.823608
39.215686
-1656.862792
-2382.353027
-2735.294189
-2813.725585
-2519.607910
-2058.823486
-1333.333374
-303.921569
598.039245
1333.333374
2098.039306
2617.647216
2774.509765
2627.450927
2264.705810
656.862731
-294.117645
-1147.058837
-1872.549072
-2490.196044
-2794.117675
-2803.921630
-1784.313720
-921.568664
39.215686
823.529418
1568.627441
2284.313720
2794.117675
2480.392089
2029.411743
1274.509887
313.725494
-568.627441
-1333.333374
-2696.078369
-2813.725585
-2617.647216
-2176.470703
-1539.215698
-578.431396
382.352935
2009.803955
2558.823486
2784.313720
2696.078369
2313.725585
1745.098022
901.960815
-1058.823608
-1803.921630
-2490.196044
-2774.509765
-2813.725585
-2431.372558
-1911.764770
0.000000
647.058837
1401.960815
2176.470703
2666.666748
2794.117675
2617.647216
2205.882324
1549.019653
656.862731
-313.725494
-1147.058837
-1882.353027
-2480.392089
-2774.509765
-2794.117675
-2411.764648
-1852.941162
78.431373
882.352966
1627.451049
2343.137207
2686.274658
2813.725585
2509.803955
2078.431396
1352.941162
382.352935
-529.411804
-1284.313720
-2088.235351
-2647.058837
-2813.725585
