1186.274536
215.686279
-637.254943
-1392.156860
-2156.862792
-2656.862792
-2794.117675
-2598.039306
-2186.274658
-1529.411743
-558.823547
1245.098022
2000.000000
2519.607910
2725.490234
2715.686279
2333.333496
1754.901977
921.568664
-9.803922
-754.901977
-1509.803955
-2254.902099
-2666.666748
-2803.921630
-2558.823486
-2117.647216
-1382.353027
-470.588256
1343.137329
2137.254882
2598.039306
2754.902099
2578.431396
2205.882324
1607.843139
-362.745117
-1196.078491
-1941.176513
-2529.411865
-2764.706054
-2745.098144
-2343.137207
-833.333374
137.254898
950.980407
1676.470581
2372.549072
2686.274658
2382.353027
1931.372558
1147.058837
176.470596
-647.058837
-1421.568603
-2176.470703
-2794.117675
-2568.627441
-2137.254882
-1441.176513
-450.980407
480.392150
1215.686279
2558.823486
2754.902099
2607.843261
2235.294189
1647.058837
774.509826
-156.862747
-1843.137329
-2450.980468
-2754.902099
-2764.706054
-2382.353027
-1823.529418
-1049.019653
941.176513
1647.058837
2343.137207
2676.470703
2754.902099
2470.588378
1205.882324
196.078430
-627.450988
-1372.549072
-2137.254882
-2637.254882
-2803.921630
-2127.450927
-1450.980468
-500.000000
362.745117
1147.058837
1911.764770
2480.392089
2676.470703
2284.313720
1745.098022
911.764709
-19.607843
-813.725524
-1578.431396
-2715.686279
-2813.725585
-2441.176513
-1970.588256
-1225.490234
-245.098037
607.843139
1352.941162
2088.235351
2627.450927
2774.509765
2607.843261
2186.274658
1598.039184
705.882385
-215.686279
-1039.215698
-1803.921630
-2754.902099
-2764.706054
-2382.353027
-1813.725463
-990.196105
-39.215686
764.705871
2323.529541
2696.078369
2794.117675
2500.000000
2068.627441
1382.353027
431.372558
-1362.745117
-2127.450927
-2627.450927
-2774.509765
-2607.843261
-2215.686279
-539.215698
392.156860
1176.470581
1901.960815
2480.392089
2754.902099
2754.902099
1686.274536
852.941162
-98.039215
-882.352966
-1617.647094
-2333.333496
-2696.078369
-2431.372558
-1941.176513
-1166.666748
-156.862747
656.862731
1411.764770
2127.450927
2764.706054
2558.823486
2117.647216
1431.372558
480.392150
-421.568634
-1205.882324
-1970.588256
-2539.215820
-2764.706054
-2705.882324
-2323.529541
-1725.490234
-892.156860
58.823532
833.333374
1617.647094
2303.921630
2764.706054
2431.372558
2009.803955
1254.901977
284.313720
-578.431396
-1333.333374
-2656.862792
-2794.117675
-2598.039306
-2147.058837
-1509.803955
-549.019592
372.549041
1147.058837
1892.156860
2500.000000
2696.078369
2343.137207
1754.901977
970.588256
29.411766
-764.705871
-1519.607910
-2254.902099
-2656.862792
-2764.706054
-2568.627441
-2117.647216
-1450.980468
-490.196075
441.176483
2039.215698
2568.627441
2764.706054
2647.058837
2245.098144
1676.470581
813.725524
-1127.451049
-1852.941162
-2470.588378
-2735.294189
-2764.706054
-2362.745117
-892.156860
68.627449
852.941162
1578.431396
2284.313720
2637.254882
2764.706054
1970.588256
1245.098022
294.117645
-588.235290
-1313.725463
-2058.823486
-2578.431396
-2588.235351
-2156.862792
-1490.196166
-539.215698
392.156860
1156.862792
1921.568603
2774.509765
2676.470703
2264.705810
1686.274536
833.333374
-98.039215
-882.352966
-2411.764648
-2725.490234
-2784.313720
-2431.372558
-1941.176513
-1166.666748
-156.862747
686.274536
1401.960815
2147.058837
2754.902099
2558.823486
2098.039306
1460.784301
509.803924
-382.352935
-1196.078491
-1931.372558
-2529.411865
-2764.706054
-2274.509765
-1686.274536
-794.117675
1137.254882
1862.745117
2460.784423
2735.294189
2754.902099
2382.353027
1862.745117
-78.431373
-862.745117
-1627.451049
-2333.333496
-2696.078369
-2784.313720
-2500.000000
-2098.039306
-1401.960815
-411.764709
1343.137329
2098.039306
2568.627441
2764.706054
2598.039306
2205.882324
1627.451049
-362.745117
-1186.274536
-1931.372558
-2509.803955
-2784.313720
-2735.294189
-2333.333496
-813.725524
156.862747
960.784301
1666.666748
2352.941162
2666.666748
2764.706054
1901.960815
1127.451049
166.666671
-647.058837
-1431.372558
-2176.470703
-2647.058837
-2558.823486
-2117.647216
-1421.568603
-450.980407
470.588256
1196.078491
2588.235351
2764.706054
2627.450927
2245.098144
1647.058837
794.117675
-156.862747
-1823.529418
-2441.176513
-2745.098144
-2774.509765
-2392.156982
-1852.941162
-1058.823608
950.980407
1666.666748
2343.137207
2686.274658
2784.313720
2460.784423
2019.607910
196.078430
-647.058837
-1392.156860
-2137.254882
-2647.058837
-2784.313720
-2598.039306
-1470.588256
-500.000000
362.745117
1147.058837
1872.549072
2470.588378
2686.274658
2294.117675
1705.882324
852.941162
-68.627449
-872.549011
-1627.451049
-2705.882324
-2774.509765
-2450.980468
-1960.784301
-1215.686279
-196.078430
627.450988
1392.156860
2117.647216
2607.843261
2568.627441
2137.254882
1480.392211
519.607849
-401.960784
-1196.078491
-1931.372558
-2774.509765
-2656.862792
-2264.705810
-1676.470581
-823.529418
166.666671
970.588256
2401.960937
2715.686279
2764.706054
2392.156982
1921.568603
1166.666748
166.666671
-1588.235351
-2294.117675
-2686.274658
-2774.509765
-2529.411865
-2078.431396
-1343.137329
-352.941192
519.607849
1274.509887
2019.607910
2549.019775
2745.098144
2617.647216
2254.902099
1686.274536
843.137268
-88.235298
-1764.705932
-2421.568603
-2735.294189
-2803.921630
-2441.176513
-1911.764770
-1147.058837
852.941162
1588.235351
2294.117675
2656.862792
2764.706054
2490.196044
1274.509887
313.725494
-578.431396
-1323.529418
-2098.039306
-2607.843261
-2803.921630
-2607.843261
-2225.490234
-1588.235351
-676.470581
1205.882324
1941.176513
2490.196044
2735.294189
2705.882324
2323.529541
794.117675
-147.058822
-990.196105
-1686.274536
-2401.960937
-2696.078369
-2803.921630
-1882.353027
-1107.843139
-78.431373
725.490234
1441.176513
2176.470703
2607.843261
2549.019775
2098.039306
1421.568603
460.784332
-450.980407
-1205.882324
-1980.392211
-2774.509765
-2607.843261
-2235.294189
-1627.451049
-715.686279
235.294128
1039.215698
1794.117675
2411.764648
2686.274658
2333.333496
1803.921630
1009.803955
-970.588256
-1705.882324
-2411.764648
-2705.882324
-2794.117675
-2421.568603
-1980.392211
-78.431373
725.490234
1480.392211
2196.078369
2637.254882
2754.902099
2598.039306
2166.666748
1539.215698
607.843139
-1245.098022
-2019.607910
-2558.823486
-2764.706054
-2666.666748
-2294.117675
-1696.078491
284.313720
1098.039184
1794.117675
2431.372558
2725.490234
2794.117675
2392.156982
1872.549072
1098.039184
107.843139
-1627.451049
-2313.725585
-2676.470703
-2774.509765
-2509.803955
-2058.823486
-1343.137329
-352.941192
549.019592
1294.117675
2058.823486
2539.215820
2735.294189
2637.254882
2235.294189
647.058837
-284.313720
-1117.647094
-1833.333374
-2470.588378
-2754.902099
-2774.509765
-1764.705932
-931.372558
19.607843
774.509826
1539.215698
2274.509765
2754.902099
2470.588378
2049.019531
1323.529418
362.745117
-529.411804
-1303.921630
-2637.254882
-2784.313720
-2588.235351
-2176.470703
-1558.823608
-627.450988
313.725494
1127.451049
1872.549072
2460.784423
2715.686279
2313.725585
1754.901977
950.980407
0.000000
-676.470581
-1431.372558
-2176.470703
-2627.450927
-2764.706054
-2598.039306
-2176.470703
-1539.215698
-617.647094
362.745117
1137.254882
1872.549072
2450.980468
2725.490234
2323.529541
1745.098022
921.568664
-19.607843
-833.333374
-1578.431396
-2284.313720
-2813.725585
-2441.176513
-1990.196166
-1225.490234
-215.686279
637.254943
2205.882324
2627.450927
2764.706054
2588.235351
2147.058837
1490.196166
558.823547
-1274.509887
-2049.019531
-2568.627441
-2774.509765
-2647.058837
-2245.098144
-1676.470581
303.921569
1117.647094
1833.333374
2441.176513
2754.902099
2784.313720
2372.549072
1852.941162
1068.627441
68.627449
-1607.843139
-2343.137207
-2676.470703
-2784.313720
-2519.607910
-2049.019531
-1323.529418
-343.137268
558.823547
1333.333374
2058.823486
2558.823486
2745.098144
2617.647216
2225.490234
647.058837
-303.921569
-1127.451049
-1852.941162
-2490.196044
-2745.098144
-2774.509765
-1745.098022
-941.176513
68.627449
843.137268
1578.431396
2294.117675
2784.313720
2450.980468
1980.392211
1254.901977
274.509796
-558.823547
-1333.333374
-2647.058837
-2784.313720
-2588.235351
-2166.666748
-1509.803955
-539.215698
382.352935
2000.000000
2490.196044
2745.098144
2715.686279
2323.529541
1764.705932
931.372558
-980.392150
-1705.882324
-2392.156982
-2725.490234
-2784.313720
-2421.568603
-1941.176513
-98.039215
686.274536
1450.980468
2196.078369
2637.254882
2764.706054
2558.823486
2147.058837
1519.607910
617.647094
-1245.098022
-1990.196166
-2549.019775
-2764.706054
-2696.078369
-2294.117675
-1696.078491
254.901962
1068.627441
1813.725463
2450.980468
2696.078369
2754.902099
1803.921630
980.392150
68.627449
-745.098083
-1480.392211
-2235.294189
-2656.862792
-2519.607910
-2039.215698
-1323.529418
-343.137268
549.019592
1294.117675
2058.823486
2764.706054
2558.823486
2166.666748
1568.627441
666.666687
-284.313720
-1117.647094
-2509.803955
-2774.509765
-2754.902099
-2333.333496
-1754.901977
-921.568664
19.607843
784.313720
1558.823608
2245.098144
2754.902099
2470.588378
2000.000000
1362.745117
421.568634
-480.392150
-1254.901977
-2019.607910
-2568.627441
-2774.509765
-2686.274658
-2284.313720
-1676.470581
-833.333374
127.450981
1784.313720
2441.176513
2696.078369
2774.509765
2401.960937
1892.156860
1156.862792
147.058822
-686.274536
-1441.176513
-2676.470703
-2774.509765
-2549.019775
-1294.117675
-294.117645
578.431396
1333.333374
2078.431396
2617.647216
2764.706054
2147.058837
1509.803955
617.647094
-313.725494
-1156.862792
-1872.549072
-2500.000000
-2735.294189
-2784.313720
-2362.745117
-931.372558
39.215686
823.529418
1558.823608
2274.509765
2627.450927
2774.509765
2049.019531
1294.117675
343.137268
-539.215698
-1313.725463
-2078.431396
-2607.843261
-2598.039306
-2176.470703
-1519.607910
-617.647094
333.333343
1127.451049
1843.137329
2754.902099
2715.686279
2323.529541
1745.098022
931.372558
0.000000
-686.274536
-1450.980468
-2176.470703
-2647.058837
-2568.627441
-2107.843261
-1401.960815
-441.176483
470.588256
1235.294189
1990.196166
2764.706054
2588.235351
2196.078369
1598.039184
754.901977
-196.078430
-1039.215698
-2450.980468
-2735.294189
-2774.509765
-2372.549072
-1833.333374
-990.196105
-39.215686
1666.666748
2352.941162
2696.078369
2754.902099
2480.392089
2019.607910
1294.117675
343.137268
-549.019592
-1313.725463
-2078.431396
-2588.235351
-2784.313720
-2156.862792
-1539.215698
-568.627441
362.745117
1147.058837
1872.549072
2460.784423
2686.274658
2274.509765
1715.686279
862.745117
-49.019607
-852.941162
-1598.039184
-2715.686279
-2774.509765
-2460.784423
-1960.784301
-1196.078491
-196.078430
617.647094
1343.137329
2088.235351
2607.843261
2764.706054
2598.039306
2215.686279
1588.235351
686.274536
-225.490203
-1068.627441
-1803.921630
-2754.902099
-2735.294189
-2343.137207
-1784.313720
-950.980407
9.803922
745.098083
2284.313720
2666.666748
2764.706054
2519.607910
2088.235351
1411.764770
441.176483
-450.980407
-1215.686279
-1960.784301
-2519.607910
-2774.509765
-2696.078369
-2323.529541
-1735.294189
-872.549011
78.431373
862.745117
1598.039184
2294.117675
2666.666748
2784.313720
2500.000000
2088.235351
1431.372558
460.784332
-450.980407
-1245.098022
-1970.588256
-2549.019775
-2774.509765
-2705.882324
-2303.921630
-745.098083
166.666671
980.392150
1705.882324
2392.156982
2715.686279
2745.098144
2441.176513
1960.784301
1235.294189
254.901962
-588.235290
-1362.745117
-2117.647216
-2637.254882
-2774.509765
-2598.039306
-2196.078369
-1598.039184
-696.078430
274.509796
1901.960815
2460.784423
2735.294189
2735.294189
2352.941162
1784.313720
990.196105
-941.176513
-1676.470581
-2372.549072
-2696.078369
-2774.509765
-2470.588378
-2009.803955
-127.450981
696.078430
1450.980468
2147.058837
2627.450927
2754.902099
2568.627441
1431.372558
470.588256
-431.372558
-1235.294189
-1990.196166
-2549.019775
-2774.509765
-2235.294189
-1647.058837
-764.705871
186.274520
1000.000000
1696.078491
2362.745117
2686.274658
2784.313720
2450.980468
1147.058837
156.862747
-666.666687
-2264.705810
-2686.274658
-2803.921630
-2539.215820
-2107.843261
-1411.764770
-450.980407
1343.137329
2088.235351
2607.843261
2745.098144
2598.039306
2205.882324
1617.647094
-362.745117
-1166.666748
-1941.176513
-2539.215820
-2764.706054
-2735.294189
-2313.725585
-1764.705932
-911.764709
39.215686
1696.078491
2362.745117
2696.078369
2372.549072
1892.156860
1147.058837
137.254898
-666.666687
-1441.176513
-2186.274658
-2794.117675
-2549.019775
-2117.647216
-1392.156860
-421.568634
470.588256
1254.901977
2588.235351
2774.509765
2627.450927
2205.882324
1598.039184
735.294128
-196.078430
-1852.941162
-2480.392089
-2745.098144
-2774.509765
-2382.353027
-1833.333374
88.235298
882.352966
1617.647094
2323.529541
2696.078369
2774.509765
2500.000000
1284.313720
333.333343
-558.823547
-1323.529418
-2117.647216
-2598.039306
-2794.117675
-2166.666748
-1519.607910
-588.235290
323.529418
1147.058837
1882.353027
2450.980468
2696.078369
2774.509765
2362.745117
901.960815
-29.411766
-843.137268
-1578.431396
-2294.117675
-2696.078369
-2813.725585
-1990.196166
-1225.490234
-215.686279
647.058837
1352.941162
2117.647216
2598.039306
2558.823486
2137.254882
1480.392211
549.019592
-372.549041
-1166.666748
-1931.372558
-2764.706054
-2666.666748
-2264.705810
-1686.274536
-803.921569
156.862747
970.588256
1686.274536
2362.745117
2676.470703
2411.764648
1901.960815
1137.254882
-843.137268
-1607.843139
-2313.725585
-2686.274658
-2774.509765
-2519.607910
-2078.431396
-235.294128
617.647094
1372.549072
2117.647216
2627.450927
2745.098144
2588.235351
1480.392211
558.823547
-392.156860
-1186.274536
-1941.176513
-2509.803955
-2735.294189
-2764.706054
-2323.529541
-1764.705932
176.470596
970.588256
1676.470581
2382.353027
2686.274658
2774.509765
2441.176513
1107.843139
117.647064
-705.882385
-1460.784301
-2205.882324
-2666.666748
-2774.509765
-2088.235351
-1392.156860
-392.156860
509.803924
1245.098022
2000.000000
2490.196044
2725.490234
2735.294189
2313.725585
803.921569
-147.058822
-970.588256
-1676.470581
-2372.549072
-2725.490234
-2774.509765
-1911.764770
-1147.058837
-117.647064
705.882385
1470.588256
2196.078369
2627.450927
2745.098144
2578.431396
2137.254882
1500.000000
676.470581
-254.901962
-1078.431396
-1794.117675
-2431.372558
-2745.098144
-2774.509765
-1764.705932
-941.176513
29.411766
803.921569
1529.411743
2245.098144
2666.666748
2480.392089
2000.000000
1382.353027
421.568634
-480.392150
-1245.098022
-2000.000000
-2509.803955
-2764.706054
-2735.294189
-1676.470581
-813.725524
176.470596
970.588256
1686.274536
2362.745117
2696.078369
2392.156982
1901.960815
1137.254882
137.254898
-676.470581
-1421.568603
-2176.470703
-2794.117675
-2549.019775
-2107.843261
-1392.156860
-411.764709
480.392150
1245.098022
1990.196166
2539.215820
2745.098144
2676.470703
2294.117675
1735.294189
882.352966
-58.823532
-862.745117
-1617.647094
-2313.725585
-2794.117675
-2450.980468
-1990.196166
-1225.490234
-215.686279
627.450988
1333.333374
2676.470703
2794.117675
2558.823486
2127.450927
1470.588256
529.411804
-372.549041
-2009.803955
-2558.823486
-2784.313720
-2686.274658
-2294.117675
-1676.470581
313.725494
1098.039184
1852.941162
2460.784423
2715.686279
2754.902099
2352.941162
941.176513
-9.803922
-764.705871
-1519.607910
-2264.705810
-2656.862792
-2774.509765
-2058.823486
-1313.725463
-333.333343
568.627441
1284.313720
2058.823486
2568.627441
2764.706054
2627.450927
2254.902099
1676.470581
803.921569
-127.450981
-960.784301
-1686.274536
-2392.156982
-2705.882324
-2794.117675
-2431.372558
-1980.392211
-1186.274536
794.117675
1549.019653
2225.490234
2656.862792
2764.706054
2539.215820
2117.647216
352.941192
-529.411804
-1323.529418
-2068.627441
-2588.235351
-2774.509765
-2627.450927
-1558.823608
-627.450988
333.333343
1117.647094
1843.137329
2480.392089
2715.686279
2313.725585
1725.490234
911.764709
-19.607843
-803.921569
-1568.627441
-2284.313720
-2686.274658
-2803.921630
-2529.411865
-1245.098022
-254.901962
607.843139
1343.137329
2098.039306
2578.431396
2754.902099
2166.666748
1509.803955
617.647094
-333.333343
-1137.254882
-1872.549072
-2490.196044
-2705.882324
-2294.117675
-1715.686279
-862.745117
98.039215
882.352966
2362.745117
2676.470703
2764.706054
2450.980468
1990.196166
1245.098022
274.509796
-588.235290
-1343.137329
-2107.843261
-2607.843261
-2617.647216
-2147.058837
-1490.196166
-529.411804
392.156860
1176.470581
2539.215820
2725.490234
2666.666748
2274.509765
1696.078491
872.549011
-88.235298
-1715.686279
-2401.960937
-2745.098144
-2803.921630
-2431.372558
-1950.980468
-1176.470581
813.725524
1558.823608
2274.509765
2666.666748
2754.902099
2509.803955
2098.039306
362.745117
-519.607849
-1303.921630
-2078.431396
-2607.843261
-2803.921630
-2617.647216
-1529.411743
-627.450988
333.333343
1137.254882
1882.353027
2460.784423
2696.078369
2294.117675
1745.098022
921.568664
-19.607843
-833.333374
-1578.431396
-2725.490234
-2774.509765
-2470.588378
-1990.196166
-1235.294189
-245.098037
598.039245
2176.470703
2607.843261
2745.098144
2568.627441
2137.254882
1539.215698
588.235290
-1264.705932
-2000.000000
-2529.411865
-2764.706054
-2745.098144
-2323.529541
-1725.490234
176.470596
1019.607849
1745.098022
2392.156982
2686.274658
2754.902099
1862.745117
1088.235351
107.843139
-735.294128
-1490.196166
-2225.490234
-2676.470703
-2490.196044
-2058.823486
-1323.529418
-343.137268
539.215698
1294.117675
2068.627441
2745.098144
2588.235351
2186.274658
1568.627441
627.450988
-284.313720
-1107.843139
-2519.607910
-2764.706054
-2725.490234
-2343.137207
-1764.705932
-931.372558
9.803922
745.098083
1500.000000
2166.666748
2784.313720
2549.019775
2088.235351
1401.960815
480.392150
-431.372558
-1225.490234
-2588.235351
-2784.313720
-2627.450927
-2245.098144
-1637.254882
-745.098083
205.882354
1813.725463
2450.980468
2735.294189
2764.706054
2372.549072
1872.549072
1088.235351
98.039215
-686.274536
-1460.784301
-2196.078369
-2676.470703
-2803.921630
-2598.039306
-2176.470703
-1509.803955
-578.431396
372.549041
1990.196166
2529.411865
2754.902099
2676.470703
2294.117675
1735.294189
892.156860
-1049.019653
-1813.725463
-2450.980468
-2754.902099
-2774.509765
-2392.156982
-1892.156860
-1117.647094
-127.450981
754.901977
2284.313720
2666.666748
2774.509765
2539.215820
2088.235351
1401.960815
441.176483
-450.980407
-1215.686279
-1990.196166
-2539.215820
-2774.509765
-2676.470703
-2294.117675
-1676.470581
-843.137268
107.843139
950.980407
2401.960937
2686.274658
2774.509765
2392.156982
1931.372558
1176.470581
196.078430
-1519.607910
-2264.705810
-2666.666748
-2803.921630
-2558.823486
-2107.843261
-1401.960815
-460.784332
500.000000
1186.274536
1901.960815
2490.196044
2745.098144
2764.706054
2352.941162
1794.117675
950.980407
29.411766
-1647.058837
-2362.745117
-2705.882324
-2784.313720
-2480.392089
-2029.411743
-1294.117675
-284.313720
598.039245
1343.137329
2627.450927
2754.902099
2578.431396
2166.666748
1539.215698
598.039245
-323.529418
-1980.392211
-2519.607910
-2764.706054
-2705.882324
-2294.117675
-1725.490234
-872.549011
1068.627441
1784.313720
2421.568603
2715.686279
2764.706054
2392.156982
1009.803955
29.411766
-754.901977
-1519.607910
-2264.705810
-2656.862792
-2784.313720
-2058.823486
-1333.333374
-333.333343
558.823547
1294.117675
2029.411743
2568.627441
2598.039306
2196.078369
1558.823608
656.862731
-294.117645
-1088.235351
-1852.941162
-2774.509765
-2705.882324
-2313.725585
-1735.294189
-882.352966
88.235298
843.137268
1598.039184
2303.921630
2666.666748
2774.509765
2500.000000
2098.039306
1441.176513
529.411804
-411.764709
-1196.078491
-1950.980468
-2784.313720
-2656.862792
-2254.902099
-1656.862792
-784.313720
176.470596
970.588256
2431.372558
2686.274658
2764.706054
2382.353027
1911.764770
1147.058837
147.058822
-1568.627441
-2284.313720
-2676.470703
-2803.921630
-2578.431396
-2088.235351
-284.313720
598.039245
1323.529418
2098.039306
2617.647216
2774.509765
2598.039306
1529.411743
607.843139
-323.529418
-1127.451049
-1872.549072
-2500.000000
-2745.098144
-2794.117675
-2401.960937
-1852.941162
49.019607
803.921569
1558.823608
2274.509765
2666.666748
2774.509765
2539.215820
1294.117675
313.725494
-539.215698
-1313.725463
-2107.843261
-2598.039306
-2764.706054
-2186.274658
-1539.215698
-607.843139
323.529418
1137.254882
1872.549072
2450.980468
2696.078369
2264.705810
1754.901977
901.960815
-9.803922
-754.901977
-1509.803955
-2696.078369
-2774.509765
-2519.607910
-2049.019531
-1323.529418
-343.137268
549.019592
1274.509887
2049.019531
2568.627441
2607.843261
2156.862792
1539.215698
-450.980407
-1215.686279
-1970.588256
-2539.215820
-2774.509765
-2705.882324
-2303.921630
-745.098083
186.274520
1019.607849
1715.686279
2392.156982
2696.078369
2774.509765
1833.333374
1068.627441
68.627449
-725.490234
-1480.392211
-2225.490234
-2656.862792
-2539.215820
-2088.235351
-1343.137329
-352.941192
568.627441
1303.921630
2058.823486
2578.431396
2784.313720
2637.254882
2245.098144
1656.862792
784.313720
-147.058822
-990.196105
-1715.686279
-2372.549072
-2715.686279
-2401.960937
-1872.549072
-1098.039184
-68.627449
745.098083
1480.392211
2176.470703
2774.509765
2529.411865
2088.235351
1372.549072
431.372558
-490.196075
-1235.294189
-2617.647216
-2754.902099
-2607.843261
-2235.294189
-1568.627441
-696.078430
1176.470581
1901.960815
2509.803955
2725.490234
2715.686279
2352.941162
1774.509887
-147.058822
-970.588256
-1696.078491
-2382.353027
-2715.686279
-2803.921630
-2450.980468
-1117.647094
-127.450981
715.686279
1450.980468
2156.862792
2627.450927
2794.117675
2588.235351
2147.058837
1500.000000
676.470581
-284.313720
-1088.235351
-1833.333374
-2470.588378
-2745.098144
-2794.117675
-2392.156982
-901.960815
78.431373
833.333374
1598.039184
2284.313720
2647.058837
2784.313720
2000.000000
1352.941162
372.549041
-500.000000
-1225.490234
-2000.000000
-2519.607910
-2676.470703
-2294.117675
-1705.882324
-843.137268
127.450981
950.980407
1666.666748
2343.137207
2666.666748
2754.902099
1931.372558
1176.470581
166.666671
-647.058837
-1392.156860
-2156.862792
-2666.666748
-2558.823486
-2127.450927
-1431.372558
-470.588256
450.980407
1205.882324
1980.392211
2519.607910
2735.294189
2686.274658
1647.058837
764.705871
-166.666671
-1000.000000
-2441.176513
-2754.902099
-2794.117675
-2392.156982
-1911.764770
-1117.647094
872.549011
1598.039184
2303.921630
2656.862792
2774.509765
2500.000000
2117.647216
362.745117
-539.215698
-1274.509887
-2078.431396
-2578.431396
-2794.117675
-2627.450927
-1529.411743
-617.647094
352.941192
1147.058837
1872.549072
2450.980468
2715.686279
2764.706054
2352.941162
1843.137329
1049.019653
58.823532
-754.901977
-1490.196166
-2225.490234
-2656.862792
-2784.313720
-2578.431396
-1294.117675
-323.529418
549.019592
1303.921630
2058.823486
2598.039306
2774.509765
2176.470703
1558.823608
666.666687
-254.901962
-1068.627441
-1813.725463
-2460.784423
-2754.902099
-2333.333496
-1754.901977
-931.372558
39.215686
813.725524
1558.823608
2264.705810
2676.470703
2784.313720
2029.411743
1294.117675
343.137268
-1421.568603
-2186.274658
-2666.666748
-2803.921630
-2588.235351
-2166.666748
-1490.196166
509.803924
1274.509887
2039.215698
2539.215820
2764.706054
2676.470703
2264.705810
725.490234
-196.078430
-1009.803955
-1774.509887
-2441.176513
-2725.490234
-2813.725585
-1823.529418
-1000.000000
-68.627449
725.490234
1460.784301
2205.882324
2656.862792
2764.706054
2578.431396
2137.254882
470.588256
-441.176483
-1235.294189
-1990.196166
-2549.019775
-2764.706054
-2696.078369
-1607.843139
-745.098083
196.078430
1009.803955
1745.098022
2401.960937
2705.882324
2784.313720
2421.568603
1941.176513
1176.470581
205.882354
-637.254943
-1421.568603
-2166.666748
-2647.058837
-2803.921630
-2588.235351
-1431.372558
-470.588256
470.588256
1235.294189
1960.784301
2519.607910
2774.509765
2686.274658
2313.725585
1745.098022
931.372558
-9.803922
-754.901977
-1519.607910
-2235.294189
-2656.862792
-2784.313720
-2568.627441
-1303.921630
-333.333343
558.823547
1313.725463
2078.431396
2607.843261
2754.902099
2176.470703
1558.823608
676.470581
-274.509796
-1107.843139
-1813.725463
-2450.980468
-2754.902099
-2343.137207
-1764.705932
-941.176513
29.411766
803.921569
1558.823608
2264.705810
2647.058837
2774.509765
2558.823486
2107.843261
1411.764770
-578.431396
-1333.333374
-2098.039306
-2598.039306
-2774.509765
-2617.647216
-2225.490234
-578.431396
343.137268
1147.058837
1892.156860
2460.784423
2754.902099
2754.902099
1715.686279
901.960815
-29.411766
-843.137268
-1598.039184
-2323.529541
-2705.882324
-2784.313720
-2519.607910
-2049.019531
-225.490203
627.450988
1362.745117
2107.843261
2617.647216
2764.706054
2578.431396
1480.392211
539.215698
-382.352935
-1176.470581
-1950.980468
-2509.803955
-2745.098144
-2274.509765
-1705.882324
-813.725524
147.058822
990.196105
1686.274536
2725.490234
2774.509765
2421.568603
1921.568603
1127.451049
166.666671
-666.666687
-1421.568603
-2186.274658
-2656.862792
-2774.509765
-2107.843261
-1411.764770
-441.176483
480.392150
1235.294189
1980.392211
2764.706054
2637.254882
2245.098144
1627.451049
764.705871
-186.274520
-1000.000000
-2441.176513
-2725.490234
-2803.921630
-2411.764648
-1911.764770
-1127.451049
-127.450981
1598.039184
2294.117675
2676.470703
2754.902099
2529.411865
2088.235351
1362.745117
401.960784
-480.392150
-1274.509887
-2637.254882
-2794.117675
-2588.235351
-2225.490234
-1588.235351
-686.274536
284.313720
1921.568603
2490.196044
2745.098144
2745.098144
2352.941162
1794.117675
980.392150
-970.588256
-1705.882324
-2392.156982
-2725.490234
-2794.117675
-2431.372558
-1970.588256
-1215.686279
-215.686279
617.647094
1372.549072
2117.647216
2607.843261
2568.627441
2137.254882
1460.784301
558.823547
-1294.117675
-2078.431396
-2607.843261
-2774.509765
-2637.254882
-2254.902099
-627.450988
303.921569
1107.843139
1833.333374
2441.176513
2735.294189
2754.902099
1735.294189
911.764709
-9.803922
-735.294128
-1509.803955
-2254.902099
-2696.078369
-2500.000000
-2117.647216
-1392.156860
-411.764709
470.588256
1254.901977
2009.803955
2764.706054
2598.039306
2225.490234
1637.254882
754.901977
-186.274520
-1019.607849
-2470.588378
-2754.902099
-2774.509765
-2372.549072
-1833.333374
-1009.803955
-19.607843
754.901977
1509.803955
2235.294189
2686.274658
2784.313720
2558.823486
2127.450927
1460.784301
549.019592
-372.549041
-1186.274536
-2568.627441
-2774.509765
-2686.274658
-2264.705810
-1696.078491
-833.333374
127.450981
960.784301
1637.254882
2352.941162
2666.666748
2784.313720
2470.588378
2029.411743
1245.098022
303.921569
-549.019592
-1313.725463
-2098.039306
-2627.450927
-2803.921630
-2627.450927
-2215.686279
-1627.451049
-715.686279
1215.686279
1911.764770
2470.588378
2764.706054
2735.294189
2323.529541
1784.313720
970.588256
29.411766
-764.705871
-2343.137207
-2705.882324
-2803.921630
-2500.000000
-2117.647216
-1382.353027
-392.156860
500.000000
1196.078491
1950.980468
2509.803955
2745.098144
2715.686279
2333.333496
1764.705932
-176.470596
-1009.803955
-1754.901977
-2421.568603
-2725.490234
-2784.313720
-2421.568603
-1941.176513
-1166.666748
-147.058822
686.274536
1431.372558
2156.862792
2617.647216
2764.706054
2578.431396
2166.666748
1529.411743
-490.196075
-1254.901977
-2019.607910
-2568.627441
-2764.706054
-2656.862792
-2294.117675
-1705.882324
-813.725524
147.058822
990.196105
1686.274536
2352.941162
2686.274658
2754.902099
2450.980468
2009.803955
1274.509887
-676.470581
-1450.980468
-2186.274658
-2656.862792
-2784.313720
-2578.431396
-2156.862792
-421.568634
480.392150
1264.705932
2000.000000
2519.607910
2735.294189
2725.490234
1686.274536
833.333374
-117.647064
-970.588256
-1666.666748
-2372.549072
-2715.686279
-2411.764648
-1892.156860
-1137.254882
-127.450981
705.882385
1470.588256
2666.666748
2745.098144
2529.411865
2078.431396
1362.745117
421.568634
-480.392150
-2088.235351
-2627.450927
-2803.921630
-2627.450927
-2225.490234
-1627.451049
-745.098083
1166.666748
1931.372558
2490.196044
2754.902099
2725.490234
2323.529541
1803.921630
980.392150
39.215686
-764.705871
-1500.000000
-2186.274658
-2656.862792
-2774.509765
-2607.843261
-2166.666748
-1500.000000
-627.450988
1215.686279
1950.980468
2549.019775
2754.902099
2715.686279
2303.921630
1784.313720
-176.470596
-1009.803955
-1745.098022
-2431.372558
-2754.902099
-2803.921630
-2411.764648
-1921.568603
-1156.862792
-166.666671
696.078430
1450.980468
2176.470703
2607.843261
2764.706054
2568.627441
2156.862792
1539.215698
-480.392150
-1235.294189
-2009.803955
-2578.431396
-2774.509765
-2676.470703
-2303.921630
-1705.882324
-833.333374
127.450981
941.176513
1676.470581
2352.941162
2676.470703
2774.509765
2480.392089
2009.803955
1303.921630
-666.666687
-1421.568603
-2166.666748
-2647.058837
-2774.509765
-2598.039306
-2176.470703
-480.392150
450.980407
1215.686279
1960.784301
2529.411865
2754.902099
2705.882324
2313.725585
1725.490234
941.176513
-29.411766
-823.529418
-1578.431396
-2323.529541
-2696.078369
-2813.725585
-2519.607910
-2088.235351
-254.901962
607.843139
1372.549072
2107.843261
2598.039306
2774.509765
2617.647216
1509.803955
588.235290
-343.137268
-1156.862792
-1901.960815
-2500.000000
-2764.706054
-2794.117675
-2372.549072
-1852.941162
39.215686
833.333374
1607.843139
2294.117675
2666.666748
2784.313720
2490.196044
2078.431396
1372.549072
450.980407
-480.392150
-1235.294189
-1990.196166
-2549.019775
-2774.509765
-2245.098144
-1617.647094
-735.294128
225.490203
1039.215698
1774.509887
2401.960937
2715.686279
2774.509765
2411.764648
1058.823608
58.823532
-745.098083
-1450.980468
-2676.470703
-2784.313720
-2558.823486
-2098.039306
-1372.549072
-392.156860
1372.549072
2107.843261
2637.254882
2764.706054
2588.235351
2186.274658
1588.235351
-411.764709
-1205.882324
-1950.980468
-2529.411865
-2764.706054
-2745.098144
-2323.529541
-794.117675
166.666671
990.196105
1705.882324
2401.960937
2705.882324
2774.509765
2441.176513
1970.588256
1215.686279
-745.098083
-1509.803955
-2264.705810
-2666.666748
-2803.921630
-2578.431396
-2137.254882
-1441.176513
-470.588256
450.980407
1245.098022
1941.176513
2519.607910
2774.509765
2725.490234
2313.725585
1745.098022
941.176513
-1000.000000
-1696.078491
-2401.960937
-2715.686279
-2813.725585
-2460.784423
-1980.392211
-107.843139
725.490234
1480.392211
2205.882324
2617.647216
2784.313720
2578.431396
2127.450927
1460.784301
549.019592
-372.549041
-1166.666748
-1941.176513
-2529.411865
-2774.509765
-2745.098144
-2343.137207
-1745.098022
176.470596
980.392150
1705.882324
2362.745117
2686.274658
2784.313720
2441.176513
1107.843139
107.843139
-715.686279
-1460.784301
-2235.294189
-2676.470703
-2774.509765
-2098.039306
-1382.353027
-392.156860
509.803924
1264.705932
2019.607910
2774.509765
2617.647216
2196.078369
1607.843139
696.078430
-225.490203
-1049.019653
-2480.392089
-2745.098144
-2774.509765
-2372.549072
-1813.725463
-1000.000000
-78.431373
1627.451049
2284.313720
2686.274658
2754.902099
2539.215820
2088.235351
1372.549072
-617.647094
-1372.549072
-2137.254882
-2627.450927
-2784.313720
-2578.431396
-2186.274658
-1568.627441
-647.058837
303.921569
1127.451049
1843.137329
2441.176513
2715.686279
2764.706054
2352.941162
1852.941162
1068.627441
-921.568664
-1666.666748
-2372.549072
-2715.686279
-2794.117675
-2480.392089
-2009.803955
-186.274520
676.470581
1421.568603
2166.666748
2627.450927
2754.902099
2127.450927
1480.392211
529.411804
-392.156860
-1205.882324
-1941.176513
-2529.411865
-2637.254882
-2245.098144
-1666.666748
-764.705871
166.666671
990.196105
1715.686279
2715.686279
2774.509765
2392.156982
1892.156860
1127.451049
147.058822
-666.666687
-2284.313720
-2686.274658
-2794.117675
-2549.019775
-2098.039306
-1362.745117
-401.960784
500.000000
1215.686279
1970.588256
2519.607910
2764.706054
2705.882324
2313.725585
1754.901977
941.176513
-9.803922
-764.705871
-2343.137207
-2686.274658
-2794.117675
-2490.196044
-2058.823486
-1333.333374
-343.137268
1450.980468
2196.078369
2656.862792
2794.117675
2588.235351
2127.450927
1509.803955
588.235290
-333.333343
-1147.058837
-1882.353027
-2490.196044
-2754.902099
-2754.902099
-2372.549072
-1833.333374
-1000.000000
-88.235298
1627.451049
2313.725585
2656.862792
2774.509765
2509.803955
2088.235351
1362.745117
-647.058837
-1401.960815
-2156.862792
-2637.254882
-2784.313720
-2607.843261
-1450.980468
-480.392150
441.176483
1196.078491
1970.588256
2519.607910
2745.098144
2254.902099
1666.666748
813.725524
-137.254898
-950.980407
-1676.470581
-2372.549072
-2784.313720
-2421.568603
-1921.568603
-1137.254882
-147.058822
686.274536
1460.784301
2656.862792
2764.706054
2549.019775
2107.843261
1421.568603
460.784332
-441.176483
-2088.235351
-2598.039306
-2784.313720
-2627.450927
-2235.294189
-1637.254882
372.549041
1156.862792
1882.353027
2470.588378
2735.294189
2745.098144
2362.745117
862.745117
-58.823532
-872.549011
-1607.843139
-2333.333496
-2705.882324
-2794.117675
-1960.784301
-1205.882324
-176.470596
656.862731
1401.960815
2127.450927
2607.843261
2568.627441
2137.254882
1441.176513
500.000000
-333.333343
-1137.254882
-1872.549072
-2794.117675
-2686.274658
-2303.921630
-1725.490234
-862.745117
98.039215
882.352966
1627.451049
2333.333496
2686.274658
2441.176513
1970.588256
1215.686279
-784.313720
-1529.411743
-2284.313720
-2676.470703
-2794.117675
-2558.823486
-2107.843261
-303.921569
578.431396
1343.137329
2068.627441
2578.431396
2745.098144
2617.647216
1529.411743
598.039245
-313.725494
-1147.058837
-1892.156860
-2490.196044
-2754.902099
-2303.921630
-1745.098022
-892.156860
49.019607
823.529418
1598.039184
2254.902099
2666.666748
2774.509765
2529.411865
2117.647216
1392.156860
480.392150
-431.372558
-1225.490234
-1980.392211
-2568.627441
-2774.509765
-2225.490234
-1627.451049
-725.490234
205.882354
1019.607849
1745.098022
2392.156982
2715.686279
2745.098144
2421.568603
1068.627441
68.627449
-705.882385
-1460.784301
-2696.078369
-2794.117675
-2549.019775
-2068.627441
-1372.549072
-382.352935
1401.960815
2137.254882
2656.862792
2754.902099
2578.431396
2196.078369
1549.019653
-411.764709
-1215.686279
-1950.980468
-2519.607910
-2784.313720
-2745.098144
-2333.333496
-794.117675
186.274520
1000.000000
1666.666748
2372.549072
2705.882324
2764.706054
2450.980468
2009.803955
1294.117675
313.725494
-568.627441
-1333.333374
-2107.843261
-2617.647216
-2794.117675
-2598.039306
-2215.686279
-568.627441
352.941192
1147.058837
1911.764770
2490.196044
2745.098144
2754.902099
1705.882324
872.549011
-88.235298
-892.156860
-1607.843139
-2352.941162
-2696.078369
-2431.372558
-1950.980468
-1205.882324
-166.666671
656.862731
1411.764770
2656.862792
2754.902099
2568.627441
2107.843261
1441.176513
500.000000
-343.137268
-1990.196166
-2539.215820
-2764.706054
-2686.274658
-2303.921630
-1715.686279
-843.137268
1078.431396
1833.333374
2450.980468
2745.098144
2764.706054
2401.960937
1911.764770
0.000000
-666.666687
-1421.568603
-2205.882324
-2676.470703
-2784.313720
-2598.039306
-2166.666748
-1529.411743
-558.823547
1274.509887
2009.803955
2549.019775
2588.235351
2225.490234
1617.647094
715.686279
-245.098037
-1049.019653
-1784.313720
-2745.098144
-2764.706054
-2362.745117
-1813.725463
-990.196105
-19.607843
774.509826
2294.117675
2696.078369
2774.509765
2519.607910
2068.627441
1343.137329
392.156860
-1392.156860
-2147.058837
-2647.058837
-2784.313720
-2598.039306
-2186.274658
-1568.627441
421.568634
1205.882324
1931.372558
2490.196044
2735.294189
2696.078369
1627.451049
794.117675
-147.058822
-980.392150
-1725.490234
-2401.960937
-2715.686279
-2401.960937
-1892.156860
-1088.235351
-68.627449
725.490234
1460.784301
2176.470703
2774.509765
2529.411865
2078.431396
1382.353027
431.372558
-460.784332
-1235.294189
-2617.647216
-2774.509765
-2617.647216
-2215.686279
-1598.039184
-686.274536
264.705902
1058.823608
1784.313720
2421.568603
2754.902099
2362.745117
1833.333374
-117.647064
-941.176513
-1666.666748
-2362.745117
-2705.882324
-2803.921630
-2460.784423
-1107.843139
-117.647064
735.294128
1450.980468
2196.078369
2656.862792
2784.313720
2058.823486
1372.549072
431.372558
-470.588256
-1245.098022
-1990.196166
-2558.823486
-2784.313720
-2676.470703
-2294.117675
-1705.882324
-823.529418
137.254898
980.392150
1647.058837
2352.941162
2666.666748
2774.509765
1892.156860
1137.254882
156.862747
-676.470581
-1441.176513
-2196.078369
-2647.058837
-2568.627441
-2107.843261
-1411.764770
-411.764709
490.196075
1235.294189
1980.392211
2519.607910
2735.294189
2686.274658
1637.254882
764.705871
-186.274520
-1843.137329
-2460.784423
-2754.902099
-2784.313720
-2372.549072
-1852.941162
-1039.215698
950.980407
1656.862792
2352.941162
2705.882324
2774.509765
2470.588378
2019.607910
186.274520
-647.058837
-1421.568603
-2166.666748
-2637.254882
-2784.313720
-2607.843261
-1421.568603
-470.588256
460.784332
1225.490234
1990.196166
2539.215820
2598.039306
2225.490234
1617.647094
764.705871
-166.666671
-1009.803955
-1764.705932
-2745.098144
-2774.509765
-2401.960937
-1862.745117
-1019.607849
-39.215686
764.705871
2323.529541
2686.274658
2784.313720
2490.196044
2039.215698
1323.529418
352.941192
-1401.960815
-2156.862792
-2647.058837
-2784.313720
-2607.843261
-2176.470703
-1558.823608
460.784332
1245.098022
1990.196166
2509.803955
2745.098144
2686.274658
1647.058837
784.313720
-156.862747
-1009.803955
-1735.294189
-2421.568603
-2735.294189
-2372.549072
-1823.529418
-1029.411743
-9.803922
725.490234
1490.196166
2205.882324
2764.706054
2529.411865
2039.215698
1362.745117
411.764709
-480.392150
-1264.705932
-2617.647216
-2813.725585
-2617.647216
-2205.882324
-1568.627441
-666.666687
284.313720
1107.843139
1833.333374
2450.980468
2725.490234
2313.725585
1794.117675
-166.666671
-1019.607849
-1754.901977
-2411.764648
-2735.294189
-2794.117675
-2421.568603
-1039.215698
-9.803922
725.490234
1480.392211
2215.686279
2647.058837
2764.706054
2088.235351
1382.353027
421.568634
-500.000000
-1215.686279
-1950.980468
-2529.411865
-2647.058837
-2245.098144
-1647.058837
-784.313720
176.470596
1000.000000
1637.254882
2352.941162
2696.078369
2803.921630
2480.392089
2009.803955
1284.313720
313.725494
-549.019592
-1313.725463
-2068.627441
-2598.039306
-2598.039306
-2186.274658
-1558.823608
-607.843139
333.333343
1156.862792
1862.745117
2450.980468
2754.902099
2745.098144
2362.745117
1843.137329
1029.411743
49.019607
-735.294128
-1490.196166
-2254.902099
-2666.666748
-2519.607910
-2049.019531
-1323.529418
-352.941192
529.411804
1294.117675
2058.823486
2784.313720
2578.431396
2176.470703
1568.627441
647.058837
-254.901962
-1088.235351
-1833.333374
-2441.176513
-2764.706054
-2803.921630
-2392.156982
-1852.941162
-1049.019653
-39.215686
754.901977
1500.000000
2166.666748
2803.921630
2529.411865
2088.235351
1382.353027
441.176483
-450.980407
-1235.294189
-2607.843261
-2794.117675
-2637.254882
-2254.902099
-1607.843139
-715.686279
235.294128
1029.411743
1764.705932
2411.764648
2745.098144
2352.941162
1794.117675
-98.039215
-882.352966
-1637.254882
-2323.529541
-2696.078369
-2784.313720
-2500.000000
-1264.705932
-264.705902
588.235290
1313.725463
2098.039306
2598.039306
2764.706054
2156.862792
1529.411743
607.843139
-313.725494
-1147.058837
-1862.745117
-2500.000000
-2735.294189
-2333.333496
-1774.509887
-921.568664
19.607843
823.529418
1539.215698
2676.470703
2784.313720
2470.588378
2029.411743
1294.117675
313.725494
-558.823547
-2176.470703
-2656.862792
-2794.117675
-2617.647216
-2176.470703
-1529.411743
490.196075
1245.098022
1990.196166
2519.607910
2754.902099
2715.686279
2323.529541
754.901977
-176.470596
-990.196105
-1705.882324
-2401.960937
-2725.490234
-2774.509765
-1862.745117
-1068.627441
-58.823532
745.098083
1470.588256
2215.686279
2627.450927
2519.607910
2088.235351
1362.745117
411.764709
-450.980407
-1235.294189
-2009.803955
-2784.313720
-2617.647216
-2235.294189
-1607.843139
-705.882385
254.901962
1901.960815
2460.784423
2735.294189
2764.706054
2372.549072
1843.137329
1039.215698
-960.784301
-1686.274536
-2401.960937
-2705.882324
-2794.117675
-2450.980468
-1990.196166
-107.843139
745.098083
1480.392211
2215.686279
2656.862792
2784.313720
2588.235351
2127.450927
1470.588256
539.215698
-382.352935
-1186.274536
-1960.784301
-2519.607910
-2774.509765
-2735.294189
-2343.137207
-1754.901977
176.470596
990.196105
1705.882324
2372.549072
2676.470703
2774.509765
2460.784423
1117.647094
147.058822
-696.078430
-1441.176513
-2186.274658
-2676.470703
-2803.921630
-2088.235351
-1401.960815
-441.176483
490.196075
1225.490234
1990.196166
2784.313720
2588.235351
2235.294189
1617.647094
725.490234
-215.686279
-1049.019653
-2480.392089
-2745.098144
-2764.706054
-2362.745117
-1813.725463
-1009.803955
9.803922
1637.254882
2323.529541
2696.078369
2754.902099
2500.000000
2088.235351
1401.960815
-607.843139
-1362.745117
-2147.058837
-2647.058837
-2774.509765
-2598.039306
-2196.078369
-1578.431396
-656.862731
294.117645
1911.764770
2490.196044
2754.902099
2274.509765
1676.470581
833.333374
-107.843139
-941.176513
-1676.470581
-2372.549072
-2774.509765
-2431.372558
-1901.960815
-1147.058837
-127.450981
705.882385
1441.176513
2666.666748
2794.117675
2529.411865
2078.431396
1343.137329
392.156860
-500.000000
-2068.627441
-2598.039306
-2774.509765
-2647.058837
-2264.705810
-1656.862792
323.529418
1137.254882
1862.745117
2460.784423
2745.098144
2754.902099
2372.549072
911.764709
-29.411766
-823.529418
-1588.235351
-2323.529541
-2696.078369
-2794.117675
-2000.000000
-1313.725463
-303.921569
549.019592
1313.725463
2058.823486
2578.431396
2598.039306
2205.882324
1549.019653
647.058837
-264.705902
-1098.039184
-1823.529418
-2774.509765
-2715.686279
-2352.941162
-1774.509887
-941.176513
29.411766
813.725524
1568.627441
2284.313720
2676.470703
2754.902099
2539.215820
2088.235351
1421.568603
470.588256
-431.372558
-1235.294189
-1990.196166
-2794.117675
-2637.254882
-2245.098144
-1617.647094
-745.098083
205.882354
1000.000000
2441.176513
2735.294189
2794.117675
2392.156982
1882.353027
1107.843139
117.647064
-725.490234
-1470.588256
-2205.882324
-2656.862792
-2774.509765
-2588.235351
-2127.450927
-1480.392211
-500.000000
323.529418
1147.058837
2529.411865
2745.098144
2705.882324
2323.529541
1715.686279
892.156860
-39.215686
-1705.882324
-2421.568603
-2725.490234
-2794.117675
-2431.372558
-1970.588256
-1196.078491
784.313720
1529.411743
2235.294189
2647.058837
2774.509765
2549.019775
1303.921630
333.333343
-539.215698
-1313.725463
-2088.235351
-2617.647216
-2784.313720
-2186.274658
-1539.215698
-598.039245
352.941192
1137.254882
1852.941162
2450.980468
2735.294189
2313.725585
1715.686279
901.960815
-49.019607
-813.725524
-1578.431396
-2705.882324
-2813.725585
-2470.588378
-1960.784301
-1215.686279
-235.294128
1549.019653
2225.490234
2676.470703
2774.509765
2568.627441
2107.843261
1431.372558
-549.019592
-1303.921630
-2078.431396
-2607.843261
-2784.313720
-2647.058837
-2245.098144
-617.647094
303.921569
1127.451049
1862.745117
2460.784423
2715.686279
2764.706054
1735.294189
921.568664
-19.607843
-843.137268
-1588.235351
-2313.725585
-2696.078369
-2470.588378
-2019.607910
-1245.098022
-245.098037
588.235290
1343.137329
2647.058837
2774.509765
2578.431396
2147.058837
1529.411743
578.431396
-343.137268
-2009.803955
-2549.019775
-2774.509765
-2705.882324
-2313.725585
-1725.490234
-862.745117
1068.627441
1813.725463
2441.176513
2745.098144
2774.509765
2372.549072
1892.156860
1098.039184
137.254898
-696.078430
-2274.509765
-2676.470703
-2794.117675
-2539.215820
-2117.647216
-1382.353027
-411.764709
470.588256
1254.901977
1980.392211
2519.607910
2735.294189
2676.470703
2323.529541
1725.490234
-225.490203
-1029.411743
-1794.117675
-2441.176513
-2725.490234
-2774.509765
-2401.960937
-1009.803955
-9.803922
745.098083
1490.196166
2215.686279
2627.450927
2519.607910
2078.431396
1372.549072
401.960784
-480.392150
-1254.901977
-2029.411743
-2774.509765
-2598.039306
-2225.490234
-1588.235351
-686.274536
303.921569
1088.235351
2509.803955
2745.098144
2774.509765
2362.745117
1794.117675
950.980407
29.411766
-1656.862792
-2362.745117
-2725.490234
-2774.509765
-2460.784423
-2019.607910
-1274.509887
705.882385
1450.980468
2176.470703
2647.058837
2754.902099
2588.235351
1401.960815
470.588256
-431.372558
-1215.686279
-2000.000000
-2500.000000
-2754.902099
-2313.725585
-1715.686279
-901.960815
39.215686
833.333374
1588.235351
2313.725585
2764.706054
2450.980468
2019.607910
1284.313720
313.725494
-568.627441
-1323.529418
-2676.470703
-2784.313720
-2598.039306
-2186.274658
-1529.411743
-598.039245
343.137268
1990.196166
2519.607910
2735.294189
2686.274658
2303.921630
1754.901977
921.568664
-29.411766
-823.529418
-1578.431396
-2303.921630
-2686.274658
-2794.117675
-2529.411865
-2068.627441
-1313.725463
-333.333343
539.215698
2166.666748
2647.058837
2784.313720
2578.431396
2176.470703
1558.823608
666.666687
-1196.078491
-1950.980468
-2519.607910
-2764.706054
-2735.294189
-2343.137207
-784.313720
186.274520
990.196105
1715.686279
2382.353027
2705.882324
2784.313720
1882.353027
1107.843139
137.254898
-715.686279
-1460.784301
-2205.882324
-2647.058837
-2558.823486
-2088.235351
-1352.941162
-392.156860
509.803924
1254.901977
2019.607910
2529.411865
2764.706054
2696.078369
1598.039184
715.686279
-205.882354
-1039.215698
-1774.509887
-2431.372558
-2735.294189
-2362.745117
-1794.117675
-970.588256
-39.215686
764.705871
1500.000000
2196.078369
2794.117675
2529.411865
2098.039306
1401.960815
450.980407
-450.980407
-1225.490234
-2598.039306
-2784.313720
-2637.254882
-2254.902099
-1666.666748
-774.509826
156.862747
1000.000000
1676.470581
2352.941162
2686.274658
2745.098144
2450.980468
2000.000000
1313.725463
382.352935
-509.803924
-1284.313720
-2647.058837
-2784.313720
-2617.647216
-2196.078369
-1578.431396
-647.058837
284.313720
1941.176513
2500.000000
2754.902099
2754.902099
2362.745117
1852.941162
1058.823608
-911.764709
-1666.666748
-2362.745117
-2705.882324
-2794.117675
-2480.392089
-2009.803955
-1245.098022
-274.509796
598.039245
2205.882324
2647.058837
2794.117675
2568.627441
2137.254882
1509.803955
607.843139
-343.137268
-1147.058837
-1901.960815
-2774.509765
-2705.882324
-2294.117675
-725.490234
225.490203
1029.411743
1735.294189
2401.960937
2725.490234
2764.706054
1823.529418
1029.411743
49.019607
-735.294128
-1500.000000
-2196.078369
-2656.862792
-2539.215820
-2117.647216
-1411.764770
-441.176483
460.784332
1245.098022
1980.392211
2774.509765
2598.039306
2235.294189
1627.451049
764.705871
-156.862747
-990.196105
-2450.980468
-2735.294189
-2794.117675
-2401.960937
-1882.353027
-1058.823608
931.372558
1656.862792
2362.745117
2686.274658
2784.313720
2490.196044
2029.411743
205.882354
-647.058837
-1411.764770
-2147.058837
-2647.058837
-2803.921630
-2607.843261
-1460.784301
-500.000000
382.352935
1137.254882
1892.156860
2470.588378
2745.098144
2303.921630
1715.686279
882.352966
-68.627449
-862.745117
-1647.058837
-2323.529541
-2794.117675
-2441.176513
-1990.196166
-1196.078491
-196.078430
637.254943
1362.745117
2137.254882
2617.647216
2764.706054
2107.843261
1480.392211
539.215698
-1294.117675
-2049.019531
-2588.235351
-2784.313720
-2637.254882
-2254.902099
-1637.254882
352.941192
1147.058837
1901.960815
2500.000000
2774.509765
2774.509765
2392.156982
980.392150
19.607843
-764.705871
-1539.215698
-2254.902099
-2686.274658
-2784.313720
-2068.627441
-1313.725463
-313.725494
568.627441
1323.529418
2058.823486
2578.431396
2764.706054
2656.862792
2264.705810
1647.058837
774.509826
-137.254898
-990.196105
-1715.686279
-2382.353027
-2705.882324
-2794.117675
-1872.549072
-1078.431396
-58.823532
725.490234
1480.392211
2225.490234
2647.058837
2784.313720
2568.627441
2137.254882
1490.196166
578.431396
-362.745117
-1166.666748
-1911.764770
-2490.196044
-2754.902099
-2754.902099
-1715.686279
-872.549011
88.235298
882.352966
1607.843139
2313.725585
2666.666748
2450.980468
1980.392211
1245.098022
245.098037
-578.431396
-1352.941162
-2137.254882
-2803.921630
-2598.039306
-2176.470703
-1519.607910
-558.823547
382.352935
1156.862792
1882.353027
2470.588378
2745.098144
2284.313720
1696.078491
862.745117
-1078.431396
-1803.921630
-2450.980468
-2745.098144
-2794.117675
-2401.960937
-1882.353027
0.000000
696.078430
1441.176513
2156.862792
2647.058837
2764.706054
2588.235351
1421.568603
500.000000
-352.941192
-1176.470581
-1901.960815
-2490.196044
-2764.706054
-2294.117675
-1725.490234
-843.137268
98.039215
892.156860
1607.843139
2323.529541
2774.509765
2431.372558
1980.392211
1225.490234
225.490203
-607.843139
-1333.333374
-2666.666748
-2803.921630
-2588.235351
-2117.647216
-1460.784301
-500.000000
1264.705932
2009.803955
2549.019775
2735.294189
2696.078369
2264.705810
1725.490234
-225.490203
-1049.019653
-1794.117675
-2450.980468
-2754.902099
-2813.725585
-2421.568603
-1009.803955
0.000000
676.470581
1401.960815
2156.862792
2627.450927
2784.313720
2107.843261
1421.568603
490.196075
-431.372558
-1205.882324
-1990.196166
-2539.215820
-2764.706054
-2715.686279
-2333.333496
-1735.294189
-862.745117
98.039215
862.745117
1627.451049
2274.509765
2696.078369
2764.706054
2009.803955
1274.509887
303.921569
-558.823547
-1313.725463
-2078.431396
-2598.039306
-2588.235351
-2166.666748
-1529.411743
-578.431396
372.549041
1166.666748
1901.960815
2460.784423
2725.490234
2735.294189
2323.529541
1813.725463
970.588256
29.411766
-754.901977
-1509.803955
-2235.294189
-2666.666748
-2509.803955
-2039.215698
-1294.117675
-313.725494
568.627441
1333.333374
2107.843261
2774.509765
2578.431396
2166.666748
1529.411743
617.647094
-323.529418
-1147.058837
-2549.019775
-2764.706054
-2725.490234
-2323.529541
-1745.098022
-892.156860
1029.411743
1764.705932
2411.764648
2715.686279
2794.117675
2392.156982
1911.764770
19.607843
-754.901977
-1509.803955
-2235.294189
-2676.470703
-2813.725585
-2588.235351
-1323.529418
-362.745117
568.627441
1294.117675
2068.627441
2558.823486
2745.098144
2617.647216
2235.294189
1666.666748
764.705871
-156.862747
-1009.803955
-1745.098022
-2411.764648
-2735.294189
-2784.313720
-2421.568603
-1019.607849
-39.215686
745.098083
1490.196166
2235.294189
2666.666748
2784.313720
2058.823486
1362.745117
401.960784
-490.196075
-1264.705932
-2029.411743
-2558.823486
-2617.647216
-2205.882324
-1568.627441
-647.058837
294.117645
1098.039184
2509.803955
2735.294189
2735.294189
2323.529541
1764.705932
950.980407
9.803922
-1637.254882
-2343.137207
-2705.882324
-2794.117675
-2509.803955
-2039.215698
-1303.921630
686.274536
1441.176513
2176.470703
2637.254882
2764.706054
2568.627441
2166.666748
490.196075
-421.568634
-1225.490234
-1970.588256
-2549.019775
-2764.706054
-2735.294189
-1666.666748
-774.509826
156.862747
1000.000000
1686.274536
2382.353027
2745.098144
2372.549072
1911.764770
1147.058837
166.666671
-656.862731
-1441.176513
-2676.470703
-2803.921630
-2558.823486
-2107.843261
-1411.764770
-431.372558
460.784332
2107.843261
2578.431396
2745.098144
2598.039306
2205.882324
1617.647094
735.294128
-1156.862792
-1892.156860
-2490.196044
-2784.313720
-2774.509765
-2352.941162
-1774.509887
-980.392150
-19.607843
774.509826
1509.803955
2245.098144
2656.862792
2774.509765
2568.627441
2137.254882
1470.588256
509.803924
-1303.921630
-2058.823486
-2607.843261
-2803.921630
-2666.666748
-2245.098144
-1647.058837
333.333343
1137.254882
1862.745117
2450.980468
2745.098144
2774.509765
1735.294189
921.568664
-29.411766
-823.529418
-1588.235351
-2313.725585
-2696.078369
-2470.588378
-1980.392211
-1225.490234
-245.098037
607.843139
1343.137329
2127.450927
2774.509765
2568.627441
2137.254882
1480.392211
588.235290
-362.745117
-1166.666748
-2549.019775
-2794.117675
-2676.470703
-2294.117675
-1686.274536
-823.529418
137.254898
950.980407
1676.470581
2333.333496
2764.706054
2401.960937
1911.764770
49.019607
-735.294128
-1490.196166
-2254.902099
-2656.862792
-2784.313720
-2588.235351
-1333.333374
-352.941192
539.215698
1303.921630
2058.823486
2558.823486
2784.313720
2176.470703
1558.823608
666.666687
-274.509796
-1078.431396
-1833.333374
-2460.784423
-2735.294189
-2323.529541
-1735.294189
-882.352966
58.823532
852.941162
1568.627441
2294.117675
2666.666748
2794.117675
2509.803955
2068.627441
1343.137329
382.352935
-500.000000
-1225.490234
-2000.000000
-2519.607910
-2656.862792
-2284.313720
-1686.274536
-794.117675
156.862747
980.392150
1715.686279
2715.686279
2764.706054
2401.960937
1911.764770
1137.254882
156.862747
-696.078430
-2264.705810
-2676.470703
-2794.117675
-2578.431396
-2107.843261
-1411.764770
598.039245
1343.137329
2078.431396
2588.235351
2754.902099
2588.235351
2205.882324
588.235290
-343.137268
-1156.862792
-1892.156860
-2500.000000
-2784.313720
-2794.117675
-1764.705932
-901.960815
39.215686
823.529418
1549.019653
2274.509765
2676.470703
2480.392089
2019.607910
1313.725463
352.941192
-529.411804
-1303.921630
-2068.627441
-2813.725585
-2588.235351
-2186.274658
-1539.215698
-598.039245
343.137268
1147.058837
1892.156860
2480.392089
2754.902099
2764.706054
2372.549072
1843.137329
1039.215698
49.019607
-735.294128
-1480.392211
-2245.098144
-2784.313720
-2500.000000
-2127.450927
-1431.372558
-431.372558
470.588256
1225.490234
2588.235351
2774.509765
2637.254882
2245.098144
1647.058837
764.705871
-156.862747
-1813.725463
-2480.392089
-2754.902099
-2794.117675
-2392.156982
-1872.549072
58.823532
833.333374
1598.039184
2284.313720
2666.666748
2774.509765
2539.215820
2068.627441
1372.549072
441.176483
-470.588256
-2107.843261
-2617.647216
-2774.509765
-2617.647216
-2225.490234
-1607.843139
392.156860
1176.470581
1911.764770
2480.392089
2745.098144
2725.490234
2343.137207
843.137268
-107.843139
-921.568664
-1666.666748
-2372.549072
-2705.882324
-2813.725585
-1911.764770
-1127.451049
-127.450981
705.882385
1450.980468
2166.666748
2627.450927
2774.509765
2598.039306
2186.274658
1539.215698
607.843139
-333.333343
-1147.058837
-1872.549072
-2490.196044
-2764.706054
-2764.706054
-1754.901977
-911.764709
49.019607
813.725524
1568.627441
2254.902099
2676.470703
2470.588378
2039.215698
1303.921630
333.333343
-558.823547
-1323.529418
-2068.627441
-2784.313720
-2607.843261
-2176.470703
-1519.607910
-607.843139
352.941192
1147.058837
1862.745117
2460.784423
2745.098144
2303.921630
1715.686279
862.745117
-1078.431396
-1794.117675
-2460.784423
-2764.706054
-2794.117675
-2392.156982
-1862.745117
29.411766
803.921569
1578.431396
2274.509765
2666.666748
2764.706054
2539.215820
1294.117675
333.333343
-558.823547
-1323.529418
-2088.235351
-2607.843261
-2803.921630
-2166.666748
-1519.607910
-578.431396
372.549041
1147.058837
1882.353027
2745.098144
2715.686279
2313.725585
1764.705932
892.156860
-58.823532
-872.549011
-2382.353027
-2715.686279
-2803.921630
-2450.980468
-1990.196166
-1225.490234
-215.686279
1549.019653
2235.294189
2656.862792
2774.509765
2539.215820
2127.450927
1460.784301
-558.823547
-1323.529418
-2098.039306
-2607.843261
-2774.509765
-2617.647216
-2225.490234
-1627.451049
-725.490234
215.686279
1029.411743
1764.705932
2411.764648
2696.078369
2784.313720
2421.568603
1921.568603
1176.470581
-774.509826
-1539.215698
-2274.509765
-2696.078369
-2803.921630
-2558.823486
-2078.431396
-303.921569
578.431396
1343.137329
2098.039306
2607.843261
2745.098144
2166.666748
1519.607910
647.058837
-303.921569
-1117.647094
-1882.353027
-2470.588378
-2725.490234
-2303.921630
-1745.098022
-911.764709
49.019607
823.529418
1568.627441
2686.274658
2745.098144
2460.784423
2029.411743
1284.313720
313.725494
-568.627441
-2166.666748
-2647.058837
-2794.117675
-2607.843261
-2176.470703
-1509.803955
-588.235290
1274.509887
2019.607910
2539.215820
2735.294189
2656.862792
2264.705810
745.098083
-186.274520
-1000.000000
-1705.882324
-2382.353027
-2715.686279
-2784.313720
-1882.353027
-1078.431396
-68.627449
715.686279
1450.980468
2205.882324
2666.666748
2509.803955
2078.431396
1372.549072
431.372558
-480.392150
-1235.294189
-2019.607910
-2803.921630
-2627.450927
-2205.882324
-1607.843139
-735.294128
254.901962
1049.019653
1774.509887
2421.568603
2705.882324
2794.117675
2401.960937
1882.353027
1147.058837
156.862747
-696.078430
-1441.176513
-2196.078369
-2794.117675
-2549.019775
-2107.843261
-1382.353027
-411.764709
500.000000
1196.078491
2578.431396
2764.706054
2666.666748
2274.509765
1686.274536
813.725524
-117.647064
-1794.117675
-2450.980468
-2735.294189
-2784.313720
-2382.353027
-1852.941162
49.019607
794.117675
1558.823608
2254.902099
2666.666748
2774.509765
2549.019775
1303.921630
343.137268
-549.019592
-1294.117675
-2078.431396
-2617.647216
-2784.313720
-2196.078369
-1539.215698
-598.039245
323.529418
1127.451049
1852.941162
2460.784423
2754.902099
2313.725585
1725.490234
911.764709
-39.215686
-823.529418
-1568.627441
-2303.921630
-2686.274658
-2803.921630
-2509.803955
-2098.039306
-1352.941162
-362.745117
539.215698
1284.313720
2049.019531
2558.823486
2588.235351
2186.274658
1578.431396
676.470581
-264.705902
-1088.235351
-1833.333374
-2480.392089
-2784.313720
-2764.706054
-2362.745117
-1843.137329
-1039.215698
-39.215686
774.509826
1509.803955
2235.294189
2676.470703
2509.803955
2058.823486
1372.549072
401.960784
-490.196075
-1264.705932
-2029.411743
-2568.627441
-2774.509765
-2656.862792
-1598.039184
-686.274536
274.509796
1078.431396
1813.725463
2421.568603
2725.490234
2323.529541
1764.705932
980.392150
19.607843
-754.901977
-1519.607910
-2254.902099
-2794.117675
-2529.411865
-2058.823486
-1323.529418
-333.333343
549.019592
1274.509887
2068.627441
2588.235351
2774.509765
2637.254882
2274.509765
1656.862792
764.705871
-176.470596
-980.392150
-1705.882324
-2401.960937
-2784.313720
-2411.764648
-1882.353027
-1117.647094
-88.235298
705.882385
1470.588256
2676.470703
2774.509765
2539.215820
2107.843261
1411.764770
441.176483
-450.980407
-2088.235351
-2598.039306
-2794.117675
-2627.450927
-2264.705810
-1627.451049
392.156860
1147.058837
1892.156860
2450.980468
2725.490234
2764.706054
2362.745117
892.156860
-29.411766
-823.529418
-1588.235351
-2313.725585
-2686.274658
-2794.117675
-1990.196166
-1205.882324
-186.274520
647.058837
1382.353027
2117.647216
2637.254882
2558.823486
2137.254882
1480.392211
529.411804
-401.960784
-1196.078491
-1931.372558
-2774.509765
-2656.862792
-2274.509765
-1676.470581
-813.725524
166.666671
1813.725463
2441.176513
2705.882324
2794.117675
2411.764648
1862.745117
1098.039184
-911.764709
-1656.862792
-2352.941162
-2696.078369
-2794.117675
-2500.000000
-2098.039306
-264.705902
598.039245
1362.745117
2107.843261
2598.039306
2784.313720
2607.843261
2245.098144
1637.254882
735.294128
-1176.470581
-1901.960815
-2509.803955
-2754.902099
-2764.706054
-2382.353027
-1813.725463
127.450981
931.372558
1656.862792
2715.686279
2813.725585
2401.960937
1941.176513
1166.666748
166.666671
-666.666687
-2284.313720
-2676.470703
-2794.117675
-2558.823486
-2107.843261
-1431.372558
-431.372558
1362.745117
2137.254882
2637.254882
2774.509765
2607.843261
2186.274658
1588.235351
696.078430
-245.098037
-1058.823608
-1803.921630
-2450.980468
-2725.490234
-2784.313720
-2421.568603
-1892.156860
-1098.039184
-107.843139
754.901977
1490.196166
2215.686279
2794.117675
2509.803955
2078.431396
1392.156860
411.764709
-490.196075
-1235.294189
-2637.254882
-2784.313720
-2627.450927
-2225.490234
-1598.039184
-725.490234
245.098037
1862.745117
2470.588378
2725.490234
2754.902099
2372.549072
1843.137329
1009.803955
49.019607
-735.294128
-1490.196166
-2725.490234
-2803.921630
-2509.803955
-2098.039306
-1372.549072
-382.352935
519.607849
1284.313720
2058.823486
2558.823486
2774.509765
2617.647216
2254.902099
1676.470581
843.137268
-1078.431396
-1833.333374
-2450.980468
-2745.098144
-2794.117675
-2382.353027
-1843.137329
68.627449
872.549011
1598.039184
2303.921630
2666.666748
2764.706054
1990.196166
1254.901977
303.921569
-588.235290
-1333.333374
-2127.450927
-2617.647216
-2607.843261
-2147.058837
-1500.000000
-617.647094
294.117645
1137.254882
1833.333374
2745.098144
2666.666748
2313.725585
1735.294189
931.372558
9.803922
-745.098083
-2303.921630
-2696.078369
-2803.921630
-2509.803955
-2078.431396
-1352.941162
-333.333343
1441.176513
2186.274658
2647.058837
2754.902099
2578.431396
2176.470703
1558.823608
637.254943
-284.313720
-1107.843139
-1862.745117
-2470.588378
-2745.098144
-2764.706054
-2372.549072
-1843.137329
-1039.215698
-29.411766
1676.470581
2352.941162
2676.470703
2784.313720
2490.196044
2039.215698
1294.117675
333.333343
-558.823547
-1333.333374
-2666.666748
-2774.509765
-2598.039306
-1431.372558
-450.980407
460.784332
1205.882324
2000.000000
2431.372558
2735.294189
2274.509765
1725.490234
882.352966
-68.627449
-892.156860
-1627.451049
-2333.333496
-2794.117675
-2441.176513
-1950.980468
-1176.470581
-156.862747
666.666687
1441.176513
2656.862792
2764.706054
2558.823486
2127.450927
1431.372558
509.803924
-421.568634
-2049.019531
-2588.235351
-2774.509765
-2656.862792
-2264.705810
-1666.666748
323.529418
1127.451049
1852.941162
2450.980468
2735.294189
2784.313720
2372.549072
1852.941162
1058.823608
58.823532
-715.686279
-2294.117675
-2696.078369
-2774.509765
-2529.411865
-2068.627441
-1333.333374
666.666687
1401.960815
2156.862792
2617.647216
2774.509765
2578.431396
2196.078369
509.803924
-392.156860
-1186.274536
-1970.588256
-2519.607910
-2754.902099
-2754.902099
-1705.882324
-833.333374
127.450981
970.588256
1686.274536
2352.941162
2676.470703
2421.568603
1911.764770
1156.862792
156.862747
-676.470581
-1421.568603
-2166.666748
-2774.509765
-2558.823486
-2127.450927
-1441.176513
-441.176483
480.392150
2088.235351
2588.235351
