2764.706054
2617.647216
2225.490234
1647.058837
754.901977
-1147.058837
-1901.960815
-2509.803955
-2764.706054
-2774.509765
-2362.745117
-1833.333374
107.843139
921.568664
1627.451049
2313.725585
2696.078369
2794.117675
2480.392089
2019.607910
1294.117675
333.333343
-558.823547
-1323.529418
-2088.235351
-2607.843261
-2794.117675
-2617.647216
-2235.294189
-1637.254882
401.960784
1176.470581
1911.764770
2470.588378
2764.706054
2764.706054
2343.137207
882.352966
-78.431373
-882.352966
-1617.647094
-2343.137207
-2686.274658
-2803.921630
-1960.784301
-1205.882324
-186.274520
656.862731
1411.764770
2147.058837
2754.902099
2539.215820
2156.862792
1480.392211
549.019592
-392.156860
-1186.274536
-2558.823486
-2784.313720
-2666.666748
-2264.705810
-1696.078491
-803.921569
156.862747
1794.117675
2411.764648
2725.490234
2764.706054
2392.156982
1892.156860
1117.647094
-852.941162
-1627.451049
-2323.529541
-2705.882324
-2784.313720
-2519.607910
-1205.882324
-205.882354
647.058837
1382.353027
2127.450927
2627.450927
2754.902099
2137.254882
1470.588256
558.823547
-382.352935
-1196.078491
-1941.176513
-2529.411865
-2666.666748
-2254.902099
-1666.666748
-794.117675
166.666671
970.588256
1676.470581
2352.941162
2676.470703
2774.509765
1892.156860
1117.647094
137.254898
-686.274536
-1450.980468
-2186.274658
-2647.058837
-2549.019775
-2088.235351
-1401.960815
-421.568634
500.000000
1186.274536
1921.568603
2735.294189
2666.666748
2274.509765
1686.274536
813.725524
-107.843139
-970.588256
-2431.372558
-2745.098144
-2774.509765
-2411.764648
-1882.353027
-1088.235351
892.156860
1607.843139
2313.725585
2656.862792
2774.509765
2509.803955
2058.823486
245.098037
-588.235290
-1362.745117
-2127.450927
-2637.254882
-2774.509765
-2607.843261
-1500.000000
-627.450988
333.333343
1147.058837
1843.137329
2441.176513
2735.294189
2313.725585
1725.490234
911.764709
-39.215686
-833.333374
-1598.039184
-2323.529541
-2774.509765
-2490.196044
-1990.196166
-1235.294189
-235.294128
627.450988
1372.549072
2127.450927
2617.647216
2784.313720
2598.039306
2215.686279
1607.843139
715.686279
-225.490203
-1039.215698
-1794.117675
-2431.372558
-2754.902099
-2352.941162
-1784.313720
-970.588256
-19.607843
754.901977
1519.607910
2235.294189
2666.666748
2774.509765
2578.431396
2117.647216
1431.372558
500.000000
-372.549041
-1176.470581
-1911.764770
-2490.196044
-2764.706054
-2745.098144
-2352.941162
-882.352966
107.843139
921.568664
1666.666748
2352.941162
2705.882324
2764.706054
1931.372558
1156.862792
166.666671
-666.666687
-1421.568603
-2156.862792
-2666.666748
-2568.627441
-2107.843261
-1401.960815
-421.568634
500.000000
1196.078491
1960.784301
2774.509765
2666.666748
2274.509765
1705.882324
833.333374
-107.843139
-960.784301
-2450.980468
-2745.098144
-2794.117675
-2401.960937
-1921.568603
-1147.058837
-137.254898
705.882385
1460.784301
2215.686279
2647.058837
2764.706054
2558.823486
2156.862792
1519.607910
598.039245
-313.725494
-1156.862792
-2519.607910
-2774.509765
-2715.686279
-2303.921630
-1696.078491
-843.137268
88.235298
882.352966
1627.451049
2323.529541
2676.470703
2774.509765
2529.411865
2068.627441
1372.549072
401.960784
-509.803924
-1284.313720
-2627.450927
-2784.313720
-2627.450927
-2225.490234
-1598.039184
-705.882385
254.901962
1882.353027
2470.588378
2735.294189
2735.294189
2343.137207
1813.725463
980.392150
58.823532
-745.098083
-1490.196166
-2235.294189
-2676.470703
-2803.921630
-2607.843261
-2127.450927
-1450.980468
-500.000000
362.745117
2009.803955
2529.411865
2764.706054
2686.274658
2294.117675
1676.470581
872.549011
-1049.019653
-1794.117675
-2450.980468
-2754.902099
-2774.509765
-2401.960937
-1901.960815
-9.803922
764.705871
1500.000000
2166.666748
2637.254882
2754.902099
2568.627441
2186.274658
1539.215698
617.647094
-313.725494
-1156.862792
-1892.156860
-2500.000000
-2745.098144
-2803.921630
-2401.960937
-1882.353027
19.607843
813.725524
1588.235351
2284.313720
2686.274658
2784.313720
2539.215820
1303.921630
313.725494
-558.823547
-1313.725463
-2088.235351
-2627.450927
-2774.509765
-2186.274658
-1558.823608
-617.647094
343.137268
1147.058837
1872.549072
2735.294189
2676.470703
2313.725585
1735.294189
931.372558
-39.215686
-843.137268
-2372.549072
-2715.686279
-2823.529541
-2470.588378
-1980.392211
-1235.294189
-225.490203
1529.411743
2245.098144
2647.058837
2764.706054
2549.019775
2147.058837
1470.588256
-519.607849
-1294.117675
-2058.823486
-2588.235351
-2823.529541
-2637.254882
-1549.019653
-637.254943
313.725494
1137.254882
1852.941162
2470.588378
2715.686279
2333.333496
1735.294189
901.960815
-29.411766
-843.137268
-1598.039184
-2313.725585
-2794.117675
-2421.568603
-1970.588256
-1205.882324
-215.686279
627.450988
1382.353027
2647.058837
2764.706054
2578.431396
2137.254882
1509.803955
558.823547
-352.941192
-1166.666748
-1941.176513
-2509.803955
-2764.706054
-2754.902099
-2352.941162
-1784.313720
-950.980407
9.803922
754.901977
1480.392211
2686.274658
2794.117675
2519.607910
2068.627441
1362.745117
382.352935
-519.607849
-2117.647216
-2607.843261
-2784.313720
-2607.843261
-2225.490234
-1578.431396
-656.862731
1215.686279
1960.784301
2539.215820
2784.313720
2705.882324
2323.529541
774.509826
-137.254898
-980.392150
-1725.490234
-2401.960937
-2705.882324
-2803.921630
-1862.745117
-1068.627441
-68.627449
725.490234
1490.196166
2215.686279
2656.862792
2549.019775
2078.431396
1352.941162
392.156860
-490.196075
-1264.705932
-2029.411743
-2794.117675
-2627.450927
-2215.686279
-1578.431396
-666.666687
294.117645
1107.843139
1843.137329
2460.784423
2725.490234
2303.921630
1764.705932
941.176513
-1009.803955
-1754.901977
-2441.176513
-2735.294189
-2784.313720
-2421.568603
-1921.568603
-49.019607
754.901977
1500.000000
2166.666748
2637.254882
2764.706054
2568.627441
1460.784301
500.000000
-352.941192
-1166.666748
-1921.568603
-2490.196044
-2774.509765
-2294.117675
-1715.686279
-833.333374
98.039215
892.156860
1588.235351
2254.902099
2647.058837
2784.313720
2519.607910
2098.039306
1343.137329
401.960784
-480.392150
-1245.098022
-2029.411743
-2578.431396
-2803.921630
-2225.490234
-1598.039184
-705.882385
274.509796
1078.431396
1803.921630
2441.176513
2745.098144
2362.745117
1813.725463
980.392150
29.411766
-754.901977
-1490.196166
-2264.705810
-2696.078369
-2813.725585
-2039.215698
-1303.921630
-303.921569
1460.784301
2166.666748
2637.254882
2754.902099
2558.823486
2156.862792
1519.607910
-500.000000
-1215.686279
-1960.784301
-2568.627441
-2774.509765
-2715.686279
-2313.725585
-745.098083
205.882354
1019.607849
1764.705932
2401.960937
2715.686279
2754.902099
1862.745117
1088.235351
68.627449
-715.686279
-1470.588256
-2215.686279
-2686.274658
-2539.215820
-2088.235351
-1372.549072
-392.156860
519.607849
1274.509887
2607.843261
2764.706054
2617.647216
2274.509765
1637.254882
745.098083
-166.666671
-1843.137329
-2509.803955
-2745.098144
-2774.509765
-2362.745117
-1823.529418
-1009.803955
970.588256
1666.666748
2362.745117
2676.470703
2784.313720
2470.588378
2019.607910
156.862747
-666.666687
-1421.568603
-2196.078369
-2656.862792
-2794.117675
-2617.647216
-1431.372558
-421.568634
470.588256
1235.294189
1980.392211
2539.215820
2617.647216
2215.686279
1598.039184
745.098083
-166.666671
-1039.215698
-1774.509887
-2754.902099
-2774.509765
-2372.549072
-1852.941162
-1029.411743
-29.411766
784.313720
2313.725585
2686.274658
2774.509765
2519.607910
2058.823486
1362.745117
362.745117
-1421.568603
-2166.666748
-2637.254882
-2784.313720
-2607.843261
-2186.274658
-500.000000
382.352935
1176.470581
1882.353027
2490.196044
2745.098144
2735.294189
1696.078491
862.745117
-98.039215
-901.960815
-1627.451049
-2333.333496
-2715.686279
-2441.176513
-1941.176513
-1176.470581
-166.666671
666.666687
1411.764770
2137.254882
2794.117675
2558.823486
2127.450927
1441.176513
470.588256
-431.372558
-1205.882324
-2607.843261
-2794.117675
-2627.450927
-2235.294189
-1637.254882
-735.294128
1147.058837
1901.960815
2480.392089
2754.902099
2764.706054
2362.745117
1813.725463
-98.039215
-901.960815
-1647.058837
-2323.529541
-2705.882324
-2794.117675
-2500.000000
-1264.705932
-254.901962
588.235290
1323.529418
2078.431396
2607.843261
2774.509765
2156.862792
1490.196166
588.235290
-362.745117
-1176.470581
-1931.372558
-2500.000000
-2745.098144
-2784.313720
-2382.353027
-1843.137329
-1039.215698
0.000000
637.254943
1382.353027
2147.058837
2607.843261
2803.921630
2117.647216
1441.176513
529.411804
-431.372558
-1215.686279
-1960.784301
-2539.215820
-2647.058837
-2264.705810
-1647.058837
-784.313720
176.470596
970.588256
1696.078491
2735.294189
2774.509765
2382.353027
1892.156860
1117.647094
127.450981
-696.078430
-2264.705810
-2676.470703
-2784.313720
-2549.019775
-2127.450927
-1411.764770
588.235290
1323.529418
2068.627441
2568.627441
2794.117675
2607.843261
2215.686279
627.450988
-323.529418
-1137.254882
-1862.745117
-2500.000000
-2754.902099
-2803.921630
-1774.509887
-931.372558
19.607843
764.705871
1509.803955
2235.294189
2637.254882
2500.000000
2098.039306
1392.156860
441.176483
-441.176483
-1225.490234
-2000.000000
-2794.117675
-2656.862792
-2264.705810
-1696.078491
-794.117675
127.450981
941.176513
2411.764648
2715.686279
2764.706054
2411.764648
1921.568603
1186.274536
166.666671
-656.862731
-1421.568603
-2166.666748
-2656.862792
-2803.921630
-2588.235351
-2147.058837
-1500.000000
-637.254943
284.313720
1098.039184
2519.607910
2774.509765
2735.294189
2333.333496
1774.509887
960.784301
39.215686
-1647.058837
-2372.549072
-2686.274658
-2794.117675
-2490.196044
-2049.019531
-1303.921630
676.470581
1411.764770
2166.666748
2637.254882
2794.117675
2588.235351
1431.372558
470.588256
-450.980407
-1225.490234
-1980.392211
-2539.215820
-2754.902099
-2245.098144
-1656.862792
-745.098083
166.666671
990.196105
1696.078491
2372.549072
2774.509765
2392.156982
1882.353027
1147.058837
137.254898
-686.274536
-1441.176513
-2686.274658
-2803.921630
-2539.215820
-2117.647216
-1392.156860
-401.960784
480.392150
1254.901977
1990.196166
2549.019775
2754.902099
2676.470703
2274.509765
1715.686279
862.745117
-88.235298
-882.352966
-1647.058837
-2715.686279
-2794.117675
-2431.372558
-1950.980468
-1176.470581
-196.078430
656.862731
1392.156860
2147.058837
2607.843261
2754.902099
2588.235351
2166.666748
1549.019653
666.666687
-274.509796
-1098.039184
-1843.137329
-2764.706054
-2745.098144
-2343.137207
-1764.705932
-911.764709
19.607843
813.725524
2343.137207
2696.078369
2774.509765
2480.392089
2009.803955
1303.921630
352.941192
-539.215698
-1303.921630
-2068.627441
-2617.647216
-2784.313720
-2617.647216
-2235.294189
-1607.843139
-715.686279
235.294128
1068.627441
2460.784423
2745.098144
2774.509765
2362.745117
1803.921630
1000.000000
88.235298
-1588.235351
-2333.333496
-2686.274658
-2794.117675
-2509.803955
-2068.627441
-1333.333374
656.862731
1401.960815
2147.058837
2627.450927
2794.117675
2598.039306
1450.980468
509.803924
-401.960784
-1196.078491
-1950.980468
-2519.607910
-2764.706054
-2264.705810
-1686.274536
-774.509826
137.254898
950.980407
1656.862792
2352.941162
2784.313720
2401.960937
1892.156860
1156.862792
176.470596
-676.470581
-1421.568603
-2666.666748
-2794.117675
-2549.019775
-2107.843261
-1411.764770
-431.372558
490.196075
1225.490234
1990.196166
2519.607910
2745.098144
2686.274658
2313.725585
1745.098022
911.764709
-29.411766
-843.137268
-1588.235351
-2715.686279
-2803.921630
-2450.980468
-1980.392211
-1205.882324
-205.882354
637.254943
1362.745117
2137.254882
2617.647216
2774.509765
2568.627441
2176.470703
1598.039184
705.882385
-225.490203
-1088.235351
-1813.725463
-2764.706054
-2754.902099
-2362.745117
-1774.509887
-950.980407
-19.607843
803.921569
2343.137207
2696.078369
2794.117675
2490.196044
2029.411743
1294.117675
333.333343
-549.019592
-1303.921630
-2088.235351
-2598.039306
-2774.509765
-2627.450927
-2245.098144
-1656.862792
-754.901977
205.882354
1009.803955
2480.392089
2715.686279
2774.509765
2382.353027
1862.745117
1078.431396
88.235298
-1617.647094
-2323.529541
-2686.274658
-2794.117675
-2500.000000
-2088.235351
-1421.568603
607.843139
1343.137329
2107.843261
2607.843261
2754.902099
2588.235351
1490.196166
568.627441
-372.549041
-1166.666748
-1921.568603
-2500.000000
-2764.706054
-2333.333496
-1754.901977
-892.156860
49.019607
813.725524
1558.823608
2284.313720
2745.098144
2450.980468
2039.215698
1313.725463
343.137268
-529.411804
-1303.921630
-2617.647216
-2803.921630
-2617.647216
-2166.666748
-1539.215698
-578.431396
352.941192
1147.058837
1872.549072
2480.392089
2715.686279
2303.921630
1735.294189
-205.882354
-1049.019653
-1803.921630
-2450.980468
-2735.294189
-2794.117675
-2382.353027
-980.392150
-9.803922
725.490234
1460.784301
2205.882324
2647.058837
2774.509765
2117.647216
1401.960815
470.588256
-441.176483
-1225.490234
-1990.196166
-2568.627441
-2794.117675
-2696.078369
-2284.313720
-725.490234
245.098037
1039.215698
1774.509887
2431.372558
2725.490234
2784.313720
1833.333374
1039.215698
19.607843
-754.901977
-1509.803955
-2235.294189
-2676.470703
-2529.411865
-2049.019531
-1323.529418
-352.941192
549.019592
1284.313720
2049.019531
2578.431396
2794.117675
2627.450927
2245.098144
1656.862792
803.921569
-127.450981
-960.784301
-1696.078491
-2401.960937
-2725.490234
-2392.156982
-1892.156860
-1127.451049
-98.039215
686.274536
1441.176513
2156.862792
2784.313720
2529.411865
2107.843261
1392.156860
441.176483
-450.980407
-1235.294189
-2009.803955
-2549.019775
-2764.706054
-2254.902099
-1656.862792
-764.705871
1137.254882
1892.156860
2460.784423
2735.294189
2764.706054
2362.745117
1794.117675
-107.843139
-950.980407
-1666.666748
-2362.745117
-2715.686279
-2794.117675
-2470.588378
-1107.843139
-107.843139
715.686279
1460.784301
2196.078369
2656.862792
2794.117675
2078.431396
1392.156860
431.372558
-470.588256
-1245.098022
-1990.196166
-2549.019775
-2637.254882
-2215.686279
-1588.235351
-676.470581
245.098037
1049.019653
2490.196044
2725.490234
2745.098144
2343.137207
1794.117675
1019.607849
39.215686
-1656.862792
-2362.745117
-2715.686279
-2803.921630
-2490.196044
-2029.411743
-1264.705932
705.882385
1470.588256
2215.686279
2666.666748
2764.706054
2558.823486
2147.058837
1509.803955
607.843139
-343.137268
-1156.862792
-1901.960815
-2480.392089
-2735.294189
-2774.509765
-2362.745117
-1803.921630
-990.196105
-19.607843
784.313720
1509.803955
2686.274658
2774.509765
2549.019775
2058.823486
1372.549072
392.156860
-490.196075
-2117.647216
-2647.058837
-2813.725585
-2617.647216
-2215.686279
-1578.431396
-696.078430
1176.470581
1911.764770
2500.000000
2725.490234
2754.902099
2372.549072
1852.941162
-58.823532
-872.549011
-1617.647094
-2333.333496
-2705.882324
-2803.921630
-2519.607910
-1225.490234
-225.490203
637.254943
1372.549072
2127.450927
2617.647216
2754.902099
2607.843261
2215.686279
1607.843139
-401.960784
-1225.490234
-1941.176513
-2784.313720
-2656.862792
-2254.902099
-1686.274536
-803.921569
176.470596
980.392150
2411.764648
2705.882324
2794.117675
2401.960937
1911.764770
1147.058837
147.058822
-1578.431396
-2313.725585
-2696.078369
-2774.509765
-2529.411865
-2078.431396
-1323.529418
637.254943
1382.353027
2127.450927
2637.254882
2764.706054
2617.647216
1441.176513
509.803924
-401.960784
-1196.078491
-1960.784301
-2529.411865
-2764.706054
-2274.509765
-1656.862792
-774.509826
166.666671
980.392150
1705.882324
2392.156982
2764.706054
2392.156982
1892.156860
1137.254882
137.254898
-705.882385
-1450.980468
-2656.862792
-2784.313720
-2558.823486
-2098.039306
-1382.353027
-401.960784
490.196075
1245.098022
2009.803955
2529.411865
2754.902099
2696.078369
2303.921630
1735.294189
872.549011
-49.019607
-843.137268
-1607.843139
-2715.686279
-2803.921630
-2450.980468
-1980.392211
-1205.882324
-215.686279
637.254943
1372.549072
2137.254882
2617.647216
2568.627441
2137.254882
1480.392211
-529.411804
-1313.725463
-2098.039306
-2607.843261
-2803.921630
-2617.647216
-2235.294189
-588.235290
343.137268
1166.666748
1852.941162
2470.588378
2725.490234
2754.902099
1735.294189
892.156860
-39.215686
-843.137268
-1598.039184
-2323.529541
-2715.686279
-2460.784423
-2000.000000
-1313.725463
-294.117645
568.627441
1323.529418
2098.039306
2588.235351
2745.098144
2607.843261
1568.627441
637.254943
-294.117645
-1137.254882
-1852.941162
-2490.196044
-2764.706054
-2774.509765
-2362.745117
-1813.725463
-980.392150
-29.411766
745.098083
1480.392211
2215.686279
2794.117675
2509.803955
2049.019531
1352.941162
392.156860
-509.803924
-1274.509887
-2627.450927
-2794.117675
-2627.450927
-2196.078369
-1588.235351
-676.470581
1225.490234
1970.588256
2519.607910
2754.902099
2715.686279
2313.725585
1764.705932
-176.470596
-990.196105
-1705.882324
-2411.764648
-2715.686279
-2803.921630
-2460.784423
-1098.039184
-78.431373
715.686279
1480.392211
2205.882324
2666.666748
2745.098144
2549.019775
2137.254882
1490.196166
549.019592
-343.137268
-1176.470581
-1921.568603
-2480.392089
-2764.706054
-2764.706054
-2352.941162
-852.941162
98.039215
872.549011
1607.843139
2303.921630
2656.862792
2764.706054
1970.588256
1235.294189
245.098037
-598.039245
-1333.333374
-2117.647216
-2637.254882
-2588.235351
-2176.470703
-1500.000000
-637.254943
313.725494
1137.254882
1852.941162
2450.980468
2725.490234
2745.098144
2362.745117
1833.333374
1068.627441
49.019607
-715.686279
-1480.392211
-2235.294189
-2686.274658
-2529.411865
-2049.019531
-1333.333374
-343.137268
539.215698
1294.117675
2058.823486
2588.235351
2774.509765
2607.843261
1549.019653
656.862731
-284.313720
-1107.843139
-1833.333374
-2480.392089
-2764.706054
-2784.313720
-2392.156982
-1843.137329
-1019.607849
-29.411766
784.313720
1549.019653
2245.098144
2774.509765
2480.392089
2029.411743
1323.529418
362.745117
-529.411804
-1294.117675
-2656.862792
-2784.313720
-2627.450927
-2176.470703
-1568.627441
-627.450988
1215.686279
1980.392211
2549.019775
2754.902099
2705.882324
2284.313720
1725.490234
-215.686279
-1058.823608
-1803.921630
-2441.176513
-2745.098144
-2803.921630
-2401.960937
-1019.607849
0.000000
656.862731
1401.960815
2147.058837
2627.450927
2774.509765
2607.843261
2196.078369
1539.215698
-421.568634
-1245.098022
-1980.392211
-2539.215820
-2774.509765
-2715.686279
-2313.725585
-764.705871
196.078430
1000.000000
1676.470581
2372.549072
2696.078369
2754.902099
1921.568603
1156.862792
156.862747
-676.470581
-1450.980468
-2196.078369
-2666.666748
-2568.627441
-2127.450927
-1401.960815
-431.372558
490.196075
1235.294189
2607.843261
2784.313720
2607.843261
2235.294189
1607.843139
745.098083
-196.078430
-1843.137329
-2460.784423
-2754.902099
-2784.313720
-2372.549072
-1833.333374
-1009.803955
960.784301
1666.666748
2352.941162
2705.882324
2784.313720
2441.176513
1990.196166
1245.098022
284.313720
-598.039245
-2186.274658
-2656.862792
-2803.921630
-2117.647216
-1382.353027
-411.764709
470.588256
1245.098022
1990.196166
2558.823486
2754.902099
2676.470703
2284.313720
1705.882324
882.352966
-58.823532
-882.352966
-2401.960937
-2725.490234
-2794.117675
-2460.784423
-1098.039184
-98.039215
696.078430
1441.176513
2176.470703
2627.450927
2529.411865
2098.039306
1401.960815
480.392150
-431.372558
-1225.490234
-1980.392211
-2774.509765
-2627.450927
-2254.902099
-1656.862792
-745.098083
196.078430
1009.803955
2480.392089
2754.902099
2774.509765
2401.960937
1882.353027
1088.235351
127.450981
-1617.647094
-2303.921630
-2696.078369
-2794.117675
-2500.000000
-2107.843261
-1392.156860
607.843139
1333.333374
2117.647216
2598.039306
2784.313720
2607.843261
1480.392211
568.627441
-362.745117
-1196.078491
-1941.176513
-2519.607910
-2754.902099
-2294.117675
-1686.274536
-774.509826
127.450981
960.784301
1666.666748
2372.549072
2794.117675
2392.156982
1892.156860
1137.254882
156.862747
-696.078430
-1441.176513
-2686.274658
-2794.117675
-2549.019775
-2098.039306
-1382.353027
-411.764709
1362.745117
2117.647216
2637.254882
2784.313720
2598.039306
2186.274658
1598.039184
-411.764709
-1205.882324
-1950.980468
-2529.411865
-2774.509765
-2754.902099
-2352.941162
-794.117675
156.862747
970.588256
1676.470581
2372.549072
2715.686279
2794.117675
1901.960815
1147.058837
176.470596
-656.862731
-1450.980468
-2196.078369
-2647.058837
-2568.627441
-2088.235351
-1401.960815
-441.176483
480.392150
1254.901977
2607.843261
2774.509765
2617.647216
2205.882324
1627.451049
745.098083
-196.078430
-1852.941162
-2470.588378
-2774.509765
-2784.313720
-2382.353027
-1833.333374
-1019.607849
1000.000000
1676.470581
2362.745117
2676.470703
2784.313720
2460.784423
2009.803955
1294.117675
313.725494
-568.627441
-2176.470703
-2656.862792
-2803.921630
-2617.647216
-2186.274658
-1529.411743
-568.627441
1284.313720
2029.411743
2549.019775
2607.843261
2196.078369
1627.451049
696.078430
-245.098037
-1049.019653
-1784.313720
-2764.706054
-2774.509765
-2362.745117
-1813.725463
-990.196105
-29.411766
784.313720
2313.725585
2676.470703
2764.706054
2500.000000
2098.039306
1450.980468
509.803924
-1303.921630
-2088.235351
-2617.647216
-2803.921630
-2647.058837
-2254.902099
-1647.058837
333.333343
1147.058837
1892.156860
2480.392089
2745.098144
2735.294189
1745.098022
931.372558
-29.411766
-843.137268
-1598.039184
-2313.725585
-2696.078369
-2480.392089
-1980.392211
-1254.901977
-254.901962
617.647094
1352.941162
2107.843261
2764.706054
2568.627441
2156.862792
1500.000000
656.862731
-284.313720
-1117.647094
-1862.745117
-2480.392089
-2764.706054
-2333.333496
-1745.098022
-901.960815
29.411766
803.921569
1558.823608
2284.313720
2784.313720
2470.588378
2009.803955
1284.313720
343.137268
-568.627441
-1333.333374
-2666.666748
-2794.117675
-2598.039306
-2147.058837
-1500.000000
-637.254943
303.921569
1117.647094
1833.333374
2441.176513
2735.294189
2294.117675
1725.490234
-176.470596
-1009.803955
-1764.705932
-2411.764648
-2725.490234
-2813.725585
-2431.372558
-1921.568603
-1127.451049
-127.450981
696.078430
1431.372558
2176.470703
2637.254882
2549.019775
2107.843261
1401.960815
-598.039245
-1362.745117
-2107.843261
-2617.647216
-2803.921630
-2607.843261
-2205.882324
-529.411804
401.960784
1176.470581
1901.960815
2490.196044
2754.902099
2735.294189
2323.529541
1784.313720
990.196105
-950.980407
-1666.666748
-2362.745117
-2715.686279
-2813.725585
-2470.588378
-1960.784301
-117.647064
715.686279
1470.588256
2215.686279
2666.666748
2794.117675
2549.019775
1372.549072
431.372558
-480.392150
-1264.705932
-2029.411743
-2578.431396
-2794.117675
-2215.686279
-1578.431396
-676.470581
264.705902
1088.235351
1823.529418
2745.098144
2725.490234
2343.137207
1774.509887
990.196105
29.411766
-764.705871
-2343.137207
-2715.686279
-2823.529541
-2519.607910
-2078.431396
-1313.725463
-352.941192
1441.176513
2186.274658
2656.862792
2764.706054
2578.431396
2176.470703
1529.411743
-470.588256
-1284.313720
-2039.215698
-2598.039306
-2774.509765
-2676.470703
-1588.235351
-676.470581
264.705902
1068.627441
1794.117675
2421.568603
2735.294189
2362.745117
1813.725463
990.196105
58.823532
-754.901977
-1500.000000
-2176.470703
-2813.725585
-2549.019775
-2098.039306
-1411.764770
-480.392150
450.980407
1205.882324
2598.039306
2754.902099
2627.450927
2254.902099
1666.666748
813.725524
-127.450981
-1803.921630
-2441.176513
-2754.902099
-2794.117675
-2411.764648
-1872.549072
-1078.431396
892.156860
1637.254882
2323.529541
2666.666748
2784.313720
2490.196044
1215.686279
215.686279
-647.058837
-1382.353027
-2156.862792
-2647.058837
-2784.313720
-2137.254882
-1441.176513
-450.980407
431.372558
1186.274536
1960.784301
2480.392089
2627.450927
2264.705810
1676.470581
823.529418
-117.647064
-941.176513
-1686.274536
-2735.294189
-2794.117675
-2401.960937
-1882.353027
-1127.451049
-107.843139
725.490234
1450.980468
2196.078369
2676.470703
2784.313720
2568.627441
2137.254882
1519.607910
598.039245
-333.333343
-1176.470581
-1921.568603
-2784.313720
-2705.882324
-2313.725585
-1705.882324
-843.137268
117.647064
931.372558
1656.862792
2323.529541
2696.078369
2411.764648
1921.568603
1156.862792
-813.725524
-1578.431396
-2303.921630
-2696.078369
-2813.725585
-2539.215820
-2078.431396
-225.490203
607.843139
1372.549072
2127.450927
2598.039306
2794.117675
2607.843261
1500.000000
647.058837
-254.901962
-1098.039184
-1833.333374
-2450.980468
-2754.902099
-2362.745117
-1754.901977
-950.980407
-9.803922
764.705871
1509.803955
2196.078369
2794.117675
2519.607910
2078.431396
1372.549072
382.352935
-509.803924
-1264.705932
-2637.254882
-2794.117675
-2598.039306
-2225.490234
-1588.235351
-676.470581
1196.078491
1941.176513
2519.607910
2774.509765
2715.686279
2313.725585
1754.901977
-166.666671
-1009.803955
-1735.294189
-2421.568603
-2735.294189
-2803.921630
-2441.176513
-1019.607849
-9.803922
735.294128
1490.196166
2235.294189
2656.862792
2784.313720
2578.431396
2137.254882
1470.588256
-539.215698
-1274.509887
-2068.627441
-2784.313720
-2607.843261
-2205.882324
-1549.019653
-647.058837
294.117645
1107.843139
1852.941162
2470.588378
2754.902099
2784.313720
2372.549072
1862.745117
1078.431396
68.627449
-725.490234
-1490.196166
-2245.098144
-2666.666748
-2794.117675
-2578.431396
-2137.254882
-392.156860
509.803924
1264.705932
2019.607910
2558.823486
2745.098144
2666.666748
2284.313720
1715.686279
833.333374
-107.843139
-950.980407
-1676.470581
-2372.549072
-2725.490234
-2813.725585
-2490.196044
-1990.196166
-127.450981
676.470581
1470.588256
2196.078369
2676.470703
2754.902099
2568.627441
1460.784301
490.196075
-411.764709
-1205.882324
-1980.392211
-2539.215820
-2784.313720
-2235.294189
-1627.451049
-764.705871
186.274520
1009.803955
1745.098022
2725.490234
2774.509765
2382.353027
1872.549072
1098.039184
98.039215
-676.470581
-2294.117675
-2676.470703
-2823.529541
-2568.627441
-2098.039306
-1392.156860
-411.764709
1352.941162
2117.647216
2617.647216
2754.902099
2578.431396
2196.078369
1598.039184
-401.960784
-1205.882324
-1941.176513
-2529.411865
-2794.117675
-2725.490234
-2313.725585
-784.313720
176.470596
980.392150
1715.686279
2372.549072
2696.078369
2382.353027
1882.353027
1147.058837
127.450981
-705.882385
-1431.372558
-2215.686279
-2813.725585
-2519.607910
-2098.039306
-1382.353027
-421.568634
490.196075
1254.901977
2578.431396
2745.098144
2627.450927
2235.294189
1637.254882
745.098083
-186.274520
-1852.941162
-2500.000000
-2764.706054
-2803.921630
-2392.156982
-1882.353027
-1107.843139
901.960815
1637.254882
2333.333496
2686.274658
2764.706054
2490.196044
1225.490234
245.098037
-607.843139
-1352.941162
-2147.058837
-2627.450927
-2794.117675
-2127.450927
-1480.392211
-509.803924
411.764709
1186.274536
1921.568603
2490.196044
2676.470703
2303.921630
1715.686279
852.941162
-98.039215
-892.156860
-1627.451049
-2735.294189
-2774.509765
-2441.176513
-1931.372558
-1166.666748
-176.470596
656.862731
1401.960815
2166.666748
2647.058837
2774.509765
2588.235351
2176.470703
1578.431396
666.666687
-274.509796
-1107.843139
-1823.529418
-2774.509765
-2754.902099
-2362.745117
-1754.901977
-941.176513
29.411766
794.117675
2323.529541
2715.686279
2794.117675
2460.784423
2009.803955
1274.509887
313.725494
-549.019592
-1313.725463
-2088.235351
-2794.117675
-2617.647216
-2196.078369
-450.980407
441.176483
1225.490234
1960.784301
2519.607910
2754.902099
2735.294189
1666.666748
794.117675
-127.450981
-980.392150
-1705.882324
-2392.156982
-2715.686279
-2392.156982
-1882.353027
-1078.431396
-68.627449
715.686279
1460.784301
2186.274658
2784.313720
2519.607910
2078.431396
1382.353027
450.980407
-460.784332
-1245.098022
-2598.039306
-2784.313720
-2637.254882
-2254.902099
-1637.254882
-745.098083
1166.666748
1901.960815
2490.196044
2745.098144
2764.706054
2333.333496
1803.921630
-98.039215
-921.568664
-1656.862792
-2352.941162
-2705.882324
-2813.725585
-2480.392089
-1156.862792
-156.862747
696.078430
1431.372558
2166.666748
2637.254882
2794.117675
2588.235351
2166.666748
1519.607910
-480.392150
-1254.901977
-2009.803955
-2813.725585
-2637.254882
-2235.294189
-1578.431396
-696.078430
254.901962
1058.823608
2480.392089
2725.490234
2745.098144
2343.137207
1813.725463
1000.000000
107.843139
-1647.058837
-2343.137207
-2676.470703
-2794.117675
-2519.607910
-2049.019531
-1313.725463
666.666687
1431.372558
2186.274658
2656.862792
2754.902099
2568.627441
2166.666748
1529.411743
617.647094
-333.333343
-1137.254882
-1901.960815
-2490.196044
-2754.902099
-2764.706054
-2392.156982
-1794.117675
-970.588256
950.980407
1676.470581
2352.941162
2715.686279
2784.313720
2480.392089
2029.411743
1294.117675
313.725494
-578.431396
-1333.333374
-2088.235351
-2637.254882
-2794.117675
-2627.450927
-2235.294189
-1617.647094
-696.078430
1196.078491
1911.764770
2480.392089
2735.294189
2774.509765
2333.333496
1803.921630
970.588256
29.411766
-794.117675
-1529.411743
-2284.313720
-2686.274658
-2823.529541
-2549.019775
-2088.235351
-1392.156860
-421.568634
1392.156860
2137.254882
2598.039306
2764.706054
2598.039306
2205.882324
1617.647094
-372.549041
-1196.078491
-1941.176513
-2529.411865
-2774.509765
-2754.902099
-2343.137207
-823.529418
147.058822
950.980407
1647.058837
2343.137207
2666.666748
2411.764648
1921.568603
1196.078491
225.490203
-617.647094
-1382.353027
-2147.058837
-2794.117675
-2578.431396
-2137.254882
-1450.980468
-500.000000
343.137268
1147.058837
2529.411865
2745.098144
2686.274658
2294.117675
1735.294189
882.352966
-49.019607
-1725.490234
-2411.764648
-2725.490234
-2794.117675
-2441.176513
-1950.980468
-1186.274536
813.725524
1568.627441
2264.705810
2666.666748
2754.902099
2519.607910
1313.725463
333.333343
-558.823547
-1313.725463
-2107.843261
-2627.450927
-2794.117675
-2156.862792
-1529.411743
-558.823547
362.745117
1176.470581
1892.156860
2460.784423
2705.882324
2303.921630
1715.686279
872.549011
-98.039215
-843.137268
-1637.254882
-2705.882324
-2813.725585
-2441.176513
-1960.784301
-1186.274536
-156.862747
676.470581
1411.764770
2166.666748
2617.647216
2558.823486
2127.450927
1441.176513
-549.019592
-1313.725463
-2107.843261
-2607.843261
-2754.902099
-2627.450927
-2245.098144
-588.235290
352.941192
1156.862792
1862.745117
2460.784423
2715.686279
2754.902099
1715.686279
892.156860
-49.019607
-833.333374
-1598.039184
-2333.333496
-2705.882324
-2470.588378
-2000.000000
-1313.725463
-303.921569
588.235290
1323.529418
2058.823486
2568.627441
2754.902099
2627.450927
1588.235351
637.254943
-303.921569
-1970.588256
-2529.411865
-2784.313720
-2715.686279
-2313.725585
-1735.294189
-872.549011
1058.823608
1774.509887
2450.980468
2715.686279
2794.117675
2382.353027
1892.156860
29.411766
-764.705871
-1529.411743
-2264.705810
-2696.078369
-2803.921630
-2568.627441
-2098.039306
-1411.764770
-470.588256
1333.333374
2088.235351
2598.039306
2568.627441
2147.058837
1509.803955
598.039245
-333.333343
-1147.058837
-1892.156860
-2774.509765
-2705.882324
-2313.725585
-1696.078491
-872.549011
88.235298
872.549011
2401.960937
2705.882324
2803.921630
2460.784423
1990.196166
1235.294189
245.098037
-1500.000000
-2166.666748
-2676.470703
-2784.313720
-2598.039306
-2176.470703
-1539.215698
480.392150
1235.294189
1980.392211
2539.215820
2764.706054
2686.274658
1627.451049
764.705871
-196.078430
-1029.411743
-1764.705932
-2431.372558
-2735.294189
-2372.549072
-1813.725463
-970.588256
-19.607843
745.098083
1470.588256
2205.882324
2784.313720
2509.803955
2068.627441
1352.941162
392.156860
-470.588256
-1254.901977
-2598.039306
-2784.313720
-2617.647216
-2196.078369
-1598.039184
-715.686279
245.098037
1058.823608
1764.705932
2411.764648
2705.882324
2764.706054
2411.764648
1921.568603
1166.666748
186.274520
-666.666687
-1441.176513
-2686.274658
-2803.921630
-2578.431396
-2098.039306
-1411.764770
-411.764709
480.392150
2088.235351
2568.627441
2745.098144
2607.843261
2225.490234
1637.254882
745.098083
-147.058822
-1009.803955
-1745.098022
-2411.764648
-2735.294189
-2813.725585
-2401.960937
-1911.764770
-1156.862792
-147.058822
676.470581
2274.509765
2647.058837
2774.509765
2549.019775
2107.843261
1431.372558
480.392150
-1323.529418
-2088.235351
-2598.039306
-2794.117675
-2637.254882
-2215.686279
-617.647094
323.529418
1127.451049
1843.137329
2480.392089
2754.902099
2754.902099
1754.901977
921.568664
0.000000
-686.274536
-1441.176513
-2205.882324
-2666.666748
-2774.509765
-2598.039306
-2156.862792
-1500.000000
441.176483
1235.294189
1970.588256
2490.196044
2754.902099
2696.078369
2323.529541
1774.509887
950.980407
-9.803922
-774.509826
-1539.215698
-2264.705810
-2676.470703
-2774.509765
-2558.823486
-2137.254882
-1450.980468
568.627441
1323.529418
2088.235351
2637.254882
2784.313720
2637.254882
2235.294189
1647.058837
754.901977
-186.274520
-1019.607849
-1754.901977
-2431.372558
-2745.098144
-2784.313720
-2421.568603
-1960.784301
-1147.058837
843.137268
1568.627441
2274.509765
2676.470703
2784.313720
2588.235351
2088.235351
313.725494
-558.823547
-1323.529418
-2078.431396
-2617.647216
-2784.313720
-2627.450927
-1509.803955
-568.627441
352.941192
1137.254882
1901.960815
2460.784423
2666.666748
2264.705810
1715.686279
882.352966
-58.823532
-872.549011
-1617.647094
-2313.725585
-2696.078369
-2794.117675
-2519.607910
-1235.294189
-235.294128
627.450988
1392.156860
2098.039306
2617.647216
2598.039306
2147.058837
1519.607910
588.235290
-343.137268
-1147.058837
-1882.353027
-2774.509765
-2725.490234
-2303.921630
-1705.882324
-862.745117
98.039215
872.549011
2362.745117
2696.078369
2784.313720
2480.392089
2000.000000
1323.529418
372.549041
-1401.960815
-2176.470703
-2647.058837
-2794.117675
-2627.450927
-2176.470703
-1549.019653
460.784332
1225.490234
1990.196166
2529.411865
2754.902099
2656.862792
1627.451049
774.509826
-186.274520
-1009.803955
-1754.901977
-2431.372558
-2735.294189
-2392.156982
-1823.529418
-1029.411743
-9.803922
725.490234
1480.392211
2215.686279
2784.313720
2529.411865
2088.235351
1382.353027
392.156860
-490.196075
-1264.705932
-2617.647216
-2803.921630
-2598.039306
-2225.490234
-1588.235351
-676.470581
274.509796
1078.431396
1803.921630
2421.568603
2725.490234
2352.941162
1794.117675
-166.666671
-980.392150
-1705.882324
-2392.156982
-2715.686279
-2784.313720
-2450.980468
-1098.039184
-98.039215
676.470581
1441.176513
2176.470703
2607.843261
2754.902099
2117.647216
1421.568603
460.784332
-450.980407
-1235.294189
-1990.196166
-2558.823486
-2637.254882
-2254.902099
-1647.058837
-745.098083
186.274520
1019.607849
1735.294189
2392.156982
2696.078369
2764.706054
2411.764648
1950.980468
1196.078491
215.686279
-647.058837
-1372.549072
-2127.450927
-2637.254882
-2588.235351
-2147.058837
-1470.588256
-509.803924
392.156860
1176.470581
1921.568603
2754.902099
2647.058837
2274.509765
1705.882324
843.137268
-88.235298
-882.352966
-2421.568603
-2715.686279
-2803.921630
-2460.784423
-1921.568603
-1156.862792
813.725524
1558.823608
2264.705810
2686.274658
2764.706054
2529.411865
2098.039306
362.745117
-529.411804
-1294.117675
-2078.431396
-2598.039306
-2784.313720
-2656.862792
-1549.019653
-617.647094
323.529418
1137.254882
1852.941162
2490.196044
2745.098144
2313.725585
1764.705932
941.176513
-9.803922
-784.313720
-1509.803955
-2254.902099
-2676.470703
-2774.509765
-2568.627441
-2127.450927
-1431.372558
-460.784332
431.372558
1225.490234
1960.784301
2519.607910
2754.902099
2705.882324
2313.725585
1764.705932
-205.882354
-1039.215698
-1774.509887
-2431.372558
-2745.098144
-2784.313720
-2401.960937
-1019.607849
-9.803922
745.098083
1500.000000
2166.666748
2607.843261
2784.313720
2127.450927
1441.176513
490.196075
-431.372558
-1235.294189
-1980.392211
-2578.431396
-2627.450927
-2245.098144
-1647.058837
-754.901977
205.882354
1019.607849
1745.098022
2401.960937
2705.882324
2764.706054
1882.353027
1098.039184
98.039215
-686.274536
-1450.980468
-2205.882324
-2656.862792
-2549.019775
-2098.039306
-1401.960815
-431.372558
470.588256
1245.098022
1980.392211
2549.019775
2735.294189
2676.470703
1647.058837
774.509826
-186.274520
-990.196105
-2450.980468
-2764.706054
-2803.921630
-2401.960937
-1872.549072
-1098.039184
921.568664
1666.666748
2333.333496
2656.862792
2774.509765
2509.803955
2039.215698
205.882354
-637.254943
-1401.960815
-2166.666748
-2637.254882
-2803.921630
-2617.647216
-1441.176513
-470.588256
460.784332
1225.490234
1970.588256
2529.411865
2745.098144
2696.078369
2323.529541
1745.098022
901.960815
-39.215686
-833.333374
-1607.843139
-2313.725585
-2696.078369
-2803.921630
-2539.215820
-2078.431396
-1333.333374
-333.333343
1421.568603
2176.470703
2637.254882
2784.313720
2578.431396
2186.274658
1549.019653
-460.784332
-1245.098022
-2000.000000
-2529.411865
-2784.313720
-2725.490234
-2323.529541
-803.921569
137.254898
970.588256
1686.274536
2362.745117
2715.686279
2794.117675
2470.588378
1980.392211
1225.490234
-745.098083
-1509.803955
-2225.490234
-2794.117675
-2519.607910
-2058.823486
-1323.529418
-362.745117
529.411804
1303.921630
2617.647216
2764.706054
2598.039306
2196.078369
1578.431396
676.470581
-254.901962
-1901.960815
-2519.607910
-2774.509765
-2774.509765
-2343.137207
-1774.509887
-970.588256
970.588256
1686.274536
2392.156982
2705.882324
2784.313720
2431.372558
1980.392211
1245.098022
264.705902
-598.039245
-2205.882324
-2676.470703
-2784.313720
-2588.235351
-2166.666748
-1480.392211
-549.019592
1284.313720
2049.019531
2578.431396
2754.902099
2666.666748
2254.902099
1696.078491
852.941162
-117.647064
-960.784301
-1656.862792
-2392.156982
-2715.686279
-2803.921630
-2460.784423
-2019.607910
-1235.294189
-245.098037
1480.392211
2215.686279
2666.666748
2764.706054
2568.627441
2156.862792
1460.784301
568.627441
-421.568634
-1186.274536
-1960.784301
-2519.607910
-2774.509765
-2735.294189
-2333.333496
-1745.098022
-931.372558
68.627449
1686.274536
2362.745117
2686.274658
2774.509765
2470.588378
1990.196166
1274.509887
264.705902
-588.235290
-1352.941162
-2666.666748
-2784.313720
-2588.235351
-1392.156860
-392.156860
500.000000
1205.882324
1941.176513
2509.803955
2745.098144
2264.705810
1686.274536
813.725524
-107.843139
-980.392150
-1686.274536
-2401.960937
-2794.117675
-2421.568603
-1901.960815
-1137.254882
-117.647064
705.882385
1460.784301
2656.862792
2774.509765
2558.823486
2088.235351
1392.156860
460.784332
-470.588256
-2088.235351
-2627.450927
-2803.921630
-2637.254882
-2245.098144
-1617.647094
-735.294128
205.882354
1019.607849
1784.313720
2725.490234
2764.706054
2362.745117
1852.941162
1029.411743
58.823532
-754.901977
-1500.000000
-2186.274658
-2656.862792
-2558.823486
-2098.039306
-1401.960815
-450.980407
470.588256
1225.490234
1970.588256
2754.902099
2607.843261
2225.490234
1627.451049
754.901977
-156.862747
-1000.000000
-1705.882324
-2401.960937
-2705.882324
-2411.764648
-1882.353027
-1098.039184
-107.843139
725.490234
1470.588256
2205.882324
2784.313720
2519.607910
2068.627441
1372.549072
431.372558
-480.392150
-1245.098022
-2607.843261
-2784.313720
-2627.450927
-2235.294189
-1607.843139
-715.686279
245.098037
1029.411743
1764.705932
2401.960937
2715.686279
2764.706054
2441.176513
1911.764770
1166.666748
166.666671
-676.470581
-1431.372558
-2186.274658
-2647.058837
-2823.529541
-2107.843261
-1411.764770
-431.372558
470.588256
1254.901977
1990.196166
2539.215820
2627.450927
2235.294189
1627.451049
745.098083
-166.666671
-1019.607849
-1745.098022
-2754.902099
-2774.509765
-2392.156982
-1843.137329
-1029.411743
-9.803922
735.294128
2284.313720
2656.862792
2764.706054
2529.411865
2078.431396
284.313720
-598.039245
-1343.137329
-2127.450927
-2647.058837
-2774.509765
-2617.647216
-1500.000000
-637.254943
313.725494
1117.647094
1852.941162
2460.784423
2705.882324
2343.137207
1754.901977
941.176513
-19.607843
-823.529418
-1598.039184
-2294.117675
-2813.725585
-2470.588378
-2009.803955
-1245.098022
-254.901962
598.039245
1343.137329
2098.039306
2598.039306
2774.509765
2166.666748
1529.411743
588.235290
-352.941192
-1156.862792
-1892.156860
-2509.803955
-2715.686279
-2303.921630
-1696.078491
-823.529418
117.647064
931.372558
1656.862792
2686.274658
2764.706054
2421.568603
1950.980468
1215.686279
225.490203
-607.843139
-2215.686279
-2656.862792
-2803.921630
-2588.235351
-2127.450927
-1441.176513
-480.392150
441.176483
1186.274536
1950.980468
2549.019775
2774.509765
2725.490234
2313.725585
1764.705932
941.176513
-19.607843
-803.921569
-1558.823608
-2303.921630
-2686.274658
-2470.588378
-2019.607910
-1254.901977
-254.901962
607.843139
1343.137329
2098.039306
2794.117675
2549.019775
2166.666748
1480.392211
558.823547
-372.549041
-1186.274536
-1950.980468
-2509.803955
-2774.509765
-2754.902099
-2352.941162
-1774.509887
-941.176513
19.607843
774.509826
1529.411743
2254.902099
2656.862792
2784.313720
2558.823486
1343.137329
372.549041
-529.411804
-1294.117675
-2078.431396
-2607.843261
-2784.313720
-2196.078369
-1558.823608
-627.450988
313.725494
1127.451049
1833.333374
2460.784423
2725.490234
2343.137207
1774.509887
941.176513
-19.607843
-823.529418
-1549.019653
-2284.313720
-2666.666748
-2803.921630
-2000.000000
-1313.725463
-323.529418
529.411804
1303.921630
2039.215698
2598.039306
2764.706054
2656.862792
2274.509765
1676.470581
833.333374
-117.647064
-980.392150
-1705.882324
-2411.764648
-2725.490234
-2794.117675
-2450.980468
-2000.000000
-1303.921630
-294.117645
1470.588256
2196.078369
2637.254882
2774.509765
2578.431396
2166.666748
1519.607910
598.039245
-352.941192
-1176.470581
-2578.431396
-2784.313720
-2715.686279
-2303.921630
-1686.274536
-813.725524
117.647064
1784.313720
2411.764648
2715.686279
2774.509765
2401.960937
1921.568603
1166.666748
176.470596
-666.666687
-1401.960815
-2176.470703
-2647.058837
-2803.921630
-2627.450927
-2176.470703
-1529.411743
-598.039245
343.137268
1990.196166
2529.411865
2754.902099
2686.274658
2294.117675
1715.686279
892.156860
-29.411766
-882.352966
-1627.451049
-2715.686279
-2813.725585
-2450.980468
-2000.000000
-1284.313720
-284.313720
578.431396
2166.666748
2647.058837
2764.706054
2588.235351
2156.862792
1549.019653
647.058837
-1235.294189
-1980.392211
-2558.823486
-2784.313720
-2696.078369
-2294.117675
-1715.686279
-833.333374
117.647064
931.372558
2411.764648
2705.882324
2784.313720
1823.529418
1029.411743
58.823532
-745.098083
-1490.196166
-2245.098144
-2676.470703
-2774.509765
-2588.235351
-2147.058837
-1460.784301
509.803924
1284.313720
2049.019531
2588.235351
2784.313720
2656.862792
1549.019653
656.862731
-294.117645
-1117.647094
-1843.137329
-2460.784423
-2754.902099
-2333.333496
-1764.705932
-901.960815
58.823532
833.333374
1588.235351
2284.313720
2666.666748
2784.313720
2529.411865
1245.098022
274.509796
-588.235290
-1343.137329
-2117.647216
-2617.647216
-2774.509765
-2147.058837
-1509.803955
-539.215698
372.549041
1166.666748
1911.764770
2500.000000
2725.490234
2313.725585
1754.901977
921.568664
-9.803922
-764.705871
-1529.411743
-2715.686279
-2784.313720
-2490.196044
-2029.411743
-1284.313720
-303.921569
588.235290
1333.333374
2068.627441
2598.039306
2598.039306
2196.078369
1529.411743
617.647094
-323.529418
-1137.254882
-1862.745117
-2480.392089
-2764.706054
-2774.509765
-1725.490234
-892.156860
78.431373
843.137268
1598.039184
2303.921630
2676.470703
2460.784423
2009.803955
1274.509887
323.529418
-568.627441
-1343.137329
-2127.450927
-2627.450927
-2794.117675
-2637.254882
-1509.803955
-558.823547
392.156860
1186.274536
1921.568603
2500.000000
2735.294189
2294.117675
1735.294189
911.764709
-19.607843
-833.333374
-1568.627441
-2323.529541
-2823.529541
-2480.392089
-2009.803955
-1235.294189
-235.294128
617.647094
1323.529418
2656.862792
2794.117675
2568.627441
2147.058837
1470.588256
558.823547
-372.549041
-1156.862792
-1901.960815
-2500.000000
-2745.098144
-2774.509765
-2392.156982
-901.960815
49.019607
803.921569
1549.019653
2274.509765
2666.666748
2774.509765
2049.019531
1333.333374
343.137268
-539.215698
-1313.725463
-2088.235351
-2598.039306
-2617.647216
-2176.470703
-1549.019653
-627.450988
343.137268
1137.254882
1862.745117
2754.902099
2715.686279
2343.137207
1735.294189
901.960815
-29.411766
-823.529418
-1588.235351
-2323.529541
-2696.078369
-2470.588378
-1980.392211
-1225.490234
-215.686279
637.254943
1372.549072
2127.450927
2774.509765
2578.431396
2156.862792
1480.392211
568.627441
-352.941192
-1186.274536
-2578.431396
-2784.313720
-2676.470703
-2303.921630
-1696.078491
-803.921569
1107.843139
1833.333374
2450.980468
2735.294189
2754.902099
2392.156982
1823.529418
1058.823608
68.627449
-735.294128
-1480.392211
-2676.470703
-2794.117675
-2558.823486
-2078.431396
-1343.137329
-333.333343
1411.764770
2147.058837
2637.254882
2774.509765
2598.039306
2196.078369
1578.431396
-460.784332
-1235.294189
-2009.803955
-2558.823486
-2764.706054
-2725.490234
-2294.117675
-754.901977
205.882354
1009.803955
1764.705932
2421.568603
2705.882324
2784.313720
2441.176513
1931.372558
1186.274536
-843.137268
-1598.039184
-2303.921630
-2794.117675
-2490.196044
-2000.000000
-1333.333374
-313.725494
558.823547
1333.333374
2656.862792
2774.509765
2588.235351
2147.058837
1549.019653
637.254943
-313.725494
-1980.392211
-2539.215820
-2784.313720
-2725.490234
-2323.529541
-1725.490234
-872.549011
49.019607
852.941162
2372.549072
2715.686279
2794.117675
1872.549072
1137.254882
147.058822
-686.274536
-1421.568603
-2196.078369
-2637.254882
-2568.627441
-2098.039306
-1392.156860
-441.176483
470.588256
1225.490234
1990.196166
2794.117675
2588.235351
2205.882324
1627.451049
745.098083
-176.470596
-1039.215698
-1764.705932
-2421.568603
-2715.686279
-2392.156982
-1794.117675
-970.588256
-49.019607
745.098083
1490.196166
2215.686279
2774.509765
2529.411865
2058.823486
1352.941162
392.156860
-509.803924
-1274.509887
-2617.647216
-2794.117675
-2607.843261
-2205.882324
-1598.039184
-656.862731
284.313720
1107.843139
1813.725463
2450.980468
2725.490234
2784.313720
2372.549072
1833.333374
1078.431396
117.647064
-725.490234
-1509.803955
-2696.078369
-2784.313720
-2509.803955
-2078.431396
-1352.941162
-372.549041
539.215698
1264.705932
2058.823486
2568.627441
2754.902099
2666.666748
2264.705810
1705.882324
852.941162
-98.039215
-901.960815
-1637.254882
-2735.294189
-2784.313720
-2441.176513
-1960.784301
-1186.274536
-186.274520
647.058837
2264.705810
2666.666748
2509.803955
2058.823486
1343.137329
392.156860
-509.803924
-1284.313720
-2039.215698
-2607.843261
-2784.313720
-2647.058837
-2264.705810
-1686.274536
-774.509826
186.274520
1000.000000
2431.372558
2735.294189
2794.117675
2392.156982
1911.764770
1127.451049
156.862747
-1568.627441
-2303.921630
-2696.078369
-2803.921630
-2549.019775
-2117.647216
-284.313720
607.843139
1343.137329
2117.647216
2607.843261
2794.117675
2588.235351
1490.196166
558.823547
-372.549041
-1176.470581
-1911.764770
-2490.196044
-2754.902099
-2313.725585
-1705.882324
-833.333374
127.450981
931.372558
1637.254882
2352.941162
2764.706054
2411.764648
1921.568603
1196.078491
205.882354
-647.058837
-1392.156860
-2166.666748
-2617.647216
-2794.117675
-2598.039306
-2196.078369
-1568.627441
-617.647094
343.137268
1156.862792
1872.549072
2460.784423
2715.686279
2313.725585
1705.882324
892.156860
-49.019607
-852.941162
-1607.843139
-2715.686279
-2784.313720
-2470.588378
-2009.803955
-1245.098022
-235.294128
627.450988
1362.745117
2107.843261
2607.843261
2588.235351
2156.862792
1480.392211
-539.215698
-1294.117675
-2068.627441
-2578.431396
-2803.921630
-2647.058837
-2264.705810
-647.058837
303.921569
1117.647094
1823.529418
2421.568603
2745.098144
2774.509765
2401.960937
1852.941162
1088.235351
-901.960815
-1647.058837
-2352.941162
-2705.882324
-2794.117675
-2509.803955
-2039.215698
-186.274520
666.666687
1421.568603
2156.862792
2637.254882
2794.117675
2588.235351
1411.764770
500.000000
-352.941192
-1186.274536
-1931.372558
-2509.803955
-2764.706054
-2294.117675
-1725.490234
-823.529418
137.254898
941.176513
1676.470581
2352.941162
2686.274658
2794.117675
2480.392089
1147.058837
137.254898
-666.666687
-1421.568603
-2196.078369
-2656.862792
-2784.313720
-2137.254882
-1401.960815
-450.980407
460.784332
1235.294189
1970.588256
2794.117675
2656.862792
2235.294189
1676.470581
754.901977
-196.078430
-1009.803955
-2460.784423
-2754.902099
-2794.117675
-2382.353027
-1803.921630
-1019.607849
-39.215686
1647.058837
2352.941162
2705.882324
2794.117675
2490.196044
2068.627441
1313.725463
-696.078430
-1441.176513
-2196.078369
-2666.666748
-2794.117675
-2598.039306
-1382.353027
-421.568634
470.588256
1264.705932
2000.000000
2480.392089
2764.706054
2764.706054
2343.137207
1745.098022
950.980407
-970.588256
-1686.274536
-2401.960937
-2735.294189
-2794.117675
-2470.588378
-2000.000000
-186.274520
647.058837
1392.156860
2147.058837
2607.843261
2774.509765
2147.058837
1470.588256
529.411804
-382.352935
-1186.274536
-1950.980468
-2539.215820
-2686.274658
-2274.509765
-1705.882324
-774.509826
147.058822
950.980407
1676.470581
2352.941162
2705.882324
2774.509765
1931.372558
1176.470581
215.686279
-666.666687
-1401.960815
-2186.274658
-2676.470703
-2558.823486
-2107.843261
-1392.156860
-441.176483
490.196075
1274.509887
2000.000000
2774.509765
2656.862792
2284.313720
1725.490234
852.941162
-107.843139
-941.176513
-2441.176513
-2764.706054
-2794.117675
-2411.764648
-1921.568603
-1156.862792
-137.254898
1627.451049
2313.725585
2676.470703
2794.117675
2519.607910
2107.843261
254.901962
-578.431396
-1343.137329
-2117.647216
-2656.862792
-2803.921630
-2607.843261
-1480.392211
-500.000000
362.745117
1166.666748
1872.549072
2480.392089
2735.294189
2313.725585
1705.882324
892.156860
-49.019607
-833.333374
-1607.843139
-2333.333496
-2705.882324
-2813.725585
-2529.411865
-1225.490234
-225.490203
617.647094
1382.353027
2137.254882
2637.254882
2607.843261
2147.058837
1490.196166
-509.803924
-1264.705932
-2039.215698
-2598.039306
-2794.117675
-2637.254882
-2274.509765
-666.666687
294.117645
1117.647094
1823.529418
2441.176513
2725.490234
2764.706054
1725.490234
950.980407
19.607843
-774.509826
-1519.607910
-2264.705810
-2666.666748
-2519.607910
-2058.823486
-1323.529418
-352.941192
568.627441
1303.921630
2068.627441
2588.235351
2745.098144
2637.254882
2254.902099
1696.078491
813.725524
-127.450981
-990.196105
-1696.078491
-2392.156982
-2735.294189
-2411.764648
-1862.745117
-1098.039184
-78.431373
715.686279
1480.392211
2196.078369
2647.058837
2803.921630
2598.039306
2156.862792
1500.000000
676.470581
-274.509796
-1107.843139
-1862.745117
-2480.392089
-2745.098144
-2794.117675
-2372.549072
-1784.313720
98.039215
852.941162
1617.647094
2313.725585
2676.470703
2764.706054
2529.411865
1294.117675
284.313720
-578.431396
-1362.745117
-2127.450927
-2647.058837
-2813.725585
-2166.666748
-1470.588256
-539.215698
421.568634
1186.274536
1931.372558
2509.803955
2754.902099
2754.902099
2333.333496
1745.098022
980.392150
29.411766
-754.901977
-2323.529541
-2715.686279
-2823.529541
-2529.411865
-2058.823486
-1303.921630
676.470581
1431.372558
2186.274658
2647.058837
2784.313720
2549.019775
2156.862792
470.588256
-450.980407
-1215.686279
-1980.392211
-2558.823486
-2794.117675
-2705.882324
-1656.862792
-735.294128
245.098037
1049.019653
1784.313720
2441.176513
2725.490234
2362.745117
1764.705932
1009.803955
39.215686
-764.705871
-1529.411743
-2274.509765
-2794.117675
-2519.607910
-2049.019531
-1333.333374
-323.529418
558.823547
2166.666748
2647.058837
2774.509765
2578.431396
2166.666748
1558.823608
637.254943
-1245.098022
-2000.000000
-2529.411865
-2784.313720
-2764.706054
-2343.137207
-1754.901977
-921.568664
9.803922
754.901977
1490.196166
2205.882324
2666.666748
2784.313720
2578.431396
2137.254882
1460.784301
539.215698
-382.352935
-1196.078491
-1960.784301
-2519.607910
-2666.666748
-2274.509765
-1705.882324
-794.117675
176.470596
980.392150
1696.078491
2362.745117
2705.882324
2774.509765
2450.980468
2000.000000
1313.725463
352.941192
-509.803924
-1303.921630
-2058.823486
-2598.039306
-2794.117675
-2647.058837
-2254.902099
-676.470581
284.313720
1107.843139
1833.333374
2460.784423
2764.706054
2784.313720
1745.098022
960.784301
39.215686
-764.705871
-1519.607910
-2245.098144
-2666.666748
-2539.215820
-2058.823486
-1333.333374
-362.745117
558.823547
1313.725463
2078.431396
2774.509765
2578.431396
2186.274658
1549.019653
627.450988
-303.921569
-1117.647094
-1852.941162
-2480.392089
-2764.706054
-2362.745117
-1735.294189
-911.764709
49.019607
833.333374
1568.627441
2274.509765
2803.921630
2490.196044
2019.607910
1284.313720
294.117645
-588.235290
-1323.529418
-2637.254882
-2794.117675
-2598.039306
-2186.274658
-1529.411743
-588.235290
362.745117
1147.058837
1872.549072
2470.588378
2735.294189
2754.902099
2372.549072
892.156860
-29.411766
-862.745117
-1607.843139
-2725.490234
-2803.921630
-2470.588378
-1990.196166
-1245.098022
-254.901962
627.450988
1362.745117
2107.843261
2617.647216
2578.431396
2147.058837
1480.392211
-519.607849
-1313.725463
-2078.431396
-2598.039306
-2784.313720
-2656.862792
-2264.705810
-656.862731
313.725494
1107.843139
1862.745117
2470.588378
2745.098144
2794.117675
1725.490234
911.764709
9.803922
-754.901977
-1509.803955
-2225.490234
-2686.274658
-2529.411865
-2068.627441
-1333.333374
-333.333343
568.627441
1313.725463
2058.823486
2568.627441
2774.509765
2627.450927
2264.705810
1705.882324
813.725524
-127.450981
-990.196105
-1705.882324
-2382.353027
-2745.098144
-2411.764648
-1872.549072
-1137.254882
-127.450981
725.490234
1460.784301
2205.882324
2656.862792
2794.117675
2568.627441
2137.254882
1480.392211
568.627441
-362.745117
-2000.000000
-2529.411865
-2784.313720
-2745.098144
-2343.137207
-1745.098022
196.078430
1009.803955
1735.294189
2382.353027
2715.686279
2803.921630
2441.176513
1068.627441
58.823532
-735.294128
-1480.392211
-2235.294189
-2647.058837
-2794.117675
-2588.235351
-2127.450927
-1450.980468
529.411804
1303.921630
2068.627441
2588.235351
2784.313720
2656.862792
2254.902099
1686.274536
774.509826
-166.666671
-990.196105
-2460.784423
-2735.294189
-2784.313720
-2392.156982
-1862.745117
-1088.235351
921.568664
1647.058837
2362.745117
2696.078369
2794.117675
2480.392089
2039.215698
196.078430
-637.254943
-1411.764770
-2166.666748
-2637.254882
-2784.313720
-2607.843261
-1411.764770
-470.588256
450.980407
1235.294189
1960.784301
2539.215820
2774.509765
2745.098144
2343.137207
1735.294189
-186.274520
-1009.803955
-1745.098022
-2764.706054
-2803.921630
-2401.960937
-1843.137329
-1058.823608
-49.019607
725.490234
2294.117675
2705.882324
2803.921630
2509.803955
2088.235351
1352.941162
401.960784
-1362.745117
-2127.450927
-2647.058837
-2794.117675
-2637.254882
-2215.686279
-1588.235351
441.176483
1225.490234
1970.588256
2539.215820
2754.902099
2705.882324
1696.078491
813.725524
-127.450981
-960.784301
-1715.686279
-2382.353027
-2745.098144
-2431.372558
-1852.941162
-1147.058837
-117.647064
715.686279
1480.392211
2215.686279
2784.313720
2490.196044
2088.235351
1362.745117
411.764709
-460.784332
-1254.901977
-2019.607910
-2558.823486
-2794.117675
-2225.490234
-1637.254882
-686.274536
264.705902
1068.627441
1813.725463
2441.176513
2735.294189
2333.333496
1745.098022
990.196105
49.019607
-745.098083
-1490.196166
-2696.078369
-2803.921630
-2529.411865
-2068.627441
-1352.941162
-372.549041
500.000000
2058.823486
2588.235351
2784.313720
2647.058837
2225.490234
1656.862792
764.705871
-147.058822
-990.196105
-1705.882324
-2735.294189
-2803.921630
-2401.960937
-1843.137329
-1088.235351
-68.627449
754.901977
2303.921630
2686.274658
2794.117675
2529.411865
2068.627441
1352.941162
392.156860
-519.607849
-1254.901977
-2039.215698
-2794.117675
-2617.647216
-2225.490234
-1607.843139
-656.862731
294.117645
1117.647094
2490.196044
2754.902099
2745.098144
2343.137207
1745.098022
980.392150
49.019607
-725.490234
-1500.000000
-2176.470703
-2794.117675
-2578.431396
-2117.647216
-303.921569
588.235290
1333.333374
2098.039306
2598.039306
2774.509765
2607.843261
1568.627441
627.450988
-294.117645
-1127.451049
-1862.745117
-2490.196044
-2774.509765
-2774.509765
-2362.745117
-1794.117675
107.843139
941.176513
1666.666748
2333.333496
2686.274658
2784.313720
2480.392089
1176.470581
215.686279
-647.058837
-1392.156860
-2166.666748
-2656.862792
-2803.921630
-2147.058837
-1441.176513
-470.588256
460.784332
1245.098022
1970.588256
2500.000000
2647.058837
2284.313720
1725.490234
882.352966
-58.823532
-862.745117
-1627.451049
-2352.941162
-2705.882324
-2823.529541
-1941.176513
-1186.274536
-176.470596
676.470581
1431.372558
2196.078369
2656.862792
2558.823486
2107.843261
1411.764770
450.980407
-431.372558
-1215.686279
-1980.392211
-2558.823486
-2784.313720
-2715.686279
-2294.117675
-1715.686279
-833.333374
137.254898
941.176513
1666.666748
2372.549072
2696.078369
2392.156982
1921.568603
1156.862792
176.470596
-666.666687
-1431.372558
-2186.274658
-2813.725585
-2568.627441
-2107.843261
-1392.156860
-431.372558
490.196075
1254.901977
2009.803955
2529.411865
2784.313720
2215.686279
1637.254882
715.686279
-1176.470581
-1931.372558
-2529.411865
-2764.706054
-2774.509765
-2362.745117
-1754.901977
147.058822
960.784301
1696.078491
2372.549072
2696.078369
2784.313720
2450.980468
1186.274536
186.274520
-676.470581
-1421.568603
-2205.882324
-2656.862792
-2794.117675
-2617.647216
-2166.666748
-1500.000000
-647.058837
294.117645
1098.039184
1823.529418
2441.176513
2745.098144
2794.117675
1725.490234
931.372558
9.803922
-1647.058837
-2343.137207
-2696.078369
-2803.921630
-2529.411865
-2068.627441
-1323.529418
676.470581
1411.764770
2166.666748
2647.058837
2784.313720
2617.647216
2166.666748
1529.411743
607.843139
-323.529418
-1980.392211
-2549.019775
-2794.117675
-2715.686279
-2313.725585
-1735.294189
-862.745117
1088.235351
1843.137329
2450.980468
2725.490234
2784.313720
2411.764648
1833.333374
9.803922
-754.901977
-1539.215698
-2264.705810
-2676.470703
-2794.117675
-2588.235351
-1323.529418
-362.745117
549.019592
1284.313720
2039.215698
2598.039306
2774.509765
2666.666748
2284.313720
1705.882324
-323.529418
-1147.058837
-1892.156860
-2500.000000
-2754.902099
-2774.509765
-2401.960937
-990.196105
-19.607843
794.117675
1500.000000
2186.274658
2666.666748
2745.098144
2578.431396
2147.058837
1519.607910
607.843139
-323.529418
-1156.862792
-2539.215820
-2794.117675
-2696.078369
-1696.078491
-764.705871
186.274520
1843.137329
2450.980468
2725.490234
2774.509765
2372.549072
1833.333374
1088.235351
-911.764709
-1676.470581
-2382.353027
-2715.686279
-2813.725585
-2500.000000
-2078.431396
-235.294128
627.450988
1362.745117
2127.450927
2607.843261
2764.706054
2588.235351
2205.882324
1607.843139
696.078430
-1196.078491
-1960.784301
-2529.411865
-2666.666748
-2284.313720
-1696.078491
-803.921569
166.666671
1000.000000
1696.078491
2715.686279
2764.706054
2431.372558
1950.980468
1176.470581
176.470596
-637.254943
-2235.294189
-2676.470703
-2813.725585
-2568.627441
-2137.254882
-1411.764770
-509.803924
1333.333374
2088.235351
2617.647216
2764.706054
2617.647216
2235.294189
607.843139
-343.137268
-1156.862792
-1892.156860
-2519.607910
-2784.313720
-2764.706054
-1715.686279
-882.352966
88.235298
862.745117
1627.451049
2333.333496
2666.666748
2460.784423
1970.588256
1235.294189
225.490203
-617.647094
-1352.941162
-2127.450927
-2803.921630
-2598.039306
-2156.862792
-1490.196166
-558.823547
421.568634
1205.882324
1941.176513
2509.803955
2735.294189
2313.725585
1715.686279
813.725524
-147.058822
-980.392150
-1696.078491
-2362.745117
-2794.117675
-2411.764648
-1843.137329
-1107.843139
-58.823532
745.098083
1500.000000
2156.862792
2647.058837
2784.313720
2127.450927
1470.588256
558.823547
-401.960784
-1186.274536
-1960.784301
-2539.215820
-2774.509765
-2774.509765
-2343.137207
-1735.294189
-921.568664
49.019607
803.921569
1558.823608
2254.902099
2666.666748
2794.117675
2000.000000
1362.745117
392.156860
-500.000000
-1215.686279
-1980.392211
-2549.019775
-2656.862792
-2245.098144
-1676.470581
-764.705871
196.078430
1019.607849
1754.901977
2745.098144
2764.706054
2392.156982
1823.529418
1088.235351
78.431373
-705.882385
-2313.725585
-2725.490234
-2813.725585
-2539.215820
-2088.235351
-1352.941162
-401.960784
509.803924
1274.509887
2019.607910
2764.706054
2598.039306
2225.490234
1666.666748
754.901977
-215.686279
-1039.215698
-2500.000000
-2764.706054
-2823.529541
-2392.156982
-1833.333374
-1049.019653
-68.627449
1647.058837
2333.333496
2686.274658
2774.509765
2519.607910
2049.019531
235.294128
-598.039245
-1352.941162
-2156.862792
-2637.254882
-2803.921630
-2627.450927
-2205.882324
-1558.823608
-647.058837
294.117645
1098.039184
1833.333374
2480.392089
2715.686279
2323.529541
1725.490234
941.176513
-19.607843
-803.921569
-1558.823608
-2735.294189
-2803.921630
-2480.392089
-2019.607910
-1264.705932
-284.313720
588.235290
1343.137329
2098.039306
2598.039306
2774.509765
2627.450927
2235.294189
637.254943
-313.725494
-1127.451049
-1882.353027
-2480.392089
-2754.902099
-2774.509765
-1725.490234
-921.568664
68.627449
813.725524
1588.235351
2284.313720
2666.666748
2460.784423
1990.196166
1284.313720
294.117645
-588.235290
-1333.333374
-2137.254882
-2813.725585
-2588.235351
-2166.666748
-1480.392211
-539.215698
411.764709
1186.274536
1921.568603
2500.000000
2745.098144
2774.509765
2343.137207
1813.725463
1049.019653
68.627449
-735.294128
-1490.196166
-2235.294189
-2676.470703
-2803.921630
-2588.235351
-1362.745117
-352.941192
558.823547
1303.921630
2068.627441
2578.431396
2784.313720
2205.882324
1588.235351
666.666687
-274.509796
-1117.647094
-1843.137329
-2490.196044
-2735.294189
-2313.725585
-1735.294189
-892.156860
39.215686
833.333374
1598.039184
