-2725.490234
-2813.725585
-1950.980468
-1176.470581
-186.274520
666.666687
1431.372558
2186.274658
2686.274658
2549.019775
2117.647216
1441.176513
470.588256
-441.176483
-1205.882324
-2019.607910
-2539.215820
-2794.117675
-2745.098144
-1656.862792
-774.509826
176.470596
1029.411743
1745.098022
2401.960937
2735.294189
2362.745117
1852.941162
1078.431396
58.823532
-725.490234
-1480.392211
-2254.902099
-2813.725585
-2568.627441
-2098.039306
-1392.156860
-401.960784
519.607849
1274.509887
2039.215698
2558.823486
2794.117675
2656.862792
2294.117675
1676.470581
803.921569
-137.254898
-980.392150
-1696.078491
-2421.568603
-2813.725585
-2431.372558
-1911.764770
-1127.451049
-98.039215
705.882385
1450.980468
2176.470703
2647.058837
2774.509765
2137.254882
1460.784301
490.196075
-411.764709
-2078.431396
-2617.647216
-2794.117675
-2637.254882
-2284.313720
-1656.862792
323.529418
1137.254882
1862.745117
2470.588378
2774.509765
2794.117675
2401.960937
1882.353027
1068.627441
58.823532
-745.098083
-2333.333496
-2715.686279
-2823.529541
-2549.019775
-2088.235351
-1352.941162
666.666687
1401.960815
2166.666748
2647.058837
2774.509765
2588.235351
2205.882324
519.607849
-411.764709
-1205.882324
-1980.392211
-2529.411865
-2803.921630
-2774.509765
-1696.078491
-803.921569
156.862747
1009.803955
1725.490234
2401.960937
2686.274658
2784.313720
2441.176513
1990.196166
68.627449
-715.686279
-1470.588256
-2245.098144
-2676.470703
-2823.529541
-2598.039306
-2166.666748
-1519.607910
-568.627441
1284.313720
2058.823486
2598.039306
2784.313720
2676.470703
2284.313720
1725.490234
-264.705902
-1098.039184
-1852.941162
-2490.196044
-2774.509765
-2813.725585
-2392.156982
-1882.353027
-1068.627441
-49.019607
1637.254882
2343.137207
2705.882324
2803.921630
2519.607910
2078.431396
1372.549072
382.352935
-529.411804
-1303.921630
-2676.470703
-2803.921630
-2627.450927
-2225.490234
-1607.843139
-676.470581
284.313720
1931.372558
2500.000000
2754.902099
2784.313720
2372.549072
1852.941162
1068.627441
-931.372558
-1686.274536
-2392.156982
-2745.098144
-2833.333496
-2480.392089
-2029.411743
-1245.098022
-264.705902
598.039245
2196.078369
2647.058837
2784.313720
2598.039306
2176.470703
1558.823608
656.862731
-294.117645
-1137.254882
-1882.353027
-2803.921630
-2725.490234
-2343.137207
-1754.901977
-901.960815
68.627449
862.745117
2392.156982
2735.294189
2794.117675
2460.784423
2000.000000
1303.921630
323.529418
-1441.176513
-2196.078369
-2676.470703
-2813.725585
-2627.450927
-2186.274658
-1519.607910
-588.235290
352.941192
1156.862792
2529.411865
2774.509765
2696.078369
2303.921630
1725.490234
892.156860
-39.215686
-862.745117
-1637.254882
-2362.745117
-2735.294189
-2833.333496
-2519.607910
-2058.823486
-1333.333374
666.666687
1421.568603
2196.078369
2656.862792
2794.117675
2617.647216
2186.274658
1549.019653
617.647094
-323.529418
-1147.058837
-1892.156860
-2490.196044
-2774.509765
-2813.725585
-2382.353027
-1843.137329
-1009.803955
1000.000000
1676.470581
2352.941162
2696.078369
2803.921630
2470.588378
2049.019531
1303.921630
323.529418
-558.823547
-1303.921630
-2117.647216
-2637.254882
-2803.921630
-2647.058837
-2245.098144
-1627.451049
-735.294128
1196.078491
1950.980468
2500.000000
2764.706054
2774.509765
2372.549072
1882.353027
1078.431396
88.235298
-715.686279
-2303.921630
-2715.686279
-2823.529541
-2568.627441
-2117.647216
-1372.549072
-392.156860
1411.764770
2156.862792
2656.862792
2794.117675
2598.039306
2196.078369
1578.431396
-421.568634
-1235.294189
-1990.196166
-2588.235351
-2803.921630
-2735.294189
-2333.333496
-764.705871
196.078430
1019.607849
1764.705932
2441.176513
2725.490234
2392.156982
1852.941162
1088.235351
68.627449
-735.294128
-1490.196166
-2254.902099
-2833.333496
-2558.823486
-2098.039306
-1382.353027
-382.352935
519.607849
1274.509887
2617.647216
2794.117675
2617.647216
2205.882324
1578.431396
705.882385
-254.901962
-1921.568603
-2539.215820
-2813.725585
-2774.509765
-2352.941162
-1774.509887
176.470596
1000.000000
1696.078491
2392.156982
2715.686279
2794.117675
2470.588378
2000.000000
1343.137329
382.352935
-529.411804
-2166.666748
-2656.862792
-2813.725585
-2637.254882
-2225.490234
-1568.627441
-647.058837
1235.294189
2019.607910
2549.019775
2794.117675
2696.078369
2303.921630
784.313720
-186.274520
-1029.411743
-1764.705932
-2441.176513
-2764.706054
-2813.725585
-2441.176513
-1911.764770
-1147.058837
892.156860
1617.647094
2303.921630
2676.470703
2774.509765
2549.019775
2098.039306
294.117645
-578.431396
-1343.137329
-2117.647216
-2627.450927
-2823.529541
-2647.058837
-1519.607910
-568.627441
382.352935
1186.274536
1941.176513
2519.607910
2754.902099
2323.529541
1735.294189
862.745117
-68.627449
-901.960815
-1647.058837
-2343.137207
-2725.490234
-2803.921630
-2549.019775
-1235.294189
-205.882354
647.058837
1392.156860
2156.862792
2637.254882
2794.117675
2156.862792
1490.196166
568.627441
-392.156860
-1225.490234
-1941.176513
-2539.215820
-2705.882324
-2294.117675
-1696.078491
-813.725524
156.862747
970.588256
2450.980468
2725.490234
2784.313720
2401.960937
1931.372558
1147.058837
156.862747
-1598.039184
-2313.725585
-2705.882324
-2833.333496
-2568.627441
-2088.235351
-1352.941162
666.666687
1411.764770
2156.862792
2637.254882
2794.117675
2598.039306
2186.274658
1568.627441
676.470581
-254.901962
-1950.980468
-2539.215820
-2823.529541
-2764.706054
-2372.549072
-1784.313720
-960.784301
1019.607849
1745.098022
2411.764648
2794.117675
2431.372558
1892.156860
1117.647094
107.843139
-725.490234
-1490.196166
-2245.098144
-2705.882324
-2813.725585
-2068.627441
-1352.941162
-382.352935
549.019592
1294.117675
2068.627441
2588.235351
2607.843261
2205.882324
1578.431396
647.058837
-274.509796
-1107.843139
-1843.137329
-2794.117675
-2745.098144
-2343.137207
-1745.098022
-901.960815
49.019607
813.725524
1578.431396
2303.921630
2686.274658
2500.000000
2078.431396
1372.549072
421.568634
-490.196075
-1274.509887
-2039.215698
-2833.333496
-2637.254882
-2215.686279
-1607.843139
-686.274536
264.705902
1088.235351
2500.000000
2764.706054
2784.313720
2372.549072
1862.745117
1078.431396
68.627449
-1637.254882
-2343.137207
-2715.686279
-2813.725585
-2529.411865
-2068.627441
-1313.725463
-323.529418
578.431396
1323.529418
2686.274658
2794.117675
2107.843261
1431.372558
460.784332
-450.980407
-2088.235351
-2637.254882
-2823.529541
-2656.862792
-2254.902099
-1647.058837
372.549041
1147.058837
1911.764770
2470.588378
2754.902099
2774.509765
2372.549072
901.960815
-39.215686
-833.333374
-1627.451049
-2323.529541
-2725.490234
-2843.137207
-2000.000000
-1313.725463
-294.117645
578.431396
1333.333374
2107.843261
2627.450927
2598.039306
2176.470703
1558.823608
627.450988
-294.117645
-1137.254882
-1882.353027
-2803.921630
-2754.902099
-2352.941162
-1754.901977
-911.764709
49.019607
1735.294189
2411.764648
2686.274658
2784.313720
2460.784423
2000.000000
1313.725463
-696.078430
-1470.588256
-2205.882324
-2656.862792
-2813.725585
-2607.843261
-2176.470703
-421.568634
490.196075
1264.705932
2029.411743
2568.627441
2794.117675
2676.470703
1637.254882
725.490234
-205.882354
-1049.019653
-1794.117675
-2460.784423
-2745.098144
-2392.156982
-1833.333374
-1009.803955
-9.803922
764.705871
1519.607910
2686.274658
2784.313720
2519.607910
2078.431396
1362.745117
392.156860
-519.607849
-2147.058837
-2627.450927
-2823.529541
-2637.254882
-2245.098144
-1598.039184
-696.078430
1225.490234
1960.784301
2529.411865
2764.706054
2764.706054
2352.941162
1803.921630
-137.254898
-990.196105
-1715.686279
-2421.568603
-2745.098144
-2852.941162
-2490.196044
-1156.862792
-127.450981
705.882385
1490.196166
2215.686279
2666.666748
2558.823486
2088.235351
1382.353027
421.568634
-490.196075
-1274.509887
-2039.215698
-2813.725585
-2627.450927
-2225.490234
-1607.843139
-666.666687
294.117645
1117.647094
2500.000000
2764.706054
2794.117675
2382.353027
1852.941162
1088.235351
49.019607
-1627.451049
-2362.745117
-2735.294189
-2833.333496
-2529.411865
-2058.823486
-1343.137329
696.078430
1441.176513
2186.274658
2647.058837
2794.117675
2598.039306
1431.372558
480.392150
-441.176483
-1235.294189
-2009.803955
-2558.823486
-2794.117675
-2245.098144
-1656.862792
-745.098083
215.686279
1039.215698
1784.313720
2431.372558
2794.117675
2392.156982
1813.725463
1019.607849
9.803922
-725.490234
-1480.392211
-2715.686279
-2813.725585
-2549.019775
-2098.039306
-1362.745117
-382.352935
1411.764770
2156.862792
2627.450927
2774.509765
2617.647216
2205.882324
1549.019653
-431.372558
-1254.901977
-2000.000000
-2529.411865
-2784.313720
-2784.313720
-2372.549072
-833.333374
147.058822
980.392150
1686.274536
2372.549072
2686.274658
2784.313720
1931.372558
1156.862792
156.862747
-656.862731
-1450.980468
-2215.686279
-2696.078369
-2588.235351
-2127.450927
-1421.568603
-431.372558
500.000000
1196.078491
1950.980468
2500.000000
2764.706054
2784.313720
2352.941162
1833.333374
1029.411743
39.215686
-764.705871
-1529.411743
-2274.509765
-2715.686279
-2568.627441
-2088.235351
-1333.333374
-323.529418
558.823547
1333.333374
2068.627441
2607.843261
2774.509765
2666.666748
2264.705810
1656.862792
764.705871
-186.274520
-1009.803955
-1774.509887
-2460.784423
-2754.902099
-2401.960937
-1892.156860
-1078.431396
-39.215686
754.901977
1509.803955
2235.294189
2794.117675
2558.823486
2088.235351
1372.549072
382.352935
-519.607849
-1274.509887
-2656.862792
-2813.725585
-2637.254882
-2235.294189
-1588.235351
-656.862731
1205.882324
1990.196166
2558.823486
2774.509765
2745.098144
2343.137207
1754.901977
-225.490203
-1049.019653
-1794.117675
-2460.784423
-2764.706054
-2813.725585
-2441.176513
-1009.803955
-9.803922
745.098083
1490.196166
2235.294189
2686.274658
2823.529541
2088.235351
1352.941162
362.745117
-529.411804
-1313.725463
-2058.823486
-2607.843261
-2813.725585
-2666.666748
-2274.509765
-1666.666748
-764.705871
196.078430
1019.607849
1754.901977
2411.764648
2715.686279
2794.117675
1862.745117
1058.823608
78.431373
-725.490234
-1490.196166
-2254.902099
-2705.882324
-2578.431396
-2117.647216
-1382.353027
-392.156860
529.411804
1294.117675
2637.254882
2794.117675
2617.647216
2245.098144
1607.843139
696.078430
-254.901962
-1921.568603
-2509.803955
-2803.921630
-2774.509765
-2382.353027
-1823.529418
-1009.803955
1009.803955
1725.490234
2401.960937
2725.490234
2803.921630
2450.980468
1980.392211
1186.274536
196.078430
-637.254943
-1401.960815
-2176.470703
-2676.470703
-2823.529541
-2617.647216
-2205.882324
-1578.431396
-627.450988
1264.705932
1980.392211
2558.823486
2774.509765
2715.686279
2323.529541
1745.098022
892.156860
-49.019607
-852.941162
-2411.764648
-2754.902099
-2823.529541
-2470.588378
-1147.058837
-137.254898
735.294128
1490.196166
2225.490234
2656.862792
2539.215820
2127.450927
1401.960815
441.176483
-490.196075
-1274.509887
-2029.411743
-2813.725585
-2647.058837
-2245.098144
-1637.254882
-725.490234
254.901962
1078.431396
2490.196044
2764.706054
2794.117675
2392.156982
1813.725463
1019.607849
0.000000
-1578.431396
-2294.117675
-2715.686279
-2833.333496
-2578.431396
-2098.039306
-1392.156860
637.254943
1382.353027
2127.450927
2617.647216
2794.117675
2598.039306
1490.196166
539.215698
-401.960784
-1196.078491
-1950.980468
-2549.019775
-2784.313720
-2294.117675
-1686.274536
-813.725524
176.470596
990.196105
1705.882324
2382.353027
2794.117675
2411.764648
1950.980468
1137.254882
147.058822
-686.274536
-1470.588256
-2705.882324
-2823.529541
-2558.823486
-2098.039306
-1401.960815
-401.960784
519.607849
1274.509887
2029.411743
2568.627441
2764.706054
2715.686279
2313.725585
1715.686279
843.137268
-88.235298
-911.764709
-1647.058837
-2754.902099
-2823.529541
-2470.588378
-1980.392211
-1186.274536
-186.274520
647.058837
1401.960815
2166.666748
2666.666748
2813.725585
2627.450927
2196.078369
1578.431396
676.470581
-284.313720
-1117.647094
-1862.745117
-2813.725585
-2754.902099
-2362.745117
-1794.117675
-931.372558
39.215686
843.137268
2362.745117
2705.882324
2803.921630
2470.588378
2019.607910
1274.509887
303.921569
-568.627441
-1323.529418
-2127.450927
-2803.921630
-2617.647216
-2176.470703
-450.980407
460.784332
1225.490234
1990.196166
2539.215820
2774.509765
2754.902099
1656.862792
764.705871
-147.058822
-1000.000000
-1696.078491
-2411.764648
-2764.706054
-2441.176513
-1911.764770
-1137.254882
-137.254898
705.882385
1470.588256
2205.882324
2813.725585
2539.215820
2107.843261
1382.353027
431.372558
-470.588256
-1264.705932
-2039.215698
-2607.843261
-2803.921630
-2686.274658
-2303.921630
-1705.882324
-784.313720
166.666671
1009.803955
1754.901977
2421.568603
2784.313720
2401.960937
1901.960815
1117.647094
98.039215
-676.470581
-1431.372558
-2715.686279
-2833.333496
-2568.627441
-2127.450927
-1411.764770
-431.372558
470.588256
1245.098022
2009.803955
2558.823486
2637.254882
2254.902099
1647.058837
-352.941192
-1176.470581
-1901.960815
-2519.607910
-2803.921630
-2813.725585
-2372.549072
-872.549011
88.235298
882.352966
1627.451049
2323.529541
2686.274658
2784.313720
1990.196166
1245.098022
254.901962
-607.843139
-1372.549072
-2156.862792
-2656.862792
-2617.647216
-2176.470703
-1519.607910
-568.627441
401.960784
1215.686279
1931.372558
2519.607910
2764.706054
2745.098144
1725.490234
892.156860
-68.627449
-862.745117
-1647.058837
-2343.137207
-2725.490234
-2823.529541
-2519.607910
-2068.627441
-1333.333374
-313.725494
558.823547
1333.333374
2098.039306
2598.039306
2794.117675
2647.058837
2254.902099
1666.666748
774.509826
-166.666671
-1000.000000
-1696.078491
-2411.764648
-2754.902099
-2431.372558
-1921.568603
-1156.862792
-147.058822
715.686279
1490.196166
2215.686279
2784.313720
2549.019775
2117.647216
1392.156860
421.568634
-470.588256
-1245.098022
-2647.058837
-2813.725585
-2637.254882
-2254.902099
-1637.254882
-725.490234
1186.274536
1921.568603
2500.000000
2745.098144
2794.117675
2392.156982
1862.745117
-68.627449
-862.745117
-1627.451049
-2352.941162
-2745.098144
-2813.725585
-2529.411865
-1215.686279
-205.882354
666.666687
1411.764770
2137.254882
2617.647216
2764.706054
2598.039306
2205.882324
1598.039184
-421.568634
-1225.490234
-1990.196166
-2558.823486
-2813.725585
-2745.098144
-2343.137207
-774.509826
186.274520
1019.607849
1754.901977
2401.960937
2715.686279
2803.921630
1892.156860
1107.843139
88.235298
-705.882385
-1480.392211
-2215.686279
-2656.862792
-2568.627441
-2117.647216
-1382.353027
-392.156860
529.411804
1284.313720
2607.843261
2803.921630
2627.450927
2254.902099
1637.254882
745.098083
-205.882354
-1901.960815
-2509.803955
-2794.117675
-2784.313720
-2382.353027
-1843.137329
-1009.803955
1000.000000
1666.666748
2372.549072
2715.686279
2803.921630
2509.803955
2029.411743
166.666671
-666.666687
-1441.176513
-2225.490234
-2686.274658
-2813.725585
-2617.647216
-1411.764770
-431.372558
490.196075
1245.098022
1980.392211
2558.823486
2637.254882
2274.509765
1627.451049
764.705871
-176.470596
-1009.803955
-1784.313720
-2774.509765
-2774.509765
-2411.764648
-1862.745117
-1049.019653
-29.411766
784.313720
2333.333496
2696.078369
2803.921630
2529.411865
2088.235351
1352.941162
343.137268
-1441.176513
-2196.078369
-2666.666748
-2803.921630
-2627.450927
-2186.274658
-460.784332
460.784332
1235.294189
2000.000000
2519.607910
2754.902099
2774.509765
1705.882324
852.941162
-107.843139
-941.176513
-1705.882324
-2392.156982
-2764.706054
-2441.176513
-1941.176513
-1117.647094
-107.843139
705.882385
1490.196166
2196.078369
2813.725585
2558.823486
2078.431396
1362.745117
401.960784
-480.392150
-1264.705932
-2627.450927
-2813.725585
-2647.058837
-2245.098144
-1637.254882
-715.686279
254.901962
1078.431396
1784.313720
2441.176513
2784.313720
2372.549072
1794.117675
970.588256
39.215686
-745.098083
-1509.803955
-2715.686279
-2813.725585
-2539.215820
-2068.627441
-1352.941162
-323.529418
1460.784301
2196.078369
2656.862792
2823.529541
2607.843261
2176.470703
1549.019653
-490.196075
-1264.705932
-1990.196166
-2578.431396
-2794.117675
-2705.882324
-2313.725585
-705.882385
264.705902
1068.627441
1803.921630
2441.176513
2754.902099
2794.117675
1813.725463
980.392150
39.215686
-764.705871
-1529.411743
-2274.509765
-2686.274658
-2549.019775
-2107.843261
-1323.529418
-343.137268
558.823547
1313.725463
2676.470703
2803.921630
2588.235351
2176.470703
1558.823608
656.862731
-274.509796
-1960.784301
-2558.823486
-2813.725585
-2754.902099
-2372.549072
-1794.117675
-931.372558
1058.823608
1774.509887
2431.372558
2735.294189
2784.313720
2460.784423
1931.372558
1156.862792
176.470596
-686.274536
-1441.176513
-2205.882324
-2676.470703
-2813.725585
-2617.647216
-2186.274658
-1539.215698
-568.627441
1264.705932
2058.823486
2578.431396
2813.725585
2686.274658
2254.902099
1666.666748
-294.117645
-1117.647094
-1862.745117
-2490.196044
-2774.509765
-2823.529541
-1754.901977
-921.568664
9.803922
754.901977
1519.607910
2245.098144
2676.470703
2529.411865
2049.019531
1362.745117
401.960784
-509.803924
-1274.509887
-2078.431396
-2803.921630
-2637.254882
-2245.098144
-1607.843139
-696.078430
274.509796
1078.431396
2500.000000
2754.902099
2794.117675
2382.353027
1882.353027
1078.431396
78.431373
-1627.451049
-2343.137207
-2725.490234
-2833.333496
-2509.803955
-2068.627441
-1352.941162
666.666687
1441.176513
2176.470703
2656.862792
2794.117675
2617.647216
1421.568603
480.392150
-450.980407
-1225.490234
-1990.196166
-2549.019775
-2803.921630
-2274.509765
-1666.666748
-745.098083
196.078430
990.196105
1696.078491
2382.353027
2803.921630
2411.764648
1911.764770
1127.451049
156.862747
-696.078430
-1431.372558
-2696.078369
-2823.529541
-2578.431396
-2117.647216
-1411.764770
-411.764709
470.588256
1254.901977
2000.000000
2519.607910
2764.706054
2745.098144
2362.745117
1803.921630
980.392150
49.019607
-764.705871
-1519.607910
-2715.686279
-2823.529541
-2558.823486
-2088.235351
-1333.333374
-343.137268
549.019592
2176.470703
2656.862792
2803.921630
2588.235351
2166.666748
1549.019653
656.862731
-294.117645
-1147.058837
-1882.353027
-2794.117675
-2745.098144
-2343.137207
-803.921569
166.666671
1000.000000
1686.274536
2401.960937
2735.294189
2803.921630
1921.568603
1137.254882
156.862747
-705.882385
-1450.980468
-2205.882324
-2676.470703
-2568.627441
-2127.450927
-1401.960815
-411.764709
490.196075
1264.705932
2009.803955
2794.117675
2617.647216
2225.490234
1607.843139
715.686279
-205.882354
-1049.019653
-1813.725463
-2460.784423
-2774.509765
-2813.725585
-2431.372558
-1892.156860
-1088.235351
-78.431373
725.490234
1470.588256
2245.098144
2803.921630
2549.019775
2078.431396
1362.745117
401.960784
-490.196075
-1254.901977
-2627.450927
-2813.725585
-2647.058837
-2245.098144
-1617.647094
-715.686279
254.901962
1049.019653
1794.117675
2441.176513
2764.706054
2362.745117
1813.725463
-137.254898
-960.784301
-1705.882324
-2401.960937
-2725.490234
-2823.529541
-2500.000000
-1205.882324
-186.274520
656.862731
1392.156860
2156.862792
2637.254882
2794.117675
2137.254882
1460.784301
519.607849
-401.960784
-1225.490234
-1931.372558
-2558.823486
-2794.117675
-2774.509765
-2372.549072
-813.725524
156.862747
980.392150
1676.470581
2372.549072
2705.882324
2803.921630
2500.000000
2068.627441
1352.941162
372.549041
-509.803924
-1274.509887
-2039.215698
-2617.647216
-2637.254882
-2225.490234
-1598.039184
-656.862731
333.333343
1117.647094
1872.549072
2754.902099
2745.098144
2352.941162
1784.313720
950.980407
19.607843
-784.313720
-2352.941162
-2715.686279
-2843.137207
-2529.411865
-2058.823486
-1294.117675
735.294128
1490.196166
2205.882324
2637.254882
2774.509765
2598.039306
2166.666748
441.176483
-480.392150
-1245.098022
-2019.607910
-2568.627441
-2823.529541
-2715.686279
-1617.647094
-754.901977
215.686279
1049.019653
1774.509887
2450.980468
2715.686279
2813.725585
2441.176513
1921.568603
1176.470581
176.470596
-666.666687
-1421.568603
-2166.666748
-2666.666748
-2813.725585
-2617.647216
-1431.372558
-460.784332
470.588256
1254.901977
2000.000000
2509.803955
2784.313720
2313.725585
1715.686279
813.725524
-127.450981
-980.392150
-1686.274536
-2401.960937
-2725.490234
-2823.529541
-2500.000000
-1196.078491
-196.078430
656.862731
1392.156860
2137.254882
2647.058837
2774.509765
2617.647216
2225.490234
1598.039184
705.882385
-245.098037
-1068.627441
-1823.529418
-2480.392089
-2774.509765
-2372.549072
-1813.725463
-960.784301
9.803922
735.294128
1500.000000
2666.666748
2794.117675
2568.627441
2127.450927
1431.372558
470.588256
-450.980407
-2068.627441
-2607.843261
-2794.117675
-2686.274658
-2284.313720
-1656.862792
401.960784
1196.078491
1901.960815
2480.392089
2754.902099
2764.706054
2382.353027
901.960815
-39.215686
-833.333374
-1598.039184
-2313.725585
-2715.686279
-2833.333496
-2000.000000
-1284.313720
-323.529418
549.019592
1333.333374
2088.235351
2607.843261
2607.843261
2166.666748
1539.215698
617.647094
-333.333343
-1156.862792
-1892.156860
-2490.196044
-2774.509765
-2803.921630
-2392.156982
-1833.333374
-970.588256
-29.411766
784.313720
1549.019653
2254.902099
2666.666748
2519.607910
2088.235351
1343.137329
362.745117
-539.215698
-1294.117675
-2068.627441
-2823.529541
-2637.254882
-2205.882324
-1558.823608
-627.450988
333.333343
1156.862792
1872.549072
2480.392089
2764.706054
2352.941162
1754.901977
921.568664
-1039.215698
-1784.313720
-2470.588378
-2754.902099
-2823.529541
-2450.980468
-1941.176513
-29.411766
784.313720
1549.019653
2245.098144
2696.078369
2823.529541
2598.039306
1352.941162
372.549041
-529.411804
-1294.117675
-2078.431396
-2617.647216
-2803.921630
-2676.470703
-2264.705810
-1666.666748
343.137268
1147.058837
1872.549072
2470.588378
2774.509765
2794.117675
2392.156982
911.764709
-49.019607
-823.529418
-1607.843139
-2313.725585
-2715.686279
-2823.529541
-2558.823486
-2107.843261
-1372.549072
-352.941192
539.215698
1294.117675
2039.215698
2588.235351
2794.117675
2647.058837
2284.313720
676.470581
-294.117645
-1117.647094
-1852.941162
-2500.000000
-2794.117675
-2833.333496
-1843.137329
-980.392150
-19.607843
794.117675
1549.019653
2274.509765
2666.666748
2784.313720
2578.431396
2147.058837
392.156860
-500.000000
-1235.294189
-2009.803955
-2833.333496
-2656.862792
-2245.098144
-1656.862792
-745.098083
205.882354
1901.960815
2450.980468
2764.706054
2774.509765
2372.549072
1862.745117
1098.039184
-911.764709
-1676.470581
-2372.549072
-2725.490234
-2823.529541
-2519.607910
-2049.019531
-196.078430
666.666687
1392.156860
2147.058837
2656.862792
2784.313720
2588.235351
2205.882324
1578.431396
666.666687
-274.509796
-1117.647094
-1852.941162
-2490.196044
-2764.706054
-2813.725585
-2411.764648
-1901.960815
49.019607
843.137268
1598.039184
2303.921630
2696.078369
2794.117675
2558.823486
1274.509887
294.117645
-588.235290
-1333.333374
-2127.450927
-2647.058837
-2803.921630
-2176.470703
-1558.823608
-598.039245
343.137268
1127.451049
1882.353027
2794.117675
2745.098144
2333.333496
1735.294189
892.156860
-58.823532
-862.745117
-2421.568603
-2735.294189
-2843.137207
-2470.588378
-1980.392211
-1186.274536
-196.078430
1558.823608
2294.117675
2696.078369
2794.117675
2539.215820
2107.843261
1382.353027
-588.235290
-1333.333374
-2147.058837
-2647.058837
-2823.529541
-2647.058837
-2245.098144
-1627.451049
-705.882385
245.098037
1049.019653
1784.313720
2441.176513
2745.098144
2813.725585
2431.372558
1941.176513
1137.254882
-852.941162
-1617.647094
-2333.333496
-2705.882324
-2813.725585
-2549.019775
-2088.235351
-245.098037
607.843139
1362.745117
2137.254882
2656.862792
2813.725585
2156.862792
1480.392211
568.627441
-382.352935
-1186.274536
-1941.176513
-2539.215820
-2705.882324
-2284.313720
-1676.470581
-803.921569
166.666671
1000.000000
1676.470581
2745.098144
2803.921630
2421.568603
1931.372558
1147.058837
176.470596
-656.862731
-2264.705810
-2696.078369
-2833.333496
-2598.039306
-2137.254882
-1431.372558
-450.980407
460.784332
1215.686279
1990.196166
2539.215820
2794.117675
2705.882324
2323.529541
1725.490234
882.352966
-49.019607
-852.941162
-2421.568603
-2745.098144
-2813.725585
-2500.000000
-2068.627441
-1323.529418
-352.941192
1411.764770
2166.666748
2617.647216
2774.509765
2607.843261
2186.274658
1529.411743
627.450988
-323.529418
-1156.862792
-1911.764770
-2500.000000
-2784.313720
-2833.333496
-2421.568603
-1872.549072
-1088.235351
-68.627449
1656.862792
2362.745117
2705.882324
2784.313720
2490.196044
2049.019531
1352.941162
343.137268
-529.411804
-1313.725463
-2088.235351
-2627.450927
-2794.117675
-2647.058837
-2274.509765
-1676.470581
-764.705871
205.882354
1862.745117
2480.392089
2745.098144
2813.725585
2401.960937
1862.745117
1058.823608
-931.372558
-1666.666748
-2392.156982
-2735.294189
-2823.529541
-2490.196044
-1147.058837
-166.666671
696.078430
1421.568603
2196.078369
2647.058837
2794.117675
2117.647216
1441.176513
480.392150
-441.176483
-1235.294189
-2009.803955
-2558.823486
-2656.862792
-2254.902099
-1647.058837
-764.705871
186.274520
1009.803955
1745.098022
2745.098144
2803.921630
2372.549072
1862.745117
1098.039184
117.647064
-745.098083
-2303.921630
-2715.686279
-2823.529541
-2568.627441
-2117.647216
-1372.549072
666.666687
1421.568603
2166.666748
2647.058837
2803.921630
2617.647216
2196.078369
568.627441
-382.352935
-1196.078491
-1960.784301
-2539.215820
-2774.509765
-2784.313720
-1705.882324
-833.333374
137.254898
980.392150
1676.470581
2382.353027
2715.686279
2392.156982
1921.568603
1156.862792
156.862747
-686.274536
-1470.588256
-2196.078369
-2823.529541
-2578.431396
-2127.450927
-1382.353027
-401.960784
500.000000
1205.882324
1970.588256
2529.411865
2774.509765
2254.902099
1676.470581
803.921569
-1107.843139
-1872.549072
-2519.607910
-2774.509765
-2813.725585
-2392.156982
-1833.333374
88.235298
872.549011
1627.451049
2333.333496
2735.294189
2823.529541
2539.215820
1245.098022
274.509796
-578.431396
-1372.549072
-2147.058837
-2637.254882
-2823.529541
-2176.470703
-1519.607910
-578.431396
372.549041
1176.470581
1901.960815
2784.313720
2686.274658
2323.529541
1725.490234
872.549011
-58.823532
-892.156860
-2431.372558
-2764.706054
-2833.333496
-2480.392089
-2000.000000
-1284.313720
-274.509796
1470.588256
2225.490234
2696.078369
2813.725585
2598.039306
2156.862792
1490.196166
-500.000000
-1254.901977
-2009.803955
-2549.019775
-2813.725585
-2735.294189
-2333.333496
-774.509826
196.078430
1009.803955
1754.901977
2431.372558
2735.294189
2813.725585
2460.784423
1960.784301
1176.470581
-803.921569
-1578.431396
-2303.921630
-2813.725585
-2500.000000
-2098.039306
-1372.549072
-372.549041
519.607849
1294.117675
2627.450927
2794.117675
2607.843261
2186.274658
1578.431396
686.274536
-284.313720
-1960.784301
-2519.607910
-2794.117675
-2764.706054
-2362.745117
-1784.313720
-941.176513
1019.607849
1774.509887
2441.176513
2725.490234
2803.921630
2411.764648
1078.431396
58.823532
-725.490234
-1500.000000
-2196.078369
-2637.254882
-2813.725585
-2137.254882
-1421.568603
-460.784332
450.980407
1215.686279
1990.196166
2558.823486
2627.450927
2235.294189
1647.058837
745.098083
-137.254898
-1029.411743
-1774.509887
-2794.117675
-2803.921630
-2392.156982
-1833.333374
-1029.411743
-19.607843
784.313720
1539.215698
2274.509765
2686.274658
2803.921630
2617.647216
2137.254882
1460.784301
500.000000
-333.333343
-1166.666748
-1921.568603
-2803.921630
-2725.490234
-2323.529541
-1725.490234
-862.745117
98.039215
892.156860
2401.960937
2725.490234
2794.117675
2450.980468
1970.588256
1225.490234
254.901962
-1509.803955
-2254.902099
-2705.882324
-2823.529541
-2588.235351
-2147.058837
-343.137268
549.019592
1303.921630
2058.823486
2588.235351
2764.706054
2656.862792
1568.627441
656.862731
-264.705902
-1107.843139
-1852.941162
-2490.196044
-2784.313720
-2362.745117
-1774.509887
-941.176513
49.019607
794.117675
1578.431396
2303.921630
2794.117675
2480.392089
2039.215698
1284.313720
323.529418
-568.627441
-1343.137329
-2107.843261
-2637.254882
-2823.529541
-2647.058837
-2245.098144
-1637.254882
-735.294128
245.098037
1039.215698
1803.921630
2450.980468
2784.313720
2382.353027
1823.529418
1009.803955
58.823532
-764.705871
-1519.607910
-2725.490234
-2843.137207
-2549.019775
-2058.823486
-1343.137329
-333.333343
558.823547
1284.313720
2068.627441
2588.235351
2607.843261
2186.274658
1558.823608
-450.980407
-1245.098022
-1990.196166
-2558.823486
-2813.725585
-2735.294189
-2333.333496
-764.705871
215.686279
1029.411743
1784.313720
2431.372558
2725.490234
2794.117675
1882.353027
1049.019653
58.823532
-745.098083
-1500.000000
-2186.274658
-2686.274658
-2578.431396
-2117.647216
-1411.764770
-421.568634
490.196075
1254.901977
2000.000000
2519.607910
2794.117675
2754.902099
2352.941162
1784.313720
950.980407
0.000000
-666.666687
-1411.764770
-2205.882324
-2676.470703
-2588.235351
-2127.450927
-1450.980468
-460.784332
480.392150
1235.294189
2000.000000
2774.509765
2676.470703
2294.117675
1686.274536
833.333374
-117.647064
-921.568664
-2441.176513
-2764.706054
-2843.137207
-2431.372558
-1921.568603
-1127.451049
-137.254898
1627.451049
2313.725585
2696.078369
2794.117675
2539.215820
2088.235351
274.509796
-607.843139
-1352.941162
-2137.254882
-2647.058837
-2843.137207
-2647.058837
-1500.000000
-627.450988
333.333343
1147.058837
1862.745117
2509.803955
2764.706054
2313.725585
1745.098022
950.980407
0.000000
-686.274536
-1460.784301
-2235.294189
-2823.529541
-2578.431396
-2127.450927
-1382.353027
-411.764709
490.196075
1254.901977
2637.254882
2794.117675
2647.058837
2235.294189
1607.843139
745.098083
-205.882354
-1892.156860
-2500.000000
-2764.706054
-2803.921630
-2441.176513
-1892.156860
68.627449
823.529418
1578.431396
2284.313720
2686.274658
2813.725585
2558.823486
1274.509887
303.921569
-558.823547
-1313.725463
-2176.470703
-2666.666748
-2813.725585
-2186.274658
-1519.607910
-578.431396
382.352935
1166.666748
1911.764770
2500.000000
2754.902099
2774.509765
2411.764648
970.588256
0.000000
-676.470581
-1411.764770
-2166.666748
-2666.666748
-2813.725585
-2117.647216
-1411.764770
-441.176483
460.784332
1254.901977
2000.000000
2509.803955
2666.666748
2284.313720
1715.686279
843.137268
-107.843139
-970.588256
-1705.882324
-2745.098144
-2833.333496
-2450.980468
-1931.372558
-1127.451049
-127.450981
705.882385
2323.529541
2696.078369
2803.921630
2558.823486
2098.039306
1392.156860
441.176483
-470.588256
-1264.705932
-2029.411743
-2578.431396
-2784.313720
-2705.882324
-2294.117675
-1705.882324
-823.529418
147.058822
980.392150
2421.568603
2735.294189
2794.117675
2431.372558
1921.568603
1156.862792
166.666671
-666.666687
-1450.980468
-2215.686279
-2813.725585
-2578.431396
-2137.254882
-303.921569
578.431396
1303.921630
2098.039306
2588.235351
2794.117675
2656.862792
1519.607910
617.647094
-303.921569
-1156.862792
-1882.353027
-2519.607910
-2784.313720
-2352.941162
-1725.490234
-882.352966
88.235298
872.549011
1607.843139
2303.921630
2813.725585
2470.588378
2009.803955
1254.901977
284.313720
-598.039245
-1352.941162
-2127.450927
-2647.058837
-2823.529541
-2637.254882
-2225.490234
-1607.843139
-676.470581
264.705902
1078.431396
1843.137329
2470.588378
2764.706054
2372.549072
1813.725463
980.392150
19.607843
-745.098083
-1519.607910
-2725.490234
-2833.333496
-2549.019775
-2078.431396
-1343.137329
-362.745117
519.607849
1294.117675
2068.627441
2578.431396
2784.313720
2647.058837
2245.098144
1666.666748
794.117675
-147.058822
-990.196105
-1715.686279
-2764.706054
-2823.529541
-2431.372558
-1892.156860
-1098.039184
-107.843139
735.294128
2333.333496
2715.686279
2803.921630
2539.215820
2058.823486
1372.549072
382.352935
-519.607849
-1264.705932
-2049.019531
-2588.235351
-2813.725585
-2705.882324
-2245.098144
-1696.078491
-803.921569
166.666671
980.392150
2441.176513
2735.294189
2823.529541
2421.568603
1901.960815
1156.862792
156.862747
-696.078430
-1441.176513
-2225.490234
-2676.470703
-2823.529541
-2637.254882
-2166.666748
-1519.607910
-568.627441
401.960784
1166.666748
2578.431396
2784.313720
2686.274658
2294.117675
1696.078491
852.941162
-88.235298
-1794.117675
-2470.588378
-2794.117675
-2813.725585
-2421.568603
-1911.764770
0.000000
676.470581
1450.980468
2176.470703
2656.862792
2813.725585
2607.843261
1441.176513
490.196075
-441.176483
-1225.490234
-1970.588256
-2539.215820
-2803.921630
-2274.509765
-1656.862792
-754.901977
205.882354
1029.411743
1774.509887
2441.176513
2784.313720
2352.941162
1843.137329
1029.411743
39.215686
-754.901977
-1509.803955
-2725.490234
-2833.333496
-2539.215820
-2088.235351
-1333.333374
-333.333343
558.823547
1303.921630
2088.235351
2607.843261
2588.235351
2186.274658
1558.823608
-460.784332
-1284.313720
-2009.803955
-2578.431396
-2823.529541
-2725.490234
-2303.921630
-735.294128
225.490203
1049.019653
1794.117675
2450.980468
2725.490234
2774.509765
1852.941162
1058.823608
58.823532
-764.705871
-1519.607910
-2245.098144
-2705.882324
-2823.529541
-2578.431396
-2147.058837
-343.137268
549.019592
1294.117675
2078.431396
2588.235351
2794.117675
2647.058837
2264.705810
1686.274536
794.117675
-147.058822
-1000.000000
-1715.686279
-2401.960937
-2745.098144
-2450.980468
-1941.176513
-1137.254882
-127.450981
715.686279
1480.392211
2215.686279
2666.666748
2823.529541
2617.647216
1382.353027
401.960784
-460.784332
-2107.843261
-2656.862792
-2813.725585
-2647.058837
-2245.098144
-1627.451049
-696.078430
1186.274536
1970.588256
2558.823486
2764.706054
2764.706054
2362.745117
1794.117675
-137.254898
-1009.803955
-1745.098022
-2441.176513
-2764.706054
-2843.137207
-2460.784423
-1088.235351
-58.823532
764.705871
1529.411743
2245.098144
2696.078369
2803.921630
2578.431396
2147.058837
1509.803955
-539.215698
-1303.921630
-2098.039306
-2803.921630
-2637.254882
-2205.882324
-1568.627441
-656.862731
313.725494
1127.451049
2519.607910
2774.509765
2764.706054
2343.137207
1794.117675
960.784301
9.803922
-1637.254882
-2343.137207
-2745.098144
-2843.137207
-2549.019775
-2058.823486
-1323.529418
676.470581
1450.980468
2186.274658
2637.254882
2764.706054
2598.039306
2196.078369
1578.431396
666.666687
-284.313720
-1950.980468
-2549.019775
-2794.117675
-2794.117675
-2352.941162
-1754.901977
-911.764709
1039.215698
1764.705932
2431.372558
2735.294189
2794.117675
2401.960937
1049.019653
49.019607
-715.686279
-1480.392211
-2254.902099
-2686.274658
-2843.137207
-2107.843261
-1362.745117
-352.941192
529.411804
1284.313720
2078.431396
2588.235351
2627.450927
2235.294189
1588.235351
686.274536
-264.705902
-1107.843139
-1843.137329
-2794.117675
-2754.902099
-2352.941162
-1774.509887
-931.372558
39.215686
843.137268
1607.843139
2313.725585
2686.274658
2803.921630
2539.215820
2078.431396
1382.353027
421.568634
-480.392150
-1274.509887
-2039.215698
-2813.725585
-2647.058837
-2235.294189
-1598.039184
-676.470581
254.901962
1068.627441
2509.803955
2774.509765
2774.509765
2362.745117
1813.725463
1000.000000
98.039215
-696.078430
-1460.784301
-2225.490234
-2803.921630
-2578.431396
-2117.647216
-284.313720
578.431396
1323.529418
2107.843261
2607.843261
2803.921630
2637.254882
1519.607910
598.039245
-323.529418
-1156.862792
-1892.156860
-2500.000000
-2774.509765
-2372.549072
-1784.313720
-941.176513
39.215686
823.529418
1568.627441
2274.509765
2803.921630
2519.607910
2068.627441
1313.725463
313.725494
-539.215698
-1313.725463
-2666.666748
-2803.921630
-2627.450927
-2186.274658
-1529.411743
-578.431396
1264.705932
2019.607910
2568.627441
2784.313720
2696.078369
2294.117675
1686.274536
-274.509796
-1107.843139
-1852.941162
-2480.392089
-2774.509765
-2813.725585
-2411.764648
-921.568664
29.411766
813.725524
1568.627441
2284.313720
2656.862792
2803.921630
2019.607910
1294.117675
323.529418
-568.627441
-1323.529418
-2107.843261
-2637.254882
-2617.647216
-2176.470703
-1539.215698
-588.235290
372.549041
1156.862792
2578.431396
2774.509765
2715.686279
2284.313720
1735.294189
892.156860
-49.019607
-1715.686279
-2421.568603
-2745.098144
-2823.529541
-2480.392089
-1980.392211
-1205.882324
813.725524
1588.235351
2284.313720
2705.882324
2813.725585
2568.627441
2098.039306
1421.568603
470.588256
-441.176483
-2068.627441
-2617.647216
-2813.725585
-2647.058837
-2284.313720
-1647.058837
-764.705871
1166.666748
1892.156860
2519.607910
2686.274658
2323.529541
1705.882324
872.549011
-78.431373
-901.960815
-1656.862792
-2745.098144
-2833.333496
-2460.784423
-1960.784301
-1186.274536
-205.882354
637.254943
2274.509765
2666.666748
2794.117675
2549.019775
2127.450927
1460.784301
539.215698
-401.960784
-1215.686279
-1970.588256
-2549.019775
-2774.509765
-2754.902099
-2362.745117
-1784.313720
-941.176513
29.411766
852.941162
2362.745117
2705.882324
2794.117675
2490.196044
2029.411743
1274.509887
284.313720
-1460.784301
-2225.490234
-2647.058837
-2813.725585
-2617.647216
-2186.274658
-1500.000000
-637.254943
343.137268
1156.862792
1892.156860
2480.392089
2735.294189
2764.706054
2362.745117
1852.941162
1068.627441
68.627449
-1637.254882
-2333.333496
-2725.490234
-2833.333496
-2500.000000
-2107.843261
-1372.549072
607.843139
1392.156860
2137.254882
2617.647216
2764.706054
2588.235351
2196.078369
1598.039184
696.078430
-254.901962
-1098.039184
-1823.529418
-2480.392089
-2754.902099
-2823.529541
-2411.764648
-1901.960815
-1107.843139
931.372558
1656.862792
2343.137207
2715.686279
2803.921630
2500.000000
2098.039306
1401.960815
431.372558
-470.588256
-1254.901977
-2029.411743
-2598.039306
-2803.921630
-2696.078369
-2313.725585
-1725.490234
-843.137268
1098.039184
1823.529418
2450.980468
2735.294189
2784.313720
2401.960937
1901.960815
1107.843139
107.843139
-725.490234
-1500.000000
-2186.274658
-2666.666748
-2833.333496
-2627.450927
-2186.274658
-1529.411743
-588.235290
1264.705932
2029.411743
2568.627441
2754.902099
2666.666748
2274.509765
1725.490234
-264.705902
-1078.431396
-1823.529418
-2509.803955
-2774.509765
-2813.725585
-2421.568603
-970.588256
-9.803922
754.901977
1500.000000
2205.882324
2656.862792
2784.313720
2578.431396
2186.274658
1539.215698
-470.588256
-1284.313720
-2009.803955
-2813.725585
-2627.450927
-2225.490234
-1617.647094
-725.490234
254.901962
1049.019653
1803.921630
2450.980468
2754.902099
2794.117675
2401.960937
1921.568603
1156.862792
156.862747
-676.470581
-1460.784301
-2196.078369
-2656.862792
-2784.313720
-2627.450927
-2186.274658
-441.176483
470.588256
1254.901977
1970.588256
2519.607910
2764.706054
2715.686279
2343.137207
1725.490234
931.372558
-39.215686
-823.529418
-1598.039184
-2323.529541
-2696.078369
-2823.529541
-2558.823486
-2098.039306
-274.509796
607.843139
1362.745117
2137.254882
2627.450927
2784.313720
2607.843261
1539.215698
568.627441
-352.941192
-1176.470581
-1941.176513
-2539.215820
-2784.313720
-2294.117675
-1715.686279
-833.333374
147.058822
970.588256
1666.666748
2725.490234
2774.509765
2421.568603
1931.372558
1176.470581
176.470596
-676.470581
-2264.705810
-2705.882324
-2823.529541
-2588.235351
-2127.450927
-1441.176513
-450.980407
1343.137329
2107.843261
2598.039306
2774.509765
2617.647216
2225.490234
1647.058837
-382.352935
-1205.882324
-1950.980468
-2539.215820
-2794.117675
-2754.902099
-1696.078491
-833.333374
137.254898
970.588256
1676.470581
2372.549072
2676.470703
2421.568603
1941.176513
1166.666748
156.862747
-666.666687
-1441.176513
-2225.490234
-2813.725585
-2578.431396
-2127.450927
-1411.764770
-431.372558
500.000000
1196.078491
2578.431396
2774.509765
2666.666748
2284.313720
1696.078491
833.333374
-127.450981
-1813.725463
-2490.196044
-2754.902099
-2823.529541
-2401.960937
-1911.764770
19.607843
803.921569
1568.627441
2264.705810
2656.862792
2794.117675
2558.823486
1294.117675
313.725494
-558.823547
-1313.725463
-2107.843261
-2627.450927
-2813.725585
-2186.274658
-1529.411743
-568.627441
392.156860
1176.470581
1901.960815
2490.196044
2715.686279
2313.725585
1715.686279
862.745117
-88.235298
-911.764709
-1627.451049
-2735.294189
-2813.725585
-2460.784423
-1980.392211
-1205.882324
-147.058822
1578.431396
2303.921630
2676.470703
2794.117675
2558.823486
2137.254882
1401.960815
-607.843139
-1362.745117
-2147.058837
-2627.450927
-2813.725585
-2617.647216
-2215.686279
-539.215698
411.764709
1176.470581
1931.372558
2519.607910
2794.117675
2764.706054
2362.745117
1754.901977
980.392150
-990.196105
-1705.882324
-2401.960937
-2735.294189
-2450.980468
-1931.372558
-1147.058837
-127.450981
705.882385
1460.784301
2705.882324
2803.921630
2549.019775
2098.039306
1411.764770
490.196075
-441.176483
-2098.039306
-2617.647216
-2813.725585
-2656.862792
-2284.313720
-1656.862792
-735.294128
1156.862792
1931.372558
2519.607910
2764.706054
2735.294189
2323.529541
1774.509887
1000.000000
49.019607
-735.294128
-1490.196166
-2254.902099
-2696.078369
-2813.725585
-2607.843261
-2176.470703
-1480.392211
-519.607849
1323.529418
2078.431396
2598.039306
2774.509765
2637.254882
2245.098144
1696.078491
-313.725494
-1147.058837
-1911.764770
-2519.607910
-2774.509765
-2813.725585
-2392.156982
-1784.313720
-990.196105
-39.215686
764.705871
1529.411743
2284.313720
2656.862792
2784.313720
2568.627441
2147.058837
1480.392211
-549.019592
-1303.921630
-2078.431396
-2607.843261
-2823.529541
-2647.058837
-2254.902099
-637.254943
313.725494
1137.254882
1892.156860
2470.588378
2764.706054
2333.333496
1774.509887
931.372558
-9.803922
-794.117675
-1568.627441
-2294.117675
-2813.725585
-2480.392089
-2039.215698
-1294.117675
-284.313720
588.235290
1333.333374
2637.254882
2754.902099
2598.039306
2176.470703
1578.431396
627.450988
-284.313720
-1970.588256
-2529.411865
-2813.725585
-2754.902099
-2343.137207
-1764.705932
-911.764709
1039.215698
1784.313720
2431.372558
2725.490234
2784.313720
2401.960937
1029.411743
29.411766
-745.098083
-1509.803955
-2254.902099
-2705.882324
-2823.529541
-2078.431396
-1343.137329
-333.333343
558.823547
1313.725463
2088.235351
2607.843261
2617.647216
2205.882324
1549.019653
627.450988
-303.921569
-1127.451049
-1872.549072
-2803.921630
-2735.294189
-2333.333496
-1745.098022
-911.764709
49.019607
813.725524
1588.235351
2323.529541
2676.470703
2470.588378
2039.215698
1303.921630
-715.686279
-1480.392211
-2235.294189
-2705.882324
-2833.333496
-2607.843261
-2147.058837
-382.352935
529.411804
1294.117675
2029.411743
2598.039306
2774.509765
2676.470703
1588.235351
696.078430
-254.901962
-1088.235351
-1833.333374
-2470.588378
-2774.509765
-2803.921630
-2431.372558
-1892.156860
49.019607
833.333374
1588.235351
2274.509765
2666.666748
2803.921630
2549.019775
2127.450927
1411.764770
480.392150
-441.176483
-1225.490234
-1980.392211
-2578.431396
-2794.117675
-2245.098144
-1666.666748
-735.294128
235.294128
1039.215698
1803.921630
2421.568603
2735.294189
2774.509765
2401.960937
1058.823608
49.019607
-725.490234
-1509.803955
-2705.882324
-2803.921630
-2558.823486
-2098.039306
-1382.353027
-392.156860
1421.568603
2176.470703
2637.254882
2764.706054
2607.843261
2196.078369
1607.843139
-431.372558
-1235.294189
-2000.000000
-2529.411865
-2784.313720
-2794.117675
-2382.353027
-823.529418
127.450981
960.784301
1666.666748
2392.156982
2705.882324
2794.117675
2470.588378
2000.000000
1333.333374
362.745117
-539.215698
-1323.529418
-2098.039306
-2627.450927
-2803.921630
-2676.470703
-2284.313720
-656.862731
303.921569
1147.058837
1872.549072
2450.980468
2754.902099
2784.313720
1735.294189
941.176513
0.000000
-676.470581
-1450.980468
-2205.882324
-2686.274658
-2833.333496
-2598.039306
-2186.274658
-431.372558
470.588256
1245.098022
1990.196166
2558.823486
2764.706054
2715.686279
1666.666748
754.901977
-176.470596
-1029.411743
-1764.705932
-2441.176513
-2764.706054
-2392.156982
-1794.117675
-1039.215698
-19.607843
784.313720
1549.019653
2254.902099
2686.274658
2803.921630
2558.823486
2137.254882
1460.784301
500.000000
-323.529418
-1166.666748
-1911.764770
-2509.803955
-2774.509765
-2333.333496
-1725.490234
-872.549011
98.039215
882.352966
1598.039184
2294.117675
2794.117675
2460.784423
1990.196166
1235.294189
235.294128
-617.647094
-1392.156860
-2176.470703
-2676.470703
-2813.725585
-2617.647216
-2205.882324
-1598.039184
-666.666687
303.921569
1127.451049
1862.745117
2470.588378
2735.294189
2343.137207
1754.901977
931.372558
0.000000
-686.274536
-1450.980468
-2696.078369
-2833.333496
-2578.431396
-2127.450927
-1392.156860
-441.176483
480.392150
2088.235351
2617.647216
2784.313720
2627.450927
2225.490234
1647.058837
764.705871
-166.666671
-1029.411743
-1774.509887
-2450.980468
-2745.098144
-2803.921630
-2450.980468
-1941.176513
-1186.274536
-147.058822
686.274536
2284.313720
2676.470703
2823.529541
2558.823486
2117.647216
1431.372558
460.784332
-470.588256
-1254.901977
-2009.803955
-2598.039306
-2794.117675
-2696.078369
-2323.529541
-1735.294189
-862.745117
127.450981
970.588256
2411.764648
2715.686279
2794.117675
2421.568603
1941.176513
1186.274536
176.470596
-1539.215698
-2294.117675
-2715.686279
-2803.921630
-2568.627441
-2088.235351
-264.705902
598.039245
1343.137329
2098.039306
2598.039306
2774.509765
2627.450927
1549.019653
627.450988
-294.117645
-1117.647094
-1862.745117
-2509.803955
-2764.706054
-2333.333496
-1725.490234
-901.960815
39.215686
833.333374
1598.039184
2294.117675
2794.117675
2470.588378
2039.215698
1294.117675
274.509796
-568.627441
-1362.745117
-2696.078369
-2833.333496
-2607.843261
-2186.274658
-1490.196166
-539.215698
1294.117675
2078.431396
2598.039306
2774.509765
2637.254882
2294.117675
1696.078491
-323.529418
-1166.666748
-1921.568603
-2509.803955
-2784.313720
-2794.117675
-2372.549072
-882.352966
78.431373
882.352966
1598.039184
2313.725585
2676.470703
2794.117675
1980.392211
1235.294189
254.901962
-607.843139
-1372.549072
-2166.666748
-2647.058837
-2617.647216
-2156.862792
-1460.784301
-529.411804
411.764709
1176.470581
2588.235351
2784.313720
2666.666748
2274.509765
1686.274536
843.137268
-117.647064
-1803.921630
-2460.784423
-2754.902099
-2803.921630
-2431.372558
-1882.353027
-1127.451049
872.549011
1627.451049
2333.333496
2686.274658
2803.921630
2519.607910
2078.431396
1362.745117
382.352935
-509.803924
-1284.313720
-2058.823486
-2607.843261
-2774.509765
-2686.274658
-2284.313720
-1696.078491
-794.117675
1166.666748
1872.549072
2470.588378
2754.902099
2784.313720
2401.960937
1803.921630
1039.215698
49.019607
-745.098083
-1470.588256
-2215.686279
-2686.274658
-2823.529541
-2607.843261
-2137.254882
-1460.784301
-519.607849
1303.921630
2068.627441
2607.843261
2774.509765
2647.058837
2264.705810
1715.686279
-303.921569
-1166.666748
-1921.568603
-2568.627441
-2794.117675
-2784.313720
-2372.549072
-1784.313720
-980.392150
-9.803922
745.098083
1500.000000
2166.666748
2656.862792
2813.725585
2627.450927
2196.078369
1558.823608
-431.372558
-1264.705932
-2000.000000
-2539.215820
-2784.313720
-2764.706054
-2372.549072
-823.529418
117.647064
960.784301
1696.078491
2352.941162
2705.882324
2794.117675
2480.392089
2039.215698
1284.313720
303.921569
-588.235290
-1343.137329
-2127.450927
-2647.058837
-2813.725585
-2647.058837
-2235.294189
-568.627441
382.352935
1186.274536
1911.764770
2490.196044
2745.098144
2774.509765
1725.490234
901.960815
-39.215686
-862.745117
-1598.039184
-2323.529541
-2725.490234
-2460.784423
-2009.803955
-1245.098022
-235.294128
637.254943
1382.353027
2647.058837
2794.117675
2588.235351
2166.666748
1500.000000
637.254943
-323.529418
-1990.196166
-2578.431396
-2803.921630
-2735.294189
-2343.137207
-1745.098022
-892.156860
1068.627441
1803.921630
2441.176513
2725.490234
2794.117675
2401.960937
1911.764770
9.803922
-715.686279
-1519.607910
-2235.294189
-2686.274658
-2823.529541
-2598.039306
-1392.156860
-382.352935
539.215698
1294.117675
2068.627441
2578.431396
2598.039306
2225.490234
1627.451049
715.686279
-245.098037
-1068.627441
-1823.529418
-2784.313720
-2774.509765
-2382.353027
-1774.509887
-980.392150
-39.215686
784.313720
2362.745117
2696.078369
2803.921630
2519.607910
2068.627441
1333.333374
362.745117
-1421.568603
-2186.274658
-2686.274658
-2813.725585
-2617.647216
-2166.666748
-1519.607910
509.803924
1264.705932
2029.411743
2588.235351
2764.706054
2686.274658
1637.254882
725.490234
-235.294128
-1058.823608
-1803.921630
-2470.588378
-2764.706054
-2372.549072
-1774.509887
-990.196105
-39.215686
774.509826
1549.019653
2264.705810
2794.117675
2509.803955
2098.039306
1352.941162
392.156860
-500.000000
-1264.705932
-2627.450927
-2813.725585
-2666.666748
-2264.705810
-1676.470581
-764.705871
196.078430
1029.411743
1754.901977
2421.568603
2715.686279
2794.117675
2411.764648
1941.176513
1176.470581
186.274520
-656.862731
-1431.372558
-2696.078369
-2803.921630
-2588.235351
-2117.647216
-1411.764770
-470.588256
450.980407
2068.627441
2607.843261
2784.313720
2647.058837
2254.902099
1686.274536
813.725524
-137.254898
-990.196105
-1715.686279
-2735.294189
-2813.725585
-2421.568603
-980.392150
-49.019607
735.294128
1509.803955
2235.294189
2676.470703
2784.313720
2088.235351
1343.137329
392.156860
-509.803924
-1274.509887
-2058.823486
-2598.039306
-2627.450927
-2225.490234
-1647.058837
-725.490234
254.901962
1088.235351
1794.117675
2774.509765
2784.313720
2362.745117
1754.901977
1009.803955
9.803922
-725.490234
-2323.529541
-2725.490234
-2823.529541
-2539.215820
-2088.235351
-1352.941162
-362.745117
539.215698
1294.117675
2068.627441
2598.039306
2774.509765
2647.058837
2284.313720
1705.882324
813.725524
-117.647064
-970.588256
-2460.784423
-2764.706054
-2843.137207
-2431.372558
-1862.745117
-1127.451049
-137.254898
1637.254882
2333.333496
2696.078369
2794.117675
2500.000000
2098.039306
1421.568603
480.392150
-460.784332
-1235.294189
-1980.392211
-2568.627441
-2794.117675
-2715.686279
-2313.725585
-1705.882324
-843.137268
107.843139
1803.921630
2450.980468
2745.098144
2803.921630
2401.960937
1901.960815
1156.862792
156.862747
-696.078430
-1431.372558
-2205.882324
-2656.862792
-2784.313720
-2607.843261
-2176.470703
-1509.803955
-568.627441
382.352935
2009.803955
2558.823486
2784.313720
2686.274658
2303.921630
1715.686279
862.745117
-88.235298
-892.156860
-1627.451049
-2735.294189
-2823.529541
-2460.784423
-1970.588256
-1205.882324
-205.882354
647.058837
1401.960815
2156.862792
2647.058837
2784.313720
2598.039306
2196.078369
1607.843139
715.686279
-1205.882324
-1980.392211
-2558.823486
-2823.529541
-2725.490234
-2313.725585
-1735.294189
235.294128
1058.823608
1784.313720
2441.176513
2725.490234
2784.313720
1774.509887
1019.607849
49.019607
-745.098083
-1490.196166
-2264.705810
-2686.274658
-2549.019775
-2088.235351
-1352.941162
-372.549041
529.411804
1294.117675
2068.627441
2774.509765
2607.843261
2205.882324
1627.451049
686.274536
-254.901962
-1088.235351
-2529.411865
-2784.313720
-2774.509765
-2362.745117
-1764.705932
-931.372558
49.019607
794.117675
1558.823608
2284.313720
2696.078369
2803.921630
2558.823486
2107.843261
1441.176513
500.000000
-352.941192
-1186.274536
-2568.627441
-2794.117675
-2676.470703
-2303.921630
-1715.686279
-833.333374
147.058822
1784.313720
2431.372558
2754.902099
2803.921630
2431.372558
1931.372558
1137.254882
156.862747
-666.666687
-1470.588256
-2225.490234
-2676.470703
-2823.529541
-2588.235351
-2176.470703
-1509.803955
-568.627441
382.352935
2009.803955
2539.215820
2754.902099
2696.078369
2284.313720
1725.490234
872.549011
-58.823532
-882.352966
-1637.254882
-2745.098144
-2823.529541
-2441.176513
-1960.784301
-98.039215
715.686279
1470.588256
2225.490234
2656.862792
2764.706054
2107.843261
1421.568603
470.588256
-450.980407
-1235.294189
-2000.000000
-2529.411865
-2686.274658
-2284.313720
-1735.294189
-794.117675
156.862747
990.196105
1705.882324
2725.490234
2784.313720
2421.568603
1901.960815
1137.254882
137.254898
-686.274536
-2284.313720
-2705.882324
-2843.137207
-2549.019775
-2117.647216
-1362.745117
-401.960784
1382.353027
2147.058837
2627.450927
2764.706054
2617.647216
2205.882324
558.823547
-382.352935
-1176.470581
-1950.980468
-2519.607910
-2784.313720
-2774.509765
-1725.490234
-852.941162
156.862747
960.784301
1696.078491
2382.353027
2715.686279
2421.568603
1960.784301
1205.882324
186.274520
-647.058837
-1411.764770
-2186.274658
-2823.529541
-2578.431396
-2137.254882
-1421.568603
-450.980407
450.980407
1225.490234
2000.000000
2509.803955
2754.902099
2313.725585
1715.686279
882.352966
-1078.431396
-1833.333374
-2470.588378
-2774.509765
-2803.921630
-2411.764648
-1852.941162
39.215686
852.941162
1637.254882
2313.725585
2696.078369
2794.117675
2549.019775
1274.509887
303.921569
-588.235290
-1362.745117
-2127.450927
-2656.862792
-2823.529541
-2176.470703
-1509.803955
-558.823547
372.549041
1186.274536
1941.176513
2490.196044
2764.706054
2745.098144
2372.549072
1774.509887
1029.411743
39.215686
-794.117675
-1558.823608
-2274.509765
-2696.078369
-2813.725585
-2058.823486
-1323.529418
-343.137268
549.019592
1303.921630
2078.431396
2598.039306
2803.921630
2666.666748
2254.902099
656.862731
-303.921569
-1147.058837
-1872.549072
-2480.392089
-2794.117675
-2794.117675
-1735.294189
-921.568664
29.411766
833.333374
1588.235351
2294.117675
2696.078369
2803.921630
2549.019775
2088.235351
1372.549072
411.764709
-480.392150
-1254.901977
-2009.803955
-2607.843261
-2794.117675
-2715.686279
-1656.862792
-725.490234
274.509796
1058.823608
1833.333374
2421.568603
2715.686279
2372.549072
1774.509887
1009.803955
29.411766
-774.509826
-1549.019653
-2274.509765
-2794.117675
-2500.000000
-2117.647216
-1372.549072
-401.960784
509.803924
1264.705932
2039.215698
2598.039306
2764.706054
2215.686279
1637.254882
735.294128
-1205.882324
-1970.588256
-2529.411865
-2803.921630
-2774.509765
-2343.137207
-1735.294189
186.274520
1019.607849
1735.294189
2392.156982
2705.882324
2803.921630
2441.176513
1039.215698
58.823532
-725.490234
-1509.803955
-2245.098144
-2696.078369
-2803.921630
-2107.843261
-1372.549072
-372.549041
509.803924
1264.705932
2019.607910
2784.313720
2647.058837
2245.098144
1656.862792
735.294128
-205.882354
-1078.431396
-2519.607910
-2764.706054
-2794.117675
-2372.549072
-1774.509887
-980.392150
-19.607843
1637.254882
2352.941162
2715.686279
2794.117675
2500.000000
2078.431396
1401.960815
-637.254943
-1411.764770
-2176.470703
-2656.862792
-2833.333496
-2627.450927
-2205.882324
-509.803924
421.568634
1215.686279
1960.784301
2519.607910
2764.706054
2284.313720
1715.686279
813.725524
-117.647064
-970.588256
-1696.078491
-2401.960937
-2803.921630
-2431.372558
-1901.960815
-1137.254882
-117.647064
696.078430
1460.784301
2666.666748
2813.725585
2558.823486
2107.843261
1392.156860
450.980407
-450.980407
-2098.039306
-2647.058837
-2794.117675
-2656.862792
-2254.902099
-1686.274536
-754.901977
1147.058837
1911.764770
2480.392089
2754.902099
2774.509765
2372.549072
892.156860
-29.411766
-833.333374
-1598.039184
-2343.137207
-2735.294189
-2823.529541
-2019.607910
-1254.901977
-235.294128
627.450988
1382.353027
2137.254882
2598.039306
2598.039306
2166.666748
1529.411743
568.627441
-352.941192
-1176.470581
-1911.764770
-2803.921630
-2715.686279
-2313.725585
-1725.490234
-862.745117
127.450981
941.176513
1686.274536
2372.549072
2705.882324
2764.706054
2480.392089
2029.411743
1333.333374
313.725494
-549.019592
-1323.529418
-2098.039306
-2823.529541
-2637.254882
-2186.274658
-1539.215698
-598.039245
352.941192
1147.058837
1911.764770
2500.000000
2745.098144
2362.745117
1745.098022
970.588256
19.607843
-764.705871
-1509.803955
-2235.294189
-2823.529541
-2519.607910
-2088.235351
-205.882354
637.254943
1392.156860
2147.058837
2647.058837
2794.117675
2598.039306
1480.392211
549.019592
-372.549041
-1196.078491
-1931.372558
-2529.411865
-2784.313720
-2313.725585
-1725.490234
-833.333374
137.254898
960.784301
1676.470581
2362.745117
2803.921630
2411.764648
1921.568603
1196.078491
186.274520
-666.666687
-1431.372558
-2186.274658
-2676.470703
-2823.529541
-2137.254882
-1431.372558
-470.588256
1352.941162
2117.647216
2637.254882
2784.313720
2627.450927
2215.686279
1647.058837
-382.352935
-1186.274536
-1960.784301
-2539.215820
-2784.313720
-2784.313720
-2362.745117
-823.529418
127.450981
970.588256
1705.882324
2392.156982
2725.490234
2784.313720
2460.784423
2019.607910
1294.117675
284.313720
-598.039245
-1343.137329
-2137.254882
-2637.254882
-2813.725585
-2637.254882
-2225.490234
-558.823547
382.352935
1176.470581
1911.764770
2480.392089
2784.313720
2784.313720
1715.686279
862.745117
-78.431373
-921.568664
-1627.451049
-2362.745117
-2705.882324
-2470.588378
-1970.588256
-1215.686279
-186.274520
656.862731
1421.568603
2676.470703
2823.529541
2568.627441
2127.450927
1460.784301
529.411804
-401.960784
-2068.627441
-2578.431396
-2794.117675
-2647.058837
-2284.313720
-1696.078491
-794.117675
1127.451049
1872.549072
2470.588378
2754.902099
2774.509765
2382.353027
1813.725463
-68.627449
-852.941162
-1627.451049
-2343.137207
-2715.686279
-2823.529541
-2529.411865
-1215.686279
-225.490203
627.450988
1382.353027
2137.254882
2637.254882
2578.431396
2137.254882
1470.588256
558.823547
-401.960784
-1186.274536
-1960.784301
-2823.529541
-2696.078369
-2303.921630
-1686.274536
-803.921569
147.058822
970.588256
2450.980468
2735.294189
2794.117675
2382.353027
1921.568603
1186.274536
147.058822
-1598.039184
-2313.725585
-2705.882324
-2833.333496
-2558.823486
-2098.039306
-274.509796
607.843139
1362.745117
2127.450927
2647.058837
2784.313720
2578.431396
1509.803955
578.431396
-362.745117
-1186.274536
-1941.176513
-2539.215820
-2803.921630
-2294.117675
-1735.294189
-813.725524
147.058822
960.784301
1666.666748
2392.156982
2794.117675
2411.764648
1931.372558
1166.666748
127.450981
-686.274536
-1460.784301
-2725.490234
-2823.529541
-2568.627441
-2088.235351
-1401.960815
-421.568634
1401.960815
2127.450927
2617.647216
2774.509765
2598.039306
2225.490234
1617.647094
-421.568634
-1215.686279
-1990.196166
-2549.019775
-2794.117675
-2745.098144
-2362.745117
-784.313720
205.882354
1019.607849
1735.294189
2421.568603
2715.686279
2774.509765
2441.176513
1990.196166
1245.098022
-784.313720
-1539.215698
-2284.313720
-2833.333496
-2519.607910
-2068.627441
-1333.333374
-313.725494
558.823547
1333.333374
2666.666748
2794.117675
2598.039306
2166.666748
1539.215698
617.647094
-323.529418
-2000.000000
-2509.803955
-2784.313720
-2794.117675
-2372.549072
-1774.509887
-980.392150
970.588256
1686.274536
2372.549072
2715.686279
2794.117675
2480.392089
2019.607910
1264.705932
274.509796
-588.235290
-2215.686279
-2696.078369
-2794.117675
-2137.254882
-1401.960815
-441.176483
480.392150
1254.901977
1990.196166
2558.823486
2627.450927
2225.490234
1676.470581
764.705871
-176.470596
-1009.803955
-1794.117675
-2784.313720
-2794.117675
-2382.353027
-1803.921630
-1029.411743
-9.803922
735.294128
2294.117675
2696.078369
2803.921630
2549.019775
2098.039306
1392.156860
470.588256
-460.784332
-1274.509887
-2029.411743
-2794.117675
-2647.058837
-2264.705810
-588.235290
362.745117
1147.058837
1892.156860
2470.588378
2745.098144
2784.313720
1735.294189
882.352966
-58.823532
-862.745117
-1627.451049
-2343.137207
-2725.490234
-2480.392089
-2000.000000
-1313.725463
-303.921569
588.235290
1362.745117
2107.843261
2803.921630
2607.843261
2196.078369
1539.215698
588.235290
-333.333343
-1166.666748
-1921.568603
-2549.019775
-2794.117675
-2303.921630
-1725.490234
-852.941162
1088.235351
1813.725463
2441.176513
2764.706054
2813.725585
2401.960937
1833.333374
-39.215686
-862.745117
-1637.254882
-2323.529541
-2696.078369
-2833.333496
-2558.823486
-1245.098022
-245.098037
598.039245
1362.745117
2107.843261
2627.450927
2803.921630
2166.666748
1509.803955
598.039245
-343.137268
-1176.470581
-1941.176513
-2549.019775
-2715.686279
-2313.725585
-1725.490234
-833.333374
147.058822
970.588256
2450.980468
2735.294189
2813.725585
2421.568603
1931.372558
1176.470581
186.274520
-1568.627441
-2303.921630
-2715.686279
-2823.529541
-2588.235351
-2127.450927
-1392.156860
617.647094
1333.333374
2147.058837
2647.058837
2813.725585
2607.843261
2205.882324
1617.647094
715.686279
-225.490203
-1068.627441
-1823.529418
-2470.588378
-2784.313720
-2813.725585
-2421.568603
-1843.137329
-1098.039184
921.568664
1647.058837
2362.745117
2725.490234
2803.921630
2509.803955
2049.019531
1313.725463
343.137268
-568.627441
-1323.529418
-2117.647216
-2627.450927
-2813.725585
-2637.254882
-2274.509765
-1686.274536
-754.901977
1166.666748
1931.372558
2500.000000
2774.509765
2794.117675
2372.549072
1803.921630
-78.431373
-892.156860
-1637.254882
-2372.549072
-2725.490234
-2833.333496
-2549.019775
-1254.901977
-235.294128
627.450988
1362.745117
2117.647216
2617.647216
2588.235351
2166.666748
1460.784301
549.019592
-382.352935
-1205.882324
-1960.784301
-2813.725585
-2686.274658
-2274.509765
-1715.686279
-803.921569
156.862747
1000.000000
2431.372558
2754.902099
2813.725585
2441.176513
1960.784301
1196.078491
196.078430
-1549.019653
-2303.921630
-2705.882324
-2823.529541
-2558.823486
-2127.450927
-1392.156860
-431.372558
519.607849
1264.705932
2029.411743
2558.823486
2774.509765
2705.882324
2294.117675
1735.294189
862.745117
-78.431373
-1764.705932
-2450.980468
-2754.902099
-2823.529541
-2450.980468
-1950.980468
-1186.274536
843.137268
1598.039184
2294.117675
2696.078369
2784.313720
2529.411865
1294.117675
274.509796
-568.627441
-1343.137329
-2127.450927
-2666.666748
-2803.921630
-2176.470703
-1490.196166
-549.019592
382.352935
1196.078491
1911.764770
2509.803955
2705.882324
2284.313720
1735.294189
862.745117
-98.039215
-882.352966
-1656.862792
-2745.098144
-2833.333496
-2450.980468
-1980.392211
-1215.686279
-186.274520
666.666687
1421.568603
2176.470703
2647.058837
2578.431396
2147.058837
1480.392211
-549.019592
-1313.725463
-2088.235351
-2617.647216
