950.980407
0.000000
-1588.235351
-2313.725585
-2715.686279
-2823.529541
-2549.019775
-2107.843261
-1392.156860
-382.352935
539.215698
1303.921630
2637.254882
2794.117675
2617.647216
2225.490234
1578.431396
666.666687
-254.901962
-1931.372558
-2539.215820
-2813.725585
-2774.509765
-2392.156982
-1803.921630
-960.784301
1009.803955
1745.098022
2754.902099
2784.313720
2392.156982
1882.353027
1098.039184
127.450981
-735.294128
-2323.529541
-2725.490234
-2813.725585
-2029.411743
-1274.509887
-254.901962
607.843139
1362.745117
2127.450927
2647.058837
2588.235351
2156.862792
1519.607910
568.627441
-362.745117
-1186.274536
-1941.176513
-2794.117675
-2686.274658
-2274.509765
-1676.470581
-794.117675
176.470596
980.392150
2431.372558
2715.686279
2784.313720
2401.960937
1901.960815
1147.058837
186.274520
-656.862731
-1441.176513
-2205.882324
-2696.078369
-2823.529541
-2627.450927
-2186.274658
-1490.196166
-568.627441
392.156860
1186.274536
2578.431396
2784.313720
2696.078369
2303.921630
1705.882324
833.333374
-98.039215
-1774.509887
-2431.372558
-2754.902099
-2823.529541
-2441.176513
-1931.372558
-1147.058837
-137.254898
696.078430
1421.568603
2696.078369
2823.529541
2558.823486
2107.843261
1441.176513
450.980407
-431.372558
-2088.235351
-2598.039306
-2803.921630
-2666.666748
-2284.313720
-1637.254882
362.745117
1147.058837
1901.960815
2500.000000
2764.706054
2803.921630
2411.764648
990.196105
39.215686
-754.901977
-1529.411743
-2284.313720
-2686.274658
-2813.725585
-2578.431396
-2137.254882
-1421.568603
-431.372558
490.196075
1235.294189
2019.607910
2549.019775
2764.706054
2715.686279
1637.254882
745.098083
-166.666671
-1029.411743
-1774.509887
-2450.980468
-2745.098144
-2382.353027
-1833.333374
-1039.215698
0.000000
666.666687
1431.372558
2176.470703
2784.313720
2558.823486
2107.843261
1431.372558
500.000000
-372.549041
-1176.470581
-2588.235351
-2823.529541
-2715.686279
-2294.117675
-1676.470581
-813.725524
137.254898
970.588256
1686.274536
2382.353027
2784.313720
2401.960937
1892.156860
0.000000
-666.666687
-1441.176513
-2205.882324
-2676.470703
-2823.529541
-2617.647216
-1392.156860
-421.568634
500.000000
1215.686279
1941.176513
2549.019775
2794.117675
2254.902099
1656.862792
784.313720
-156.862747
-1000.000000
-1696.078491
-2382.353027
-2803.921630
-2431.372558
-1911.764770
-1098.039184
-117.647064
745.098083
1450.980468
2705.882324
2823.529541
2549.019775
2098.039306
1411.764770
470.588256
-450.980407
-1245.098022
-1990.196166
-2568.627441
-2647.058837
-2274.509765
-1686.274536
362.745117
1166.666748
1901.960815
2500.000000
2754.902099
2803.921630
2411.764648
980.392150
19.607843
-754.901977
-1529.411743
-2274.509765
-2686.274658
-2823.529541
-2058.823486
-1313.725463
-323.529418
568.627441
1333.333374
2098.039306
2578.431396
2607.843261
2196.078369
1549.019653
637.254943
-294.117645
-1147.058837
-1892.156860
-2509.803955
-2764.706054
-2794.117675
-2401.960937
-1862.745117
-1039.215698
-9.803922
754.901977
1509.803955
2235.294189
2676.470703
2794.117675
2578.431396
2127.450927
1490.196166
568.627441
-372.549041
-1205.882324
-1950.980468
-2539.215820
-2803.921630
-2774.509765
-2352.941162
-1784.313720
-931.372558
49.019607
1656.862792
2382.353027
2705.882324
2813.725585
2509.803955
2039.215698
1254.901977
313.725494
-558.823547
-1333.333374
-2127.450927
-2637.254882
-2813.725585
-2617.647216
-2225.490234
-1607.843139
-696.078430
264.705902
1941.176513
2490.196044
2754.902099
2745.098144
2323.529541
1823.529418
1000.000000
98.039215
-735.294128
-1490.196166
-2705.882324
-2823.529541
-2549.019775
-2098.039306
-1352.941162
-382.352935
529.411804
2156.862792
2627.450927
2784.313720
2617.647216
2205.882324
1607.843139
696.078430
-1205.882324
-1970.588256
-2539.215820
-2813.725585
-2754.902099
-2362.745117
-1735.294189
-901.960815
49.019607
803.921569
1568.627441
2303.921630
2705.882324
2813.725585
2539.215820
2117.647216
1411.764770
450.980407
-1333.333374
-2117.647216
-2627.450927
-2823.529541
-2637.254882
-2245.098144
-1627.451049
401.960784
1186.274536
1941.176513
2529.411865
2794.117675
2745.098144
1676.470581
833.333374
-117.647064
-960.784301
-1705.882324
-2411.764648
-2725.490234
-2823.529541
-2480.392089
-2019.607910
-1235.294189
-235.294128
617.647094
1362.745117
2666.666748
2803.921630
2588.235351
2156.862792
1480.392211
568.627441
-382.352935
-2019.607910
-2568.627441
-2803.921630
-2715.686279
-2313.725585
-1696.078491
-813.725524
117.647064
980.392150
1686.274536
2362.745117
2696.078369
2774.509765
2480.392089
2039.215698
1313.725463
323.529418
-568.627441
-2205.882324
-2666.666748
-2813.725585
-2607.843261
-2176.470703
-1519.607910
-588.235290
1254.901977
2049.019531
2568.627441
2784.313720
2696.078369
2333.333496
705.882385
-225.490203
-1058.823608
-1813.725463
-2470.588378
-2784.313720
-2813.725585
-1823.529418
-990.196105
0.000000
627.450988
1401.960815
2147.058837
2666.666748
2588.235351
2147.058837
1480.392211
539.215698
-372.549041
-1205.882324
-1950.980468
-2803.921630
-2676.470703
-2284.313720
-1686.274536
-833.333374
156.862747
970.588256
2460.784423
2745.098144
2803.921630
2411.764648
1921.568603
1166.666748
156.862747
-686.274536
-1460.784301
-2205.882324
-2686.274658
-2823.529541
-2607.843261
-2176.470703
-1519.607910
-568.627441
401.960784
1176.470581
2578.431396
2784.313720
2686.274658
2294.117675
1696.078491
862.745117
-107.843139
-1794.117675
-2460.784423
-2764.706054
-2813.725585
-2421.568603
-1911.764770
9.803922
735.294128
1500.000000
2176.470703
2647.058837
2784.313720
2598.039306
2186.274658
1568.627441
637.254943
-303.921569
-1147.058837
-1882.353027
-2509.803955
-2735.294189
-2343.137207
-1735.294189
-882.352966
1068.627441
1794.117675
2450.980468
2745.098144
2803.921630
2421.568603
1009.803955
29.411766
-745.098083
-1529.411743
-2294.117675
-2686.274658
-2833.333496
-2068.627441
-1323.529418
-274.509796
549.019592
1313.725463
2088.235351
2617.647216
2607.843261
2166.666748
1549.019653
627.450988
-303.921569
-1147.058837
-1862.745117
-2500.000000
-2764.706054
-2823.529541
-1803.921630
-960.784301
-9.803922
735.294128
1509.803955
2245.098144
2676.470703
2794.117675
2578.431396
2147.058837
1470.588256
549.019592
-382.352935
-1186.274536
-1950.980468
-2539.215820
-2794.117675
-2784.313720
-2372.549072
-1774.509887
-960.784301
19.607843
1676.470581
2372.549072
2715.686279
2813.725585
2480.392089
2029.411743
1284.313720
294.117645
-588.235290
-1333.333374
-2656.862792
-2813.725585
-2607.843261
-2186.274658
-1519.607910
-568.627441
372.549041
2039.215698
2568.627441
2784.313720
2686.274658
2294.117675
1686.274536
852.941162
-117.647064
-950.980407
-1696.078491
-2745.098144
-2803.921630
-2450.980468
-1058.823608
-78.431373
745.098083
1480.392211
2205.882324
2647.058837
2774.509765
2117.647216
1372.549072
421.568634
-480.392150
-1264.705932
-2049.019531
-2578.431396
-2823.529541
-2696.078369
-2303.921630
-725.490234
245.098037
1049.019653
1764.705932
2421.568603
2725.490234
2784.313720
1823.529418
1019.607849
39.215686
-745.098083
-1500.000000
-2186.274658
-2676.470703
-2588.235351
-2147.058837
-1431.372558
-470.588256
450.980407
1225.490234
1980.392211
2784.313720
2637.254882
2245.098144
1666.666748
794.117675
-147.058822
-1019.607849
-2490.196044
-2794.117675
-2803.921630
-2392.156982
-1882.353027
-1039.215698
-39.215686
774.509826
1529.411743
2274.509765
2794.117675
2519.607910
2068.627441
254.901962
-607.843139
-1362.745117
-2147.058837
-2647.058837
-2833.333496
-2637.254882
-2215.686279
-1598.039184
-656.862731
303.921569
1127.451049
1852.941162
2470.588378
2754.902099
2784.313720
2382.353027
1872.549072
1078.431396
88.235298
-705.882385
-1480.392211
-2715.686279
-2803.921630
-2568.627441
-2088.235351
-1372.549072
-382.352935
519.607849
1274.509887
2019.607910
2578.431396
2774.509765
2676.470703
2303.921630
1725.490234
862.745117
-98.039215
-911.764709
-1656.862792
-2764.706054
-2823.529541
-2441.176513
-1950.980468
-1186.274536
-176.470596
656.862731
2245.098144
2666.666748
2764.706054
2568.627441
2137.254882
1470.588256
539.215698
-411.764709
-1205.882324
-1950.980468
-2529.411865
-2803.921630
-2754.902099
-2372.549072
-1764.705932
-950.980407
0.000000
686.274536
2274.509765
2676.470703
2833.333496
2588.235351
2137.254882
1421.568603
509.803924
-1343.137329
-2117.647216
-2627.450927
-2794.117675
-2637.254882
-2264.705810
-1637.254882
-725.490234
245.098037
1068.627441
1774.509887
2421.568603
2725.490234
2803.921630
2421.568603
1921.568603
1186.274536
186.274520
-1588.235351
-2313.725585
-2725.490234
-2823.529541
-2568.627441
-2098.039306
-1382.353027
617.647094
1352.941162
2127.450927
2617.647216
2784.313720
2617.647216
2225.490234
1607.843139
696.078430
-225.490203
-1901.960815
-2529.411865
-2784.313720
-2784.313720
-2372.549072
-1833.333374
-1000.000000
-58.823532
764.705871
1509.803955
2245.098144
2686.274658
2794.117675
2568.627441
2147.058837
1490.196166
509.803924
-401.960784
-2029.411743
-2588.235351
-2803.921630
-2676.470703
-2313.725585
-1676.470581
-794.117675
1137.254882
1882.353027
2490.196044
2784.313720
2774.509765
2372.549072
1843.137329
1049.019653
68.627449
-735.294128
-2343.137207
-2725.490234
-2833.333496
-2539.215820
-2088.235351
-1323.529418
-352.941192
558.823547
1313.725463
2098.039306
2607.843261
2823.529541
2656.862792
2274.509765
1696.078491
-313.725494
-1147.058837
-1911.764770
-2519.607910
-2794.117675
-2774.509765
-2392.156982
-1833.333374
-990.196105
-19.607843
1656.862792
2343.137207
2715.686279
2401.960937
1921.568603
1166.666748
176.470596
-656.862731
-1421.568603
-2176.470703
-2823.529541
-2607.843261
-2147.058837
-1431.372558
-470.588256
450.980407
1205.882324
2607.843261
2794.117675
2627.450927
2254.902099
1656.862792
784.313720
-166.666671
-1833.333374
-2480.392089
-2774.509765
-2833.333496
-2401.960937
-1862.745117
68.627449
852.941162
1598.039184
2313.725585
2696.078369
2813.725585
2549.019775
2088.235351
1392.156860
441.176483
-460.784332
-2107.843261
-2637.254882
-2803.921630
-2647.058837
-2254.902099
-1627.451049
401.960784
1176.470581
1931.372558
2500.000000
2745.098144
2813.725585
2382.353027
931.372558
-19.607843
-794.117675
-1568.627441
-2294.117675
-2705.882324
-2823.529541
-2019.607910
-1254.901977
-254.901962
617.647094
1343.137329
2107.843261
2617.647216
2607.843261
2147.058837
1500.000000
647.058837
-274.509796
-1107.843139
-1862.745117
-2774.509765
-2764.706054
-2352.941162
-1774.509887
-921.568664
49.019607
823.529418
1568.627441
2294.117675
2666.666748
2490.196044
2068.627441
1303.921630
323.529418
-549.019592
-1343.137329
-2117.647216
-2813.725585
-2617.647216
-2196.078369
-1549.019653
-558.823547
392.156860
1196.078491
1921.568603
2470.588378
2754.902099
2754.902099
2343.137207
1813.725463
1029.411743
9.803922
-735.294128
-1500.000000
-2196.078369
-2813.725585
-2588.235351
-2107.843261
-1411.764770
-441.176483
460.784332
1235.294189
2607.843261
2784.313720
2647.058837
2235.294189
1627.451049
764.705871
-176.470596
-1862.745117
-2480.392089
-2774.509765
-2794.117675
-2392.156982
-1862.745117
-1029.411743
-9.803922
745.098083
1480.392211
2686.274658
2794.117675
2539.215820
2107.843261
1352.941162
401.960784
-490.196075
-2107.843261
-2637.254882
-2813.725585
-2637.254882
-2225.490234
-1637.254882
411.764709
1196.078491
1960.784301
2509.803955
2784.313720
2794.117675
2343.137207
833.333374
-137.254898
-980.392150
-1715.686279
-2392.156982
-2735.294189
-2803.921630
-1911.764770
-1127.451049
-98.039215
696.078430
1421.568603
2156.862792
2666.666748
2568.627441
2107.843261
1421.568603
490.196075
-421.568634
-1215.686279
-2009.803955
-2803.921630
-2666.666748
-2284.313720
-1647.058837
-774.509826
215.686279
1049.019653
1754.901977
2401.960937
2725.490234
2401.960937
1862.745117
1078.431396
58.823532
-725.490234
-1480.392211
-2235.294189
-2696.078369
-2813.725585
-2598.039306
-2166.666748
-1470.588256
-519.607849
441.176483
1186.274536
1960.784301
2519.607910
2754.902099
2294.117675
1686.274536
813.725524
-137.254898
-970.588256
-1686.274536
-2411.764648
-2813.725585
-2441.176513
-1901.960815
-1117.647094
-107.843139
774.509826
1490.196166
2235.294189
2676.470703
2784.313720
2107.843261
1382.353027
421.568634
-500.000000
-1215.686279
-1980.392211
-2578.431396
-2656.862792
-2264.705810
-1656.862792
-754.901977
186.274520
1009.803955
1764.705932
2411.764648
2745.098144
2803.921630
2450.980468
1970.588256
1215.686279
225.490203
-637.254943
-1362.745117
-2156.862792
-2656.862792
-2617.647216
-2156.862792
-1441.176513
-470.588256
450.980407
1205.882324
1950.980468
2529.411865
2794.117675
2754.902099
1656.862792
764.705871
-147.058822
-1000.000000
-2450.980468
-2754.902099
-2823.529541
-2441.176513
-1941.176513
-1137.254882
882.352966
1627.451049
2323.529541
2705.882324
2794.117675
2529.411865
2078.431396
254.901962
-588.235290
-1362.745117
-2147.058837
-2676.470703
-2803.921630
-2637.254882
-2235.294189
-1598.039184
-676.470581
1196.078491
1980.392211
2578.431396
2784.313720
2745.098144
2323.529541
1745.098022
-186.274520
-1029.411743
-1774.509887
-2441.176513
-2754.902099
-2823.529541
-2460.784423
-1950.980468
-1156.862792
-147.058822
1627.451049
2333.333496
2696.078369
2794.117675
2529.411865
2088.235351
1372.549072
-637.254943
-1392.156860
-2156.862792
-2676.470703
-2813.725585
-2627.450927
-2205.882324
-500.000000
362.745117
1166.666748
1921.568603
2500.000000
2754.902099
2774.509765
2382.353027
1892.156860
1098.039184
-892.156860
-1656.862792
-2343.137207
-2823.529541
-2460.784423
-1970.588256
-1205.882324
-176.470596
676.470581
1411.764770
2176.470703
2666.666748
2794.117675
2117.647216
1450.980468
509.803924
-421.568634
-1215.686279
-1990.196166
-2558.823486
-2686.274658
-2284.313720
-1666.666748
-754.901977
215.686279
1029.411743
1784.313720
2745.098144
2764.706054
2392.156982
1852.941162
1088.235351
88.235298
-725.490234
-2313.725585
-2725.490234
-2823.529541
-2558.823486
-2088.235351
-1343.137329
-372.549041
509.803924
1254.901977
2029.411743
2784.313720
2598.039306
2205.882324
1598.039184
715.686279
-205.882354
-1058.823608
-2519.607910
-2774.509765
-2803.921630
-2382.353027
-1823.529418
-980.392150
-39.215686
1656.862792
2382.353027
2745.098144
2803.921630
2500.000000
2088.235351
274.509796
-568.627441
-1362.745117
-2147.058837
-2627.450927
-2803.921630
-2637.254882
-2225.490234
-1578.431396
-666.666687
284.313720
1107.843139
1833.333374
2460.784423
2745.098144
2784.313720
2411.764648
1862.745117
1088.235351
98.039215
-705.882385
-1470.588256
-2715.686279
-2813.725585
-2568.627441
-2098.039306
-1372.549072
-421.568634
500.000000
2049.019531
2588.235351
2774.509765
2656.862792
2274.509765
1676.470581
803.921569
-117.647064
-990.196105
-1725.490234
-2784.313720
-2833.333496
-2431.372558
-1882.353027
-1098.039184
-98.039215
725.490234
2303.921630
2676.470703
2784.313720
2549.019775
2107.843261
1411.764770
470.588256
-450.980407
-1225.490234
-1980.392211
-2813.725585
-2656.862792
-2254.902099
-1627.451049
-745.098083
196.078430
1019.607849
2490.196044
2784.313720
2794.117675
2372.549072
1833.333374
1049.019653
49.019607
-735.294128
-1509.803955
-2254.902099
-2686.274658
-2803.921630
-2588.235351
-2156.862792
-1480.392211
-480.392150
431.372558
1225.490234
2607.843261
2764.706054
2656.862792
2264.705810
1686.274536
813.725524
-137.254898
-1833.333374
-2490.196044
-2764.706054
-2823.529541
-2411.764648
-1882.353027
-1068.627441
-78.431373
754.901977
1500.000000
2686.274658
2784.313720
2568.627441
1303.921630
362.745117
-539.215698
-1313.725463
-2098.039306
-2617.647216
-2813.725585
-2196.078369
-1549.019653
-607.843139
333.333343
1137.254882
1882.353027
2480.392089
2735.294189
2333.333496
1725.490234
911.764709
-39.215686
-833.333374
-1588.235351
-2735.294189
-2813.725585
-2480.392089
-2000.000000
-1303.921630
-313.725494
607.843139
1343.137329
2127.450927
2607.843261
2607.843261
2186.274658
1519.607910
588.235290
-333.333343
-1166.666748
-1941.176513
-2794.117675
-2715.686279
-2303.921630
-1715.686279
-833.333374
147.058822
960.784301
1656.862792
2362.745117
2705.882324
2794.117675
2470.588378
2029.411743
1274.509887
284.313720
-578.431396
-1333.333374
-2137.254882
-2823.529541
-2617.647216
-2156.862792
-1500.000000
-617.647094
333.333343
1147.058837
1882.353027
2500.000000
2745.098144
2813.725585
2401.960937
1901.960815
1117.647094
156.862747
-696.078430
-1450.980468
-2196.078369
-2715.686279
-2813.725585
-2617.647216
-2176.470703
-1519.607910
-598.039245
382.352935
2000.000000
2519.607910
2754.902099
2735.294189
2362.745117
1803.921630
980.392150
-980.392150
-1696.078491
-2401.960937
-2735.294189
-2823.529541
-2470.588378
-1990.196166
-107.843139
745.098083
1500.000000
2196.078369
2666.666748
2784.313720
2127.450927
1460.784301
519.607849
-411.764709
-1205.882324
-1950.980468
-2558.823486
-2676.470703
-2284.313720
-1656.862792
-784.313720
186.274520
1019.607849
1735.294189
2725.490234
2784.313720
2382.353027
1843.137329
1058.823608
88.235298
-705.882385
-1470.588256
-2225.490234
-2696.078369
-2558.823486
-2098.039306
-1382.353027
-421.568634
490.196075
1254.901977
2049.019531
2794.117675
2598.039306
2225.490234
1617.647094
735.294128
-215.686279
-1078.431396
-2539.215820
-2784.313720
-2803.921630
-2362.745117
-1813.725463
-980.392150
-29.411766
1676.470581
2372.549072
2705.882324
2794.117675
2480.392089
2019.607910
166.666671
-656.862731
-1431.372558
-2186.274658
-2686.274658
-2833.333496
-2617.647216
-2196.078369
-1519.607910
-578.431396
362.745117
1176.470581
1911.764770
2500.000000
2735.294189
2343.137207
1774.509887
-166.666671
-990.196105
-1715.686279
-2421.568603
-2745.098144
-2813.725585
-2490.196044
-1107.843139
-88.235298
705.882385
1470.588256
2196.078369
2686.274658
2803.921630
2098.039306
1411.764770
441.176483
-470.588256
-1264.705932
-2019.607910
-2578.431396
-2676.470703
-2254.902099
-1637.254882
-725.490234
225.490203
1029.411743
1764.705932
2441.176513
2735.294189
2794.117675
2411.764648
1911.764770
1156.862792
156.862747
-696.078430
-1450.980468
-2225.490234
-2696.078369
-2578.431396
-2137.254882
-1421.568603
-441.176483
490.196075
1235.294189
2009.803955
2549.019775
2784.313720
2705.882324
2313.725585
1735.294189
882.352966
-58.823532
-852.941162
-1656.862792
-2352.941162
-2725.490234
-2460.784423
-1990.196166
-1166.666748
-156.862747
676.470581
1460.784301
2186.274658
2794.117675
2558.823486
2127.450927
1431.372558
450.980407
-431.372558
-1235.294189
-2627.450927
-2833.333496
-2656.862792
-2254.902099
-1637.254882
-745.098083
1176.470581
1892.156860
2480.392089
2774.509765
2774.509765
2382.353027
1852.941162
-88.235298
-892.156860
-1647.058837
-2352.941162
-2715.686279
-2803.921630
-2519.607910
-1225.490234
-205.882354
656.862731
1421.568603
2147.058837
2637.254882
2784.313720
2166.666748
1490.196166
529.411804
-401.960784
-1196.078491
-1960.784301
-2549.019775
-2696.078369
-2313.725585
-1696.078491
-803.921569
156.862747
990.196105
2431.372558
2725.490234
2813.725585
2431.372558
1931.372558
1137.254882
166.666671
-1607.843139
-2313.725585
-2725.490234
-2803.921630
-2578.431396
-2088.235351
-1343.137329
647.058837
1382.353027
2156.862792
2627.450927
2794.117675
2637.254882
2215.686279
1588.235351
676.470581
-284.313720
-1127.451049
-1843.137329
-2490.196044
-2764.706054
-2833.333496
-2401.960937
-1862.745117
-1058.823608
960.784301
1686.274536
2372.549072
2715.686279
2784.313720
2480.392089
2049.019531
1303.921630
313.725494
-558.823547
-1333.333374
-2117.647216
-2637.254882
-2813.725585
-2647.058837
-2254.902099
-1647.058837
-745.098083
1186.274536
1921.568603
2509.803955
2745.098144
2774.509765
2372.549072
1794.117675
-147.058822
-980.392150
-1686.274536
-2421.568603
-2764.706054
-2813.725585
-2480.392089
-2029.411743
-1264.705932
-274.509796
1519.607910
2245.098144
2656.862792
2539.215820
2078.431396
1362.745117
372.549041
-509.803924
-1284.313720
-2039.215698
-2794.117675
-2627.450927
-2235.294189
-1588.235351
-666.666687
294.117645
1137.254882
1833.333374
2470.588378
2725.490234
2352.941162
1764.705932
931.372558
-9.803922
-774.509826
-1529.411743
-2294.117675
-2833.333496
-2539.215820
-2068.627441
-1303.921630
-323.529418
558.823547
1323.529418
2637.254882
2784.313720
2588.235351
2186.274658
1549.019653
607.843139
-333.333343
-1990.196166
-2568.627441
-2794.117675
-2725.490234
-2323.529541
-1725.490234
-852.941162
117.647064
950.980407
1656.862792
2705.882324
2774.509765
2431.372558
1970.588256
1215.686279
196.078430
-627.450988
-2254.902099
-2715.686279
-2823.529541
-2607.843261
-2156.862792
-1460.784301
578.431396
1313.725463
2068.627441
2607.843261
2784.313720
2617.647216
2245.098144
617.647094
-313.725494
-1156.862792
-1901.960815
-2500.000000
-2794.117675
-2823.529541
-2411.764648
-1872.549072
-1068.627441
960.784301
1666.666748
2352.941162
2696.078369
2794.117675
2500.000000
2107.843261
264.705902
-598.039245
-1323.529418
-2127.450927
-2627.450927
-2813.725585
-2656.862792
-1519.607910
-568.627441
382.352935
1196.078491
1931.372558
2529.411865
2754.902099
2745.098144
2352.941162
1803.921630
990.196105
49.019607
-735.294128
-1500.000000
-2705.882324
-2833.333496
-2588.235351
-1303.921630
-313.725494
568.627441
1343.137329
2127.450927
2637.254882
2784.313720
2186.274658
1529.411743
607.843139
-343.137268
-1156.862792
-1911.764770
-2509.803955
-2715.686279
-2323.529541
-1705.882324
-852.941162
117.647064
960.784301
2450.980468
2725.490234
2794.117675
2431.372558
1941.176513
1166.666748
186.274520
-1519.607910
-2235.294189
-2686.274658
-2833.333496
-2598.039306
-2147.058837
-1431.372558
607.843139
1352.941162
2098.039306
2627.450927
2774.509765
2627.450927
2245.098144
656.862731
-313.725494
-1127.451049
-1872.549072
-2500.000000
-2774.509765
-2803.921630
-1803.921630
-990.196105
-49.019607
754.901977
1500.000000
2186.274658
2666.666748
2803.921630
2598.039306
2186.274658
490.196075
-441.176483
-1245.098022
-2019.607910
-2578.431396
-2794.117675
-2735.294189
-1666.666748
-754.901977
205.882354
1029.411743
1764.705932
2421.568603
2725.490234
2794.117675
2450.980468
1960.784301
1176.470581
186.274520
-656.862731
-1411.764770
-2186.274658
-2676.470703
-2823.529541
-2617.647216
-1450.980468
-470.588256
460.784332
1215.686279
1990.196166
2549.019775
2754.902099
2715.686279
2323.529541
1745.098022
921.568664
-29.411766
-852.941162
-1607.843139
-2333.333496
-2725.490234
-2813.725585
-2549.019775
-2098.039306
-1352.941162
-362.745117
1441.176513
2196.078369
2676.470703
2794.117675
2588.235351
2176.470703
1549.019653
-470.588256
-1254.901977
-2019.607910
-2568.627441
-2794.117675
-2725.490234
-2323.529541
-1705.882324
-843.137268
127.450981
1823.529418
2460.784423
2754.902099
2784.313720
2401.960937
1901.960815
1137.254882
-862.745117
-1627.451049
-2352.941162
-2725.490234
-2813.725585
-2549.019775
-2088.235351
-235.294128
617.647094
1411.764770
2156.862792
2666.666748
2794.117675
2598.039306
2225.490234
1588.235351
725.490234
-245.098037
-1078.431396
-1833.333374
-2480.392089
-2774.509765
-2813.725585
-2441.176513
-1901.960815
9.803922
754.901977
1519.607910
2245.098144
2656.862792
2794.117675
2617.647216
2137.254882
1490.196166
519.607849
-1284.313720
-2078.431396
-2607.843261
-2803.921630
-2676.470703
-2284.313720
-1656.862792
352.941192
1166.666748
1892.156860
2490.196044
2764.706054
2803.921630
2362.745117
1833.333374
1009.803955
29.411766
-1676.470581
-2372.549072
-2735.294189
-2470.588378
-1941.176513
-1176.470581
-176.470596
686.274536
1441.176513
2176.470703
2784.313720
2568.627441
2137.254882
1431.372558
470.588256
-460.784332
-1254.901977
-2627.450927
-2813.725585
-2666.666748
-2264.705810
-1647.058837
-735.294128
215.686279
1901.960815
2509.803955
2784.313720
2774.509765
2362.745117
1823.529418
1019.607849
39.215686
-745.098083
-1529.411743
-2715.686279
-2803.921630
-2009.803955
-1205.882324
-205.882354
627.450988
1401.960815
2147.058837
2647.058837
2588.235351
2147.058837
1480.392211
-539.215698
-1303.921630
-2098.039306
-2627.450927
-2823.529541
-2686.274658
-2264.705810
-637.254943
303.921569
1127.451049
1872.549072
2450.980468
2754.902099
2764.706054
1794.117675
950.980407
19.607843
-764.705871
-1500.000000
-2215.686279
-2676.470703
-2607.843261
-2117.647216
-1411.764770
-421.568634
490.196075
1274.509887
2009.803955
2784.313720
2617.647216
2225.490234
1617.647094
735.294128
-205.882354
-1058.823608
-2519.607910
-2764.706054
-2794.117675
-2411.764648
-1833.333374
-1000.000000
-78.431373
754.901977
1490.196166
2205.882324
2813.725585
2539.215820
2088.235351
1362.745117
382.352935
-509.803924
-1274.509887
-2627.450927
-2813.725585
-2647.058837
-2235.294189
-1598.039184
-666.666687
1186.274536
1960.784301
2539.215820
2784.313720
2754.902099
2313.725585
1774.509887
-166.666671
-1009.803955
-1764.705932
-2431.372558
-2754.902099
-2803.921630
-2441.176513
-1970.588256
-1186.274536
-166.666671
1617.647094
2323.529541
2696.078369
2784.313720
2539.215820
2098.039306
1421.568603
-588.235290
-1372.549072
-2147.058837
-2656.862792
-2833.333496
-2637.254882
-2235.294189
-1598.039184
-686.274536
284.313720
1098.039184
1852.941162
2470.588378
2774.509765
2803.921630
2401.960937
1852.941162
1068.627441
-911.764709
-1686.274536
-2362.745117
-2745.098144
-2823.529541
-2509.803955
-2039.215698
-1284.313720
-274.509796
607.843139
1352.941162
2117.647216
2617.647216
2794.117675
2637.254882
2215.686279
1607.843139
725.490234
-1196.078491
-1941.176513
-2529.411865
-2803.921630
-2774.509765
-2352.941162
-1764.705932
-931.372558
19.607843
813.725524
1588.235351
2284.313720
2676.470703
2784.313720
2539.215820
2137.254882
1441.176513
460.784332
-460.784332
-1254.901977
-2019.607910
-2578.431396
-2647.058837
-2225.490234
-1637.254882
-735.294128
235.294128
1068.627441
2490.196044
2745.098144
2774.509765
2362.745117
1852.941162
1009.803955
29.411766
-1666.666748
-2382.353027
-2745.098144
-2833.333496
-2509.803955
-2049.019531
-1264.705932
725.490234
1470.588256
2196.078369
2676.470703
2784.313720
2588.235351
2176.470703
1529.411743
588.235290
-333.333343
-2009.803955
-2598.039306
-2803.921630
-2725.490234
-2333.333496
-1745.098022
-882.352966
1068.627441
1803.921630
2431.372558
2735.294189
2784.313720
2401.960937
1911.764770
1137.254882
127.450981
-686.274536
-1480.392211
-2225.490234
-2705.882324
-2813.725585
-2607.843261
-2156.862792
-1490.196166
-509.803924
1343.137329
2098.039306
2607.843261
2794.117675
2627.450927
2245.098144
1656.862792
784.313720
-186.274520
-1000.000000
-1725.490234
-2421.568603
-2735.294189
-2833.333496
-2480.392089
-1990.196166
-1196.078491
-205.882354
1539.215698
2274.509765
2696.078369
2803.921630
2539.215820
2137.254882
1450.980468
509.803924
-421.568634
-1205.882324
-2009.803955
-2549.019775
-2794.117675
-2735.294189
-2333.333496
-1774.509887
-892.156860
68.627449
882.352966
1617.647094
2303.921630
2794.117675
2470.588378
2019.607910
1254.901977
274.509796
-607.843139
-1352.941162
-2686.274658
-2813.725585
-2637.254882
-2166.666748
-1509.803955
-539.215698
421.568634
2019.607910
2568.627441
2784.313720
2705.882324
2284.313720
1705.882324
843.137268
-1107.843139
-1852.941162
-2490.196044
-2764.706054
-2813.725585
-2392.156982
-1872.549072
-1049.019653
-49.019607
735.294128
2303.921630
2676.470703
2794.117675
2539.215820
2098.039306
1411.764770
421.568634
-1362.745117
-2156.862792
-2666.666748
-2813.725585
-2656.862792
-2205.882324
-509.803924
421.568634
1196.078491
1931.372558
2519.607910
2803.921630
2754.902099
1676.470581
823.529418
-107.843139
-941.176513
-1686.274536
-2411.764648
-2735.294189
-2450.980468
-1931.372558
-1117.647094
-107.843139
715.686279
1460.784301
2205.882324
2656.862792
2784.313720
2607.843261
1392.156860
431.372558
-480.392150
-1274.509887
-2029.411743
-2578.431396
-2813.725585
-2245.098144
-1598.039184
-696.078430
264.705902
1078.431396
1774.509887
2431.372558
2784.313720
2372.549072
1823.529418
990.196105
39.215686
-735.294128
-1529.411743
-2274.509765
-2696.078369
-2813.725585
-2058.823486
-1333.333374
-333.333343
1450.980468
2186.274658
2656.862792
2803.921630
2607.843261
2196.078369
1519.607910
-490.196075
-1274.509887
-2039.215698
-2588.235351
-2813.725585
-2696.078369
-2323.529541
-705.882385
254.901962
1068.627441
1833.333374
2460.784423
2774.509765
2803.921630
2401.960937
1892.156860
1117.647094
-892.156860
-1637.254882
-2343.137207
-2725.490234
-2813.725585
-2529.411865
-2068.627441
-1313.725463
-303.921569
568.627441
2215.686279
2656.862792
2823.529541
2588.235351
2186.274658
1519.607910
627.450988
-1264.705932
-2029.411743
-2568.627441
-2794.117675
-2715.686279
-2303.921630
-1715.686279
294.117645
1117.647094
2500.000000
2745.098144
2745.098144
2382.353027
1843.137329
1068.627441
68.627449
-1647.058837
-2352.941162
-2735.294189
-2833.333496
-2529.411865
-2058.823486
-1323.529418
-323.529418
558.823547
1333.333374
2107.843261
2637.254882
2774.509765
2617.647216
2245.098144
1666.666748
745.098083
-176.470596
-1862.745117
-2500.000000
-2764.706054
-2833.333496
-2431.372558
-1931.372558
-1107.843139
-78.431373
725.490234
1480.392211
2705.882324
2823.529541
2539.215820
2088.235351
1382.353027
421.568634
-500.000000
-2088.235351
-2627.450927
-2813.725585
-2656.862792
-2284.313720
-1666.666748
-764.705871
1176.470581
1911.764770
2500.000000
2735.294189
2794.117675
2401.960937
1872.549072
1088.235351
88.235298
-715.686279
-1480.392211
-2235.294189
-2705.882324
-2813.725585
-2607.843261
-2156.862792
-1500.000000
-607.843139
1274.509887
2029.411743
2568.627441
2764.706054
2676.470703
2313.725585
1705.882324
843.137268
-78.431373
-901.960815
-1647.058837
-2382.353027
-2715.686279
-2823.529541
-2539.215820
-2068.627441
-1313.725463
-303.921569
1460.784301
2196.078369
2676.470703
2813.725585
2578.431396
2156.862792
1490.196166
-500.000000
-1235.294189
-2000.000000
-2519.607910
-2803.921630
-2784.313720
-2362.745117
-1784.313720
-931.372558
29.411766
1705.882324
2392.156982
2725.490234
2803.921630
2470.588378
2000.000000
1313.725463
-686.274536
-1480.392211
-2235.294189
-2696.078369
-2813.725585
-2607.843261
-2176.470703
-431.372558
500.000000
1205.882324
1950.980468
2509.803955
2764.706054
2735.294189
2352.941162
1803.921630
970.588256
-1009.803955
-1754.901977
-2441.176513
-2803.921630
-2401.960937
-1892.156860
-1068.627441
-39.215686
764.705871
1529.411743
2705.882324
2803.921630
2549.019775
2068.627441
1343.137329
352.941192
-519.607849
-2147.058837
-2647.058837
-2823.529541
-2627.450927
-2215.686279
-1588.235351
-647.058837
1215.686279
1970.588256
2539.215820
2774.509765
2745.098144
2343.137207
1754.901977
931.372558
-9.803922
-784.313720
-2362.745117
-2725.490234
-2813.725585
-2519.607910
-2049.019531
-1323.529418
-343.137268
1450.980468
2186.274658
2656.862792
2813.725585
2617.647216
2186.274658
441.176483
-460.784332
-1264.705932
-2019.607910
-2578.431396
-2794.117675
-2725.490234
-1637.254882
-705.882385
1205.882324
1950.980468
2519.607910
2774.509765
2774.509765
2372.549072
1813.725463
990.196105
39.215686
-745.098083
-1490.196166
-2715.686279
-2823.529541
-2539.215820
-2088.235351
-1362.745117
-352.941192
1441.176513
2186.274658
2676.470703
2803.921630
2607.843261
2186.274658
1519.607910
-460.784332
-1264.705932
-2039.215698
-2568.627441
-2823.529541
-2705.882324
-2294.117675
-1696.078491
-803.921569
186.274520
1852.941162
2460.784423
2754.902099
2794.117675
2382.353027
1882.353027
1078.431396
-911.764709
-1647.058837
-2362.745117
-2735.294189
-2843.137207
-2558.823486
-2049.019531
-196.078430
647.058837
1401.960815
2176.470703
2666.666748
2813.725585
2588.235351
2186.274658
1578.431396
656.862731
-303.921569
-1137.254882
-1872.549072
-2490.196044
-2794.117675
-2813.725585
-2411.764648
-1862.745117
98.039215
872.549011
1617.647094
2333.333496
2705.882324
2813.725585
2539.215820
1225.490234
264.705902
-607.843139
-1382.353027
-2147.058837
-2656.862792
-2823.529541
-2196.078369
-1480.392211
-519.607849
411.764709
1166.666748
1950.980468
2784.313720
2656.862792
2284.313720
1705.882324
843.137268
-117.647064
-990.196105
-2441.176513
-2745.098144
-2813.725585
-2450.980468
-1931.372558
-1147.058837
-137.254898
1617.647094
2343.137207
2715.686279
2794.117675
2500.000000
2137.254882
1431.372558
460.784332
-460.784332
-1254.901977
-2009.803955
-2588.235351
-2803.921630
-2725.490234
-2323.529541
-1725.490234
-852.941162
107.843139
1784.313720
2421.568603
2745.098144
2794.117675
2441.176513
1931.372558
1137.254882
147.058822
-686.274536
-1441.176513
-2715.686279
-2803.921630
-2558.823486
-2127.450927
-1421.568603
-441.176483
509.803924
1274.509887
2000.000000
2529.411865
2676.470703
2274.509765
1715.686279
813.725524
-137.254898
-990.196105
-1725.490234
-2774.509765
-2803.921630
-2450.980468
-1921.568603
-1127.451049
-117.647064
715.686279
2294.117675
2686.274658
2784.313720
2539.215820
2107.843261
1411.764770
441.176483
-1362.745117
-2147.058837
-2676.470703
-2833.333496
-2647.058837
-2235.294189
-1598.039184
421.568634
1225.490234
1970.588256
2519.607910
2764.706054
2745.098144
1686.274536
823.529418
-117.647064
-970.588256
-1696.078491
-2411.764648
-2754.902099
-2431.372558
-1921.568603
-1127.451049
-127.450981
705.882385
1480.392211
2205.882324
2647.058837
2803.921630
2588.235351
2176.470703
1519.607910
627.450988
-323.529418
-2000.000000
-2539.215820
-2784.313720
-2794.117675
-2362.745117
-1774.509887
-960.784301
1019.607849
1764.705932
2411.764648
2735.294189
2784.313720
2450.980468
1098.039184
107.843139
-725.490234
-1480.392211
-2245.098144
-2686.274658
-2843.137207
-2098.039306
-1362.745117
-352.941192
539.215698
1294.117675
2098.039306
2598.039306
2774.509765
2656.862792
2294.117675
686.274536
-264.705902
-1107.843139
-1833.333374
-2490.196044
-2784.313720
-2843.137207
-1774.509887
-941.176513
9.803922
754.901977
1509.803955
2225.490234
2696.078369
2519.607910
2098.039306
1392.156860
431.372558
-490.196075
-1274.509887
-2039.215698
-2617.647216
-2823.529541
-2696.078369
-1598.039184
-705.882385
264.705902
1058.823608
1803.921630
2450.980468
2754.902099
2372.549072
1823.529418
1009.803955
9.803922
-745.098083
-1480.392211
-2254.902099
-2813.725585
-2558.823486
-2098.039306
-1372.549072
-372.549041
519.607849
1264.705932
2029.411743
2578.431396
2764.706054
2705.882324
2294.117675
1696.078491
843.137268
-107.843139
-970.588256
-1715.686279
-2411.764648
-2803.921630
-2421.568603
-1911.764770
-1147.058837
-127.450981
725.490234
1460.784301
2696.078369
2784.313720
2549.019775
2107.843261
1421.568603
460.784332
-460.784332
-2098.039306
-2637.254882
-2803.921630
-2647.058837
-2254.902099
-1656.862792
382.352935
1166.666748
1901.960815
2460.784423
2754.902099
2764.706054
2372.549072
1833.333374
1039.215698
39.215686
-735.294128
-2352.941162
-2705.882324
-2823.529541
-2539.215820
-2068.627441
-1313.725463
715.686279
1470.588256
2186.274658
2637.254882
2784.313720
2607.843261
2166.666748
450.980407
-450.980407
-1225.490234
-1990.196166
-2588.235351
-2774.509765
-2754.902099
-1676.470581
-784.313720
215.686279
1039.215698
1764.705932
2411.764648
2715.686279
2794.117675
2421.568603
1950.980468
1196.078491
205.882354
-676.470581
-1411.764770
-2166.666748
-2676.470703
-2794.117675
-2627.450927
-1460.784301
-490.196075
441.176483
1196.078491
1970.588256
2549.019775
2774.509765
2264.705810
1676.470581
813.725524
-127.450981
-980.392150
-1705.882324
-2362.745117
-2725.490234
-2823.529541
-2480.392089
-1137.254882
-107.843139
735.294128
2313.725585
2705.882324
2794.117675
2509.803955
2088.235351
1372.549072
392.156860
-1392.156860
-2156.862792
-2666.666748
-2833.333496
-2637.254882
-2215.686279
-1568.627441
470.588256
1245.098022
1990.196166
2549.019775
2754.902099
2735.294189
2323.529541
1764.705932
931.372558
-49.019607
-833.333374
-1607.843139
-2323.529541
-2725.490234
-2813.725585
-2558.823486
-2098.039306
-1362.745117
666.666687
1431.372558
2196.078369
2656.862792
2784.313720
2607.843261
2186.274658
1549.019653
656.862731
-303.921569
-1950.980468
-2568.627441
-2784.313720
-2764.706054
-2372.549072
-1735.294189
-911.764709
1049.019653
1784.313720
2441.176513
2754.902099
2794.117675
2441.176513
1911.764770
1166.666748
166.666671
-676.470581
-2284.313720
-2705.882324
-2813.725585
-2598.039306
-2147.058837
-1431.372558
-470.588256
480.392150
1254.901977
2019.607910
2784.313720
2647.058837
2245.098144
1666.666748
774.509826
-156.862747
-1000.000000
-2460.784423
-2735.294189
-2833.333496
-2441.176513
-1911.764770
-1088.235351
-78.431373
1637.254882
2343.137207
2715.686279
2813.725585
2529.411865
2068.627441
1382.353027
372.549041
-509.803924
-1274.509887
-2049.019531
-2598.039306
-2794.117675
-2696.078369
-2313.725585
-1696.078491
-852.941162
137.254898
1823.529418
2470.588378
2745.098144
2794.117675
2421.568603
1901.960815
1098.039184
-882.352966
-1637.254882
-2362.745117
-2735.294189
-2833.333496
-2509.803955
-2058.823486
-1323.529418
-313.725494
578.431396
2166.666748
2656.862792
2803.921630
2137.254882
1441.176513
519.607849
-431.372558
-1225.490234
-2009.803955
-2568.627441
-2676.470703
-2264.705810
-1686.274536
-745.098083
186.274520
1029.411743
1754.901977
2754.902099
2794.117675
2362.745117
1852.941162
1058.823608
39.215686
-745.098083
-2333.333496
-2705.882324
-2823.529541
-2549.019775
-2088.235351
-1333.333374
676.470581
1431.372558
2156.862792
2666.666748
2784.313720
2588.235351
2196.078369
1539.215698
627.450988
-313.725494
-1127.451049
-2549.019775
-2803.921630
-2764.706054
-2382.353027
-1754.901977
-892.156860
1049.019653
1774.509887
2441.176513
2735.294189
2803.921630
2382.353027
1941.176513
39.215686
-764.705871
-1519.607910
-2245.098144
-2696.078369
-2803.921630
-2607.843261
-2156.862792
-1441.176513
-470.588256
1343.137329
2127.450927
2607.843261
2764.706054
2607.843261
2245.098144
1666.666748
-382.352935
-1186.274536
-1950.980468
-2529.411865
-2813.725585
-2803.921630
-2362.745117
-1784.313720
-931.372558
19.607843
843.137268
1549.019653
2284.313720
2666.666748
2784.313720
2568.627441
2117.647216
1392.156860
-588.235290
-1343.137329
-2137.254882
-2637.254882
-2823.529541
-2627.450927
-2225.490234
-578.431396
372.549041
1166.666748
1911.764770
2509.803955
2784.313720
2774.509765
2372.549072
1833.333374
1000.000000
78.431373
-735.294128
-1500.000000
-2196.078369
-2666.666748
-2813.725585
-2617.647216
-2186.274658
-460.784332
470.588256
1264.705932
2009.803955
2588.235351
2764.706054
2725.490234
1647.058837
764.705871
-166.666671
-1009.803955
-1764.705932
-2441.176513
-2764.706054
-2401.960937
-1862.745117
-1039.215698
-9.803922
735.294128
1500.000000
2176.470703
2637.254882
2803.921630
2617.647216
1450.980468
490.196075
-392.156860
-1235.294189
-2598.039306
-2803.921630
-2705.882324
-2294.117675
-1686.274536
-803.921569
1156.862792
1901.960815
2500.000000
2754.902099
2784.313720
2392.156982
1882.353027
1117.647094
107.843139
-725.490234
-1480.392211
-2696.078369
-2823.529541
-2568.627441
-2107.843261
-1362.745117
-382.352935
1431.372558
2186.274658
2656.862792
2803.921630
2598.039306
2176.470703
1568.627441
-450.980407
-1245.098022
-2009.803955
-2568.627441
-2813.725585
-2735.294189
-2323.529541
-735.294128
235.294128
1049.019653
1784.313720
2431.372558
2735.294189
2784.313720
2421.568603
1931.372558
1196.078491
-833.333374
-1598.039184
-2323.529541
-2705.882324
-2823.529541
-2549.019775
-2078.431396
-254.901962
627.450988
1382.353027
2127.450927
2607.843261
2794.117675
2176.470703
1480.392211
578.431396
-362.745117
-1196.078491
-1921.568603
-2529.411865
-2705.882324
-2313.725585
-1725.490234
-823.529418
137.254898
980.392150
1705.882324
2392.156982
2725.490234
2794.117675
1941.176513
1137.254882
137.254898
-666.666687
-1450.980468
-2215.686279
-2666.666748
-2578.431396
-2117.647216
-1401.960815
-431.372558
500.000000
1215.686279
1960.784301
2794.117675
2647.058837
2254.902099
1656.862792
794.117675
-147.058822
-990.196105
-2450.980468
-2754.902099
-2813.725585
-2411.764648
-1892.156860
-1117.647094
-117.647064
1627.451049
2333.333496
2696.078369
2794.117675
2519.607910
2068.627441
235.294128
-617.647094
-1352.941162
-2156.862792
-2666.666748
-2813.725585
-2627.450927
-1470.588256
-529.411804
441.176483
1196.078491
1950.980468
2519.607910
2774.509765
2294.117675
1705.882324
843.137268
-107.843139
-960.784301
-1696.078491
-2372.549072
-2833.333496
-2401.960937
-1960.784301
-1166.666748
-107.843139
715.686279
1480.392211
2196.078369
2676.470703
2774.509765
2117.647216
1411.764770
431.372558
-470.588256
-1274.509887
-2009.803955
-2588.235351
-2813.725585
-2725.490234
-2284.313720
-1705.882324
-813.725524
127.450981
970.588256
1676.470581
2382.353027
2705.882324
2813.725585
1931.372558
1166.666748
176.470596
-656.862731
-1421.568603
-2186.274658
-2666.666748
-2578.431396
-2137.254882
-1421.568603
-460.784332
490.196075
1245.098022
1980.392211
2558.823486
2784.313720
2705.882324
2313.725585
1725.490234
872.549011
-78.431373
-882.352966
-1627.451049
-2333.333496
-2725.490234
-2480.392089
-2000.000000
-1323.529418
-313.725494
578.431396
1343.137329
2098.039306
2784.313720
2598.039306
2205.882324
1549.019653
647.058837
-294.117645
-1117.647094
-1882.353027
-2500.000000
-2754.902099
-2372.549072
-1843.137329
-1000.000000
-88.235298
745.098083
1490.196166
2235.294189
2833.333496
2529.411865
2078.431396
1362.745117
392.156860
-509.803924
-1274.509887
-2656.862792
-2833.333496
-2647.058837
-2235.294189
-1598.039184
-676.470581
274.509796
1088.235351
1833.333374
2441.176513
2725.490234
2333.333496
1774.509887
-156.862747
-1000.000000
-1696.078491
-2411.764648
-2725.490234
-2823.529541
-2490.196044
-1117.647094
-117.647064
774.509826
1470.588256
2225.490234
2666.666748
2803.921630
2088.235351
1382.353027
421.568634
-490.196075
-1264.705932
-2039.215698
-2598.039306
-2647.058837
-2235.294189
-1607.843139
-715.686279
284.313720
1107.843139
2500.000000
2754.902099
2784.313720
2372.549072
1843.137329
1058.823608
68.627449
-1647.058837
-2362.745117
-2725.490234
-2833.333496
-2539.215820
-2088.235351
-1323.529418
666.666687
1431.372558
2196.078369
2656.862792
2774.509765
2578.431396
2196.078369
480.392150
-431.372558
-1245.098022
-1990.196166
-2578.431396
-2803.921630
-2745.098144
-1676.470581
-764.705871
215.686279
1019.607849
1745.098022
2431.372558
2725.490234
2764.706054
2441.176513
1960.784301
107.843139
-735.294128
-1529.411743
-2303.921630
-2715.686279
-2833.333496
-2578.431396
-1303.921630
-323.529418
568.627441
1333.333374
2127.450927
2607.843261
2598.039306
2176.470703
1558.823608
656.862731
-323.529418
-1147.058837
-1901.960815
-2794.117675
-2735.294189
-2333.333496
-1735.294189
-872.549011
68.627449
901.960815
2392.156982
2715.686279
2774.509765
2460.784423
2000.000000
1323.529418
333.333343
-1450.980468
-2205.882324
-2686.274658
-2823.529541
-2607.843261
-2176.470703
-1539.215698
509.803924
1274.509887
2039.215698
2588.235351
2764.706054
2676.470703
1617.647094
705.882385
-235.294128
-1078.431396
-1823.529418
-2470.588378
-2794.117675
-2803.921630
-2401.960937
-1882.353027
-1098.039184
-68.627449
725.490234
1500.000000
2666.666748
2794.117675
2568.627441
2117.647216
1441.176513
500.000000
-362.745117
-2009.803955
-2588.235351
-2803.921630
-2705.882324
-2323.529541
-1705.882324
-823.529418
1117.647094
1862.745117
2470.588378
2735.294189
2774.509765
2401.960937
1862.745117
1088.235351
78.431373
-725.490234
-2323.529541
-2725.490234
-2813.725585
-2588.235351
-2098.039306
-1372.549072
-411.764709
500.000000
1205.882324
1980.392211
2529.411865
2794.117675
2715.686279
2333.333496
1735.294189
921.568664
-68.627449
-852.941162
-2401.960937
-2715.686279
-2823.529541
-2480.392089
-2009.803955
-1254.901977
-245.098037
1500.000000
2205.882324
2627.450927
2764.706054
2588.235351
2186.274658
1558.823608
647.058837
-294.117645
-1127.451049
-1882.353027
-2490.196044
-2774.509765
-2803.921630
-2411.764648
-1843.137329
-1009.803955
-9.803922
1637.254882
2372.549072
2725.490234
2803.921630
2500.000000
2127.450927
1382.353027
-607.843139
-1372.549072
-2137.254882
-2656.862792
-2813.725585
-2627.450927
-2215.686279
-1578.431396
-647.058837
294.117645
1117.647094
1833.333374
2470.588378
2745.098144
2794.117675
2411.764648
1872.549072
1107.843139
68.627449
-725.490234
-1480.392211
-2715.686279
-2823.529541
-2588.235351
-2107.843261
-1382.353027
-382.352935
519.607849
2147.058837
2627.450927
2833.333496
2627.450927
2225.490234
1607.843139
686.274536
-1215.686279
-1970.588256
-2549.019775
-2794.117675
-2735.294189
-2323.529541
-1764.705932
-901.960815
78.431373
872.549011
2352.941162
2715.686279
2803.921630
1901.960815
1127.451049
147.058822
-696.078430
-1431.372558
-2205.882324
-2686.274658
-2588.235351
-2117.647216
-1372.549072
-421.568634
470.588256
1254.901977
2019.607910
2813.725585
2617.647216
2254.902099
1627.451049
754.901977
-176.470596
-1019.607849
-2490.196044
-2774.509765
-2813.725585
-2401.960937
-1882.353027
-1058.823608
-39.215686
1637.254882
2333.333496
2696.078369
2823.529541
2549.019775
2058.823486
196.078430
-617.647094
-1392.156860
-2147.058837
-2676.470703
-2794.117675
-2627.450927
-1490.196166
-509.803924
431.372558
1186.274536
1911.764770
2500.000000
2745.098144
2362.745117
1754.901977
921.568664
-49.019607
-823.529418
-1588.235351
-2343.137207
-2813.725585
-2470.588378
-2000.000000
-1284.313720
-313.725494
578.431396
1333.333374
2098.039306
2617.647216
2784.313720
2627.450927
2254.902099
1627.451049
764.705871
-176.470596
-1009.803955
-1774.509887
-2431.372558
-2813.725585
-2382.353027
-1852.941162
-1019.607849
-49.019607
764.705871
1519.607910
2696.078369
2813.725585
2519.607910
2068.627441
1352.941162
392.156860
-509.803924
-1284.313720
-2049.019531
-2598.039306
-2637.254882
-2245.098144
-1627.451049
411.764709
1205.882324
1950.980468
2529.411865
2754.902099
2754.902099
2343.137207
833.333374
-117.647064
-960.784301
-1666.666748
-2372.549072
-2735.294189
-2833.333496
-1911.764770
-1137.254882
-137.254898
715.686279
1480.392211
2196.078369
2686.274658
2549.019775
2098.039306
1411.764770
470.588256
-450.980407
-1235.294189
-1990.196166
-2833.333496
-2647.058837
-2245.098144
-1647.058837
-754.901977
196.078430
1872.549072
2450.980468
2745.098144
2803.921630
2382.353027
1872.549072
1058.823608
-901.960815
-1656.862792
-2372.549072
-2725.490234
-2823.529541
-2509.803955
-2058.823486
-176.470596
666.666687
1421.568603
2156.862792
2666.666748
2794.117675
2588.235351
2176.470703
1539.215698
637.254943
-1254.901977
-2000.000000
-2529.411865
-2803.921630
-2764.706054
-2372.549072
-1774.509887
147.058822
970.588256
1705.882324
2401.960937
2715.686279
2813.725585
2460.784423
1147.058837
147.058822
-666.666687
-1460.784301
-2196.078369
-2686.274658
-2813.725585
-2127.450927
-1401.960815
-431.372558
500.000000
1196.078491
1970.588256
2539.215820
2784.313720
2774.509765
2352.941162
833.333374
-127.450981
-970.588256
-1705.882324
-2421.568603
-2735.294189
-2813.725585
-1901.960815
-1127.451049
-107.843139
725.490234
1490.196166
2245.098144
2813.725585
2529.411865
2098.039306
1382.353027
421.568634
-490.196075
-1245.098022
-2019.607910
-2578.431396
-2774.509765
-2705.882324
-1627.451049
-735.294128
235.294128
1049.019653
1774.509887
2431.372558
2764.706054
2372.549072
1843.137329
1039.215698
49.019607
-745.098083
-1500.000000
-2705.882324
-2794.117675
-2607.843261
-2147.058837
-1441.176513
-460.784332
480.392150
2098.039306
2598.039306
2794.117675
2656.862792
2264.705810
1676.470581
794.117675
-1147.058837
-1892.156860
-2490.196044
-2784.313720
-2803.921630
-2392.156982
-1833.333374
107.843139
931.372558
1656.862792
2352.941162
2705.882324
2813.725585
1931.372558
1156.862792
156.862747
-666.666687
-1431.372558
-2196.078369
-2686.274658
-2578.431396
-2127.450927
-1431.372558
-441.176483
470.588256
1235.294189
2019.607910
2813.725585
2627.450927
2245.098144
1647.058837
803.921569
-166.666671
-1009.803955
-2490.196044
-2784.313720
-2813.725585
-2401.960937
-1862.745117
-1039.215698
-49.019607
1666.666748
2382.353027
2715.686279
2823.529541
2509.803955
2058.823486
205.882354
-637.254943
-1431.372558
-2176.470703
-2656.862792
-2833.333496
-2617.647216
-1460.784301
-480.392150
460.784332
1225.490234
1970.588256
2549.019775
2774.509765
2754.902099
2333.333496
1764.705932
931.372558
-9.803922
-745.098083
-1529.411743
-2284.313720
-2686.274658
-2813.725585
-2058.823486
-1303.921630
-294.117645
578.431396
1333.333374
2098.039306
2617.647216
2598.039306
2196.078369
1549.019653
637.254943
-284.313720
-1127.451049
-1862.745117
-2794.117675
-2735.294189
-2343.137207
-1745.098022
-892.156860
78.431373
882.352966
1627.451049
2333.333496
2686.274658
2460.784423
2000.000000
1303.921630
333.333343
-539.215698
-1343.137329
-2107.843261
-2833.333496
-2637.254882
-2176.470703
-1539.215698
-578.431396
382.352935
1166.666748
1921.568603
2500.000000
2764.706054
2803.921630
2392.156982
1862.745117
1068.627441
98.039215
-715.686279
-1470.588256
-2235.294189
-2833.333496
-2549.019775
-2107.843261
-1372.549072
-392.156860
500.000000
1225.490234
1990.196166
2519.607910
2754.902099
2284.313720
1676.470581
813.725524
-117.647064
-980.392150
-1686.274536
-2401.960937
-2813.725585
-2431.372558
-1921.568603
-1127.451049
-127.450981
735.294128
1509.803955
2676.470703
2784.313720
2558.823486
2098.039306
1431.372558
470.588256
-450.980407
-1235.294189
-2000.000000
-2529.411865
-2705.882324
-2294.117675
-1686.274536
-813.725524
137.254898
970.588256
1686.274536
2745.098144
2774.509765
2421.568603
1921.568603
1147.058837
166.666671
-676.470581
-2284.313720
-2705.882324
-2823.529541
-2598.039306
-2117.647216
-1421.568603
-450.980407
1352.941162
2117.647216
2627.450927
2784.313720
2627.450927
2245.098144
1647.058837
774.509826
-166.666671
-1019.607849
-2470.588378
-2774.509765
-2803.921630
-2421.568603
-1862.745117
-1029.411743
-39.215686
1676.470581
2362.745117
2705.882324
2784.313720
2470.588378
2039.215698
176.470596
-637.254943
-1411.764770
-2176.470703
-2686.274658
-2833.333496
-2607.843261
-1431.372558
-450.980407
470.588256
1245.098022
1980.392211
2549.019775
2784.313720
2705.882324
2323.529541
1725.490234
-205.882354
-1039.215698
-1813.725463
-2460.784423
-2784.313720
-2823.529541
-2421.568603
-990.196105
-49.019607
754.901977
1519.607910
2274.509765
2686.274658
2803.921630
2098.039306
1382.353027
441.176483
-490.196075
-1264.705932
-2049.019531
-2598.039306
-2676.470703
-2254.902099
-1627.451049
-745.098083
215.686279
1058.823608
1764.705932
2450.980468
2745.098144
2813.725585
1843.137329
1029.411743
39.215686
-754.901977
-1500.000000
-2196.078369
-2676.470703
-2598.039306
-2137.254882
-1441.176513
-450.980407
450.980407
1205.882324
1950.980468
2519.607910
2764.706054
2745.098144
2352.941162
1794.117675
931.372558
-19.607843
-833.333374
-1598.039184
-2303.921630
-2705.882324
-2490.196044
-2019.607910
-1294.117675
-254.901962
607.843139
1343.137329
2117.647216
2637.254882
2774.509765
2607.843261
1529.411743
568.627441
-372.549041
-1186.274536
-1941.176513
-2519.607910
-2803.921630
-2303.921630
-1696.078491
-813.725524
127.450981
950.980407
1656.862792
2382.353027
2784.313720
2431.372558
1941.176513
1156.862792
186.274520
-676.470581
-1421.568603
-2176.470703
-2686.274658
-2813.725585
-2627.450927
-2196.078369
-1549.019653
-588.235290
343.137268
1137.254882
1892.156860
2490.196044
2745.098144
2313.725585
1745.098022
911.764709
-39.215686
-823.529418
-1598.039184
-2735.294189
-2803.921630
-2500.000000
-2078.431396
-1343.137329
-323.529418
558.823547
1313.725463
2078.431396
2588.235351
2784.313720
2647.058837
2254.902099
1666.666748
794.117675
-176.470596
-1009.803955
-1754.901977
-2450.980468
-2764.706054
-2833.333496
-2450.980468
-1970.588256
-1166.666748
-186.274520
1588.235351
2313.725585
2686.274658
2784.313720
2549.019775
2107.843261
1401.960815
441.176483
-470.588256
-1254.901977
-2029.411743
-2578.431396
-2813.725585
-2705.882324
-2313.725585
-1686.274536
-803.921569
156.862747
1813.725463
2450.980468
2774.509765
2803.921630
2392.156982
1882.353027
1098.039184
127.450981
-705.882385
-1470.588256
-2215.686279
-2696.078369
-2823.529541
-2588.235351
-2147.058837
-1509.803955
-558.823547
401.960784
2019.607910
2568.627441
2784.313720
2696.078369
2313.725585
1705.882324
843.137268
-107.843139
-960.784301
-1686.274536
-2401.960937
-2764.706054
-2823.529541
-2490.196044
-2000.000000
-1352.941162
-343.137268
549.019592
2156.862792
2666.666748
2774.509765
2588.235351
2196.078369
1568.627441
656.862731
-284.313720
-1117.647094
-1872.549072
-2803.921630
-2803.921630
-2333.333496
-1764.705932
-931.372558
29.411766
833.333374
2382.353027
2715.686279
2813.725585
2470.588378
2029.411743
1274.509887
294.117645
-1470.588256
-2245.098144
-2686.274658
-2823.529541
-2607.843261
-2166.666748
-1500.000000
-598.039245
352.941192
1147.058837
2578.431396
2794.117675
2696.078369
2274.509765
1745.098022
911.764709
-19.607843
-1715.686279
-2421.568603
-2745.098144
-2823.529541
-2480.392089
-2009.803955
-1235.294189
774.509826
1529.411743
2254.902099
2686.274658
2803.921630
2578.431396
1352.941162
372.549041
-509.803924
-1274.509887
-2049.019531
-2598.039306
-2794.117675
-2676.470703
-2294.117675
-1696.078491
-803.921569
1127.451049
1862.745117
2470.588378
2774.509765
2784.313720
2401.960937
1833.333374
1058.823608
68.627449
-725.490234
-2333.333496
-2696.078369
-2813.725585
-2549.019775
-2107.843261
-1382.353027
-382.352935
1401.960815
2156.862792
2686.274658
2813.725585
2607.843261
2215.686279
549.019592
-401.960784
-1176.470581
-2598.039306
-2784.313720
-2705.882324
-1617.647094
-705.882385
1205.882324
1941.176513
2539.215820
2754.902099
2745.098144
2362.745117
1794.117675
970.588256
9.803922
-725.490234
-1509.803955
-2264.705810
-2666.666748
-2813.725585
-2607.843261
-1333.333374
-323.529418
549.019592
1294.117675
2068.627441
2607.843261
2794.117675
2176.470703
1558.823608
676.470581
-284.313720
-1098.039184
-1843.137329
-2460.784423
-2784.313720
-2343.137207
-1764.705932
-921.568664
39.215686
852.941162
1607.843139
2303.921630
2686.274658
2813.725585
2009.803955
1264.705932
313.725494
-1490.196166
-2235.294189
-2686.274658
-2823.529541
-2647.058837
-2186.274658
-1490.196166
539.215698
1294.117675
2088.235351
2588.235351
2754.902099
2617.647216
2264.705810
666.666687
-284.313720
-1127.451049
-1852.941162
-2500.000000
-2764.706054
-2833.333496
-1852.941162
-1000.000000
-78.431373
745.098083
1500.000000
2156.862792
2637.254882
2794.117675
2607.843261
2186.274658
1549.019653
627.450988
-323.529418
-1147.058837
-1882.353027
-2519.607910
-2735.294189
-2774.509765
-1774.509887
-921.568664
58.823532
833.333374
1617.647094
2294.117675
2666.666748
2480.392089
2049.019531
1294.117675
284.313720
-578.431396
-1343.137329
-2137.254882
-2627.450927
-2833.333496
-2647.058837
-1529.411743
-549.019592
372.549041
1166.666748
1921.568603
2500.000000
2764.706054
2333.333496
1774.509887
950.980407
9.803922
-735.294128
-1519.607910
-2264.705810
-2676.470703
-2794.117675
-2598.039306
-2166.666748
-1480.392211
-490.196075
450.980407
1215.686279
1950.980468
2509.803955
2764.706054
2735.294189
2352.941162
1794.117675
-196.078430
-1029.411743
-1784.313720
-2450.980468
-2764.706054
-2813.725585
-2460.784423
-1039.215698
-39.215686
803.921569
1539.215698
2245.098144
2637.254882
2794.117675
2058.823486
1362.745117
372.549041
-509.803924
-1284.313720
-2049.019531
-2607.843261
-2833.333496
-2666.666748
-2284.313720
-647.058837
294.117645
1127.451049
1833.333374
2460.784423
2745.098144
2784.313720
1784.313720
941.176513
9.803922
-764.705871
-1509.803955
-2254.902099
-2686.274658
-2549.019775
-2088.235351
-1362.745117
-343.137268
549.019592
1323.529418
2078.431396
2598.039306
2774.509765
2656.862792
2264.705810
1686.274536
813.725524
-1127.451049
-1862.745117
-2500.000000
-2774.509765
-2382.353027
-1803.921630
-1000.000000
-78.431373
754.901977
1519.607910
2215.686279
2784.313720
2539.215820
2078.431396
1352.941162
392.156860
-490.196075
-1284.313720
-2637.254882
-2813.725585
-2647.058837
-2225.490234
-1607.843139
-686.274536
1235.294189
1980.392211
2558.823486
2754.902099
2725.490234
2323.529541
1754.901977
921.568664
-29.411766
-872.549011
-1617.647094
-2754.902099
-2813.725585
-2500.000000
-2098.039306
-1352.941162
-323.529418
1441.176513
2205.882324
2676.470703
2813.725585
2598.039306
2196.078369
1549.019653
-470.588256
-1245.098022
-2009.803955
-2578.431396
-2823.529541
-2715.686279
-2313.725585
-725.490234
235.294128
1068.627441
1794.117675
2441.176513
2745.098144
2774.509765
2401.960937
1911.764770
1147.058837
147.058822
-676.470581
-1431.372558
-2205.882324
-2676.470703
-2813.725585
-2637.254882
-2196.078369
-450.980407
460.784332
1225.490234
1980.392211
2539.215820
2794.117675
2715.686279
1656.862792
754.901977
-176.470596
-1019.607849
-1764.705932
-2431.372558
-2774.509765
-2411.764648
-1862.745117
-1019.607849
-9.803922
725.490234
2323.529541
2696.078369
2823.529541
2549.019775
2098.039306
1382.353027
421.568634
-490.196075
-1254.901977
-2019.607910
-2578.431396
-2813.725585
-2705.882324
-2333.333496
-1686.274536
303.921569
1127.451049
1823.529418
2470.588378
2735.294189
2794.117675
2382.353027
1872.549072
1088.235351
107.843139
-764.705871
-1519.607910
-2245.098144
-2705.882324
-2823.529541
-2607.843261
-2156.862792
-1441.176513
568.627441
1343.137329
2098.039306
2598.039306
2774.509765
2686.274658
2274.509765
666.666687
-274.509796
-1127.451049
-1862.745117
-2500.000000
-2774.509765
-2843.137207
-1833.333374
-990.196105
-19.607843
794.117675
1558.823608
2264.705810
2676.470703
2803.921630
2588.235351
2127.450927
1460.784301
509.803924
-411.764709
-1215.686279
-1960.784301
-2539.215820
-2774.509765
-2764.706054
-2362.745117
-1784.313720
-931.372558
39.215686
872.549011
1578.431396
2303.921630
2686.274658
2784.313720
2539.215820
2107.843261
1401.960815
441.176483
-470.588256
-1264.705932
-2019.607910
-2588.235351
-2794.117675
-2235.294189
-1617.647094
-705.882385
245.098037
1058.823608
1774.509887
2460.784423
2754.902099
2372.549072
1833.333374
1029.411743
39.215686
-754.901977
-1519.607910
-2705.882324
-2803.921630
-2558.823486
-2088.235351
-1323.529418
-333.333343
1470.588256
2215.686279
2656.862792
2764.706054
2568.627441
2176.470703
1558.823608
-470.588256
-1264.705932
-2019.607910
-2588.235351
-2813.725585
-2725.490234
-2303.921630
-735.294128
235.294128
1058.823608
1794.117675
2431.372558
2725.490234
2774.509765
2411.764648
1921.568603
1156.862792
-852.941162
-1637.254882
-2352.941162
-2745.098144
-2803.921630
-2558.823486
-2098.039306
-1352.941162
-362.745117
549.019592
2166.666748
2627.450927
2794.117675
2598.039306
2225.490234
1588.235351
676.470581
-1225.490234
-1970.588256
-2568.627441
-2803.921630
-2754.902099
-2333.333496
-1754.901977
186.274520
1019.607849
1754.901977
2411.764648
2696.078369
2784.313720
1862.745117
1049.019653
78.431373
-705.882385
-1470.588256
-2245.098144
-2686.274658
-2549.019775
-2088.235351
-1382.353027
-392.156860
509.803924
1254.901977
2049.019531
2794.117675
2607.843261
2225.490234
1607.843139
745.098083
-205.882354
-1058.823608
-2500.000000
-2764.706054
-2823.529541
-2411.764648
-1872.549072
-1078.431396
-58.823532
754.901977
1519.607910
2264.705810
2794.117675
2529.411865
2078.431396
1372.549072
392.156860
-490.196075
-1274.509887
-2637.254882
-2823.529541
-2627.450927
-2245.098144
-1617.647094
-725.490234
235.294128
1901.960815
2490.196044
2745.098144
2764.706054
2382.353027
1833.333374
1019.607849
39.215686
-764.705871
-1529.411743
-2715.686279
-2843.137207
-2509.803955
-1196.078491
-166.666671
666.666687
1411.764770
2176.470703
2627.450927
2794.117675
2166.666748
1460.784301
539.215698
-401.960784
-1196.078491
-1950.980468
-2529.411865
-2676.470703
-2274.509765
-1686.274536
-803.921569
156.862747
990.196105
1705.882324
2735.294189
2784.313720
2401.960937
1921.568603
1147.058837
156.862747
-715.686279
-2313.725585
-2705.882324
-2813.725585
-2558.823486
-2098.039306
-1392.156860
-392.156860
509.803924
1274.509887
2019.607910
2558.823486
2784.313720
2696.078369
2294.117675
1705.882324
843.137268
-78.431373
-911.764709
-1647.058837
-2362.745117
-2735.294189
-2460.784423
-1960.784301
-1186.274536
-166.666671
676.470581
1421.568603
2176.470703
2813.725585
2568.627441
2156.862792
1431.372558
490.196075
-431.372558
-1235.294189
-2019.607910
-2558.823486
-2794.117675
-2735.294189
-2333.333496
-1745.098022
245.098037
1049.019653
1764.705932
2411.764648
2725.490234
2794.117675
2431.372558
1039.215698
39.215686
-754.901977
-1519.607910
-2274.509765
-2705.882324
-2823.529541
-2088.235351
-1333.333374
-313.725494
578.431396
1303.921630
2107.843261
2588.235351
2607.843261
2176.470703
1539.215698
617.647094
-294.117645
-1147.058837
-1901.960815
-2500.000000
-2784.313720
-2803.921630
-1794.117675
-980.392150
0.000000
686.274536
1401.960815
2176.470703
2637.254882
2558.823486
2127.450927
1490.196166
519.607849
-392.156860
-1215.686279
-1970.588256
-2823.529541
-2686.274658
-2264.705810
-1666.666748
-784.313720
176.470596
990.196105
1705.882324
2392.156982
2715.686279
2823.529541
2460.784423
1970.588256
1245.098022
274.509796
-598.039245
-1362.745117
-2156.862792
-2666.666748
-2813.725585
-2617.647216
-1490.196166
-519.607849
401.960784
1196.078491
1911.764770
2500.000000
2764.706054
2352.941162
1745.098022
950.980407
0.000000
-686.274536
-1441.176513
-2225.490234
-2823.529541
-2568.627441
-2107.843261
-1401.960815
-421.568634
490.196075
1274.509887
2627.450927
2774.509765
2627.450927
2235.294189
1647.058837
764.705871
-196.078430
-1862.745117
-2509.803955
-2784.313720
-2823.529541
-2411.764648
-1833.333374
-1029.411743
-19.607843
774.509826
1539.215698
2715.686279
2794.117675
2509.803955
1205.882324
186.274520
-647.058837
-1401.960815
-2176.470703
-2676.470703
-2803.921630
-2147.058837
-1480.392211
-490.196075
431.372558
1225.490234
1970.588256
2519.607910
2764.706054
2764.706054
2343.137207
843.137268
-98.039215
-892.156860
-1656.862792
-2372.549072
