-2539.215820
-2872.549072
-2911.764648
-2470.588378
-1882.353027
-1107.843139
-68.627449
774.509826
1549.019653
2274.509765
2745.098144
2901.960937
2686.274658
2225.490234
450.980407
-490.196075
-1294.117675
-2088.235351
-2656.862792
-2862.745117
-2764.706054
-1686.274536
-735.294128
264.705902
1098.039184
1852.941162
2519.607910
2852.941162
2392.156982
1813.725463
1019.607849
0.000000
-686.274536
-1490.196166
-2774.509765
-2892.156982
-2637.254882
-2166.666748
-1431.372558
-421.568634
519.607849
1303.921630
2078.431396
2647.058837
2862.745117
2745.098144
2352.941162
1774.509887
882.352966
-98.039215
-911.764709
-1686.274536
-2421.568603
-2803.921630
-2892.156982
-2588.235351
-1225.490234
-205.882354
686.274536
1450.980468
2245.098144
2715.686279
2872.549072
2647.058837
2225.490234
1637.254882
686.274536
-274.509796
-1137.254882
-1911.764770
-2549.019775
-2852.941162
-2882.353027
-2450.980468
-970.588256
29.411766
833.333374
1627.451049
2333.333496
2735.294189
2872.549072
2078.431396
1313.725463
323.529418
-607.843139
-1392.156860
-2176.470703
-2705.882324
-2686.274658
-2264.705810
-1578.431396
-598.039245
382.352935
1196.078491
2637.254882
2872.549072
2794.117675
2362.745117
1745.098022
892.156860
-58.823532
-1784.313720
-2490.196044
-2803.921630
-2892.156982
-2519.607910
-2019.607910
-1235.294189
833.333374
1627.451049
2343.137207
2754.902099
2901.960937
2627.450927
2186.274658
352.941192
-539.215698
-1362.745117
-2156.862792
-2715.686279
-2882.353027
-2725.490234
-2303.921630
-1725.490234
-754.901977
1215.686279
2009.803955
2598.039306
2735.294189
2343.137207
1754.901977
872.549011
-107.843139
-970.588256
-1715.686279
-2460.784423
-2803.921630
-2901.960937
-1970.588256
-1186.274536
-147.058822
735.294128
1509.803955
2254.902099
2735.294189
2607.843261
2156.862792
1441.176513
480.392150
-441.176483
-1264.705932
-2068.627441
-2892.156982
-2715.686279
-2303.921630
-1676.470581
-725.490234
245.098037
1078.431396
2588.235351
2843.137207
2833.333496
2401.960937
1803.921630
1019.607849
9.803922
-754.901977
-1558.823608
-2313.725585
-2892.156982
-2607.843261
-2137.254882
-1362.745117
-352.941192
558.823547
1343.137329
2735.294189
2872.549072
2656.862792
2235.294189
1607.843139
666.666687
-303.921569
-2009.803955
-2607.843261
-2862.745117
-2823.529541
-2401.960937
-1784.313720
215.686279
1068.627441
1852.941162
2490.196044
2823.529541
2862.745117
2460.784423
1980.392211
1186.274536
147.058822
-715.686279
-1480.392211
-2264.705810
-2745.098144
-2656.862792
-2166.666748
-1421.568603
-431.372558
519.607849
1284.313720
2088.235351
2637.254882
2872.549072
2803.921630
2362.745117
1764.705932
892.156860
-78.431373
-911.764709
-1686.274536
-2450.980468
-2813.725585
-2509.803955
-2029.411743
-1245.098022
-186.274520
696.078430
1460.784301
2215.686279
2715.686279
2862.745117
2666.666748
1509.803955
519.607849
-431.372558
-1235.294189
-1990.196166
-2627.450927
-2882.353027
-2343.137207
-1754.901977
-813.725524
186.274520
1039.215698
1813.725463
2460.784423
2882.353027
2470.588378
1882.353027
1117.647094
98.039215
-735.294128
-1500.000000
-2764.706054
-2901.960937
-2676.470703
-2205.882324
-1509.803955
-539.215698
1362.745117
2137.254882
2637.254882
2843.137207
2715.686279
2323.529541
1745.098022
-313.725494
-1176.470581
-1950.980468
-2568.627441
-2872.549072
-2852.941162
-2460.784423
-911.764709
68.627449
901.960815
1676.470581
2372.549072
2774.509765
2862.745117
2088.235351
1313.725463
284.313720
-617.647094
-1401.960815
-2186.274658
-2725.490234
-2892.156982
-2696.078369
-2274.509765
-568.627441
411.764709
1235.294189
2000.000000
2549.019775
2843.137207
2882.353027
1774.509887
950.980407
-9.803922
-803.921569
-1588.235351
-2333.333496
-2764.706054
-2607.843261
-2098.039306
-1343.137329
-323.529418
598.039245
1352.941162
2147.058837
2686.274658
2882.353027
2715.686279
2313.725585
1715.686279
794.117675
-196.078430
-1058.823608
-1823.529418
-2509.803955
-2813.725585
-2450.980468
-1862.745117
-1039.215698
-9.803922
774.509826
1549.019653
2274.509765
2892.156982
2627.450927
2166.666748
1421.568603
470.588256
-509.803924
-1284.313720
-2696.078369
-2911.764648
-2725.490234
-2303.921630
-1696.078491
-754.901977
1205.882324
1970.588256
2578.431396
2862.745117
2852.941162
2421.568603
1794.117675
970.588256
-9.803922
-764.705871
-1568.627441
-2813.725585
-2882.353027
-2598.039306
-2137.254882
-1392.156860
-362.745117
1480.392211
2254.902099
2715.686279
2882.353027
2676.470703
2254.902099
1617.647094
-470.588256
-1274.509887
-2058.823486
-2656.862792
-2872.549072
-2764.706054
-2392.156982
-774.509826
215.686279
1078.431396
1823.529418
2490.196044
2813.725585
2862.745117
2519.607910
2029.411743
1205.882324
176.470596
-705.882385
-1490.196166
-2264.705810
-2754.902099
-2911.764648
-2696.078369
-2245.098144
-490.196075
470.588256
1264.705932
2049.019531
2617.647216
2843.137207
2813.725585
1745.098022
843.137268
-147.058822
-1009.803955
-1794.117675
-2500.000000
-2794.117675
-2480.392089
-1960.784301
-1166.666748
-98.039215
696.078430
1500.000000
2205.882324
2715.686279
2882.353027
2686.274658
1509.803955
568.627441
-392.156860
-1245.098022
-2009.803955
-2588.235351
-2843.137207
-2852.941162
-2421.568603
-1813.725463
-950.980407
19.607843
833.333374
1607.843139
2333.333496
2745.098144
2862.745117
2637.254882
1343.137329
313.725494
-598.039245
-1352.941162
-2156.862792
-2725.490234
-2892.156982
-2235.294189
-1588.235351
-607.843139
392.156860
1186.274536
1970.588256
2539.215820
2813.725585
2843.137207
2421.568603
911.764709
-49.019607
-882.352966
-1656.862792
-2401.960937
-2774.509765
-2911.764648
-2607.843261
-2127.450927
-1392.156860
-382.352935
558.823547
1333.333374
2127.450927
2676.470703
2676.470703
2264.705810
1666.666748
696.078430
-254.901962
-1088.235351
-1872.549072
-2862.745117
-2872.549072
-2421.568603
-1803.921630
-990.196105
-19.607843
1754.901977
2460.784423
2784.313720
2872.549072
2549.019775
2078.431396
1323.529418
-735.294128
-1519.607910
-2294.117675
-2745.098144
-2901.960937
-2696.078369
-2205.882324
-421.568634
529.411804
1333.333374
2098.039306
2647.058837
2843.137207
2745.098144
2362.745117
1754.901977
872.549011
-107.843139
-980.392150
-1745.098022
-2460.784423
-2794.117675
-2911.764648
-2558.823486
-2058.823486
-1294.117675
-254.901962
656.862731
2294.117675
2754.902099
2882.353027
2676.470703
2196.078369
1539.215698
598.039245
-1303.921630
-2088.235351
-2656.862792
-2892.156982
-2774.509765
-2372.549072
-1754.901977
303.921569
1147.058837
1911.764770
2558.823486
2823.529541
2862.745117
2431.372558
1892.156860
1117.647094
107.843139
-1696.078491
-2421.568603
-2813.725585
-2911.764648
-2598.039306
-2117.647216
-1362.745117
715.686279
1519.607910
2284.313720
2754.902099
2862.745117
2656.862792
2205.882324
1558.823608
607.843139
-352.941192
-1215.686279
-1970.588256
-2578.431396
-2872.549072
-2862.745117
-2441.176513
-1813.725463
-1000.000000
990.196105
1735.294189
2441.176513
2803.921630
2882.353027
2529.411865
2098.039306
1333.333374
313.725494
-598.039245
-1372.549072
-2166.666748
-2715.686279
-2882.353027
-2705.882324
-2294.117675
-1666.666748
-715.686279
1215.686279
2009.803955
2588.235351
2852.941162
2803.921630
2401.960937
1774.509887
950.980407
-9.803922
-784.313720
-2411.764648
-2794.117675
-2892.156982
-2578.431396
-1254.901977
-196.078430
656.862731
1460.784301
2235.294189
2705.882324
2882.353027
2686.274658
2264.705810
1647.058837
-431.372558
-1274.509887
-2039.215698
-2637.254882
-2882.353027
-2803.921630
-2392.156982
-1774.509887
-931.372558
68.627449
1803.921630
2480.392089
2784.313720
2450.980468
1901.960815
1147.058837
107.843139
-754.901977
-1519.607910
-2284.313720
-2882.353027
-2627.450927
-2166.666748
-1421.568603
-401.960784
529.411804
1303.921630
2696.078369
2872.549072
2705.882324
2284.313720
1696.078491
764.705871
-205.882354
-1941.176513
-2578.431396
-2872.549072
-2852.941162
-2431.372558
-1823.529418
156.862747
1009.803955
1764.705932
2460.784423
2803.921630
2872.549072
2509.803955
1147.058837
127.450981
-725.490234
-1470.588256
-2294.117675
-2745.098144
-2901.960937
-2176.470703
-1431.372558
-431.372558
519.607849
1303.921630
2058.823486
2617.647216
2715.686279
2284.313720
1686.274536
754.901977
-225.490203
-1078.431396
-1852.941162
-2872.549072
-2872.549072
-2450.980468
-1813.725463
-1019.607849
19.607843
1745.098022
2450.980468
2794.117675
2901.960937
2558.823486
2078.431396
1313.725463
-735.294128
-1549.019653
-2784.313720
-2921.568603
-2647.058837
-2156.862792
-274.509796
627.450988
1401.960815
2176.470703
2696.078369
2892.156982
2676.470703
2303.921630
1705.882324
794.117675
-1186.274536
-1970.588256
-2578.431396
-2784.313720
-2362.745117
-1764.705932
-872.549011
98.039215
911.764709
1686.274536
2813.725585
2862.745117
2500.000000
2107.843261
1333.333374
323.529418
-607.843139
-2264.705810
-2764.706054
-2872.549072
-2696.078369
-2264.705810
-1588.235351
-617.647094
1284.313720
2088.235351
2656.862792
2852.941162
2754.902099
2352.941162
1754.901977
892.156860
-68.627449
-921.568664
-1686.274536
-2431.372558
-2803.921630
-2882.353027
-2607.843261
-2117.647216
-1343.137329
-303.921569
1509.803955
2274.509765
2735.294189
2862.745117
2686.274658
2225.490234
1529.411743
578.431396
-382.352935
-1196.078491
-2637.254882
-2882.353027
-2764.706054
-2352.941162
-1774.509887
-862.745117
137.254898
1852.941162
2509.803955
2852.941162
2872.549072
2460.784423
1901.960815
1137.254882
107.843139
-745.098083
-1529.411743
-2313.725585
-2764.706054
-2892.156982
-2666.666748
-2215.686279
-1480.392211
-529.411804
450.980407
1264.705932
2029.411743
2588.235351
2813.725585
2803.921630
2401.960937
1803.921630
-166.666671
-1039.215698
-1823.529418
-2519.607910
-2852.941162
-2901.960937
-1843.137329
-1039.215698
-9.803922
774.509826
1529.411743
2294.117675
2725.490234
2607.843261
2147.058837
1401.960815
431.372558
-509.803924
-1294.117675
-2098.039306
-2872.549072
-2686.274658
-2284.313720
-1666.666748
-705.882385
284.313720
1127.451049
2568.627441
2872.549072
2843.137207
2421.568603
1813.725463
1000.000000
78.431373
-1676.470581
-2421.568603
-2803.921630
-2911.764648
-2598.039306
-2098.039306
-1392.156860
696.078430
1470.588256
2235.294189
2725.490234
2872.549072
2647.058837
1490.196166
529.411804
-421.568634
-1245.098022
-2029.411743
-2617.647216
-2892.156982
-2823.529541
-2401.960937
-1784.313720
235.294128
1078.431396
1843.137329
2490.196044
2813.725585
2872.549072
2480.392089
1058.823608
9.803922
-745.098083
-1519.607910
-2303.921630
-2764.706054
-2911.764648
-2166.666748
-1411.764770
-431.372558
509.803924
1294.117675
2098.039306
2637.254882
2676.470703
2284.313720
1696.078491
754.901977
-215.686279
-1068.627441
-1862.745117
-2549.019775
-2843.137207
-2882.353027
-1823.529418
-1000.000000
-58.823532
764.705871
1568.627441
2333.333496
2764.706054
2617.647216
2137.254882
1382.353027
411.764709
-500.000000
-1254.901977
-2049.019531
-2892.156982
-2735.294189
-2313.725585
-1696.078491
-764.705871
205.882354
1049.019653
1794.117675
2490.196044
2823.529541
2401.960937
1833.333374
1039.215698
9.803922
-735.294128
-1568.627441
-2323.529541
-2901.960937
-2627.450927
-2166.666748
-1372.549072
-372.549041
539.215698
1313.725463
2098.039306
2656.862792
2872.549072
2735.294189
2362.745117
1754.901977
813.725524
-156.862747
-1000.000000
-1735.294189
-2470.588378
-2892.156982
-2500.000000
-2029.411743
-1254.901977
-196.078430
666.666687
1421.568603
2745.098144
2882.353027
2647.058837
2205.882324
1509.803955
578.431396
-392.156860
-2098.039306
-2647.058837
-2901.960937
-2794.117675
-2352.941162
-1774.509887
313.725494
1147.058837
1872.549072
2539.215820
2823.529541
2862.745117
2460.784423
990.196105
9.803922
-745.098083
-1519.607910
-2294.117675
-2754.902099
-2911.764648
-2156.862792
-1392.156860
-411.764709
509.803924
1313.725463
2088.235351
2656.862792
2666.666748
2284.313720
1666.666748
735.294128
-235.294128
-1117.647094
-1862.745117
-2500.000000
-2833.333496
-2901.960937
-2509.803955
-1980.392211
-1196.078491
-137.254898
705.882385
1500.000000
2205.882324
2696.078369
2656.862792
2205.882324
1480.392211
549.019592
-401.960784
-1225.490234
-2009.803955
-2892.156982
-2745.098144
-2362.745117
-1764.705932
-803.921569
186.274520
1039.215698
1784.313720
2450.980468
2803.921630
2460.784423
1892.156860
1117.647094
-941.176513
-1705.882324
-2431.372558
-2794.117675
-2892.156982
-2568.627441
-2098.039306
-186.274520
686.274536
1480.392211
2225.490234
2715.686279
2901.960937
2696.078369
1490.196166
519.607849
-441.176483
-1274.509887
-2019.607910
-2598.039306
-2862.745117
-2333.333496
-1735.294189
-813.725524
196.078430
1019.607849
1764.705932
2460.784423
2803.921630
2882.353027
2519.607910
2039.215698
1264.705932
274.509796
-617.647094
-1401.960815
-2205.882324
-2745.098144
-2901.960937
-2215.686279
-1529.411743
-539.215698
431.372558
1254.901977
1980.392211
2578.431396
2843.137207
2823.529541
2401.960937
852.941162
-127.450981
-1000.000000
-1725.490234
-2833.333496
-2892.156982
-2500.000000
-2058.823486
-1264.705932
-225.490203
1568.627441
2323.529541
2725.490234
2882.353027
2647.058837
2205.882324
1490.196166
-578.431396
-1392.156860
-2176.470703
-2696.078369
-2882.353027
-2715.686279
-2313.725585
-656.862731
352.941192
1186.274536
1911.764770
2539.215820
2833.333496
2872.549072
2441.176513
1852.941162
1068.627441
-1019.607849
-1774.509887
-2490.196044
-2823.529541
-2901.960937
-2529.411865
-2029.411743
-1245.098022
-205.882354
676.470581
2313.725585
2754.902099
2892.156982
2686.274658
2215.686279
1490.196166
539.215698
-1352.941162
-2147.058837
-2686.274658
-2901.960937
-2745.098144
-2333.333496
-1725.490234
362.745117
1196.078491
1960.784301
2558.823486
2872.549072
2872.549072
1764.705932
901.960815
-49.019607
-872.549011
-1647.058837
-2392.156982
-2794.117675
-2588.235351
-2068.627441
-1294.117675
-264.705902
637.254943
1401.960815
2176.470703
2882.353027
2647.058837
2225.490234
1549.019653
607.843139
-352.941192
-1186.274536
-2617.647216
-2892.156982
-2784.313720
-2362.745117
-1774.509887
-882.352966
127.450981
960.784301
1696.078491
2421.568603
2892.156982
2500.000000
2058.823486
1323.529418
294.117645
-617.647094
-1401.960815
-2745.098144
-2892.156982
-2696.078369
-1441.176513
-450.980407
490.196075
1274.509887
2049.019531
2607.843261
2862.745117
2294.117675
1686.274536
764.705871
-186.274520
-1068.627441
-1872.549072
-2529.411865
-2852.941162
-2441.176513
-1823.529418
-1009.803955
0.000000
725.490234
1500.000000
2725.490234
2872.549072
2647.058837
2215.686279
1549.019653
607.843139
-372.549041
-2078.431396
-2637.254882
-2901.960937
-2784.313720
-2362.745117
-1754.901977
294.117645
1147.058837
1872.549072
2519.607910
2813.725585
2852.941162
2441.176513
1000.000000
68.627449
-745.098083
-1539.215698
-2313.725585
-2764.706054
-2911.764648
-2656.862792
-2215.686279
-1470.588256
-509.803924
421.568634
1225.490234
2009.803955
2568.627441
2852.941162
2843.137207
2411.764648
1774.509887
990.196105
9.803922
-735.294128
-2411.764648
-2784.313720
-2882.353027
-2598.039306
-2147.058837
-1411.764770
-411.764709
1441.176513
2205.882324
2705.882324
2872.549072
2676.470703
2274.509765
1637.254882
696.078430
-264.705902
-1137.254882
-2617.647216
-2862.745117
-2813.725585
-2411.764648
-1784.313720
-970.588256
29.411766
1754.901977
2441.176513
2803.921630
2882.353027
2529.411865
2068.627441
1294.117675
284.313720
-607.843139
-1431.372558
-2215.686279
-2715.686279
-2892.156982
-2705.882324
-2254.902099
-1637.254882
-666.666687
333.333343
2039.215698
2578.431396
2833.333496
2843.137207
2392.156982
1794.117675
950.980407
0.000000
-715.686279
-1500.000000
-2215.686279
-2725.490234
-2901.960937
-2715.686279
-2264.705810
-1607.843139
-647.058837
343.137268
2029.411743
2607.843261
2862.745117
2813.725585
2392.156982
1784.313720
941.176513
-1088.235351
-1862.745117
-2529.411865
-2852.941162
-2872.549072
-2470.588378
-1892.156860
19.607843
833.333374
1607.843139
2343.137207
2735.294189
2872.549072
2637.254882
2176.470703
1460.784301
500.000000
-382.352935
-1235.294189
-1990.196166
-2617.647216
-2872.549072
-2843.137207
-2401.960937
-1784.313720
176.470596
1019.607849
1794.117675
2490.196044
2794.117675
2872.549072
2500.000000
2058.823486
1303.921630
313.725494
-598.039245
-1382.353027
-2186.274658
-2725.490234
-2872.549072
-2715.686279
-2313.725585
-1696.078491
411.764709
1205.882324
2000.000000
2529.411865
2833.333496
2862.745117
2460.784423
911.764709
-49.019607
-872.549011
-1637.254882
-2372.549072
-2803.921630
-2882.353027
-2637.254882
-2147.058837
-1421.568603
627.450988
1411.764770
2196.078369
2686.274658
2852.941162
2676.470703
2284.313720
617.647094
-362.745117
-1186.274536
-2647.058837
-2872.549072
-2803.921630
-2362.745117
-1784.313720
-882.352966
107.843139
1852.941162
2500.000000
2803.921630
2862.745117
2509.803955
2029.411743
1235.294189
-813.725524
-1617.647094
-2352.941162
-2784.313720
-2901.960937
-2647.058837
-2166.666748
-323.529418
607.843139
1372.549072
2156.862792
2656.862792
2872.549072
2245.098144
1568.627441
647.058837
-323.529418
-1186.274536
-1950.980468
-2588.235351
-2784.313720
-2372.549072
-1784.313720
-901.960815
88.235298
901.960815
1647.058837
2784.313720
2872.549072
2558.823486
2088.235351
1303.921630
294.117645
-607.843139
-2284.313720
-2754.902099
-2892.156982
-2705.882324
-2215.686279
-1549.019653
-578.431396
1303.921630
2098.039306
2656.862792
2872.549072
2764.706054
2352.941162
725.490234
-245.098037
-1098.039184
-1872.549072
-2539.215820
-2833.333496
-2901.960937
-1803.921630
-1000.000000
-29.411766
794.117675
1549.019653
2313.725585
2725.490234
2598.039306
2107.843261
1392.156860
392.156860
-529.411804
-1323.529418
-2127.450927
-2892.156982
-2705.882324
-2264.705810
-1627.451049
-647.058837
343.137268
1156.862792
1911.764770
2509.803955
2823.529541
2872.549072
2441.176513
1862.745117
1068.627441
39.215686
-764.705871
-1568.627441
-2323.529541
-2892.156982
-2568.627441
-2107.843261
-1352.941162
-323.529418
578.431396
1372.549072
2166.666748
2696.078369
2852.941162
2235.294189
1598.039184
656.862731
-333.333343
-1176.470581
-1950.980468
-2588.235351
-2882.353027
-2882.353027
-2431.372558
-1813.725463
-990.196105
-9.803922
754.901977
1549.019653
2774.509765
2892.156982
2588.235351
2127.450927
1401.960815
431.372558
-509.803924
-2156.862792
-2715.686279
-2892.156982
-2725.490234
-2274.509765
-1676.470581
441.176483
1235.294189
2019.607910
2578.431396
2862.745117
2813.725585
2401.960937
833.333374
-147.058822
-1000.000000
-1725.490234
-2460.784423
-2813.725585
-2901.960937
-1960.784301
-1166.666748
-137.254898
745.098083
1519.607910
2274.509765
2735.294189
2627.450927
2156.862792
1460.784301
470.588256
-470.588256
-1303.921630
-2058.823486
-2921.568603
-2725.490234
-2313.725585
-1715.686279
-774.509826
225.490203
1950.980468
2549.019775
2843.137207
2823.529541
2450.980468
1852.941162
1098.039184
-970.588256
-1745.098022
-2450.980468
-2803.921630
-2911.764648
-2578.431396
-2078.431396
-166.666671
715.686279
1490.196166
2254.902099
2735.294189
2862.745117
2666.666748
2245.098144
1598.039184
647.058837
-323.529418
-1166.666748
-1941.176513
-2549.019775
-2862.745117
-2862.745117
-2460.784423
-1794.117675
137.254898
980.392150
1735.294189
2480.392089
2794.117675
2892.156982
2549.019775
1205.882324
166.666671
-696.078430
-1470.588256
-2245.098144
-2745.098144
-2921.568603
-2196.078369
-1460.784301
-490.196075
470.588256
1264.705932
2049.019531
2862.745117
2705.882324
2303.921630
1725.490234
823.529418
-176.470596
-1039.215698
-2568.627441
-2852.941162
-2911.764648
-2460.784423
-1852.941162
-1049.019653
-29.411766
1735.294189
2441.176513
2794.117675
2872.549072
2558.823486
2058.823486
1333.333374
294.117645
-588.235290
-1392.156860
-2745.098144
-2911.764648
-2686.274658
-1401.960815
-441.176483
509.803924
1303.921630
2078.431396
2637.254882
2852.941162
2303.921630
1676.470581
764.705871
-196.078430
-1088.235351
-1852.941162
-2558.823486
-2852.941162
-2441.176513
-1784.313720
-990.196105
-9.803922
774.509826
1558.823608
2745.098144
2872.549072
2607.843261
2137.254882
1392.156860
431.372558
-480.392150
-2196.078369
-2705.882324
-2892.156982
-2696.078369
-2294.117675
-1676.470581
431.372558
1225.490234
1990.196166
2588.235351
2843.137207
2823.529541
2392.156982
852.941162
-147.058822
-1019.607849
-1774.509887
-2500.000000
-2803.921630
-2911.764648
-2000.000000
-1294.117675
-245.098037
637.254943
1411.764770
2205.882324
2705.882324
2656.862792
2205.882324
1539.215698
588.235290
-372.549041
-1215.686279
-1970.588256
-2901.960937
-2784.313720
-2382.353027
-1764.705932
-872.549011
88.235298
921.568664
1696.078491
2392.156982
2794.117675
2882.353027
2598.039306
2127.450927
1382.353027
392.156860
-519.607849
-1323.529418
-2117.647216
-2882.353027
-2705.882324
-2274.509765
-1666.666748
-686.274536
313.725494
1127.451049
1862.745117
2490.196044
2813.725585
2862.745117
2441.176513
1882.353027
1117.647094
107.843139
-745.098083
-1539.215698
-2294.117675
-2911.764648
-2617.647216
-2137.254882
-1372.549072
-362.745117
578.431396
1343.137329
2715.686279
2872.549072
2676.470703
2264.705810
1676.470581
696.078430
-254.901962
-1990.196166
-2607.843261
-2892.156982
-2833.333496
-2421.568603
-1794.117675
186.274520
1039.215698
1784.313720
2470.588378
2784.313720
2872.549072
2500.000000
1205.882324
156.862747
-686.274536
-1500.000000
-2235.294189
-2735.294189
-2911.764648
-2205.882324
-1480.392211
-509.803924
460.784332
1264.705932
2029.411743
2617.647216
2705.882324
2333.333496
1725.490234
794.117675
-196.078430
-1019.607849
-1803.921630
-2833.333496
-2882.353027
-2460.784423
-1833.333374
-1049.019653
-29.411766
1725.490234
2411.764648
2784.313720
2872.549072
2578.431396
2098.039306
1352.941162
-696.078430
-1470.588256
-2284.313720
-2745.098144
-2892.156982
-2696.078369
-2254.902099
-480.392150
480.392150
1274.509887
2019.607910
2588.235351
2852.941162
2833.333496
2382.353027
1774.509887
941.176513
-39.215686
-892.156860
-1666.666748
-2401.960937
-2794.117675
-2901.960937
-2607.843261
-2156.862792
-254.901962
656.862731
1431.372558
2225.490234
2705.882324
2862.745117
2656.862792
1509.803955
549.019592
-392.156860
-1215.686279
-2000.000000
-2578.431396
-2862.745117
-2392.156982
-1764.705932
-882.352966
98.039215
901.960815
1666.666748
2392.156982
2754.902099
2901.960937
2617.647216
2137.254882
1411.764770
421.568634
-519.607849
-1323.529418
-2098.039306
-2676.470703
-2872.549072
-2323.529541
-1686.274536
-735.294128
284.313720
1127.451049
1862.745117
2500.000000
2794.117675
2882.353027
2480.392089
1980.392211
1215.686279
196.078430
-686.274536
-1460.784301
-2245.098144
-2745.098144
-2901.960937
-2176.470703
-1450.980468
-480.392150
450.980407
1254.901977
2029.411743
2617.647216
2715.686279
2313.725585
1745.098022
833.333374
-156.862747
-1039.215698
-1794.117675
-2852.941162
-2882.353027
-2450.980468
-1862.745117
-1039.215698
-29.411766
1774.509887
2431.372558
2784.313720
2872.549072
2558.823486
2098.039306
1333.333374
-745.098083
-1509.803955
-2284.313720
-2764.706054
-2911.764648
-2656.862792
-2225.490234
-401.960784
529.411804
1303.921630
2088.235351
2627.450927
2843.137207
2784.313720
2382.353027
1754.901977
872.549011
-1088.235351
-1852.941162
-2519.607910
-2852.941162
-2431.372558
-1813.725463
-970.588256
19.607843
833.333374
1598.039184
2774.509765
2862.745117
2598.039306
2107.843261
1362.745117
352.941192
-558.823547
-2235.294189
-2725.490234
-2892.156982
-2676.470703
-2254.902099
-1607.843139
-647.058837
1274.509887
2029.411743
2617.647216
2852.941162
2813.725585
2352.941162
1774.509887
911.764709
-39.215686
-872.549011
-1676.470581
-2411.764648
-2803.921630
-2911.764648
-2617.647216
-2137.254882
-1392.156860
-362.745117
1480.392211
2245.098144
2715.686279
2872.549072
2656.862792
2225.490234
1598.039184
647.058837
-323.529418
-1166.666748
-1941.176513
-2558.823486
-2852.941162
-2872.549072
-2441.176513
-1813.725463
-1000.000000
-58.823532
1705.882324
2441.176513
2843.137207
2882.353027
2549.019775
2088.235351
1352.941162
-705.882385
-1500.000000
-2205.882324
-2725.490234
-2892.156982
-2705.882324
-2274.509765
-549.019592
421.568634
1245.098022
1990.196166
2598.039306
2852.941162
2323.529541
1745.098022
862.745117
-117.647064
-1000.000000
-1715.686279
-2441.176513
-2892.156982
-2519.607910
-1970.588256
-1196.078491
-176.470596
696.078430
1480.392211
2774.509765
2862.745117
2617.647216
2156.862792
1470.588256
490.196075
-460.784332
-2127.450927
-2686.274658
-2882.353027
-2735.294189
-2333.333496
-1666.666748
-735.294128
1235.294189
2000.000000
2558.823486
2843.137207
2862.745117
2411.764648
931.372558
-49.019607
-852.941162
-1627.451049
-2382.353027
-2774.509765
-2911.764648
-2078.431396
-1303.921630
-254.901962
627.450988
1382.353027
2166.666748
2705.882324
2637.254882
2205.882324
1549.019653
588.235290
-362.745117
-1225.490234
-1970.588256
-2901.960937
-2784.313720
-2362.745117
-1764.705932
-882.352966
137.254898
960.784301
1715.686279
2441.176513
2794.117675
2911.764648
2558.823486
2058.823486
1323.529418
313.725494
-598.039245
-1382.353027
-2166.666748
-2901.960937
-2686.274658
-2235.294189
-1558.823608
-588.235290
382.352935
1205.882324
1950.980468
2549.019775
2833.333496
2813.725585
2431.372558
1813.725463
1019.607849
0.000000
-696.078430
-1460.784301
-2254.902099
-2901.960937
-2676.470703
-2205.882324
-1460.784301
-509.803924
460.784332
1264.705932
2676.470703
2882.353027
2705.882324
2313.725585
1735.294189
813.725524
-147.058822
-1872.549072
-2539.215820
-2852.941162
-2882.353027
-2490.196044
-1901.960815
-1088.235351
970.588256
1715.686279
2431.372558
2794.117675
2862.745117
2539.215820
1186.274536
196.078430
-686.274536
-1441.176513
-2245.098144
-2764.706054
-2901.960937
-2186.274658
-1450.980468
-509.803924
490.196075
1254.901977
2029.411743
2617.647216
2715.686279
2303.921630
1715.686279
794.117675
-166.666671
-1039.215698
-1794.117675
-2862.745117
-2872.549072
-2431.372558
-1833.333374
-1068.627441
0.000000
686.274536
1450.980468
2225.490234
2715.686279
2637.254882
2186.274658
1480.392211
-578.431396
-1362.745117
-2156.862792
-2705.882324
-2911.764648
-2715.686279
-2274.509765
-607.843139
382.352935
1225.490234
1990.196166
2598.039306
2833.333496
2843.137207
1764.705932
882.352966
-68.627449
-911.764709
-1666.666748
-2411.764648
-2803.921630
-2892.156982
-2607.843261
-2107.843261
-1362.745117
-333.333343
588.235290
1362.745117
2147.058837
2676.470703
2862.745117
2745.098144
2333.333496
1715.686279
774.509826
-1196.078491
-1950.980468
-2578.431396
-2862.745117
-2872.549072
-2450.980468
-1823.529418
107.843139
980.392150
1735.294189
2411.764648
2803.921630
2852.941162
2588.235351
1225.490234
215.686279
-696.078430
-1450.980468
-2245.098144
-2725.490234
-2911.764648
-2215.686279
-1480.392211
-490.196075
460.784332
1284.313720
2029.411743
2598.039306
2843.137207
2833.333496
2392.156982
803.921569
-166.666671
-1049.019653
-1803.921630
-2500.000000
-2833.333496
-2892.156982
-1931.372558
-1137.254882
-98.039215
725.490234
1500.000000
2205.882324
2705.882324
2862.745117
2696.078369
2274.509765
1656.862792
705.882385
-264.705902
-1137.254882
-1882.353027
-2568.627441
-2852.941162
-2892.156982
-1803.921630
-960.784301
39.215686
852.941162
1627.451049
2362.745117
2774.509765
2549.019775
2078.431396
1313.725463
294.117645
-588.235290
-1382.353027
-2166.666748
-2911.764648
-2686.274658
-2205.882324
-1519.607910
-558.823547
411.764709
2098.039306
2627.450927
2823.529541
2764.706054
2362.745117
1764.705932
882.352966
-1117.647094
-1882.353027
-2529.411865
-2862.745117
-2882.353027
-2460.784423
-1862.745117
88.235298
892.156860
1647.058837
2372.549072
2764.706054
2852.941162
2598.039306
2166.666748
1431.372558
460.784332
-480.392150
-1294.117675
-2078.431396
-2666.666748
-2872.549072
-2784.313720
-2372.549072
-1784.313720
294.117645
1117.647094
1901.960815
2549.019775
2872.549072
2892.156982
2441.176513
980.392150
39.215686
-813.725524
-1588.235351
-2333.333496
-2754.902099
-2901.960937
-2647.058837
-2205.882324
-1460.784301
607.843139
1382.353027
2166.666748
2705.882324
2901.960937
2696.078369
2294.117675
627.450988
-313.725494
-1166.666748
-1950.980468
-2588.235351
-2872.549072
-2872.549072
-1764.705932
-901.960815
68.627449
892.156860
1656.862792
2382.353027
2882.353027
2509.803955
2029.411743
1284.313720
294.117645
-627.450988
-1431.372558
-2745.098144
-2892.156982
-2686.274658
-2225.490234
-1539.215698
-568.627441
401.960784
2078.431396
2676.470703
2872.549072
2764.706054
2343.137207
1754.901977
882.352966
-1117.647094
-1862.745117
-2539.215820
-2852.941162
-2892.156982
-2460.784423
-960.784301
9.803922
784.313720
1558.823608
2313.725585
2745.098144
2882.353027
2676.470703
2215.686279
1509.803955
549.019592
-1303.921630
-2127.450927
-2666.666748
-2872.549072
-2754.902099
-2333.333496
-1735.294189
313.725494
1147.058837
1911.764770
2529.411865
2852.941162
2852.941162
1764.705932
931.372558
-19.607843
-872.549011
-1656.862792
-2421.568603
-2794.117675
-2568.627441
-2068.627441
-1284.313720
-264.705902
627.450988
1392.156860
2176.470703
2882.353027
2686.274658
2225.490234
1558.823608
627.450988
-333.333343
-1205.882324
-2647.058837
-2872.549072
-2823.529541
-2392.156982
-1774.509887
-892.156860
107.843139
941.176513
1705.882324
2411.764648
2764.706054
2872.549072
2578.431396
2107.843261
1343.137329
352.941192
-549.019592
-1343.137329
-2735.294189
-2892.156982
-2676.470703
-2245.098144
-1588.235351
-637.254943
352.941192
1186.274536
1960.784301
2529.411865
2794.117675
2382.353027
1784.313720
-225.490203
-1078.431396
-1862.745117
-2529.411865
-2823.529541
-2901.960937
-2470.588378
-990.196105
-29.411766
843.137268
1578.431396
2323.529541
2754.902099
2862.745117
2088.235351
1303.921630
313.725494
-578.431396
-1372.549072
-2176.470703
-2686.274658
-2696.078369
-2254.902099
-1588.235351
-607.843139
401.960784
1196.078491
1931.372558
2549.019775
2823.529541
2862.745117
2421.568603
1872.549072
1039.215698
-19.607843
-823.529418
-1598.039184
-2372.549072
-2764.706054
-2578.431396
-2098.039306
-1362.745117
-303.921569
588.235290
1372.549072
2147.058837
2666.666748
2852.941162
2696.078369
1607.843139
656.862731
-333.333343
-1176.470581
-2617.647216
-2872.549072
-2784.313720
-2392.156982
-1803.921630
-911.764709
1098.039184
1843.137329
2519.607910
2823.529541
2862.745117
2500.000000
2029.411743
88.235298
-745.098083
-1539.215698
-2284.313720
-2745.098144
-2921.568603
-2676.470703
-1460.784301
-441.176483
490.196075
1303.921630
2068.627441
2617.647216
2843.137207
2764.706054
2372.549072
1764.705932
-235.294128
-1098.039184
-1852.941162
-2862.745117
-2862.745117
-2431.372558
-1843.137329
-980.392150
19.607843
813.725524
2411.764648
2764.706054
2892.156982
2558.823486
2107.843261
1372.549072
392.156860
-1450.980468
-2235.294189
-2735.294189
-2911.764648
-2696.078369
-2264.705810
-1607.843139
480.392150
1284.313720
2049.019531
2607.843261
2862.745117
2784.313720
2392.156982
1794.117675
931.372558
-58.823532
-882.352966
-1676.470581
-2411.764648
-2794.117675
-2892.156982
-2607.843261
-2117.647216
-1352.941162
735.294128
1529.411743
2264.705810
2725.490234
2882.353027
2656.862792
2245.098144
1598.039184
627.450988
-313.725494
-2019.607910
-2617.647216
-2862.745117
-2852.941162
-2401.960937
-1784.313720
-921.568664
1088.235351
1852.941162
2500.000000
2872.549072
2460.784423
1911.764770
1107.843139
107.843139
-774.509826
-1558.823608
-2803.921630
-2911.764648
-2588.235351
-2127.450927
-1362.745117
-362.745117
549.019592
2215.686279
2715.686279
2862.745117
2676.470703
2245.098144
1627.451049
715.686279
-264.705902
-1137.254882
-1892.156860
-2882.353027
-2872.549072
-2411.764648
-843.137268
137.254898
1000.000000
1745.098022
2421.568603
2794.117675
2892.156982
2019.607910
1235.294189
225.490203
-637.254943
-1431.372558
-2225.490234
-2725.490234
-2666.666748
-2205.882324
-1500.000000
-607.843139
382.352935
1205.882324
1990.196166
2852.941162
2745.098144
2343.137207
1774.509887
862.745117
-68.627449
-921.568664
-2500.000000
-2823.529541
-2911.764648
-2568.627441
-2068.627441
-1284.313720
-274.509796
1549.019653
2323.529541
2745.098144
2862.745117
2647.058837
2196.078369
411.764709
-490.196075
-1303.921630
-2088.235351
-2666.666748
-2892.156982
-2764.706054
-1686.274536
-715.686279
274.509796
1107.843139
1872.549072
2529.411865
2843.137207
2411.764648
1862.745117
1009.803955
0.000000
-715.686279
-1490.196166
-2274.509765
-2892.156982
-2647.058837
-2166.666748
-1421.568603
-421.568634
500.000000
1235.294189
2676.470703
2882.353027
2754.902099
2352.941162
1725.490234
823.529418
-147.058822
-1852.941162
-2549.019775
-2843.137207
-2892.156982
-2460.784423
-1941.176513
39.215686
862.745117
1647.058837
2352.941162
2774.509765
2901.960937
2637.254882
1303.921630
303.921569
-588.235290
-1382.353027
-2196.078369
-2725.490234
-2872.549072
-2245.098144
-1568.627441
-578.431396
401.960784
1196.078491
1960.784301
2558.823486
2803.921630
2372.549072
1774.509887
892.156860
-58.823532
-901.960815
-1676.470581
-2813.725585
-2892.156982
-2549.019775
-2049.019531
-1254.901977
-215.686279
1598.039184
2313.725585
2764.706054
2882.353027
2656.862792
2186.274658
1480.392211
-588.235290
-1362.745117
-2166.666748
-2696.078369
-2901.960937
-2725.490234
-2303.921630
-637.254943
343.137268
1176.470581
1941.176513
2558.823486
2872.549072
2882.353027
2421.568603
1901.960815
1049.019653
29.411766
-774.509826
-1558.823608
-2343.137207
-2794.117675
-2901.960937
-2656.862792
-2215.686279
-333.333343
588.235290
1362.745117
2127.450927
2647.058837
2862.745117
2725.490234
1607.843139
656.862731
-323.529418
-1176.470581
-1950.980468
-2558.823486
-2872.549072
-2401.960937
-1813.725463
-931.372558
88.235298
911.764709
1666.666748
2823.529541
2872.549072
2549.019775
2058.823486
1294.117675
274.509796
-607.843139
-2284.313720
-2754.902099
-2892.156982
-2686.274658
-2235.294189
-1549.019653
-568.627441
1333.333374
2117.647216
2666.666748
2872.549072
2725.490234
2343.137207
1735.294189
833.333374
-156.862747
-1039.215698
-1784.313720
-2519.607910
-2833.333496
-2892.156982
-2500.000000
-2068.627441
-1274.509887
-245.098037
1539.215698
2323.529541
2735.294189
2892.156982
2676.470703
2215.686279
1539.215698
-558.823547
-1333.333374
-2147.058837
-2696.078369
-2872.549072
-2735.294189
-2333.333496
-676.470581
323.529418
1166.666748
1911.764770
2519.607910
2833.333496
2401.960937
1803.921630
950.980407
-9.803922
-774.509826
-1588.235351
-2343.137207
-2911.764648
-2588.235351
-2098.039306
-1333.333374
-313.725494
598.039245
1372.549072
2735.294189
2872.549072
2676.470703
2235.294189
1598.039184
656.862731
-313.725494
-2039.215698
-2647.058837
-2892.156982
-2794.117675
-2392.156982
-1794.117675
-901.960815
88.235298
901.960815
1676.470581
2794.117675
2872.549072
2529.411865
1176.470581
137.254898
-715.686279
-1519.607910
-2303.921630
-2764.706054
-2911.764648
-2166.666748
-1411.764770
-421.568634
519.607849
1303.921630
2088.235351
2637.254882
2696.078369
2284.313720
1676.470581
754.901977
-205.882354
-1078.431396
-1852.941162
-2872.549072
-2882.353027
-2431.372558
-1833.333374
-990.196105
-9.803922
774.509826
1539.215698
2313.725585
2774.509765
2607.843261
2137.254882
1392.156860
-666.666687
-1441.176513
-2245.098144
-2754.902099
-2901.960937
-2705.882324
-2264.705810
-529.411804
431.372558
1254.901977
2009.803955
2568.627441
2833.333496
2823.529541
1754.901977
843.137268
-127.450981
-1009.803955
-1784.313720
-2480.392089
-2823.529541
-2480.392089
-1960.784301
-1137.254882
-107.843139
774.509826
1549.019653
2284.313720
2735.294189
2872.549072
2656.862792
2205.882324
1549.019653
568.627441
-401.960784
-1215.686279
-1970.588256
-2617.647216
-2872.549072
-2362.745117
-1725.490234
-833.333374
166.666671
1000.000000
1725.490234
2441.176513
2862.745117
2480.392089
2000.000000
1264.705932
264.705902
-617.647094
-1421.568603
-2754.902099
-2911.764648
-2686.274658
-2254.902099
-1539.215698
-578.431396
1323.529418
2127.450927
2676.470703
2882.353027
2725.490234
2323.529541
1725.490234
-303.921569
-1156.862792
-1950.980468
-2578.431396
-2843.137207
-2862.745117
-2450.980468
-941.176513
78.431373
892.156860
1656.862792
2382.353027
2764.706054
2901.960937
2068.627441
1303.921630
313.725494
-588.235290
-1382.353027
-2166.666748
-2696.078369
-2696.078369
-2254.902099
-1568.627441
-588.235290
372.549041
1186.274536
2617.647216
2872.549072
2794.117675
2372.549072
1774.509887
911.764709
-49.019607
-1774.509887
-2490.196044
-2843.137207
-2901.960937
-2549.019775
-2058.823486
-1274.509887
784.313720
1539.215698
2323.529541
2764.706054
2882.353027
2637.254882
2196.078369
411.764709
-490.196075
-1303.921630
-2088.235351
-2676.470703
-2892.156982
-2784.313720
-1656.862792
-735.294128
274.509796
1127.451049
1872.549072
2519.607910
2823.529541
2411.764648
1862.745117
1039.215698
0.000000
-705.882385
-1480.392211
-2774.509765
-2882.353027
-2656.862792
-2196.078369
-1460.784301
-441.176483
519.607849
2147.058837
2705.882324
2892.156982
2715.686279
2313.725585
1686.274536
794.117675
-1196.078491
-1970.588256
-2578.431396
-2852.941162
-2862.745117
-2441.176513
-1852.941162
156.862747
1000.000000
1735.294189
2431.372558
2813.725585
2911.764648
1990.196166
1205.882324
176.470596
-686.274536
-1460.784301
-2254.902099
-2735.294189
-2892.156982
-2676.470703
-2254.902099
-1578.431396
500.000000
1235.294189
2019.607910
2578.431396
2862.745117
2852.941162
1705.882324
803.921569
-166.666671
-1019.607849
-1803.921630
-2500.000000
-2813.725585
-2470.588378
-1960.784301
-1127.451049
-98.039215
705.882385
1480.392211
2245.098144
2901.960937
2617.647216
2176.470703
1460.784301
480.392150
-460.784332
-1264.705932
-2696.078369
-2901.960937
-2715.686279
-2323.529541
-1696.078491
-764.705871
215.686279
1088.235351
1823.529418
2500.000000
2794.117675
2872.549072
2519.607910
2058.823486
1284.313720
294.117645
-637.254943
-1441.176513
-2764.706054
-2901.960937
-2696.078369
-2215.686279
-1529.411743
-539.215698
441.176483
2098.039306
2647.058837
2862.745117
2745.098144
2343.137207
1735.294189
872.549011
-98.039215
-931.372558
-1715.686279
-2823.529541
-2921.568603
-2519.607910
-1078.431396
-58.823532
794.117675
1568.627441
2343.137207
2745.098144
2882.353027
2117.647216
1401.960815
411.764709
-529.411804
-1303.921630
-2098.039306
-2676.470703
-2705.882324
-2264.705810
-1637.254882
-715.686279
294.117645
1127.451049
1882.353027
2843.137207
2833.333496
2411.764648
1843.137329
980.392150
19.607843
-794.117675
-2441.176513
-2803.921630
-2901.960937
-2607.843261
-2098.039306
-1343.137329
735.294128
1500.000000
2205.882324
2715.686279
2882.353027
2676.470703
2264.705810
588.235290
-372.549041
-1205.882324
-1970.588256
-2598.039306
-2872.549072
-2862.745117
-1754.901977
-862.745117
137.254898
980.392150
1705.882324
2441.176513
2813.725585
2882.353027
2549.019775
2068.627441
166.666671
-696.078430
-1490.196166
-2254.902099
-2764.706054
-2892.156982
-2705.882324
-1431.372558
-450.980407
500.000000
1225.490234
1980.392211
2588.235351
2843.137207
2333.333496
1705.882324
843.137268
-137.254898
-1009.803955
-1784.313720
-2500.000000
-2901.960937
-2490.196044
-1990.196166
-1186.274536
-147.058822
745.098083
1480.392211
2245.098144
2735.294189
2892.156982
2176.470703
1450.980468
480.392150
-470.588256
-1264.705932
-2068.627441
-2617.647216
-2715.686279
-2323.529541
-1686.274536
-725.490234
235.294128
1088.235351
1823.529418
2500.000000
2803.921630
2872.549072
2500.000000
2088.235351
1343.137329
284.313720
-588.235290
-1382.353027
-2186.274658
-2715.686279
-2696.078369
-2205.882324
-1549.019653
-568.627441
411.764709
1215.686279
1980.392211
2568.627441
2852.941162
2843.137207
2411.764648
1843.137329
990.196105
0.000000
-666.666687
-1450.980468
-2274.509765
-2764.706054
-2656.862792
-2196.078369
-1480.392211
-490.196075
480.392150
1264.705932
2029.411743
2872.549072
2745.098144
2323.529541
1696.078491
794.117675
-166.666671
-1039.215698
-2549.019775
-2843.137207
-2872.549072
-2450.980468
-1911.764770
-1088.235351
-29.411766
1686.274536
2431.372558
2794.117675
2911.764648
2568.627441
2098.039306
215.686279
-676.470581
-1450.980468
-2245.098144
-2735.294189
-2892.156982
-2676.470703
-1490.196166
-500.000000
421.568634
1215.686279
1990.196166
2558.823486
2852.941162
2362.745117
1715.686279
833.333374
-137.254898
-1019.607849
-1774.509887
-2500.000000
-2901.960937
-2490.196044
-2019.607910
-1196.078491
-166.666671
725.490234
1500.000000
2196.078369
2705.882324
2843.137207
2696.078369
2254.902099
1647.058837
745.098083
-215.686279
-1078.431396
-1872.549072
-2539.215820
-2882.353027
-2441.176513
-1852.941162
-980.392150
9.803922
754.901977
1519.607910
2764.706054
2911.764648
2627.450927
2137.254882
1431.372558
460.784332
-490.196075
-2147.058837
-2696.078369
-2901.960937
-2745.098144
-2323.529541
-1686.274536
-794.117675
205.882354
1068.627441
1813.725463
2490.196044
2823.529541
2862.745117
2500.000000
2019.607910
1264.705932
245.098037
-617.647094
-2294.117675
-2754.902099
-2911.764648
-2686.274658
-2205.882324
-1529.411743
-549.019592
1323.529418
2117.647216
2656.862792
2872.549072
2715.686279
2333.333496
647.058837
-303.921569
-1156.862792
-1931.372558
-2578.431396
-2872.549072
-2882.353027
-1803.921630
-901.960815
88.235298
901.960815
1647.058837
2382.353027
2764.706054
2549.019775
2049.019531
1323.529418
264.705902
-598.039245
-1392.156860
-2186.274658
-2901.960937
-2696.078369
-2215.686279
-1549.019653
-568.627441
372.549041
1225.490234
1960.784301
2558.823486
2843.137207
2852.941162
2421.568603
1882.353027
1029.411743
19.607843
-813.725524
-1588.235351
-2343.137207
-2921.568603
-2588.235351
-2098.039306
-1343.137329
-284.313720
617.647094
1362.745117
2735.294189
2862.745117
2666.666748
2235.294189
1558.823608
647.058837
-333.333343
-2058.823486
-2637.254882
-2882.353027
-2852.941162
-2372.549072
-1794.117675
254.901962
1088.235351
1862.745117
2509.803955
2803.921630
2862.745117
2460.784423
1019.607849
-9.803922
-764.705871
-1549.019653
-2313.725585
-2784.313720
-2892.156982
-2127.450927
-1372.549072
-352.941192
568.627441
1333.333374
2166.666748
2686.274658
2872.549072
2705.882324
2303.921630
1715.686279
813.725524
-176.470596
-1039.215698
-1833.333374
-2500.000000
-2803.921630
-2901.960937
-1970.588256
-1137.254882
-107.843139
754.901977
1539.215698
2284.313720
2745.098144
2598.039306
2147.058837
1441.176513
441.176483
-500.000000
-1245.098022
-2029.411743
-2901.960937
-2725.490234
-2343.137207
-1725.490234
-764.705871
176.470596
1019.607849
1813.725463
2470.588378
2803.921630
2872.549072
2509.803955
2019.607910
1245.098022
245.098037
-617.647094
-1411.764770
-2235.294189
-2901.960937
-2676.470703
-2225.490234
-1539.215698
-539.215698
431.372558
1245.098022
2009.803955
2588.235351
2852.941162
2823.529541
2411.764648
1823.529418
980.392150
0.000000
-705.882385
-1490.196166
-2294.117675
-2892.156982
-2637.254882
-2166.666748
-1411.764770
-421.568634
509.803924
1313.725463
2078.431396
2666.666748
2862.745117
2274.509765
1637.254882
715.686279
-235.294128
-1107.843139
-1892.156860
-2549.019775
-2843.137207
-2441.176513
-1843.137329
-980.392150
9.803922
784.313720
1549.019653
2794.117675
2872.549072
2617.647216
2147.058837
1421.568603
431.372558
-500.000000
-2137.254882
-2686.274658
-2882.353027
-2735.294189
-2323.529541
-1705.882324
-764.705871
1205.882324
1980.392211
2558.823486
2852.941162
2823.529541
2431.372558
862.745117
-107.843139
-990.196105
-1745.098022
-2450.980468
-2813.725585
-2872.549072
-1990.196166
-1156.862792
-107.843139
745.098083
1519.607910
2264.705810
2705.882324
2637.254882
2166.666748
1431.372558
441.176483
-490.196075
-1294.117675
-2078.431396
-2666.666748
-2901.960937
-2784.313720
-2362.745117
-1745.098022
-843.137268
156.862747
1019.607849
1774.509887
2470.588378
2794.117675
2470.588378
1941.176513
1147.058837
137.254898
-745.098083
-1509.803955
-2264.705810
-2901.960937
-2637.254882
-2166.666748
-1431.372558
-421.568634
519.607849
1303.921630
2088.235351
2666.666748
2852.941162
2745.098144
2333.333496
1735.294189
852.941162
-137.254898
-990.196105
-1754.901977
-2470.588378
-2921.568603
-2470.588378
-1970.588256
-1147.058837
-98.039215
735.294128
1509.803955
2254.902099
2735.294189
2892.156982
2666.666748
2245.098144
1578.431396
637.254943
-323.529418
-1176.470581
-1950.980468
-2588.235351
-2803.921630
-2392.156982
-1774.509887
-901.960815
68.627449
882.352966
1666.666748
2803.921630
2862.745117
2529.411865
2049.019531
1284.313720
254.901962
-617.647094
-2264.705810
-2764.706054
-2892.156982
-2676.470703
-2245.098144
-1558.823608
529.411804
1294.117675
2088.235351
2656.862792
2862.745117
2754.902099
2372.549072
735.294128
-235.294128
-1088.235351
-1862.745117
-2529.411865
-2843.137207
-2901.960937
-1843.137329
-980.392150
0.000000
715.686279
1470.588256
2264.705810
2715.686279
2862.745117
2676.470703
2245.098144
539.215698
-411.764709
-1245.098022
-2000.000000
-2558.823486
-2872.549072
-2862.745117
-1784.313720
-882.352966
88.235298
892.156860
1656.862792
2382.353027
2794.117675
2500.000000
2088.235351
1352.941162
343.137268
-568.627441
-1372.549072
-2166.666748
-2911.764648
-2696.078369
-2245.098144
-1568.627441
-578.431396
382.352935
1186.274536
2647.058837
2872.549072
2803.921630
2372.549072
1774.509887
921.568664
-58.823532
-1803.921630
-2480.392089
-2823.529541
-2901.960937
-2529.411865
-2039.215698
-78.431373
754.901977
1529.411743
2284.313720
2725.490234
2892.156982
2686.274658
1421.568603
431.372558
-500.000000
-1254.901977
-2019.607910
-2607.843261
-2892.156982
-2352.941162
-1715.686279
-784.313720
186.274520
1029.411743
1784.313720
2490.196044
2882.353027
2450.980468
1901.960815
1088.235351
58.823532
-735.294128
-1529.411743
-2774.509765
-2892.156982
-2647.058837
-2156.862792
-1411.764770
-382.352935
1441.176513
2196.078369
2715.686279
2882.353027
2686.274658
2254.902099
1617.647094
-450.980407
-1274.509887
-2029.411743
-2617.647216
-2872.549072
-2823.529541
-2421.568603
-813.725524
186.274520
1019.607849
1813.725463
2500.000000
2803.921630
2882.353027
1970.588256
1166.666748
156.862747
-725.490234
-1519.607910
-2274.509765
-2754.902099
-2882.353027
-2705.882324
-2245.098144
-450.980407
480.392150
1284.313720
2029.411743
2627.450927
2872.549072
2813.725585
1696.078491
794.117675
-156.862747
-1039.215698
-1823.529418
-2500.000000
-2823.529541
-2921.568603
-2539.215820
-2039.215698
-98.039215
745.098083
1519.607910
2274.509765
2725.490234
2872.549072
2696.078369
1490.196166
480.392150
-450.980407
-1274.509887
-2039.215698
-2637.254882
-2892.156982
-2823.529541
-2411.764648
-1784.313720
-901.960815
78.431373
901.960815
1676.470581
2392.156982
2794.117675
2892.156982
2598.039306
1264.705932
264.705902
-598.039245
-1401.960815
-2196.078369
-2715.686279
-2901.960937
-2235.294189
-1519.607910
-568.627441
401.960784
1205.882324
1980.392211
2578.431396
2862.745117
2852.941162
2421.568603
1823.529418
980.392150
9.803922
-754.901977
-1539.215698
-2313.725585
-2764.706054
-2901.960937
-2156.862792
-1401.960815
-401.960784
539.215698
1343.137329
2117.647216
2647.058837
2705.882324
2284.313720
1656.862792
725.490234
-235.294128
-1107.843139
-1882.353027
-2558.823486
-2843.137207
-2892.156982
-2470.588378
-1911.764770
-1088.235351
-29.411766
803.921569
1539.215698
2313.725585
2754.902099
2568.627441
2117.647216
1392.156860
401.960784
-519.607849
-1333.333374
-2098.039306
-2911.764648
-2705.882324
-2274.509765
-1637.254882
-705.882385
303.921569
1137.254882
1882.353027
2529.411865
2833.333496
2401.960937
1813.725463
970.588256
-19.607843
-843.137268
-1637.254882
-2352.941162
-2921.568603
-2578.431396
-2078.431396
-1303.921630
-264.705902
617.647094
1362.745117
2166.666748
2705.882324
2892.156982
2705.882324
2294.117675
1656.862792
715.686279
-235.294128
-1107.843139
-1901.960815
-2539.215820
-2862.745117
-2450.980468
-1852.941162
-941.176513
39.215686
823.529418
1578.431396
2323.529541
2745.098144
2882.353027
2098.039306
1362.745117
352.941192
-1480.392211
-2274.509765
-2735.294189
-2911.764648
-2686.274658
-2245.098144
-1568.627441
490.196075
1303.921630
2117.647216
2637.254882
2882.353027
2784.313720
2372.549072
774.509826
-205.882354
-1088.235351
-1862.745117
-2519.607910
-2833.333496
-2882.353027
-1892.156860
-1009.803955
9.803922
784.313720
1539.215698
2284.313720
2735.294189
2862.745117
2666.666748
2205.882324
1509.803955
568.627441
-392.156860
-1235.294189
-2009.803955
-2598.039306
-2901.960937
-2852.941162
-1735.294189
-852.941162
137.254898
1009.803955
1774.509887
2480.392089
2764.706054
2480.392089
1990.196166
1166.666748
166.666671
-735.294128
-1529.411743
-2303.921630
-2892.156982
-2637.254882
-2176.470703
-1441.176513
-401.960784
539.215698
2176.470703
2715.686279
2872.549072
2696.078369
2303.921630
1686.274536
754.901977
-1225.490234
-2019.607910
-2607.843261
-2872.549072
-2852.941162
-2441.176513
-1833.333374
186.274520
1039.215698
1794.117675
2480.392089
2813.725585
2911.764648
2500.000000
2078.431396
1294.117675
274.509796
-1519.607910
-2294.117675
-2764.706054
-2637.254882
-2156.862792
-1421.568603
-401.960784
529.411804
1313.725463
2098.039306
2892.156982
2696.078369
2294.117675
1637.254882
735.294128
-235.294128
-1098.039184
-2588.235351
-2862.745117
-2833.333496
-2431.372558
-1833.333374
-960.784301
0.000000
1656.862792
2352.941162
2784.313720
2872.549072
2617.647216
2147.058837
1431.372558
431.372558
-509.803924
-1313.725463
-2725.490234
-2901.960937
-2705.882324
-1549.019653
-588.235290
401.960784
1205.882324
1970.588256
2568.627441
2852.941162
2372.549072
1754.901977
892.156860
-78.431373
-901.960815
-1686.274536
-2421.568603
-2892.156982
-2509.803955
-2039.215698
-1225.490234
-176.470596
686.274536
1441.176513
2754.902099
2892.156982
2656.862792
2186.274658
1480.392211
519.607849
-421.568634
-2117.647216
-2686.274658
-2872.549072
-2745.098144
-2323.529541
-1715.686279
362.745117
1186.274536
1941.176513
2549.019775
2862.745117
2872.549072
2421.568603
892.156860
-68.627449
-901.960815
-1666.666748
-2431.372558
-2803.921630
-2911.764648
-2049.019531
-1264.705932
-245.098037
637.254943
1421.568603
2196.078369
2705.882324
2676.470703
2225.490234
1568.627441
588.235290
-362.745117
-1196.078491
-1990.196166
-2872.549072
-2794.117675
-2372.549072
-1764.705932
-852.941162
147.058822
1852.941162
2490.196044
2833.333496
2901.960937
2480.392089
1970.588256
1166.666748
-882.352966
-1666.666748
-2401.960937
-2803.921630
-2882.353027
-2607.843261
-2156.862792
-225.490203
666.666687
1411.764770
2215.686279
2715.686279
2872.549072
2686.274658
2274.509765
1647.058837
725.490234
-1235.294189
-2009.803955
-2598.039306
-2862.745117
-2843.137207
-2411.764648
-1852.941162
-970.588256
19.607843
833.333374
1627.451049
2362.745117
2745.098144
2843.137207
2627.450927
1372.549072
362.745117
-568.627441
-1362.745117
-2166.666748
-2715.686279
-2882.353027
-2264.705810
-1598.039184
-647.058837
352.941192
1196.078491
1950.980468
2862.745117
2803.921630
2411.764648
1803.921630
941.176513
-19.607843
-852.941162
-2470.588378
-2813.725585
-2921.568603
-2549.019775
-2078.431396
-1284.313720
-254.901962
1549.019653
2294.117675
2754.902099
2882.353027
2666.666748
2196.078369
1519.607910
-529.411804
-1333.333374
-2156.862792
-2696.078369
-2882.353027
-2715.686279
-2333.333496
-656.862731
343.137268
1166.666748
1921.568603
2529.411865
2843.137207
2372.549072
1784.313720
921.568664
-39.215686
-862.745117
-1656.862792
-2411.764648
-2911.764648
-2539.215820
-2058.823486
-1254.901977
-254.901962
647.058837
1421.568603
2715.686279
2892.156982
2676.470703
2225.490234
1558.823608
607.843139
-362.745117
-2078.431396
-2656.862792
-2872.549072
-2784.313720
-2362.745117
-1784.313720
-852.941162
156.862747
1009.803955
1745.098022
2441.176513
2794.117675
2862.745117
2500.000000
2088.235351
1352.941162
352.941192
-568.627441
-2225.490234
-2754.902099
-2901.960937
-2696.078369
-2245.098144
-1607.843139
-647.058837
1274.509887
2049.019531
2617.647216
2862.745117
2764.706054
2362.745117
784.313720
-196.078430
-1029.411743
-1852.941162
-2529.411865
-2852.941162
-2901.960937
-1882.353027
-1039.215698
19.607843
823.529418
1617.647094
2313.725585
2754.902099
2588.235351
2098.039306
1362.745117
352.941192
-549.019592
-1343.137329
-2156.862792
-2882.353027
-2686.274658
-2274.509765
-1598.039184
-666.666687
343.137268
1186.274536
1941.176513
2549.019775
2823.529541
2362.745117
1774.509887
921.568664
-1088.235351
-1872.549072
-2509.803955
-2852.941162
-2901.960937
-2460.784423
-1960.784301
9.803922
784.313720
1578.431396
2303.921630
2725.490234
2882.353027
2656.862792
1382.353027
401.960784
-509.803924
-1303.921630
-2107.843261
-2676.470703
-2892.156982
-2284.313720
-1637.254882
-725.490234
284.313720
1156.862792
1892.156860
2509.803955
2833.333496
2872.549072
2470.588378
1941.176513
1147.058837
107.843139
-745.098083
-1529.411743
-2303.921630
-2754.902099
-2882.353027
-2156.862792
-1421.568603
-401.960784
519.607849
1323.529418
2078.431396
2627.450927
2862.745117
2764.706054
2352.941162
745.098083
-215.686279
-1078.431396
-1833.333374
-2529.411865
-2862.745117
-2901.960937
-2470.588378
-1941.176513
-1098.039184
-88.235298
745.098083
1519.607910
2264.705810
2754.902099
2647.058837
2166.666748
1470.588256
460.784332
-470.588256
-1274.509887
-2078.431396
-2901.960937
-2735.294189
-2323.529541
-1676.470581
-745.098083
205.882354
1950.980468
2549.019775
2872.549072
2862.745117
2450.980468
1892.156860
1098.039184
-970.588256
-1735.294189
-2450.980468
-2823.529541
-2901.960937
-2568.627441
-2078.431396
-156.862747
725.490234
1490.196166
2274.509765
2735.294189
2872.549072
2666.666748
2235.294189
1578.431396
617.647094
-343.137268
-1186.274536
-1960.784301
-2588.235351
-2852.941162
-2892.156982
-2441.176513
-1882.353027
127.450981
990.196105
1705.882324
2441.176513
2794.117675
2892.156982
2558.823486
1166.666748
147.058822
-705.882385
-1490.196166
-2294.117675
-2735.294189
-2892.156982
-2166.666748
-1441.176513
-431.372558
500.000000
1254.901977
2019.607910
2882.353027
2735.294189
2323.529541
1705.882324
794.117675
-166.666671
-1019.607849
-2549.019775
-2843.137207
-2882.353027
-2450.980468
-1911.764770
-1088.235351
-29.411766
1715.686279
2441.176513
2794.117675
2872.549072
2558.823486
2068.627441
1313.725463
303.921569
-607.843139
-1392.156860
-2176.470703
-2715.686279
-2892.156982
-2715.686279
-2294.117675
-1647.058837
-696.078430
274.509796
1980.392211
2578.431396
2872.549072
2852.941162
2431.372558
1852.941162
990.196105
-1009.803955
-1784.313720
-2480.392089
-2823.529541
-2882.353027
-2500.000000
-2058.823486
-156.862747
715.686279
1490.196166
2284.313720
2725.490234
2892.156982
2137.254882
1431.372558
450.980407
-470.588256
-1294.117675
-2088.235351
-2666.666748
-2715.686279
-2313.725585
-1637.254882
-686.274536
284.313720
1117.647094
1862.745117
2843.137207
2852.941162
2411.764648
1823.529418
980.392150
19.607843
-794.117675
-2411.764648
-2784.313720
-2901.960937
-2598.039306
-2127.450927
-1343.137329
715.686279
1470.588256
2225.490234
2715.686279
2872.549072
2676.470703
2225.490234
500.000000
-392.156860
-1225.490234
-1990.196166
-2607.843261
-2843.137207
-2843.137207
-1754.901977
-833.333374
166.666671
1000.000000
1705.882324
2411.764648
2774.509765
2490.196044
2000.000000
1274.509887
264.705902
-617.647094
-1401.960815
-2196.078369
-2892.156982
-2676.470703
-2225.490234
-1539.215698
-558.823547
401.960784
1215.686279
1941.176513
2529.411865
2843.137207
2852.941162
2441.176513
1833.333374
970.588256
-9.803922
-794.117675
-1568.627441
-2352.941162
-2911.764648
-2588.235351
-2078.431396
-1303.921630
-294.117645
598.039245
1372.549072
2725.490234
2872.549072
2666.666748
2235.294189
1558.823608
607.843139
-343.137268
-2039.215698
-2656.862792
-2892.156982
-2764.706054
-2382.353027
-1764.705932
284.313720
1127.451049
1901.960815
2519.607910
2823.529541
2862.745117
2480.392089
1019.607849
-9.803922
-784.313720
-1568.627441
-2333.333496
-2754.902099
-2921.568603
-2147.058837
-1382.353027
-372.549041
558.823547
1352.941162
2156.862792
2676.470703
2843.137207
2715.686279
2303.921630
686.274536
-294.117645
-1156.862792
-1911.764770
-2558.823486
-2862.745117
-2882.353027
-2490.196044
-1892.156860
-1068.627441
-29.411766
813.725524
1578.431396
2303.921630
2794.117675
2549.019775
2107.843261
1343.137329
362.745117
-568.627441
-1362.745117
-2156.862792
-2901.960937
-2705.882324
-2245.098144
-1588.235351
-627.450988
352.941192
2078.431396
2617.647216
2852.941162
2774.509765
2352.941162
1794.117675
901.960815
-1107.843139
-1882.353027
-2549.019775
-2862.745117
-2892.156982
-2500.000000
-1970.588256
-39.215686
794.117675
1588.235351
2343.137207
2754.902099
2872.549072
2637.254882
2186.274658
1509.803955
539.215698
-411.764709
-1235.294189
-2009.803955
-2598.039306
-2882.353027
-2872.549072
-2431.372558
-1833.333374
186.274520
1049.019653
1803.921630
2480.392089
2843.137207
2892.156982
2500.000000
1176.470581
166.666671
-696.078430
-1480.392211
-2264.705810
-2745.098144
-2892.156982
-2186.274658
-1480.392211
-450.980407
470.588256
1274.509887
2058.823486
2892.156982
2725.490234
2313.725585
1676.470581
784.313720
-176.470596
-1049.019653
-2578.431396
-2862.745117
-2882.353027
-2450.980468
-1921.568603
-1078.431396
-29.411766
1745.098022
2441.176513
2803.921630
2882.353027
2558.823486
2088.235351
1323.529418
-715.686279
-1529.411743
-2284.313720
-2754.902099
-2901.960937
-2686.274658
-2225.490234
-1519.607910
-539.215698
431.372558
2107.843261
2656.862792
2872.549072
2264.705810
1647.058837
725.490234
-225.490203
-1078.431396
-1852.941162
-2529.411865
-2862.745117
-2421.568603
-1833.333374
-970.588256
0.000000
696.078430
1450.980468
2745.098144
2892.156982
2666.666748
2196.078369
1460.784301
519.607849
-421.568634
-2117.647216
-2676.470703
-2872.549072
-2745.098144
-2343.137207
-1715.686279
-784.313720
1166.666748
1960.784301
2558.823486
2852.941162
2862.745117
2411.764648
901.960815
-58.823532
-882.352966
-1676.470581
-2431.372558
-2784.313720
-2901.960937
-2039.215698
-1235.294189
-225.490203
647.058837
1431.372558
2186.274658
2715.686279
2656.862792
2205.882324
1519.607910
549.019592
-392.156860
-1215.686279
-1980.392211
-2882.353027
-2784.313720
-2372.549072
-1745.098022
-852.941162
147.058822
980.392150
1735.294189
2431.372558
2803.921630
2911.764648
2558.823486
2088.235351
1313.725463
313.725494
-617.647094
-1392.156860
-2176.470703
-2901.960937
-2676.470703
-2245.098144
-1568.627441
-598.039245
382.352935
1196.078491
1950.980468
2558.823486
2852.941162
2843.137207
2431.372558
1872.549072
1039.215698
29.411766
-803.921569
-1598.039184
-2352.941162
-2911.764648
-2578.431396
-2078.431396
-1323.529418
-303.921569
598.039245
1382.353027
2725.490234
2872.549072
2676.470703
2245.098144
1588.235351
637.254943
-313.725494
-2029.411743
-2647.058837
-2892.156982
-2813.725585
-2362.745117
-1774.509887
264.705902
1117.647094
1872.549072
2509.803955
2823.529541
2862.745117
2460.784423
1039.215698
-9.803922
-794.117675
-1578.431396
-2343.137207
-2774.509765
-2921.568603
-2107.843261
-1343.137329
-323.529418
617.647094
1382.353027
2156.862792
2686.274658
2676.470703
2245.098144
1617.647094
656.862731
-303.921569
-1186.274536
-1950.980468
-2882.353027
-2823.529541
-2411.764648
-1784.313720
-921.568664
78.431373
1784.313720
2450.980468
2803.921630
2872.549072
2519.607910
2049.019531
1274.509887
254.901962
-607.843139
-1392.156860
-2186.274658
-2901.960937
-2676.470703
-2215.686279
-1539.215698
-568.627441
401.960784
2078.431396
2637.254882
2872.549072
2754.902099
2343.137207
1745.098022
892.156860
-1098.039184
-1892.156860
-2539.215820
-2862.745117
-2911.764648
-2470.588378
-1941.176513
58.823532
862.745117
1647.058837
2362.745117
2754.902099
2862.745117
2627.450927
2176.470703
1480.392211
490.196075
-1382.353027
-2156.862792
-2705.882324
-2911.764648
-2715.686279
-2313.725585
-1666.666748
421.568634
1245.098022
2000.000000
2549.019775
2833.333496
2862.745117
2421.568603
1901.960815
1078.431396
29.411766
-784.313720
-1578.431396
-2343.137207
-2784.313720
-2911.764648
-2656.862792
-2186.274658
-1450.980468
598.039245
1392.156860
2176.470703
2705.882324
2882.353027
2725.490234
2284.313720
647.058837
-323.529418
-1166.666748
-1941.176513
-2607.843261
-2882.353027
-2862.745117
-2450.980468
-1843.137329
-1009.803955
29.411766
852.941162
1627.451049
2352.941162
2784.313720
2872.549072
2627.450927
2196.078369
333.333343
-568.627441
-1372.549072
-2166.666748
-2715.686279
-2882.353027
-2715.686279
-1568.627441
-578.431396
401.960784
1196.078491
1941.176513
2578.431396
2852.941162
2872.549072
2441.176513
1872.549072
-107.843139
-980.392150
-1745.098022
-2470.588378
-2833.333496
-2921.568603
-2568.627441
-1186.274536
-147.058822
735.294128
1480.392211
2245.098144
2754.902099
2647.058837
2176.470703
1470.588256
490.196075
-450.980407
-1254.901977
-2049.019531
-2872.549072
-2754.902099
-2343.137207
-1735.294189
-813.725524
166.666671
1039.215698
1794.117675
2480.392089
2813.725585
2470.588378
1931.372558
1117.647094
78.431373
-745.098083
-1500.000000
-2235.294189
-2901.960937
-2647.058837
-2215.686279
-1490.196166
-500.000000
382.352935
1196.078491
2627.450927
2843.137207
2794.117675
2362.745117
1764.705932
901.960815
-68.627449
-1794.117675
-2500.000000
-2823.529541
-2901.960937
-2568.627441
-2068.627441
-1264.705932
-254.901962
637.254943
1431.372558
2745.098144
2862.745117
2666.666748
2205.882324
1500.000000
607.843139
-352.941192
