-2068.627441
-2656.862792
-2901.960937
-2823.529541
-2392.156982
-1774.509887
-892.156860
1107.843139
1872.549072
2539.215820
2843.137207
2862.745117
2470.588378
1950.980468
1166.666748
127.450981
-725.490234
-1500.000000
-2245.098144
-2745.098144
-2892.156982
-2705.882324
-2264.705810
-1617.647094
-686.274536
1264.705932
2049.019531
2617.647216
2872.549072
2794.117675
2392.156982
1774.509887
911.764709
-58.823532
-872.549011
-2490.196044
-2803.921630
-2892.156982
-2558.823486
-1166.666748
-107.843139
764.705871
1519.607910
2274.509765
2735.294189
2862.745117
2666.666748
2215.686279
1558.823608
-509.803924
-1333.333374
-2137.254882
-2666.666748
-2892.156982
-2745.098144
-1607.843139
-656.862731
333.333343
1166.666748
1892.156860
2500.000000
2813.725585
2431.372558
1872.549072
1058.823608
39.215686
-774.509826
-1588.235351
-2343.137207
-2892.156982
-2588.235351
-2117.647216
-1333.333374
-303.921569
598.039245
1372.549072
2127.450927
2666.666748
2872.549072
2245.098144
1588.235351
647.058837
-294.117645
-1186.274536
-1950.980468
-2568.627441
-2803.921630
-2372.549072
-1794.117675
-921.568664
98.039215
921.568664
1686.274536
2803.921630
2843.137207
2549.019775
2058.823486
1264.705932
264.705902
-607.843139
-2284.313720
-2764.706054
-2921.568603
-2666.666748
-2225.490234
-1558.823608
-588.235290
392.156860
1205.882324
1990.196166
2843.137207
2774.509765
2362.745117
1764.705932
892.156860
-78.431373
-901.960815
-1686.274536
-2411.764648
-2794.117675
-2519.607910
-2000.000000
-1284.313720
-264.705902
627.450988
1411.764770
2166.666748
2882.353027
2647.058837
2196.078369
1558.823608
598.039245
-352.941192
-1196.078491
-2617.647216
-2882.353027
-2813.725585
-2372.549072
-1754.901977
-862.745117
127.450981
970.588256
1725.490234
2421.568603
2784.313720
2892.156982
2578.431396
2098.039306
1362.745117
352.941192
-549.019592
-1352.941162
-2735.294189
-2901.960937
-2686.274658
-2264.705810
-1598.039184
-607.843139
333.333343
2029.411743
2617.647216
2872.549072
2823.529541
2382.353027
1784.313720
901.960815
-49.019607
-862.745117
-1666.666748
-2401.960937
-2823.529541
-2911.764648
-2627.450927
-2127.450927
-1392.156860
-372.549041
549.019592
2186.274658
2705.882324
2852.941162
2666.666748
2254.902099
1647.058837
735.294128
-254.901962
-1107.843139
-1862.745117
-2549.019775
-2862.745117
-2892.156982
-2470.588378
-1921.568603
-1078.431396
-39.215686
774.509826
2401.960937
2774.509765
2882.353027
2598.039306
2117.647216
1411.764770
421.568634
-1421.568603
-2225.490234
-2735.294189
-2892.156982
-2696.078369
-2274.509765
-1617.647094
-676.470581
313.725494
1156.862792
2617.647216
2882.353027
2803.921630
2411.764648
1813.725463
960.784301
0.000000
-1627.451049
-2382.353027
-2823.529541
-2892.156982
-2637.254882
-2156.862792
-1421.568603
666.666687
1450.980468
2215.686279
2715.686279
2892.156982
2686.274658
1500.000000
627.450988
-333.333343
-1205.882324
-1970.588256
-2588.235351
-2862.745117
-2362.745117
-1745.098022
-862.745117
127.450981
950.980407
1715.686279
2421.568603
2901.960937
2490.196044
2009.803955
1225.490234
215.686279
-666.666687
-1470.588256
-2784.313720
-2911.764648
-2656.862792
-2186.274658
-1470.588256
-460.784332
490.196075
1284.313720
2039.215698
2627.450927
2735.294189
2303.921630
1696.078491
774.509826
-156.862747
-1039.215698
-1823.529418
-2872.549072
-2882.353027
-2460.784423
-1911.764770
-1039.215698
0.000000
696.078430
2313.725585
2735.294189
2872.549072
2637.254882
2196.078369
1519.607910
529.411804
-421.568634
-1245.098022
-2019.607910
-2607.843261
-2892.156982
-2843.137207
-2392.156982
-1784.313720
-921.568664
58.823532
872.549011
2470.588378
2784.313720
2882.353027
2539.215820
2068.627441
1303.921630
284.313720
-1509.803955
-2284.313720
-2754.902099
-2892.156982
-2686.274658
-2205.882324
-411.764709
519.607849
1303.921630
2078.431396
2656.862792
2872.549072
2764.706054
1656.862792
725.490234
-215.686279
-1098.039184
-1862.745117
-2529.411865
-2852.941162
-2892.156982
-2490.196044
-1941.176513
39.215686
843.137268
1627.451049
2343.137207
2784.313720
2892.156982
2617.647216
1333.333374
323.529418
-588.235290
-1362.745117
-2166.666748
-2696.078369
-2892.156982
-2225.490234
-1549.019653
-568.627441
372.549041
1215.686279
1980.392211
2598.039306
2774.509765
2362.745117
1774.509887
901.960815
-78.431373
-911.764709
-1676.470581
-2411.764648
-2784.313720
-2892.156982
-2039.215698
-1215.686279
-205.882354
676.470581
1450.980468
2225.490234
2735.294189
2637.254882
2186.274658
1500.000000
607.843139
-352.941192
-1215.686279
-1980.392211
-2607.843261
-2882.353027
-2843.137207
-2441.176513
-1833.333374
-960.784301
29.411766
843.137268
1617.647094
2343.137207
2745.098144
2568.627441
2117.647216
1343.137329
333.333343
-578.431396
-1382.353027
-2147.058837
-2892.156982
-2676.470703
-2264.705810
-1578.431396
-627.450988
352.941192
1205.882324
1960.784301
2568.627441
2843.137207
2833.333496
2421.568603
1892.156860
1078.431396
39.215686
-794.117675
-1578.431396
-2352.941162
-2901.960937
-2598.039306
-2107.843261
-1352.941162
-323.529418
598.039245
1362.745117
2176.470703
2705.882324
2852.941162
2225.490234
1588.235351
656.862731
-343.137268
-1186.274536
-1970.588256
-2607.843261
-2794.117675
-2352.941162
-1754.901977
-813.725524
147.058822
990.196105
1735.294189
2450.980468
2794.117675
2882.353027
2000.000000
1254.901977
235.294128
-647.058837
-1421.568603
-2196.078369
-2735.294189
-2892.156982
-2686.274658
-2294.117675
-1617.647094
-656.862731
333.333343
1147.058837
1921.568603
2882.353027
2823.529541
2382.353027
1784.313720
950.980407
-19.607843
-833.333374
-2431.372558
-2813.725585
-2892.156982
-2568.627441
-2078.431396
-1274.509887
774.509826
1539.215698
2274.509765
2725.490234
2872.549072
2676.470703
2235.294189
441.176483
-480.392150
-1294.117675
-2098.039306
-2656.862792
-2882.353027
-2794.117675
-1686.274536
-715.686279
254.901962
1098.039184
1852.941162
2519.607910
2852.941162
2401.960937
1862.745117
1019.607849
9.803922
-764.705871
-1539.215698
-2294.117675
-2911.764648
-2607.843261
-2147.058837
-1372.549072
-362.745117
568.627441
2215.686279
2705.882324
2892.156982
2705.882324
2254.902099
1607.843139
666.666687
-1264.705932
-2058.823486
-2647.058837
-2882.353027
-2823.529541
-2411.764648
-1784.313720
245.098037
1088.235351
1862.745117
2529.411865
2843.137207
2892.156982
2480.392089
1960.784301
1166.666748
156.862747
-725.490234
-1500.000000
-2235.294189
-2745.098144
-2911.764648
-2696.078369
-2274.509765
-1598.039184
480.392150
1254.901977
2009.803955
2598.039306
2872.549072
2833.333496
2421.568603
833.333374
-137.254898
-1039.215698
-1833.333374
-2509.803955
-2843.137207
-2892.156982
-1931.372558
-1058.823608
-39.215686
823.529418
1578.431396
2323.529541
2892.156982
2568.627441
2117.647216
1343.137329
352.941192
-549.019592
-1362.745117
-2735.294189
-2882.353027
-2696.078369
-2254.902099
-1588.235351
-637.254943
343.137268
2039.215698
2647.058837
2882.353027
2813.725585
2372.549072
1784.313720
921.568664
-58.823532
-882.352966
-1666.666748
-2411.764648
-2803.921630
-2892.156982
-2607.843261
-2107.843261
-1352.941162
-323.529418
598.039245
1382.353027
2147.058837
2676.470703
2852.941162
2725.490234
2323.529541
1715.686279
-323.529418
-1205.882324
-1980.392211
-2598.039306
-2862.745117
-2862.745117
-1764.705932
-882.352966
137.254898
980.392150
1715.686279
2441.176513
2784.313720
2882.353027
2549.019775
2088.235351
1343.137329
343.137268
-578.431396
-1372.549072
-2156.862792
-2725.490234
-2892.156982
-2696.078369
-2303.921630
-1686.274536
-725.490234
254.901962
1970.588256
2578.431396
2852.941162
2852.941162
2401.960937
1872.549072
1039.215698
-1009.803955
-1803.921630
-2500.000000
-2813.725585
-2921.568603
-2558.823486
-2068.627441
-147.058822
715.686279
1519.607910
2274.509765
2745.098144
2882.353027
2176.470703
1460.784301
509.803924
-441.176483
-1284.313720
-2058.823486
-2647.058837
-2715.686279
-2303.921630
-1656.862792
-745.098083
225.490203
1058.823608
1813.725463
2833.333496
2862.745117
2431.372558
1882.353027
1049.019653
29.411766
-764.705871
-2401.960937
-2803.921630
-2921.568603
-2637.254882
-2127.450927
-1382.353027
-352.941192
568.627441
1343.137329
2127.450927
2676.470703
2882.353027
2745.098144
2343.137207
1725.490234
823.529418
-107.843139
-1000.000000
-2500.000000
-2833.333496
-2911.764648
-2558.823486
-2039.215698
-1264.705932
-235.294128
1568.627441
2313.725585
2764.706054
2872.549072
2637.254882
2196.078369
1490.196166
529.411804
-421.568634
-1264.705932
-2686.274658
-2892.156982
-2735.294189
-1607.843139
-676.470581
313.725494
1147.058837
1911.764770
2539.215820
2813.725585
2411.764648
1803.921630
990.196105
9.803922
-764.705871
-1549.019653
-2303.921630
-2901.960937
-2607.843261
-2137.254882
-1401.960815
-392.156860
529.411804
1323.529418
2696.078369
2882.353027
2676.470703
2284.313720
1656.862792
735.294128
-225.490203
-1960.784301
-2607.843261
-2872.549072
-2862.745117
-2431.372558
-1862.745117
-1000.000000
-39.215686
794.117675
1568.627441
2784.313720
2872.549072
2588.235351
2117.647216
1382.353027
372.549041
-529.411804
-2235.294189
-2754.902099
-2901.960937
-2705.882324
-2284.313720
-1627.451049
460.784332
1274.509887
2019.607910
2607.843261
2843.137207
2803.921630
2392.156982
1803.921630
950.980407
-19.607843
-833.333374
-2441.176513
-2794.117675
-2901.960937
-2588.235351
-2068.627441
-1284.313720
774.509826
1539.215698
2294.117675
2745.098144
2872.549072
2656.862792
2196.078369
441.176483
-500.000000
-1254.901977
-2029.411743
-2637.254882
-2882.353027
-2823.529541
-1676.470581
-754.901977
205.882354
1039.215698
1823.529418
2519.607910
2843.137207
2882.353027
2490.196044
1980.392211
78.431373
-754.901977
-1539.215698
-2303.921630
-2774.509765
-2892.156982
-2686.274658
-1392.156860
-382.352935
558.823547
1333.333374
2127.450927
2676.470703
2882.353027
2274.509765
1637.254882
715.686279
-294.117645
-1137.254882
-1911.764770
-2539.215820
-2862.745117
-2431.372558
-1813.725463
-950.980407
9.803922
774.509826
1549.019653
2284.313720
2754.902099
2882.353027
2127.450927
1392.156860
421.568634
-1421.568603
-2205.882324
-2715.686279
-2911.764648
-2676.470703
-2284.313720
-1607.843139
460.784332
1254.901977
2068.627441
2578.431396
2882.353027
2803.921630
2392.156982
823.529418
-186.274520
-1029.411743
-1813.725463
-2500.000000
-2823.529541
-2911.764648
-2539.215820
-2058.823486
-1245.098022
-235.294128
656.862731
1431.372558
2215.686279
2725.490234
2872.549072
2676.470703
2274.509765
519.607849
-382.352935
-1235.294189
-2019.607910
-2617.647216
-2892.156982
-2833.333496
-1735.294189
-803.921569
176.470596
1019.607849
1774.509887
2460.784423
2803.921630
2872.549072
2529.411865
2039.215698
1254.901977
245.098037
-637.254943
-1450.980468
-2215.686279
-2745.098144
-2911.764648
-2686.274658
-1529.411743
-500.000000
382.352935
1215.686279
2000.000000
2578.431396
2823.529541
2382.353027
1803.921630
950.980407
-19.607843
-843.137268
-1627.451049
-2372.549072
-2911.764648
-2588.235351
-2058.823486
-1294.117675
-245.098037
637.254943
2284.313720
2725.490234
2882.353027
2647.058837
2225.490234
1558.823608
607.843139
-362.745117
-1215.686279
-1960.784301
-2568.627441
-2803.921630
-2392.156982
-1764.705932
-882.352966
117.647064
980.392150
2490.196044
2823.529541
2862.745117
2470.588378
1990.196166
1225.490234
186.274520
-1578.431396
-2372.549072
-2784.313720
-2921.568603
-2666.666748
-2196.078369
-1431.372558
627.450988
1401.960815
2205.882324
2705.882324
2852.941162
2686.274658
2284.313720
1666.666748
735.294128
-245.098037
-1950.980468
-2598.039306
-2892.156982
-2892.156982
-2441.176513
-1852.941162
-1029.411743
19.607843
843.137268
1607.843139
2813.725585
2882.353027
2558.823486
2078.431396
1323.529418
303.921569
-568.627441
-2235.294189
-2754.902099
-2901.960937
-2705.882324
-2245.098144
-1598.039184
-627.450988
1284.313720
2078.431396
2637.254882
2862.745117
2774.509765
2333.333496
1745.098022
882.352966
-68.627449
-921.568664
-2490.196044
-2803.921630
-2911.764648
-2529.411865
-2039.215698
-1245.098022
-205.882354
1607.843139
2352.941162
2784.313720
2892.156982
2598.039306
2186.274658
1460.784301
490.196075
-450.980407
-1264.705932
-2686.274658
-2882.353027
-2754.902099
-1607.843139
-666.666687
323.529418
1156.862792
1921.568603
2549.019775
2852.941162
2401.960937
1813.725463
950.980407
0.000000
-715.686279
-1500.000000
-2205.882324
-2754.902099
-2901.960937
-2705.882324
-2264.705810
-568.627441
411.764709
1235.294189
2019.607910
2578.431396
2852.941162
2823.529541
2411.764648
1823.529418
1009.803955
-39.215686
-872.549011
-1656.862792
-2392.156982
-2794.117675
-2911.764648
-2627.450927
-2147.058837
-245.098037
598.039245
1382.353027
2166.666748
2715.686279
2882.353027
2696.078369
2284.313720
1666.666748
754.901977
-1196.078491
-1960.784301
-2598.039306
-2862.745117
-2872.549072
-2450.980468
-1892.156860
107.843139
980.392150
1735.294189
2450.980468
2813.725585
2892.156982
2568.627441
2098.039306
1333.333374
313.725494
-588.235290
-1372.549072
-2186.274658
-2715.686279
-2892.156982
-2725.490234
-2294.117675
-1676.470581
411.764709
1215.686279
1960.784301
2588.235351
2852.941162
2852.941162
2421.568603
1843.137329
990.196105
29.411766
-813.725524
-1598.039184
-2333.333496
-2803.921630
-2901.960937
-2666.666748
-2186.274658
-1470.588256
627.450988
1392.156860
2176.470703
2666.666748
2843.137207
2696.078369
2303.921630
637.254943
-333.333343
-1196.078491
-1931.372558
-2598.039306
-2882.353027
-2872.549072
-2441.176513
-1872.549072
-1039.215698
1049.019653
1794.117675
2470.588378
2813.725585
2882.353027
2519.607910
2009.803955
1264.705932
254.901962
-627.450988
-1421.568603
-2215.686279
-2735.294189
-2911.764648
-2715.686279
-2294.117675
-1598.039184
-656.862731
1284.313720
2058.823486
2637.254882
2852.941162
2794.117675
2352.941162
1774.509887
901.960815
-78.431373
-911.764709
-1676.470581
-2421.568603
-2803.921630
-2911.764648
-2607.843261
-2137.254882
-1352.941162
-323.529418
1500.000000
2205.882324
2715.686279
2911.764648
2686.274658
2254.902099
1627.451049
-431.372558
-1264.705932
-2039.215698
-2637.254882
-2872.549072
-2813.725585
-2382.353027
-813.725524
225.490203
1049.019653
1813.725463
2490.196044
2843.137207
2431.372558
1901.960815
1078.431396
78.431373
-784.313720
-1519.607910
-2303.921630
-2911.764648
-2637.254882
-2147.058837
-1401.960815
-401.960784
529.411804
1313.725463
2735.294189
2862.745117
2676.470703
2264.705810
1656.862792
725.490234
-245.098037
-1960.784301
-2578.431396
-2872.549072
-2872.549072
-2450.980468
-1872.549072
-1009.803955
9.803922
774.509826
1549.019653
2774.509765
2892.156982
2627.450927
2156.862792
1411.764770
460.784332
-500.000000
-2127.450927
-2686.274658
-2911.764648
-2745.098144
-2333.333496
-1705.882324
-794.117675
205.882354
1078.431396
1843.137329
2500.000000
2803.921630
2862.745117
2509.803955
2039.215698
1274.509887
245.098037
-627.450988
-2274.509765
-2774.509765
-2901.960937
-2696.078369
-2245.098144
-1558.823608
-588.235290
382.352935
1196.078491
1960.784301
2852.941162
2754.902099
2352.941162
1764.705932
921.568664
-49.019607
-862.745117
-2470.588378
-2794.117675
-2892.156982
-2549.019775
-2049.019531
-1274.509887
-235.294128
1578.431396
2323.529541
2764.706054
2882.353027
2647.058837
2196.078369
1509.803955
-558.823547
-1372.549072
-2166.666748
-2715.686279
-2882.353027
-2715.686279
-1568.627441
-598.039245
382.352935
1196.078491
1960.784301
2568.627441
2852.941162
2343.137207
1764.705932
931.372558
-68.627449
-892.156860
-1647.058837
-2401.960937
-2892.156982
-2549.019775
-2039.215698
-1245.098022
-235.294128
627.450988
1401.960815
2774.509765
2862.745117
2666.666748
2196.078369
1539.215698
568.627441
-392.156860
-2058.823486
-2647.058837
-2892.156982
-2794.117675
-2352.941162
-1725.490234
323.529418
1137.254882
1921.568603
2558.823486
2843.137207
2862.745117
2441.176513
960.784301
-9.803922
-784.313720
-1558.823608
-2333.333496
-2784.313720
-2901.960937
-2117.647216
-1362.745117
-343.137268
588.235290
1352.941162
2137.254882
2715.686279
2862.745117
2725.490234
2294.117675
637.254943
-323.529418
-1186.274536
-1950.980468
-2568.627441
-2872.549072
-2882.353027
-1774.509887
-892.156860
68.627449
892.156860
1656.862792
2362.745117
2774.509765
2509.803955
2039.215698
1245.098022
254.901962
-627.450988
-1401.960815
-2196.078369
-2705.882324
-2892.156982
-2715.686279
-2274.509765
-1637.254882
-686.274536
303.921569
1137.254882
1892.156860
2529.411865
2843.137207
2872.549072
2470.588378
1950.980468
1117.647094
98.039215
-696.078430
-1470.588256
-2774.509765
-2911.764648
-2656.862792
-2176.470703
-1431.372558
-450.980407
480.392150
1274.509887
2049.019531
2627.450927
2852.941162
2794.117675
2362.745117
1774.509887
911.764709
-49.019607
-843.137268
-1647.058837
-2823.529541
-2901.960937
-2549.019775
-2068.627441
-1274.509887
-245.098037
617.647094
1392.156860
2137.254882
2686.274658
2872.549072
2705.882324
2294.117675
1656.862792
735.294128
-225.490203
-1107.843139
-1882.353027
-2558.823486
-2852.941162
-2901.960937
-2480.392089
-1941.176513
-1107.843139
-68.627449
1686.274536
2392.156982
2794.117675
2882.353027
2588.235351
2117.647216
1343.137329
352.941192
-539.215698
-1343.137329
-2745.098144
-2901.960937
-2696.078369
-1490.196166
-470.588256
490.196075
1254.901977
2029.411743
2607.843261
2852.941162
2313.725585
1676.470581
774.509826
-186.274520
-1039.215698
-1833.333374
-2519.607910
-2872.549072
-2441.176513
-1872.549072
-1039.215698
0.000000
696.078430
1460.784301
2745.098144
2872.549072
2647.058837
2196.078369
1509.803955
549.019592
-401.960784
-2117.647216
-2656.862792
-2901.960937
-2784.313720
-2333.333496
-1725.490234
352.941192
1176.470581
1921.568603
2509.803955
2833.333496
2852.941162
2441.176513
911.764709
-49.019607
-862.745117
-1637.254882
-2362.745117
-2803.921630
-2911.764648
-2078.431396
-1284.313720
-254.901962
647.058837
1421.568603
2176.470703
2705.882324
2666.666748
2225.490234
1578.431396
598.039245
-372.549041
-1196.078491
-1980.392211
-2588.235351
-2872.549072
-2872.549072
-1774.509887
-862.745117
127.450981
1000.000000
1705.882324
2431.372558
2774.509765
2519.607910
2019.607910
1245.098022
235.294128
-627.450988
-1441.176513
-2215.686279
-2745.098144
-2911.764648
-2725.490234
-1509.803955
-509.803924
441.176483
1245.098022
2009.803955
2607.843261
2872.549072
2333.333496
1725.490234
843.137268
-127.450981
-1000.000000
-1725.490234
-2460.784423
-2911.764648
-2500.000000
-2039.215698
-1215.686279
-205.882354
686.274536
1460.784301
2205.882324
2745.098144
2901.960937
2696.078369
2254.902099
1637.254882
696.078430
-254.901962
-1137.254882
-1872.549072
-2558.823486
-2843.137207
-2431.372558
-1843.137329
-950.980407
9.803922
774.509826
1568.627441
2764.706054
2892.156982
2598.039306
2147.058837
1431.372558
411.764709
-500.000000
-2107.843261
-2686.274658
-2892.156982
-2754.902099
-2352.941162
-1696.078491
362.745117
1176.470581
1941.176513
2549.019775
2872.549072
2823.529541
2431.372558
911.764709
-58.823532
-882.352966
-1647.058837
-2392.156982
-2784.313720
-2901.960937
-2049.019531
-1274.509887
-274.509796
637.254943
1411.764770
2196.078369
2715.686279
2882.353027
2656.862792
2274.509765
607.843139
-362.745117
-1205.882324
-1980.392211
-2598.039306
-2901.960937
-2862.745117
-1754.901977
-862.745117
147.058822
990.196105
1725.490234
2441.176513
2823.529541
2480.392089
1990.196166
1196.078491
186.274520
-696.078430
-1460.784301
-2245.098144
-2911.764648
-2676.470703
-2196.078369
-1460.784301
-480.392150
441.176483
1274.509887
2068.627441
2607.843261
2892.156982
2313.725585
1686.274536
784.313720
-196.078430
-1039.215698
-1833.333374
-2509.803955
-2901.960937
-2460.784423
-1901.960815
-1058.823608
-29.411766
803.921569
2421.568603
2764.706054
2882.353027
2568.627441
2098.039306
1382.353027
401.960784
-519.607849
-1333.333374
-2117.647216
-2676.470703
-2715.686279
-2294.117675
-1637.254882
-686.274536
294.117645
1137.254882
2627.450927
2852.941162
2833.333496
2392.156982
1813.725463
960.784301
-29.411766
-1764.705932
-2470.588378
-2843.137207
-2901.960937
-2568.627441
-2058.823486
-1274.509887
784.313720
1568.627441
2333.333496
2784.313720
2882.353027
2627.450927
2205.882324
1519.607910
549.019592
-401.960784
-2098.039306
-2676.470703
-2892.156982
-2764.706054
-2372.549072
-1735.294189
-843.137268
137.254898
1019.607849
1774.509887
2823.529541
2872.549072
2441.176513
1931.372558
1166.666748
98.039215
-696.078430
-2343.137207
-2764.706054
-2892.156982
-2676.470703
-2205.882324
-1480.392211
-480.392150
1372.549072
2166.666748
2705.882324
2872.549072
2696.078369
2284.313720
1656.862792
-382.352935
-1235.294189
-2009.803955
-2607.843261
-2882.353027
-2882.353027
-1735.294189
-813.725524
156.862747
1000.000000
1725.490234
2441.176513
2813.725585
2480.392089
1980.392211
1215.686279
176.470596
-696.078430
-1460.784301
-2254.902099
-2901.960937
-2676.470703
-2196.078369
-1480.392211
-509.803924
450.980407
1235.294189
2009.803955
2598.039306
2852.941162
2333.333496
1696.078491
813.725524
-156.862747
-1009.803955
-1794.117675
-2509.803955
-2921.568603
-2470.588378
-1901.960815
-1117.647094
-58.823532
754.901977
1519.607910
2784.313720
2882.353027
2607.843261
2147.058837
1421.568603
450.980407
-470.588256
-2156.862792
-2705.882324
-2892.156982
-2715.686279
-2294.117675
-1666.666748
-725.490234
264.705902
1098.039184
1823.529418
2500.000000
2813.725585
2901.960937
1931.372558
1117.647094
107.843139
-774.509826
-1558.823608
-2313.725585
-2784.313720
-2627.450927
-2147.058837
-1401.960815
-382.352935
539.215698
1333.333374
2127.450927
2872.549072
2696.078369
2294.117675
1627.451049
735.294128
-235.294128
-1117.647094
-2588.235351
-2862.745117
-2852.941162
-2431.372558
-1872.549072
-990.196105
9.803922
1705.882324
2411.764648
2872.549072
2519.607910
2039.215698
78.431373
-735.294128
-1529.411743
-2303.921630
-2745.098144
-2872.549072
-2686.274658
-1392.156860
-382.352935
549.019592
1333.333374
2137.254882
2676.470703
2862.745117
2254.902099
1607.843139
686.274536
-294.117645
-1156.862792
-1921.568603
-2549.019775
-2862.745117
-2421.568603
-1823.529418
-950.980407
29.411766
843.137268
1598.039184
2323.529541
2764.706054
2872.549072
2127.450927
1352.941162
352.941192
-1480.392211
-2274.509765
-2754.902099
-2901.960937
-2705.882324
-2225.490234
-1588.235351
500.000000
1245.098022
2029.411743
2578.431396
2833.333496
2833.333496
2411.764648
1823.529418
941.176513
-29.411766
-1784.313720
-2490.196044
-2833.333496
-2901.960937
-2509.803955
-2068.627441
-1264.705932
794.117675
1578.431396
2333.333496
2774.509765
2892.156982
2666.666748
2196.078369
372.549041
-539.215698
-1343.137329
-2147.058837
-2696.078369
-2872.549072
-2745.098144
-1627.451049
-656.862731
313.725494
1156.862792
1921.568603
2539.215820
2833.333496
2852.941162
2480.392089
1921.568603
-39.215686
-892.156860
-1656.862792
-2411.764648
-2803.921630
-2892.156982
-2617.647216
-1254.901977
-254.901962
627.450988
1411.764770
2176.470703
2676.470703
2676.470703
2215.686279
1578.431396
607.843139
-343.137268
-1215.686279
-1980.392211
-2892.156982
-2784.313720
-2362.745117
-1754.901977
-862.745117
156.862747
1000.000000
1715.686279
2421.568603
2784.313720
2529.411865
2019.607910
1225.490234
196.078430
-666.666687
-1450.980468
-2225.490234
-2901.960937
-2666.666748
-2215.686279
-1480.392211
-490.196075
490.196075
1264.705932
2676.470703
2862.745117
2715.686279
2323.529541
1715.686279
813.725524
-176.470596
-1921.568603
-2558.823486
-2852.941162
-2892.156982
-2460.784423
-1901.960815
107.843139
941.176513
1705.882324
2421.568603
2784.313720
2901.960937
2598.039306
1186.274536
186.274520
-666.666687
-1460.784301
-2235.294189
-2745.098144
-2901.960937
-2196.078369
-1470.588256
-490.196075
450.980407
1254.901977
2019.607910
2617.647216
2725.490234
2313.725585
1696.078491
813.725524
-166.666671
-1029.411743
-1813.725463
-2862.745117
-2892.156982
-2460.784423
-1901.960815
-1058.823608
-9.803922
1696.078491
2382.353027
2774.509765
2882.353027
2627.450927
2127.450927
1392.156860
-676.470581
-1460.784301
-2245.098144
-2735.294189
-2911.764648
-2705.882324
-2264.705810
-500.000000
392.156860
1215.686279
1960.784301
2549.019775
2833.333496
2862.745117
1735.294189
852.941162
-127.450981
-980.392150
-1745.098022
-2450.980468
-2813.725585
-2892.156982
-2568.627441
-2068.627441
-147.058822
705.882385
1500.000000
2215.686279
2715.686279
2862.745117
2686.274658
1509.803955
539.215698
-421.568634
-1264.705932
-2058.823486
-2637.254882
-2892.156982
-2333.333496
-1715.686279
-823.529418
196.078430
1039.215698
1794.117675
2862.745117
2872.549072
2450.980468
1911.764770
1107.843139
78.431373
-735.294128
-1539.215698
-2333.333496
-2774.509765
-2892.156982
-2676.470703
-2205.882324
-1500.000000
549.019592
1313.725463
2098.039306
2627.450927
2843.137207
2764.706054
2343.137207
764.705871
-196.078430
-1068.627441
-1833.333374
-2529.411865
-2852.941162
-2892.156982
-1882.353027
-1019.607849
29.411766
823.529418
1607.843139
2362.745117
2754.902099
2852.941162
2656.862792
2176.470703
362.745117
-568.627441
-1362.745117
-2166.666748
-2725.490234
-2911.764648
-2725.490234
-1598.039184
-627.450988
352.941192
1186.274536
1960.784301
2558.823486
2803.921630
2401.960937
1813.725463
950.980407
-39.215686
-843.137268
-1647.058837
-2843.137207
-2901.960937
-2549.019775
-2078.431396
-1303.921630
-264.705902
627.450988
1401.960815
2196.078369
2715.686279
2882.353027
2696.078369
2284.313720
1647.058837
-392.156860
-1205.882324
-2009.803955
-2901.960937
-2774.509765
-2362.745117
-1745.098022
-862.745117
127.450981
1009.803955
2500.000000
2803.921630
2882.353027
2500.000000
2068.627441
1274.509887
313.725494
-1529.411743
-2303.921630
-2764.706054
-2901.960937
-2686.274658
-2225.490234
-1509.803955
-558.823547
421.568634
1254.901977
2666.666748
2843.137207
2725.490234
2352.941162
1725.490234
843.137268
-137.254898
-1872.549072
-2539.215820
-2843.137207
-2921.568603
-2490.196044
-1941.176513
-1117.647094
950.980407
1715.686279
2421.568603
2794.117675
2862.745117
2558.823486
1225.490234
196.078430
-666.666687
-1450.980468
-2245.098144
-2735.294189
-2911.764648
-2686.274658
-2245.098144
-1558.823608
-637.254943
343.137268
1196.078491
1960.784301
2862.745117
2784.313720
2382.353027
1774.509887
921.568664
-68.627449
-882.352966
-2431.372558
-2794.117675
-2911.764648
-2549.019775
-2058.823486
-1245.098022
-225.490203
637.254943
1411.764770
2196.078369
2882.353027
2676.470703
2215.686279
470.588256
-490.196075
-1294.117675
-2078.431396
-2656.862792
-2882.353027
-2784.313720
-1656.862792
-715.686279
264.705902
1117.647094
1862.745117
2500.000000
2833.333496
2450.980468
1911.764770
1107.843139
78.431373
-725.490234
-1519.607910
-2294.117675
-2892.156982
-2637.254882
-2166.666748
-1392.156860
-392.156860
519.607849
1303.921630
2098.039306
2637.254882
2892.156982
2774.509765
2352.941162
1754.901977
872.549011
-107.843139
-960.784301
-1735.294189
-2470.588378
-2901.960937
-2500.000000
-2039.215698
-1254.901977
-215.686279
656.862731
1470.588256
2745.098144
2892.156982
2656.862792
2205.882324
1519.607910
529.411804
-421.568634
-2117.647216
-2676.470703
-2882.353027
-2764.706054
-2352.941162
-1745.098022
313.725494
1117.647094
1901.960815
2519.607910
2833.333496
2882.353027
2470.588378
990.196105
9.803922
-735.294128
-1549.019653
-2313.725585
-2764.706054
-2921.568603
-2666.666748
-2205.882324
-1500.000000
-598.039245
352.941192
1205.882324
1950.980468
2558.823486
2862.745117
2872.549072
2431.372558
1852.941162
1009.803955
19.607843
-784.313720
-2401.960937
-2813.725585
-2882.353027
-2598.039306
-2127.450927
-1372.549072
-352.941192
1490.196166
2235.294189
2705.882324
2901.960937
2696.078369
2245.098144
1588.235351
647.058837
-294.117645
-1176.470581
-2627.450927
-2872.549072
-2823.529541
-2401.960937
-1813.725463
-911.764709
68.627449
882.352966
1656.862792
2401.960937
2774.509765
2852.941162
2617.647216
2166.666748
1411.764770
421.568634
-509.803924
-1323.529418
-2715.686279
-2901.960937
-2715.686279
-2264.705810
-1637.254882
-705.882385
264.705902
2000.000000
2558.823486
2843.137207
2862.745117
2421.568603
1901.960815
1088.235351
49.019607
-745.098083
-1539.215698
-2784.313720
-2911.764648
-2637.254882
-2156.862792
-1431.372558
-392.156860
539.215698
1313.725463
2088.235351
2666.666748
2872.549072
2774.509765
2343.137207
1745.098022
852.941162
-1127.451049
-1901.960815
-2549.019775
-2843.137207
-2892.156982
-2470.588378
-1921.568603
49.019607
872.549011
1637.254882
2362.745117
2774.509765
2892.156982
2068.627441
1284.313720
313.725494
-598.039245
-1392.156860
-2196.078369
-2725.490234
-2705.882324
-2245.098144
-1558.823608
-607.843139
392.156860
1186.274536
1960.784301
2872.549072
2813.725585
2372.549072
1774.509887
901.960815
-58.823532
-882.352966
-2500.000000
-2813.725585
-2892.156982
-2568.627441
-2098.039306
-1343.137329
-323.529418
1500.000000
2205.882324
2715.686279
2872.549072
2676.470703
2264.705810
1637.254882
696.078430
-264.705902
-1147.058837
-2607.843261
-2882.353027
-2843.137207
-1745.098022
-862.745117
137.254898
990.196105
1735.294189
2450.980468
2774.509765
2490.196044
2019.607910
1205.882324
176.470596
-676.470581
-1450.980468
-2235.294189
-2911.764648
-2656.862792
-2196.078369
-1470.588256
-460.784332
490.196075
1264.705932
2676.470703
2862.745117
2715.686279
2343.137207
1705.882324
784.313720
-186.274520
-1921.568603
-2568.627441
-2872.549072
-2892.156982
-2450.980468
-1892.156860
58.823532
892.156860
1666.666748
2401.960937
2774.509765
2872.549072
2607.843261
1294.117675
254.901962
-627.450988
-1401.960815
-2186.274658
-2745.098144
-2892.156982
-2725.490234
-2264.705810
-1627.451049
441.176483
1274.509887
2019.607910
2578.431396
2862.745117
2803.921630
2401.960937
852.941162
-156.862747
-1009.803955
-1794.117675
-2490.196044
-2843.137207
-2892.156982
-1960.784301
-1107.843139
-58.823532
774.509826
1558.823608
2284.313720
2745.098144
2882.353027
2666.666748
2196.078369
1558.823608
588.235290
-362.745117
-1225.490234
-2647.058837
-2901.960937
-2803.921630
-2382.353027
-1774.509887
-882.352966
1156.862792
1911.764770
2539.215820
2833.333496
2862.745117
2441.176513
1931.372558
-39.215686
-872.549011
-1666.666748
-2382.353027
-2813.725585
-2901.960937
-2607.843261
-1284.313720
-264.705902
647.058837
1431.372558
2215.686279
2725.490234
2852.941162
2225.490234
1549.019653
568.627441
-392.156860
-1235.294189
-2009.803955
-2607.843261
-2882.353027
-2882.353027
-2431.372558
-1823.529418
-960.784301
29.411766
843.137268
1617.647094
2352.941162
2764.706054
2901.960937
2656.862792
2166.666748
1450.980468
-598.039245
-1372.549072
-2186.274658
-2715.686279
-2911.764648
-2715.686279
-2284.313720
-578.431396
392.156860
1205.882324
1990.196166
2607.843261
2862.745117
2843.137207
2411.764648
1852.941162
990.196105
-990.196105
-1745.098022
-2460.784423
-2911.764648
-2500.000000
-2039.215698
-1215.686279
-186.274520
696.078430
1450.980468
2754.902099
2882.353027
2656.862792
2205.882324
1519.607910
549.019592
-392.156860
-1245.098022
-2009.803955
-2607.843261
-2872.549072
-2382.353027
-1754.901977
-833.333374
156.862747
1009.803955
1764.705932
2852.941162
2862.745117
2480.392089
1921.568603
1147.058837
107.843139
-754.901977
-2382.353027
-2774.509765
-2901.960937
-2627.450927
-2156.862792
-1411.764770
-401.960784
1421.568603
2215.686279
2735.294189
2882.353027
2666.666748
2245.098144
1627.451049
705.882385
-264.705902
-1127.451049
-2588.235351
-2882.353027
-2843.137207
-2421.568603
-1843.137329
-950.980407
29.411766
843.137268
1627.451049
2333.333496
2882.353027
2558.823486
2088.235351
1323.529418
313.725494
-598.039245
-1392.156860
-2735.294189
-2911.764648
-2696.078369
-2245.098144
-1558.823608
-588.235290
382.352935
2068.627441
2637.254882
2696.078369
2294.117675
1676.470581
-382.352935
-1225.490234
-1970.588256
-2617.647216
-2872.549072
-2882.353027
-2441.176513
-852.941162
127.450981
1019.607849
1764.705932
2480.392089
2784.313720
2882.353027
1960.784301
1166.666748
137.254898
-725.490234
-1480.392211
-2294.117675
-2764.706054
-2647.058837
-2156.862792
-1441.176513
-421.568634
519.607849
1303.921630
2117.647216
2656.862792
2862.745117
2745.098144
2333.333496
1735.294189
843.137268
-117.647064
-990.196105
-1745.098022
-2470.588378
-2794.117675
-2519.607910
-1980.392211
-1137.254882
-127.450981
735.294128
1519.607910
2264.705810
2725.490234
2901.960937
2686.274658
1470.588256
460.784332
-480.392150
-1294.117675
-2058.823486
-2637.254882
-2872.549072
-2794.117675
-2372.549072
-1784.313720
-882.352966
127.450981
960.784301
1705.882324
2401.960937
2901.960937
2500.000000
2068.627441
1294.117675
294.117645
-617.647094
-1401.960815
-2186.274658
-2735.294189
-2911.764648
-2705.882324
-2294.117675
-1627.451049
-686.274536
313.725494
1147.058837
1921.568603
2519.607910
2823.529541
2392.156982
1833.333374
980.392150
0.000000
-696.078430
-1490.196166
-2764.706054
-2911.764648
-2637.254882
-2186.274658
-1470.588256
-441.176483
480.392150
1274.509887
2058.823486
2637.254882
2715.686279
2284.313720
1696.078491
774.509826
-147.058822
-1058.823608
-1813.725463
-2862.745117
-2892.156982
-2460.784423
-1901.960815
-1039.215698
0.000000
656.862731
2313.725585
2735.294189
2872.549072
2656.862792
2205.882324
1519.607910
558.823547
-1352.941162
-2156.862792
-2705.882324
-2901.960937
-2725.490234
-2323.529541
-1676.470581
-745.098083
225.490203
1068.627441
2539.215820
2843.137207
2862.745117
2450.980468
1911.764770
1098.039184
78.431373
-745.098083
-1519.607910
-2284.313720
-2901.960937
-2627.450927
-2137.254882
-284.313720
627.450988
1382.353027
2176.470703
2696.078369
2862.745117
2686.274658
2264.705810
1696.078491
803.921569
-156.862747
-1941.176513
-2558.823486
-2882.353027
-2892.156982
-2460.784423
-1882.353027
107.843139
980.392150
1725.490234
2421.568603
2803.921630
2843.137207
2588.235351
1225.490234
215.686279
-656.862731
-1450.980468
-2215.686279
-2725.490234
-2911.764648
-2215.686279
-1500.000000
-588.235290
382.352935
1196.078491
1960.784301
2588.235351
2843.137207
2852.941162
2392.156982
892.156860
-78.431373
-901.960815
-1686.274536
-2411.764648
-2794.117675
-2911.764648
-2019.607910
-1215.686279
-166.666671
686.274536
1480.392211
2235.294189
2696.078369
2627.450927
2196.078369
1490.196166
519.607849
-441.176483
-1264.705932
-2039.215698
-2607.843261
-2882.353027
-2823.529541
-2411.764648
-1784.313720
-872.549011
98.039215
901.960815
1656.862792
2362.745117
2784.313720
2539.215820
2058.823486
1254.901977
284.313720
-637.254943
-1392.156860
-2196.078369
-2892.156982
-2696.078369
-2215.686279
-1539.215698
-539.215698
441.176483
1245.098022
2009.803955
2588.235351
2843.137207
2333.333496
1725.490234
813.725524
-1176.470581
-1911.764770
-2568.627441
-2872.549072
-2892.156982
-2450.980468
-1892.156860
117.647064
931.372558
1725.490234
2411.764648
2784.313720
2901.960937
2558.823486
2117.647216
1343.137329
352.941192
-1480.392211
-2264.705810
-2764.706054
-2911.764648
-2686.274658
-2215.686279
-1578.431396
519.607849
1284.313720
2088.235351
2686.274658
2862.745117
2794.117675
2333.333496
715.686279
-245.098037
-1117.647094
-1872.549072
-2549.019775
-2833.333496
-2901.960937
-2490.196044
-1931.372558
-1088.235351
980.392150
1725.490234
2441.176513
2784.313720
2882.353027
2549.019775
2088.235351
1362.745117
333.333343
-588.235290
-1372.549072
-2147.058837
-2696.078369
-2872.549072
-2745.098144
-2343.137207
-1696.078491
-784.313720
1205.882324
1970.588256
2568.627441
2862.745117
2852.941162
2421.568603
1872.549072
1019.607849
19.607843
-794.117675
-1578.431396
-2362.745117
-2784.313720
-2901.960937
-2656.862792
-2176.470703
-1460.784301
-450.980407
1392.156860
2176.470703
2686.274658
2872.549072
2715.686279
2303.921630
1686.274536
-392.156860
-1225.490234
-2000.000000
-2578.431396
-2852.941162
-2872.549072
-2460.784423
-931.372558
68.627449
892.156860
1656.862792
2352.941162
2754.902099
2872.549072
2617.647216
2156.862792
1450.980468
-627.450988
-1392.156860
-2196.078369
-2892.156982
-2676.470703
-2254.902099
-1539.215698
-568.627441
411.764709
1235.294189
2656.862792
2872.549072
2794.117675
2352.941162
1745.098022
872.549011
-98.039215
-1803.921630
-2529.411865
-2833.333496
-2892.156982
-2500.000000
-2058.823486
-1264.705932
813.725524
1598.039184
2303.921630
2754.902099
2892.156982
2666.666748
1362.745117
372.549041
-539.215698
-1343.137329
-2137.254882
-2715.686279
-2892.156982
-2264.705810
-1617.647094
-666.666687
323.529418
1156.862792
1921.568603
2539.215820
2823.529541
2382.353027
1813.725463
941.176513
-49.019607
-852.941162
-1647.058837
-2803.921630
-2901.960937
-2568.627441
-2068.627441
-1294.117675
-245.098037
637.254943
1421.568603
2186.274658
2696.078369
2647.058837
2235.294189
1558.823608
-500.000000
-1254.901977
-2029.411743
-2637.254882
-2892.156982
-2784.313720
-2392.156982
-784.313720
196.078430
1049.019653
1803.921630
2490.196044
2794.117675
2882.353027
1921.568603
1088.235351
88.235298
-754.901977
-1529.411743
-2303.921630
-2764.706054
-2627.450927
-2166.666748
-1421.568603
-401.960784
539.215698
1333.333374
2107.843261
2666.666748
2862.745117
2735.294189
1627.451049
696.078430
-254.901962
-1127.451049
-1892.156860
-2509.803955
-2872.549072
-2450.980468
-1852.941162
-980.392150
9.803922
764.705871
1529.411743
2313.725585
2862.745117
2588.235351
2127.450927
1401.960815
382.352935
-539.215698
-1323.529418
-2745.098144
-2901.960937
-2735.294189
-2264.705810
-1637.254882
-705.882385
284.313720
1127.451049
1882.353027
2529.411865
2843.137207
2872.549072
2450.980468
1931.372558
1117.647094
117.647064
-754.901977
-1529.411743
-2303.921630
-2754.902099
-2901.960937
-2156.862792
-1421.568603
-411.764709
519.607849
1313.725463
2078.431396
2656.862792
2676.470703
2274.509765
1666.666748
735.294128
-245.098037
-1088.235351
-1852.941162
-2882.353027
-2872.549072
-2441.176513
-1872.549072
-1000.000000
-49.019607
784.313720
1588.235351
2294.117675
2735.294189
2598.039306
2137.254882
1401.960815
-656.862731
-1460.784301
-2254.902099
-2735.294189
-2911.764648
-2686.274658
-2254.902099
-519.607849
431.372558
1254.901977
2009.803955
2598.039306
2862.745117
2843.137207
2411.764648
1823.529418
960.784301
-1029.411743
-1823.529418
-2519.607910
-2833.333496
-2892.156982
-2500.000000
-2049.019531
-117.647064
764.705871
1529.411743
2274.509765
2745.098144
2862.745117
2676.470703
1450.980468
450.980407
-480.392150
-1294.117675
-2078.431396
-2656.862792
-2862.745117
-2333.333496
-1676.470581
-705.882385
254.901962
1088.235351
1852.941162
2852.941162
2852.941162
2421.568603
1843.137329
990.196105
19.607843
-784.313720
-1578.431396
-2333.333496
-2784.313720
-2901.960937
-2137.254882
-1372.549072
-343.137268
568.627441
1362.745117
2147.058837
2901.960937
2686.274658
2245.098144
1598.039184
656.862731
-294.117645
-1176.470581
-2617.647216
-2872.549072
-2843.137207
-2421.568603
-1823.529418
-921.568664
39.215686
892.156860
1647.058837
2372.549072
2745.098144
2882.353027
2627.450927
2176.470703
343.137268
-558.823547
-1362.745117
-2754.902099
-2911.764648
-2705.882324
-2254.902099
-1578.431396
-607.843139
362.745117
2058.823486
2617.647216
2833.333496
2794.117675
2372.549072
1784.313720
882.352966
-1088.235351
-1882.353027
-2539.215820
-2843.137207
-2892.156982
-2480.392089
-1941.176513
-1117.647094
-88.235298
745.098083
2333.333496
2784.313720
2882.353027
2049.019531
1303.921630
284.313720
-598.039245
-1392.156860
-2196.078369
-2715.686279
-2676.470703
-2235.294189
-1578.431396
-578.431396
401.960784
1215.686279
1970.588256
2862.745117
2784.313720
2372.549072
1754.901977
862.745117
-117.647064
-970.588256
-2509.803955
-2833.333496
-2901.960937
-2509.803955
-1990.196166
-1166.666748
882.352966
1637.254882
2362.745117
2774.509765
2892.156982
2647.058837
2156.862792
303.921569
-607.843139
-1382.353027
-2166.666748
-2696.078369
-2892.156982
-2705.882324
-1539.215698
-549.019592
411.764709
1215.686279
1980.392211
2578.431396
2882.353027
2352.941162
1745.098022
872.549011
-88.235298
-941.176513
-1696.078491
-2431.372558
-2892.156982
-2549.019775
-2019.607910
-1225.490234
-196.078430
666.666687
2303.921630
2745.098144
2872.549072
2656.862792
2176.470703
1509.803955
539.215698
-1352.941162
-2137.254882
-2696.078369
-2892.156982
-2764.706054
-2333.333496
-1705.882324
352.941192
1166.666748
1970.588256
2568.627441
2882.353027
2882.353027
2431.372558
941.176513
-58.823532
-892.156860
-1676.470581
-2401.960937
-2794.117675
-2921.568603
-2068.627441
-1274.509887
-254.901962
637.254943
1421.568603
2196.078369
2892.156982
2637.254882
2215.686279
1539.215698
607.843139
-352.941192
-1215.686279
-2637.254882
-2901.960937
-2794.117675
-2382.353027
-1774.509887
-862.745117
117.647064
960.784301
1705.882324
2411.764648
2892.156982
2500.000000
2058.823486
1294.117675
294.117645
-617.647094
-1421.568603
-2196.078369
-2745.098144
-2892.156982
-2705.882324
-1558.823608
-578.431396
411.764709
1225.490234
1970.588256
2578.431396
2794.117675
2362.745117
1745.098022
852.941162
-88.235298
-931.372558
-1715.686279
-2843.137207
-2882.353027
-2539.215820
-2019.607910
-1215.686279
-196.078430
696.078430
2294.117675
2735.294189
2901.960937
2666.666748
2196.078369
1500.000000
617.647094
-1294.117675
-2107.843261
-2676.470703
-2882.353027
-2774.509765
-2352.941162
-1754.901977
294.117645
1137.254882
1911.764770
2529.411865
2833.333496
2872.549072
1794.117675
950.980407
9.803922
-774.509826
-1558.823608
-2313.725585
-2774.509765
-2911.764648
-2686.274658
-2205.882324
-1500.000000
-588.235290
382.352935
1205.882324
1970.588256
2578.431396
2872.549072
2852.941162
2421.568603
1852.941162
1000.000000
78.431373
-1696.078491
-2421.568603
-2794.117675
-2882.353027
-2627.450927
-2127.450927
-1382.353027
676.470581
1441.176513
2245.098144
2725.490234
2882.353027
2705.882324
2284.313720
529.411804
-411.764709
-1254.901977
-2009.803955
-2617.647216
-2882.353027
-2833.333496
-1725.490234
-803.921569
176.470596
1009.803955
1784.313720
2470.588378
2872.549072
2441.176513
1911.764770
1117.647094
107.843139
-764.705871
-1539.215698
-2794.117675
-2882.353027
-2627.450927
-2156.862792
-1401.960815
-392.156860
558.823547
2205.882324
2696.078369
2892.156982
2686.274658
2254.902099
1627.451049
735.294128
-1235.294189
-2009.803955
-2598.039306
-2872.549072
-2852.941162
-2421.568603
-1803.921630
-950.980407
0.000000
686.274536
2333.333496
2754.902099
2892.156982
2647.058837
2186.274658
1500.000000
607.843139
-1313.725463
-2127.450927
-2676.470703
-2892.156982
-2764.706054
-2362.745117
-1735.294189
-852.941162
166.666671
1000.000000
2500.000000
2813.725585
2882.353027
2519.607910
2058.823486
1294.117675
254.901962
-1519.607910
-2303.921630
-2764.706054
-2892.156982
-2696.078369
-2225.490234
-1539.215698
558.823547
1343.137329
2137.254882
2676.470703
2872.549072
2705.882324
2313.725585
1715.686279
813.725524
-156.862747
-1058.823608
-1823.529418
-2500.000000
-2794.117675
-2901.960937
-2549.019775
-2068.627441
-1284.313720
774.509826
1558.823608
2303.921630
2745.098144
2882.353027
2676.470703
2215.686279
1519.607910
578.431396
-382.352935
-2098.039306
-2676.470703
-2872.549072
-2784.313720
-2372.549072
-1754.901977
-882.352966
1137.254882
1901.960815
2509.803955
2833.333496
2892.156982
2470.588378
1911.764770
1117.647094
78.431373
-735.294128
-1519.607910
-2294.117675
-2774.509765
-2911.764648
-2686.274658
-2225.490234
-1529.411743
-549.019592
1362.745117
2137.254882
2656.862792
2872.549072
2735.294189
2343.137207
1745.098022
843.137268
-156.862747
-1029.411743
-1813.725463
-2509.803955
-2843.137207
-2901.960937
-2509.803955
-2000.000000
-1264.705932
-235.294128
1598.039184
2323.529541
2774.509765
2872.549072
2666.666748
2196.078369
1500.000000
-519.607849
-1323.529418
-2117.647216
-2656.862792
-2892.156982
-2764.706054
-2333.333496
-715.686279
284.313720
1147.058837
1882.353027
2509.803955
2843.137207
2411.764648
1843.137329
1000.000000
68.627449
-745.098083
-1529.411743
-2303.921630
-2882.353027
-2617.647216
-2176.470703
-1421.568603
-411.764709
500.000000
1245.098022
2686.274658
2882.353027
2745.098144
2323.529541
1705.882324
794.117675
-156.862747
-1049.019653
-1833.333374
-2509.803955
-2872.549072
-2480.392089
-1911.764770
-1098.039184
-58.823532
794.117675
1568.627441
2784.313720
2892.156982
2617.647216
2117.647216
1372.549072
372.549041
-549.019592
-2215.686279
-2735.294189
-2901.960937
-2686.274658
-2274.509765
-1627.451049
-666.666687
1264.705932
2029.411743
2637.254882
2862.745117
2774.509765
2382.353027
1764.705932
931.372558
-39.215686
-882.352966
-2470.588378
-2813.725585
-2892.156982
-2529.411865
-2029.411743
-1254.901977
-215.686279
1578.431396
2343.137207
2774.509765
2892.156982
2656.862792
2176.470703
392.156860
-539.215698
-1333.333374
-2137.254882
-2696.078369
-2872.549072
-2735.294189
-1598.039184
-656.862731
343.137268
1166.666748
1931.372558
2549.019775
2843.137207
2372.549072
1784.313720
931.372558
-49.019607
-862.745117
-1666.666748
-2411.764648
-2911.764648
-2568.627441
-2049.019531
-1235.294189
-225.490203
666.666687
1411.764770
2186.274658
2715.686279
2892.156982
2696.078369
2284.313720
1637.254882
715.686279
-254.901962
-1117.647094
-1901.960815
-2558.823486
-2872.549072
-2431.372558
-1862.745117
-970.588256
29.411766
852.941162
1647.058837
2794.117675
2892.156982
2558.823486
2088.235351
1313.725463
294.117645
-607.843139
-2274.509765
-2764.706054
-2892.156982
-2686.274658
-2245.098144
-1568.627441
519.607849
1274.509887
2088.235351
2637.254882
2872.549072
2803.921630
2362.745117
725.490234
-235.294128
-1098.039184
-1872.549072
-2529.411865
-2833.333496
-2911.764648
-2490.196044
-1960.784301
-1127.451049
931.372558
1686.274536
2411.764648
2794.117675
2901.960937
2568.627441
2107.843261
215.686279
-656.862731
-1450.980468
-2235.294189
-2725.490234
-2892.156982
-2696.078369
-2254.902099
-1637.254882
-647.058837
313.725494
1156.862792
1921.568603
2519.607910
2833.333496
2872.549072
2450.980468
1921.568603
-29.411766
-901.960815
-1666.666748
-2411.764648
-2803.921630
-2911.764648
-2617.647216
-1274.509887
-235.294128
647.058837
1431.372558
2196.078369
2705.882324
2862.745117
2676.470703
2284.313720
1656.862792
715.686279
-274.509796
-1127.451049
-1901.960815
-2539.215820
-2862.745117
-2921.568603
-2490.196044
-990.196105
-9.803922
803.921569
1549.019653
2284.313720
2764.706054
2911.764648
2117.647216
1411.764770
411.764709
-509.803924
-1313.725463
-2117.647216
-2676.470703
-2892.156982
-2754.902099
-2362.745117
-1725.490234
-813.725524
166.666671
1029.411743
1794.117675
2480.392089
2823.529541
2872.549072
1921.568603
1107.843139
98.039215
-725.490234
-1529.411743
-2294.117675
-2764.706054
-2647.058837
-2176.470703
-1441.176513
-421.568634
519.607849
1303.921630
2098.039306
2647.058837
2862.745117
2774.509765
1656.862792
735.294128
-196.078430
-1941.176513
-2588.235351
-2872.549072
-2882.353027
-2460.784423
-1882.353027
-1029.411743
9.803922
764.705871
1558.823608
2294.117675
2745.098144
2872.549072
2656.862792
2215.686279
1529.411743
578.431396
-382.352935
-1205.882324
-2000.000000
-2558.823486
-2872.549072
-2392.156982
-1754.901977
-882.352966
88.235298
921.568664
1666.666748
2392.156982
2882.353027
2509.803955
2049.019531
1254.901977
235.294128
-637.254943
-1411.764770
-2215.686279
-2715.686279
-2892.156982
-2705.882324
-2264.705810
-1627.451049
-676.470581
333.333343
1166.666748
1901.960815
2509.803955
2833.333496
2392.156982
1784.313720
931.372558
-49.019607
-882.352966
-1647.058837
-2823.529541
-2901.960937
-2558.823486
-2068.627441
-1284.313720
-235.294128
627.450988
1411.764770
2156.862792
2666.666748
2666.666748
2235.294189
1558.823608
-539.215698
-1333.333374
-2107.843261
-2705.882324
-2882.353027
-2774.509765
-2352.941162
-676.470581
294.117645
1147.058837
1882.353027
2500.000000
2794.117675
2892.156982
1892.156860
1058.823608
49.019607
-764.705871
-1529.411743
-2313.725585
-2764.706054
-2617.647216
-2137.254882
-1392.156860
-372.549041
539.215698
1343.137329
2107.843261
2647.058837
2843.137207
2735.294189
1647.058837
735.294128
-254.901962
-1107.843139
-1892.156860
-2568.627441
-2862.745117
-2421.568603
-1843.137329
-980.392150
0.000000
705.882385
1500.000000
2176.470703
2872.549072
2656.862792
2196.078369
1539.215698
568.627441
-392.156860
-1215.686279
-1980.392211
-2607.843261
-2872.549072
-2372.549072
-1745.098022
-833.333374
137.254898
970.588256
1705.882324
2460.784423
2892.156982
2490.196044
1970.588256
1196.078491
186.274520
-696.078430
-1450.980468
-2254.902099
-2745.098144
-2882.353027
-2676.470703
-2274.509765
-1588.235351
-647.058837
352.941192
1176.470581
1941.176513
2549.019775
2823.529541
2401.960937
1794.117675
921.568664
-49.019607
-872.549011
-1627.451049
-2833.333496
-2892.156982
-2549.019775
-2058.823486
-1274.509887
-274.509796
627.450988
1372.549072
2166.666748
2705.882324
2882.353027
2686.274658
2284.313720
1686.274536
764.705871
-196.078430
-1088.235351
-1843.137329
-2872.549072
-2872.549072
-2450.980468
-1872.549072
-1029.411743
9.803922
764.705871
2382.353027
2774.509765
2892.156982
2598.039306
2156.862792
1431.372558
411.764709
-490.196075
-1303.921630
-2058.823486
-2892.156982
-2735.294189
-2294.117675
-1647.058837
-715.686279
284.313720
1127.451049
2598.039306
2843.137207
2872.549072
2421.568603
1843.137329
1000.000000
68.627449
-1686.274536
-2411.764648
-2794.117675
-2911.764648
-2578.431396
-2088.235351
-176.470596
676.470581
1441.176513
2205.882324
2725.490234
2872.549072
2676.470703
2245.098144
1598.039184
676.470581
-294.117645
-2009.803955
-2627.450927
-2872.549072
-2823.529541
-2421.568603
-1813.725463
205.882354
1058.823608
1803.921630
2480.392089
2813.725585
2872.549072
2519.607910
1127.451049
78.431373
-725.490234
-1500.000000
-2215.686279
-2745.098144
-2901.960937
-2215.686279
-1509.803955
-509.803924
460.784332
1254.901977
2019.607910
2598.039306
2852.941162
2813.725585
2411.764648
823.529418
-127.450981
-990.196105
-1754.901977
-2460.784423
-2803.921630
-2911.764648
-1950.980468
-1137.254882
-117.647064
764.705871
1549.019653
2284.313720
2764.706054
2617.647216
2156.862792
1411.764770
450.980407
-470.588256
-1294.117675
-2068.627441
-2666.666748
-2892.156982
-2784.313720
-2372.549072
-1745.098022
-862.745117
147.058822
990.196105
1725.490234
2441.176513
2794.117675
2901.960937
2558.823486
2049.019531
147.058822
-696.078430
-1480.392211
-2235.294189
-2745.098144
-2892.156982
-2676.470703
-1460.784301
-460.784332
509.803924
1274.509887
2049.019531
2607.843261
2882.353027
2294.117675
1686.274536
774.509826
-205.882354
-1058.823608
-1843.137329
-2519.607910
-2852.941162
-2882.353027
-2480.392089
-1019.607849
-19.607843
813.725524
1568.627441
2323.529541
2774.509765
2901.960937
2098.039306
1372.549072
392.156860
-539.215698
-1313.725463
-2137.254882
-2676.470703
-2696.078369
-2294.117675
-1637.254882
-676.470581
323.529418
1137.254882
1882.353027
2539.215820
2813.725585
2882.353027
1813.725463
970.588256
-9.803922
-1696.078491
-2411.764648
-2803.921630
-2882.353027
-2607.843261
-2117.647216
-1323.529418
735.294128
1509.803955
2284.313720
2745.098144
2901.960937
2666.666748
2235.294189
480.392150
-470.588256
-1284.313720
-2088.235351
-2647.058837
-2882.353027
-2813.725585
-2372.549072
-1784.313720
-882.352966
117.647064
950.980407
1705.882324
2411.764648
2803.921630
2872.549072
2607.843261
2098.039306
235.294128
-656.862731
-1460.784301
-2225.490234
-2745.098144
-2911.764648
-2696.078369
-1519.607910
-549.019592
441.176483
1225.490234
2019.607910
2588.235351
2843.137207
2843.137207
2411.764648
1843.137329
980.392150
9.803922
-764.705871
-1549.019653
-2294.117675
-2754.902099
-2892.156982
-2676.470703
-1401.960815
-401.960784
539.215698
1313.725463
2078.431396
2656.862792
2852.941162
2754.902099
2352.941162
1725.490234
-294.117645
-1176.470581
-1941.176513
-2558.823486
-2872.549072
-2872.549072
-2450.980468
-931.372558
68.627449
892.156860
1647.058837
2372.549072
2764.706054
2892.156982
2058.823486
1313.725463
284.313720
-627.450988
-1382.353027
-2186.274658
-2725.490234
-2705.882324
-2235.294189
-1549.019653
-568.627441
421.568634
1196.078491
1970.588256
2578.431396
2862.745117
2862.745117
1764.705932
843.137268
-98.039215
-950.980407
-1705.882324
-2431.372558
-2823.529541
-2892.156982
-2578.431396
-2098.039306
-1323.529418
-294.117645
607.843139
1421.568603
2176.470703
2705.882324
2843.137207
2705.882324
1568.627441
617.647094
-343.137268
-1205.882324
-1990.196166
-2598.039306
-2892.156982
-2872.549072
-2450.980468
-1862.745117
147.058822
980.392150
1754.901977
2411.764648
2784.313720
2862.745117
2558.823486
1196.078491
186.274520
-696.078430
-1470.588256
-2254.902099
-2764.706054
-2901.960937
-2196.078369
-1490.196166
-509.803924
460.784332
1264.705932
2049.019531
2607.843261
2843.137207
2803.921630
2421.568603
823.529418
-137.254898
-1029.411743
-1803.921630
-2490.196044
-2843.137207
-2911.764648
-2500.000000
-2049.019531
-1264.705932
813.725524
1588.235351
2352.941162
2774.509765
2882.353027
2656.862792
2196.078369
411.764709
-529.411804
-1323.529418
-2107.843261
-2676.470703
-2901.960937
-2774.509765
-2362.745117
-1725.490234
-813.725524
166.666671
1009.803955
1784.313720
2460.784423
2833.333496
2892.156982
2509.803955
2019.607910
1245.098022
235.294128
-637.254943
-2303.921630
-2754.902099
-2892.156982
-2676.470703
-2215.686279
-1519.607910
-549.019592
1343.137329
2117.647216
2696.078369
2862.745117
2705.882324
2294.117675
1696.078491
-333.333343
-1196.078491
-1950.980468
-2588.235351
-2852.941162
-2882.353027
-2431.372558
-872.549011
98.039215
911.764709
1666.666748
2392.156982
2794.117675
2892.156982
2627.450927
2147.058837
1401.960815
-647.058837
-1431.372558
-2235.294189
-2911.764648
-2705.882324
-2215.686279
-1519.607910
-529.411804
450.980407
1235.294189
2666.666748
2862.745117
2745.098144
2343.137207
1715.686279
813.725524
-137.254898
-1872.549072
-2539.215820
-2872.549072
-2901.960937
-2480.392089
-1941.176513
-1117.647094
950.980407
1705.882324
2411.764648
2774.509765
2882.353027
2578.431396
1245.098022
235.294128
-637.254943
-1421.568603
-2225.490234
-2725.490234
-2882.353027
-2205.882324
-1500.000000
-598.039245
352.941192
1196.078491
1950.980468
2578.431396
2754.902099
2362.745117
1774.509887
911.764709
-49.019607
-872.549011
-1656.862792
-2813.725585
-2901.960937
-2558.823486
-2039.215698
-1245.098022
-264.705902
627.450988
2303.921630
2745.098144
2892.156982
2676.470703
2215.686279
1519.607910
588.235290
-372.549041
-1225.490234
-1970.588256
-2578.431396
-2872.549072
-2882.353027
-2431.372558
-1852.941162
-970.588256
9.803922
774.509826
2382.353027
2764.706054
2872.549072
2607.843261
2137.254882
1431.372558
411.764709
-1431.372558
-2235.294189
-2911.764648
-2666.666748
-2215.686279
-362.745117
549.019592
1343.137329
2117.647216
2666.666748
2901.960937
2715.686279
1598.039184
656.862731
-303.921569
-1166.666748
-1931.372558
-2539.215820
-2852.941162
-2401.960937
-1794.117675
-921.568664
68.627449
882.352966
1656.862792
2352.941162
2754.902099
2882.353027
2637.254882
2156.862792
1411.764770
411.764709
-490.196075
-1313.725463
-2098.039306
-2676.470703
-2901.960937
-2774.509765
-2352.941162
-1764.705932
303.921569
1147.058837
1882.353027
2509.803955
2813.725585
2882.353027
2450.980468
1000.000000
68.627449
-774.509826
-1549.019653
-2333.333496
-2784.313720
-2901.960937
-2137.254882
-1382.353027
-362.745117
558.823547
1352.941162
2127.450927
2686.274658
2656.862792
2274.509765
1617.647094
676.470581
-274.509796
-1127.451049
-1892.156860
-2549.019775
-2872.549072
-2911.764648
-1843.137329
-970.588256
9.803922
764.705871
1539.215698
2274.509765
2764.706054
2598.039306
2137.254882
1421.568603
431.372558
-500.000000
-1235.294189
-2039.215698
-2901.960937
-2745.098144
-2343.137207
-1705.882324
-784.313720
186.274520
1039.215698
1803.921630
2460.784423
2803.921630
2450.980468
1911.764770
1098.039184
68.627449
-745.098083
-1509.803955
-2294.117675
-2882.353027
-2637.254882
-2156.862792
-1392.156860
-382.352935
549.019592
1313.725463
2107.843261
2656.862792
2862.745117
2745.098144
2343.137207
1735.294189
823.529418
-127.450981
-1000.000000
-1715.686279
-2470.588378
-2892.156982
-2500.000000
-2039.215698
-1235.294189
-205.882354
647.058837
1431.372558
2745.098144
2872.549072
2627.450927
2186.274658
1529.411743
578.431396
-421.568634
-2117.647216
-2686.274658
-2901.960937
-2745.098144
-2323.529541
-1735.294189
372.549041
1166.666748
1931.372558
2549.019775
2852.941162
2843.137207
2431.372558
931.372558
-49.019607
-872.549011
-1637.254882
-2392.156982
-2764.706054
-2921.568603
-2068.627441
-1284.313720
-264.705902
637.254943
1411.764770
2176.470703
2705.882324
2882.353027
2686.274658
2274.509765
627.450988
-343.137268
-1196.078491
-1950.980468
-2558.823486
-2852.941162
-2882.353027
-1784.313720
-882.352966
117.647064
970.588256
1715.686279
2431.372558
2833.333496
2490.196044
2009.803955
1215.686279
205.882354
-666.666687
-1450.980468
-2225.490234
-2892.156982
-2686.274658
-2166.666748
-1480.392211
-480.392150
460.784332
2137.254882
2676.470703
2872.549072
2705.882324
2313.725585
1705.882324
803.921569
-1186.274536
-1960.784301
-2598.039306
-2882.353027
-2882.353027
-2450.980468
-1882.353027
117.647064
990.196105
1725.490234
2431.372558
2774.509765
2872.549072
2568.627441
1205.882324
186.274520
-686.274536
-1470.588256
-2254.902099
-2745.098144
-2911.764648
-2686.274658
-2245.098144
-1588.235351
509.803924
1294.117675
2078.431396
2607.843261
2872.549072
2794.117675
2352.941162
1745.098022
901.960815
-68.627449
-911.764709
-1676.470581
-2411.764648
-2813.725585
-2911.764648
-2607.843261
-2107.843261
-1333.333374
725.490234
1509.803955
2284.313720
2735.294189
2892.156982
2666.666748
2215.686279
480.392150
-460.784332
-1284.313720
-2058.823486
-2676.470703
-2872.549072
-2803.921630
-1696.078491
-764.705871
225.490203
1078.431396
1833.333374
2509.803955
2852.941162
2421.568603
1882.353027
1058.823608
49.019607
-754.901977
-1558.823608
-2794.117675
-2901.960937
-2627.450927
-2147.058837
-1392.156860
-392.156860
529.411804
2215.686279
2715.686279
2843.137207
2666.666748
2254.902099
1647.058837
725.490234
-235.294128
-1098.039184
-1843.137329
-2882.353027
-2882.353027
-2441.176513
-1843.137329
-990.196105
-9.803922
774.509826
2392.156982
2794.117675
2911.764648
2568.627441
2127.450927
1411.764770
411.764709
-1421.568603
-2205.882324
-2725.490234
-2892.156982
-2705.882324
-2264.705810
-1607.843139
421.568634
1245.098022
2000.000000
2558.823486
2862.745117
2872.549072
2431.372558
1833.333374
990.196105
19.607843
-1735.294189
-2460.784423
-2813.725585
-2901.960937
-2549.019775
-2088.235351
-1313.725463
754.901977
1529.411743
2264.705810
2764.706054
2872.549072
2686.274658
1401.960815
441.176483
-480.392150
-1303.921630
-2078.431396
-2647.058837
-2872.549072
-2333.333496
-1666.666748
-715.686279
245.098037
1058.823608
1833.333374
2500.000000
2892.156982
2460.784423
1921.568603
1117.647094
127.450981
-754.901977
-1519.607910
-2784.313720
-2901.960937
-2637.254882
-2166.666748
-1421.568603
-401.960784
490.196075
1294.117675
2078.431396
2627.450927
2852.941162
2764.706054
2343.137207
1774.509887
892.156860
-78.431373
-931.372558
-1705.882324
-2431.372558
-2803.921630
-2901.960937
-2029.411743
-1196.078491
-196.078430
656.862731
1450.980468
2225.490234
2725.490234
2647.058837
2205.882324
1509.803955
539.215698
-401.960784
-1254.901977
-2019.607910
-2901.960937
-2754.902099
-2362.745117
-1745.098022
-843.137268
137.254898
1000.000000
2500.000000
2823.529541
2901.960937
2539.215820
2058.823486
1303.921630
294.117645
-598.039245
-1392.156860
-2176.470703
-2892.156982
-2686.274658
-2235.294189
-1578.431396
-568.627441
411.764709
1196.078491
2637.254882
2872.549072
2794.117675
2372.549072
1735.294189
882.352966
-98.039215
-1813.725463
-2519.607910
-2833.333496
-2901.960937
-2490.196044
-2019.607910
-1196.078491
-166.666671
696.078430
1480.392211
2225.490234
2725.490234
2882.353027
2676.470703
2245.098144
1617.647094
676.470581
-284.313720
-2029.411743
-2627.450927
-2901.960937
-2843.137207
-2382.353027
-1813.725463
-960.784301
39.215686
862.745117
1637.254882
2794.117675
2872.549072
2549.019775
2068.627441
1294.117675
274.509796
-588.235290
-2264.705810
-2745.098144
-2901.960937
-2686.274658
-2235.294189
-1549.019653
-598.039245
1333.333374
2117.647216
2882.353027
2676.470703
2294.117675
588.235290
-372.549041
-1196.078491
-1980.392211
-2607.843261
-2852.941162
-2843.137207
-1764.705932
-852.941162
147.058822
1000.000000
1715.686279
2411.764648
2784.313720
2509.803955
1980.392211
1196.078491
186.274520
-686.274536
-1460.784301
-2254.902099
-2764.706054
-2882.353027
-2676.470703
-1470.588256
-490.196075
470.588256
1264.705932
2019.607910
2598.039306
2862.745117
2833.333496
2392.156982
1794.117675
960.784301
-29.411766
-852.941162
-1647.058837
-2372.549072
-2911.764648
-2568.627441
-2058.823486
-1274.509887
-245.098037
627.450988
1352.941162
2166.666748
2705.882324
2892.156982
2215.686279
1558.823608
607.843139
-352.941192
-1196.078491
-1990.196166
-2607.843261
-2872.549072
-2862.745117
-2441.176513
-1823.529418
-950.980407
9.803922
794.117675
1578.431396
2303.921630
2735.294189
2872.549072
2127.450927
1382.353027
382.352935
-539.215698
-1343.137329
-2156.862792
-2715.686279
-2715.686279
-2264.705810
-1607.843139
-637.254943
352.941192
1176.470581
1901.960815
2892.156982
2823.529541
2401.960937
1784.313720
921.568664
-68.627449
-862.745117
-2460.784423
-2803.921630
-2892.156982
-2539.215820
-2068.627441
-1274.509887
-245.098037
647.058837
1392.156860
2186.274658
2872.549072
2666.666748
2245.098144
1578.431396
637.254943
-333.333343
-1205.882324
-2647.058837
-2892.156982
