-2784.313720
-2392.156982
-1745.098022
-901.960815
1117.647094
1843.137329
2519.607910
2823.529541
2882.353027
2480.392089
1970.588256
1166.666748
127.450981
-754.901977
-1509.803955
-2774.509765
-2901.960937
-2637.254882
-2186.274658
-1450.980468
-441.176483
1421.568603
2186.274658
2715.686279
2872.549072
2715.686279
2274.509765
1647.058837
-431.372558
-1245.098022
-2039.215698
-2607.843261
-2852.941162
-2843.137207
-2431.372558
-794.117675
176.470596
1029.411743
1794.117675
2490.196044
2813.725585
2892.156982
2509.803955
2009.803955
1245.098022
-794.117675
-1578.431396
-2794.117675
-2911.764648
-2568.627441
-2088.235351
-196.078430
676.470581
1441.176513
2225.490234
2754.902099
2892.156982
2176.470703
1500.000000
637.254943
-323.529418
-1196.078491
-1960.784301
-2578.431396
-2813.725585
-2362.745117
-1774.509887
-882.352966
88.235298
921.568664
1676.470581
2392.156982
2764.706054
2892.156982
2607.843261
2147.058837
1411.764770
392.156860
-1450.980468
-2215.686279
-2735.294189
-2686.274658
-2215.686279
-1500.000000
-598.039245
382.352935
1205.882324
1941.176513
2872.549072
2813.725585
2382.353027
1764.705932
911.764709
-49.019607
-862.745117
-2460.784423
-2823.529541
-2901.960937
-2539.215820
-2049.019531
-1274.509887
-245.098037
1558.823608
2294.117675
2754.902099
2882.353027
2656.862792
2205.882324
1490.196166
549.019592
-411.764709
-1245.098022
-2009.803955
-2637.254882
-2882.353027
-2823.529541
-2411.764648
-1833.333374
-941.176513
49.019607
1754.901977
2470.588378
2774.509765
2862.745117
2539.215820
2049.019531
1294.117675
274.509796
-607.843139
-1411.764770
-2774.509765
-2911.764648
-2676.470703
-2245.098144
-1549.019653
-578.431396
401.960784
2088.235351
2647.058837
2852.941162
2303.921630
1656.862792
735.294128
-215.686279
-1107.843139
-1872.549072
-2549.019775
-2852.941162
-2421.568603
-1852.941162
-960.784301
9.803922
754.901977
1549.019653
2764.706054
2872.549072
2598.039306
2137.254882
1441.176513
441.176483
-470.588256
-1294.117675
-2078.431396
-2647.058837
-2715.686279
-2303.921630
-1647.058837
-696.078430
274.509796
1117.647094
1882.353027
2843.137207
2833.333496
2411.764648
1843.137329
990.196105
39.215686
-813.725524
-2401.960937
-2813.725585
-2911.764648
-2598.039306
-2137.254882
-1343.137329
-343.137268
558.823547
1343.137329
2156.862792
2696.078369
2872.549072
2735.294189
2303.921630
1686.274536
794.117675
-156.862747
-1049.019653
-2558.823486
-2872.549072
-2862.745117
-2441.176513
-1892.156860
-1039.215698
0.000000
696.078430
1460.784301
2245.098144
2862.745117
2637.254882
2205.882324
1490.196166
529.411804
-441.176483
-1274.509887
-2686.274658
-2882.353027
-2715.686279
-2323.529541
-1696.078491
-764.705871
215.686279
1931.372558
2549.019775
2823.529541
2872.549072
2460.784423
1892.156860
1078.431396
58.823532
-754.901977
-1539.215698
-2823.529541
-2911.764648
-2607.843261
-1254.901977
-225.490203
647.058837
1421.568603
2196.078369
2676.470703
2872.549072
2235.294189
1539.215698
607.843139
-372.549041
-1205.882324
-1990.196166
-2627.450927
-2764.706054
-2362.745117
-1754.901977
-862.745117
147.058822
970.588256
1735.294189
2833.333496
2901.960937
2500.000000
2049.019531
1284.313720
264.705902
-637.254943
-2294.117675
-2774.509765
-2892.156982
-2666.666748
-2196.078369
-1529.411743
568.627441
1343.137329
2117.647216
2666.666748
2882.353027
2676.470703
2323.529541
666.666687
-303.921569
-1176.470581
-1931.372558
-2588.235351
-2882.353027
-2852.941162
-1784.313720
-911.764709
78.431373
901.960815
1656.862792
2382.353027
2745.098144
2882.353027
2617.647216
2156.862792
294.117645
-598.039245
-1392.156860
-2186.274658
-2705.882324
-2921.568603
-2725.490234
-1568.627441
-578.431396
392.156860
1215.686279
1990.196166
2578.431396
2823.529541
2833.333496
2392.156982
1852.941162
-166.666671
-1029.411743
-1803.921630
-2529.411865
-2823.529541
-2921.568603
-2490.196044
-1088.235351
-39.215686
784.313720
1588.235351
2333.333496
2735.294189
2872.549072
2656.862792
2186.274658
1509.803955
-578.431396
-1382.353027
-2196.078369
-2901.960937
-2686.274658
-2254.902099
-1617.647094
-627.450988
333.333343
1186.274536
2627.450927
2852.941162
2843.137207
2421.568603
1784.313720
921.568664
-49.019607
-852.941162
-1656.862792
-2382.353027
-2892.156982
-2539.215820
-2068.627441
-1313.725463
-274.509796
647.058837
1411.764770
2196.078369
2705.882324
2882.353027
2676.470703
2284.313720
1656.862792
735.294128
-215.686279
-1098.039184
-1862.745117
-2558.823486
-2843.137207
-2921.568603
-2470.588378
-1950.980468
19.607843
813.725524
1617.647094
2362.745117
2764.706054
2892.156982
2647.058837
2186.274658
1460.784301
509.803924
-1352.941162
-2147.058837
-2705.882324
-2911.764648
-2725.490234
-2323.529541
-1676.470581
392.156860
1215.686279
1941.176513
2578.431396
2882.353027
2862.745117
2411.764648
1862.745117
1019.607849
0.000000
-696.078430
-1490.196166
-2274.509765
-2725.490234
-2901.960937
-2686.274658
-2264.705810
-1578.431396
519.607849
1313.725463
2705.882324
2872.549072
2735.294189
2303.921630
617.647094
-343.137268
-1205.882324
-2009.803955
-2607.843261
-2862.745117
-2852.941162
-2401.960937
-1843.137329
-990.196105
19.607843
833.333374
1607.843139
2372.549072
2774.509765
2843.137207
2637.254882
2176.470703
382.352935
-539.215698
-1343.137329
-2147.058837
-2686.274658
-2911.764648
-2705.882324
-1607.843139
-647.058837
323.529418
1176.470581
1960.784301
2529.411865
2833.333496
2862.745117
2431.372558
1882.353027
-88.235298
-911.764709
-1686.274536
-2441.176513
-2803.921630
-2911.764648
-2607.843261
-1225.490234
-205.882354
676.470581
1460.784301
2235.294189
2725.490234
2666.666748
2186.274658
1539.215698
519.607849
-431.372558
-1264.705932
-2068.627441
-2882.353027
-2745.098144
-2323.529541
-1705.882324
-774.509826
196.078430
1058.823608
1813.725463
2490.196044
2803.921630
2441.176513
1921.568603
1107.843139
78.431373
-745.098083
-1519.607910
-2294.117675
-2901.960937
-2627.450927
-2156.862792
-1401.960815
-411.764709
519.607849
1303.921630
2696.078369
2843.137207
2686.274658
2294.117675
1676.470581
754.901977
-205.882354
-1960.784301
-2578.431396
-2892.156982
-2872.549072
-2431.372558
-1862.745117
-1019.607849
9.803922
784.313720
1568.627441
2784.313720
2862.745117
2568.627441
2117.647216
1382.353027
382.352935
-539.215698
-2235.294189
-2715.686279
-2911.764648
-2686.274658
-2264.705810
-1598.039184
-647.058837
333.333343
1176.470581
1921.568603
2549.019775
2872.549072
2872.549072
2441.176513
1882.353027
1078.431396
58.823532
-754.901977
-2382.353027
-2794.117675
-2892.156982
-2598.039306
-2137.254882
-1372.549072
-382.352935
1460.784301
2245.098144
2715.686279
2911.764648
2676.470703
2254.902099
519.607849
-421.568634
-1245.098022
-2039.215698
-2617.647216
-2862.745117
-2833.333496
-1696.078491
-794.117675
225.490203
1039.215698
1813.725463
2490.196044
2833.333496
2892.156982
2509.803955
1990.196166
58.823532
-784.313720
-1558.823608
-2303.921630
-2754.902099
-2911.764648
-2676.470703
-1401.960815
-362.745117
549.019592
1313.725463
2117.647216
2637.254882
2882.353027
2254.902099
1617.647094
696.078430
-264.705902
-1137.254882
-1862.745117
-2539.215820
-2862.745117
-2421.568603
-1833.333374
-950.980407
9.803922
794.117675
1568.627441
2294.117675
2745.098144
2862.745117
2098.039306
1352.941162
382.352935
-549.019592
-1333.333374
-2137.254882
-2686.274658
-2696.078369
-2264.705810
-1637.254882
-676.470581
313.725494
1147.058837
1892.156860
2519.607910
2813.725585
2872.549072
2460.784423
1941.176513
1117.647094
107.843139
-764.705871
-1549.019653
-2303.921630
-2774.509765
-2607.843261
-2127.450927
-1392.156860
-372.549041
549.019592
1343.137329
2137.254882
2862.745117
2666.666748
2264.705810
1647.058837
705.882385
-245.098037
-1107.843139
-2607.843261
-2892.156982
-2852.941162
-2431.372558
-1823.529418
-950.980407
1058.823608
1813.725463
2480.392089
2803.921630
2892.156982
2490.196044
2029.411743
68.627449
-745.098083
-1529.411743
-2303.921630
-2764.706054
-2901.960937
-2696.078369
-2235.294189
-1549.019653
-539.215698
1352.941162
2147.058837
2666.666748
2872.549072
2725.490234
2352.941162
1705.882324
-343.137268
-1205.882324
-1970.588256
-2617.647216
-2862.745117
-2882.353027
-2441.176513
-872.549011
117.647064
990.196105
1725.490234
2441.176513
2784.313720
2882.353027
2578.431396
2098.039306
1343.137329
323.529418
-578.431396
-1352.941162
-2176.470703
-2725.490234
-2911.764648
-2715.686279
-2303.921630
-627.450988
352.941192
1186.274536
1990.196166
2568.627441
2843.137207
2833.333496
2431.372558
1892.156860
1049.019653
-1000.000000
-1725.490234
-2470.588378
-2813.725585
-2892.156982
-2568.627441
-2078.431396
-147.058822
725.490234
1490.196166
2254.902099
2725.490234
2862.745117
2656.862792
2235.294189
1578.431396
617.647094
-333.333343
-1186.274536
-1960.784301
-2578.431396
-2872.549072
-2872.549072
-2460.784423
-1872.549072
-1029.411743
0.000000
715.686279
2333.333496
2774.509765
2882.353027
2647.058837
2176.470703
1490.196166
500.000000
-1313.725463
-2127.450927
-2686.274658
-2901.960937
-2754.902099
-2343.137207
-1735.294189
323.529418
1147.058837
1911.764770
2529.411865
2843.137207
2882.353027
2480.392089
1921.568603
1117.647094
98.039215
-1656.862792
-2411.764648
-2803.921630
-2901.960937
-2617.647216
-2147.058837
-1401.960815
676.470581
1421.568603
2215.686279
2715.686279
2892.156982
2696.078369
2284.313720
558.823547
-411.764709
-1235.294189
-2019.607910
-2588.235351
-2892.156982
-2833.333496
-1725.490234
-803.921569
205.882354
1039.215698
1784.313720
2470.588378
2872.549072
2460.784423
1901.960815
1107.843139
58.823532
-754.901977
-1529.411743
-2794.117675
-2892.156982
-2617.647216
-2127.450927
-1362.745117
-372.549041
588.235290
2215.686279
2715.686279
2892.156982
2696.078369
2254.902099
1637.254882
715.686279
-1235.294189
-2009.803955
-2607.843261
-2882.353027
-2833.333496
-2421.568603
-823.529418
166.666671
1009.803955
1764.705932
2480.392089
2823.529541
2872.549072
2519.607910
2029.411743
1245.098022
235.294128
-637.254943
-1411.764770
-2215.686279
-2735.294189
-2892.156982
-2686.274658
-2254.902099
-1607.843139
-647.058837
343.137268
1186.274536
2598.039306
2843.137207
2833.333496
2401.960937
1794.117675
941.176513
-29.411766
-1764.705932
-2490.196044
-2823.529541
-2892.156982
-2529.411865
-2019.607910
-78.431373
754.901977
1509.803955
2264.705810
2715.686279
2882.353027
2686.274658
1441.176513
450.980407
-470.588256
-1294.117675
-2098.039306
-2656.862792
-2892.156982
-2294.117675
-1647.058837
-715.686279
303.921569
1137.254882
1872.549072
2490.196044
2843.137207
2431.372558
1843.137329
990.196105
19.607843
-784.313720
-1568.627441
-2794.117675
-2892.156982
-2598.039306
-2117.647216
-1352.941162
-313.725494
598.039245
1392.156860
2176.470703
2686.274658
2686.274658
2254.902099
1607.843139
656.862731
-323.529418
-1156.862792
-1921.568603
-2558.823486
-2882.353027
-2872.549072
-2470.588378
-1862.745117
-1009.803955
-19.607843
833.333374
1617.647094
2352.941162
2754.902099
2568.627441
2088.235351
1343.137329
333.333343
-588.235290
-1372.549072
-2156.862792
-2911.764648
-2686.274658
-2235.294189
-1588.235351
-578.431396
392.156860
1215.686279
1970.588256
2578.431396
2843.137207
2372.549072
1764.705932
911.764709
-1098.039184
-1882.353027
-2558.823486
-2862.745117
-2892.156982
-2470.588378
-1911.764770
39.215686
862.745117
1656.862792
2392.156982
2754.902099
2862.745117
2607.843261
2147.058837
1441.176513
431.372558
-1411.764770
-2186.274658
-2725.490234
-2901.960937
-2705.882324
-2284.313720
-1637.254882
460.784332
1245.098022
2019.607910
2588.235351
2843.137207
2843.137207
2401.960937
823.529418
-117.647064
-980.392150
-1745.098022
-2480.392089
-2843.137207
-2901.960937
-1990.196166
-1176.470581
-137.254898
754.901977
1519.607910
2264.705810
2745.098144
2862.745117
2676.470703
2245.098144
500.000000
-382.352935
-1205.882324
-2029.411743
-2617.647216
-2882.353027
-2862.745117
-1715.686279
-813.725524
176.470596
1029.411743
1813.725463
2500.000000
2862.745117
2460.784423
1970.588256
1166.666748
127.450981
-735.294128
-1519.607910
-2794.117675
-2882.353027
-2666.666748
-2156.862792
-1441.176513
-411.764709
539.215698
2196.078369
2676.470703
2843.137207
2676.470703
2294.117675
1656.862792
735.294128
-1225.490234
-2000.000000
-2558.823486
-2882.353027
-2872.549072
-2450.980468
-1872.549072
78.431373
892.156860
1666.666748
2411.764648
2784.313720
2862.745117
2029.411743
1264.705932
264.705902
-627.450988
-1421.568603
-2215.686279
-2715.686279
-2882.353027
-2725.490234
-2274.509765
-1617.647094
470.588256
1274.509887
2029.411743
2617.647216
2852.941162
2784.313720
1705.882324
794.117675
-166.666671
-1049.019653
-1823.529418
-2519.607910
-2833.333496
-2450.980468
-1882.353027
-1049.019653
-9.803922
774.509826
1539.215698
2294.117675
2872.549072
2607.843261
2147.058837
1411.764770
431.372558
-480.392150
-1313.725463
-2078.431396
-2676.470703
-2882.353027
-2294.117675
-1647.058837
-715.686279
254.901962
1117.647094
1872.549072
2519.607910
2852.941162
2411.764648
1872.549072
1029.411743
-9.803922
-784.313720
-1568.627441
-2794.117675
-2892.156982
-2607.843261
-2127.450927
-1362.745117
-333.333343
568.627441
1352.941162
2147.058837
2686.274658
2656.862792
2225.490234
1578.431396
656.862731
-313.725494
-1176.470581
-1931.372558
-2882.353027
-2843.137207
-2392.156982
-1774.509887
-911.764709
78.431373
892.156860
1647.058837
2382.353027
2784.313720
2892.156982
2627.450927
2137.254882
1441.176513
441.176483
-490.196075
-1303.921630
-2088.235351
-2892.156982
-2696.078369
-2294.117675
-1637.254882
-705.882385
274.509796
1127.451049
1862.745117
2509.803955
2813.725585
2862.745117
2480.392089
1950.980468
1166.666748
147.058822
-715.686279
-1509.803955
-2274.509765
-2754.902099
-2901.960937
-2686.274658
-1450.980468
-460.784332
500.000000
1235.294189
2000.000000
2568.627441
2852.941162
2352.941162
1764.705932
931.372558
-58.823532
-911.764709
-1676.470581
-2431.372558
-2901.960937
-2529.411865
-2039.215698
-1245.098022
-215.686279
666.666687
1421.568603
2764.706054
2901.960937
2647.058837
2176.470703
1519.607910
568.627441
-411.764709
-2088.235351
-2656.862792
-2882.353027
-2774.509765
-2362.745117
-1754.901977
-843.137268
1147.058837
1931.372558
2568.627441
2862.745117
2852.941162
2441.176513
941.176513
-58.823532
-872.549011
-1656.862792
-2382.353027
-2784.313720
-2911.764648
-2617.647216
-2127.450927
-1401.960815
686.274536
1470.588256
2274.509765
2735.294189
2892.156982
2666.666748
2235.294189
509.803924
-411.764709
-1254.901977
-2019.607910
-2617.647216
-2872.549072
-2852.941162
-1725.490234
-784.313720
176.470596
1029.411743
1803.921630
2460.784423
2852.941162
2441.176513
1901.960815
1107.843139
58.823532
-784.313720
-1578.431396
-2323.529541
-2764.706054
-2892.156982
-2666.666748
-1382.353027
-362.745117
598.039245
1333.333374
2147.058837
2686.274658
2901.960937
2264.705810
1607.843139
676.470581
-274.509796
-1156.862792
-1921.568603
-2549.019775
-2852.941162
-2421.568603
-1833.333374
-950.980407
29.411766
843.137268
2450.980468
2794.117675
2892.156982
2558.823486
2078.431396
1313.725463
303.921569
-627.450988
-1392.156860
-2166.666748
-2696.078369
-2696.078369
-2245.098144
-1558.823608
-598.039245
372.549041
1186.274536
2607.843261
2852.941162
2784.313720
2362.745117
1784.313720
872.549011
-68.627449
-1803.921630
-2490.196044
-2843.137207
-2901.960937
-2529.411865
-2029.411743
-1215.686279
843.137268
1617.647094
2382.353027
2764.706054
2892.156982
2627.450927
2147.058837
1460.784301
500.000000
-401.960784
-2088.235351
-2647.058837
-2892.156982
-2774.509765
-2372.549072
-1754.901977
-872.549011
1117.647094
1892.156860
2519.607910
2843.137207
2882.353027
2509.803955
1960.784301
19.607843
-823.529418
-1607.843139
-2362.745117
-2774.509765
-2892.156982
-2656.862792
-1343.137329
-303.921569
607.843139
1372.549072
2156.862792
2676.470703
2676.470703
2264.705810
1607.843139
676.470581
-294.117645
-1147.058837
-1931.372558
-2568.627441
-2872.549072
-2872.549072
-2460.784423
-950.980407
39.215686
872.549011
1637.254882
2352.941162
2774.509765
2872.549072
2598.039306
2176.470703
1480.392211
-598.039245
-1392.156860
-2196.078369
-2892.156982
-2696.078369
-2245.098144
-1558.823608
-607.843139
401.960784
1215.686279
2637.254882
2872.549072
2794.117675
2372.549072
1774.509887
911.764709
-68.627449
-1784.313720
-2500.000000
-2833.333496
-2921.568603
-2558.823486
-2078.431396
-1274.509887
803.921569
1549.019653
2294.117675
2754.902099
2882.353027
2656.862792
1382.353027
382.352935
-539.215698
-1333.333374
-2147.058837
-2696.078369
-2892.156982
-2264.705810
-1617.647094
450.980407
1235.294189
2019.607910
2607.843261
2725.490234
2313.725585
1705.882324
823.529418
-166.666671
-1029.411743
-1794.117675
-2852.941162
-2872.549072
-2470.588378
-1911.764770
-1058.823608
-49.019607
1705.882324
2421.568603
2803.921630
2872.549072
2578.431396
2088.235351
1333.333374
-715.686279
-1519.607910
-2294.117675
-2764.706054
-2921.568603
-2696.078369
-2225.490234
-441.176483
500.000000
1254.901977
2029.411743
2607.843261
2892.156982
2843.137207
1725.490234
843.137268
-147.058822
-1039.215698
-1813.725463
-2509.803955
-2852.941162
-2470.588378
-1921.568603
-1078.431396
-39.215686
794.117675
1578.431396
2754.902099
2852.941162
2588.235351
2107.843261
1382.353027
382.352935
-558.823547
-2215.686279
-2715.686279
-2666.666748
-2186.274658
-1500.000000
-598.039245
1313.725463
2068.627441
2637.254882
2872.549072
2754.902099
2362.745117
1745.098022
892.156860
-68.627449
-931.372558
-1686.274536
-2431.372558
-2813.725585
-2921.568603
-2598.039306
-2127.450927
-1362.745117
-323.529418
1509.803955
2274.509765
2735.294189
2872.549072
2676.470703
2225.490234
1588.235351
617.647094
-343.137268
-1196.078491
-2647.058837
-2901.960937
-2823.529541
-1705.882324
-764.705871
205.882354
1049.019653
1823.529418
2519.607910
2823.529541
2450.980468
1901.960815
1117.647094
98.039215
-715.686279
-1509.803955
-2284.313720
-2911.764648
-2637.254882
-2156.862792
-1401.960815
-411.764709
519.607849
1284.313720
2058.823486
2647.058837
2872.549072
2294.117675
1666.666748
764.705871
-196.078430
-1068.627441
-1843.137329
-2509.803955
-2882.353027
-2450.980468
-1872.549072
-1039.215698
-19.607843
813.725524
1598.039184
2813.725585
2862.745117
2558.823486
2107.843261
1333.333374
333.333343
-578.431396
-2245.098144
-2764.706054
-2892.156982
-2696.078369
-2245.098144
-1588.235351
490.196075
1303.921630
2088.235351
2647.058837
2872.549072
2774.509765
2362.745117
1764.705932
872.549011
-98.039215
-901.960815
-2470.588378
-2823.529541
-2892.156982
-2529.411865
-2029.411743
-1215.686279
852.941162
1627.451049
2343.137207
2774.509765
2901.960937
2617.647216
2176.470703
352.941192
-549.019592
-1352.941162
-2127.450927
-2715.686279
-2862.745117
-2735.294189
-1598.039184
-637.254943
352.941192
1166.666748
1960.784301
2578.431396
2843.137207
2382.353027
1794.117675
921.568664
-39.215686
-882.352966
-1656.862792
-2392.156982
-2921.568603
-2568.627441
-2058.823486
-1264.705932
-225.490203
647.058837
2313.725585
2745.098144
2882.353027
2666.666748
2215.686279
1539.215698
578.431396
-372.549041
-1235.294189
-2009.803955
-2598.039306
-2803.921630
-2382.353027
-1764.705932
-862.745117
127.450981
980.392150
2490.196044
2833.333496
2882.353027
2480.392089
2000.000000
1274.509887
274.509796
-1529.411743
-2303.921630
-2764.706054
-2911.764648
-2686.274658
-2215.686279
-1509.803955
549.019592
1352.941162
2147.058837
2696.078369
2892.156982
2725.490234
2313.725585
1686.274536
813.725524
-156.862747
-1911.764770
-2539.215820
-2862.745117
-2901.960937
-2470.588378
-1901.960815
-1098.039184
980.392150
1735.294189
2450.980468
2794.117675
2882.353027
2558.823486
2088.235351
1333.333374
323.529418
-598.039245
-1401.960815
-2186.274658
-2696.078369
-2901.960937
-2735.294189
-2303.921630
-1676.470581
-725.490234
1225.490234
1980.392211
2598.039306
2862.745117
2843.137207
2411.764648
1833.333374
1000.000000
58.823532
-764.705871
-2421.568603
-2823.529541
-2911.764648
-2617.647216
-2156.862792
-1382.353027
-372.549041
1460.784301
2205.882324
2725.490234
2911.764648
2666.666748
2274.509765
1617.647094
-441.176483
-1284.313720
-2078.431396
-2647.058837
-2882.353027
-2803.921630
-2382.353027
-1784.313720
-892.156860
107.843139
950.980407
1715.686279
2431.372558
2784.313720
2882.353027
2568.627441
2117.647216
1382.353027
-705.882385
-1480.392211
-2274.509765
-2754.902099
-2892.156982
-2705.882324
-2245.098144
-490.196075
460.784332
1274.509887
2029.411743
2607.843261
2833.333496
2333.333496
1696.078491
813.725524
-147.058822
-1029.411743
-1803.921630
-2529.411865
-2872.549072
-2450.980468
-1901.960815
-1088.235351
-39.215686
794.117675
1578.431396
2774.509765
2882.353027
2598.039306
2127.450927
1401.960815
411.764709
-509.803924
-1313.725463
-2098.039306
-2666.666748
-2705.882324
-2274.509765
-1647.058837
-715.686279
264.705902
1127.451049
1892.156860
2852.941162
2833.333496
2450.980468
1862.745117
1019.607849
0.000000
-725.490234
-2343.137207
-2774.509765
-2931.372558
-2656.862792
-2166.666748
-1441.176513
-450.980407
460.784332
1264.705932
2058.823486
2882.353027
2686.274658
2313.725585
1686.274536
813.725524
-215.686279
-1088.235351
-2578.431396
-2872.549072
-2872.549072
-2450.980468
-1872.549072
-1058.823608
-39.215686
1735.294189
2441.176513
2803.921630
2852.941162
2529.411865
2049.019531
166.666671
-715.686279
-1500.000000
-2215.686279
-2754.902099
-2892.156982
-2715.686279
-1500.000000
-588.235290
392.156860
1186.274536
1970.588256
2607.843261
2862.745117
2343.137207
1745.098022
901.960815
-78.431373
-931.372558
-1696.078491
-2421.568603
-2892.156982
-2509.803955
-2029.411743
-1205.882324
-196.078430
676.470581
1450.980468
2754.902099
2901.960937
2647.058837
2176.470703
1509.803955
568.627441
-411.764709
-2088.235351
-2647.058837
-2725.490234
-2294.117675
-1656.862792
421.568634
1225.490234
2039.215698
2588.235351
2833.333496
2823.529541
2382.353027
823.529418
-147.058822
-1019.607849
-1813.725463
-2500.000000
-2823.529541
-2911.764648
-1960.784301
-1166.666748
-117.647064
764.705871
1539.215698
2303.921630
2754.902099
2872.549072
2647.058837
2215.686279
1558.823608
598.039245
-372.549041
-1186.274536
-1980.392211
-2588.235351
-2872.549072
-2862.745117
-1754.901977
-872.549011
107.843139
990.196105
1705.882324
2421.568603
2794.117675
2509.803955
1990.196166
1196.078491
186.274520
-686.274536
-1480.392211
-2264.705810
-2892.156982
-2666.666748
-2205.882324
-1460.784301
-450.980407
470.588256
2147.058837
2696.078369
2872.549072
2725.490234
2294.117675
1696.078491
794.117675
-1196.078491
-1941.176513
-2578.431396
-2862.745117
-2872.549072
-2450.980468
-1882.353027
107.843139
970.588256
1705.882324
2441.176513
2813.725585
2882.353027
2549.019775
2068.627441
1333.333374
323.529418
-588.235290
-1392.156860
-2166.666748
-2696.078369
-2892.156982
-2735.294189
-2303.921630
-1666.666748
411.764709
1215.686279
2000.000000
2539.215820
2843.137207
2911.764648
2500.000000
1990.196166
1166.666748
137.254898
-1656.862792
-2401.960937
-2823.529541
-2882.353027
-2637.254882
-2156.862792
-1392.156860
676.470581
1431.372558
2215.686279
2735.294189
2892.156982
2715.686279
2235.294189
549.019592
-401.960784
-1245.098022
-2019.607910
-2607.843261
-2862.745117
-2872.549072
-1764.705932
-843.137268
147.058822
1009.803955
1754.901977
2450.980468
2901.960937
2460.784423
1950.980468
1156.862792
127.450981
-754.901977
-1529.411743
-2794.117675
-2911.764648
-2656.862792
-2156.862792
-1421.568603
-421.568634
549.019592
2186.274658
2705.882324
2892.156982
2705.882324
2284.313720
1637.254882
725.490234
-245.098037
-1098.039184
-1833.333374
-2872.549072
-2882.353027
-2450.980468
-1882.353027
-1009.803955
9.803922
774.509826
2372.549072
2774.509765
2882.353027
2627.450927
2147.058837
1460.784301
460.784332
-1401.960815
-2205.882324
-2715.686279
-2892.156982
-2705.882324
-2274.509765
-1627.451049
-676.470581
313.725494
1166.666748
1921.568603
2539.215820
2823.529541
2862.745117
2441.176513
1892.156860
1107.843139
68.627449
-1705.882324
-2411.764648
-2823.529541
-2901.960937
-2607.843261
-2107.843261
-1362.745117
725.490234
1500.000000
2205.882324
2705.882324
2892.156982
2696.078369
1539.215698
558.823547
-372.549041
-1215.686279
-2000.000000
-2568.627441
-2862.745117
-2382.353027
-1774.509887
-901.960815
68.627449
892.156860
1666.666748
2382.353027
2862.745117
2529.411865
2039.215698
1254.901977
284.313720
-627.450988
-1421.568603
-2764.706054
-2911.764648
-2676.470703
-2245.098144
-1539.215698
-588.235290
362.745117
1196.078491
1970.588256
2588.235351
2872.549072
2862.745117
2421.568603
1833.333374
990.196105
39.215686
-784.313720
-1578.431396
-2794.117675
-2901.960937
-2598.039306
-2127.450927
-1372.549072
-343.137268
568.627441
2215.686279
2705.882324
2892.156982
2666.666748
2245.098144
1617.647094
676.470581
-294.117645
-1166.666748
-1931.372558
-2862.745117
-2813.725585
-2401.960937
-1823.529418
-921.568664
78.431373
901.960815
2460.784423
2784.313720
2872.549072
2558.823486
2068.627441
1313.725463
274.509796
-598.039245
-1382.353027
-2186.274658
-2725.490234
-2901.960937
-2735.294189
-2284.313720
-1647.058837
-705.882385
284.313720
1107.843139
1901.960815
2539.215820
2833.333496
2392.156982
1843.137329
990.196105
9.803922
-745.098083
-1509.803955
-2294.117675
-2901.960937
-2647.058837
-2176.470703
-1441.176513
-421.568634
509.803924
1284.313720
2725.490234
2862.745117
2696.078369
2254.902099
1666.666748
735.294128
-225.490203
-1950.980468
-2578.431396
-2862.745117
-2872.549072
-2450.980468
-1862.745117
-1009.803955
9.803922
784.313720
1568.627441
2794.117675
2892.156982
2617.647216
2117.647216
1362.745117
352.941192
-568.627441
-2215.686279
-2715.686279
-2901.960937
-2715.686279
-2264.705810
-1617.647094
-637.254943
1274.509887
2029.411743
2627.450927
2862.745117
2794.117675
2382.353027
1764.705932
911.764709
-58.823532
-882.352966
-2470.588378
-2813.725585
-2921.568603
-2539.215820
-2039.215698
-1264.705932
-225.490203
656.862731
1441.176513
2205.882324
2882.353027
2637.254882
2215.686279
1509.803955
558.823547
-392.156860
-1235.294189
-2676.470703
-2892.156982
-2774.509765
-2352.941162
-1745.098022
-862.745117
137.254898
1000.000000
1735.294189
2431.372558
2784.313720
2882.353027
2568.627441
2098.039306
1352.941162
343.137268
-558.823547
-1352.941162
-2745.098144
-2892.156982
-2696.078369
-2225.490234
-1568.627441
-598.039245
362.745117
2078.431396
2637.254882
2862.745117
2774.509765
2352.941162
1764.705932
931.372558
-39.215686
-882.352966
-1666.666748
-2411.764648
-2803.921630
-2911.764648
-2607.843261
-2156.862792
-1382.353027
-372.549041
558.823547
1343.137329
2127.450927
2686.274658
2686.274658
2264.705810
1607.843139
696.078430
-264.705902
-1137.254882
-1901.960815
-2862.745117
-2833.333496
-2411.764648
-1813.725463
-931.372558
39.215686
862.745117
2441.176513
2794.117675
2901.960937
2568.627441
2058.823486
1313.725463
294.117645
-1509.803955
-2294.117675
-2754.902099
-2901.960937
-2696.078369
-2245.098144
-1549.019653
-568.627441
382.352935
1235.294189
2627.450927
2862.745117
2774.509765
2382.353027
1754.901977
882.352966
-88.235298
-1813.725463
-2509.803955
-2833.333496
-2901.960937
-2509.803955
-2000.000000
-1274.509887
784.313720
1578.431396
2303.921630
2735.294189
2862.745117
2676.470703
1382.353027
372.549041
-529.411804
-1343.137329
-2137.254882
-2696.078369
-2892.156982
-2284.313720
-1607.843139
-666.666687
333.333343
1176.470581
1921.568603
2529.411865
2833.333496
2401.960937
1784.313720
941.176513
-39.215686
-852.941162
-1637.254882
-2803.921630
-2911.764648
-2558.823486
-2058.823486
-1254.901977
-245.098037
1588.235351
2303.921630
2735.294189
2901.960937
2656.862792
2196.078369
1480.392211
519.607849
-421.568634
-1225.490234
-2039.215698
-2901.960937
-2745.098144
-2352.941162
-1725.490234
-803.921569
205.882354
1901.960815
2558.823486
2843.137207
2872.549072
2460.784423
1931.372558
1107.843139
-950.980407
-1715.686279
-2441.176513
-2813.725585
-2911.764648
-2568.627441
-2088.235351
-156.862747
725.490234
1490.196166
2245.098144
2745.098144
2911.764648
2686.274658
2254.902099
1578.431396
656.862731
-313.725494
-1196.078491
-1950.980468
-2578.431396
-2852.941162
-2882.353027
-2470.588378
-1882.353027
107.843139
980.392150
1696.078491
2411.764648
2794.117675
2872.549072
2568.627441
1186.274536
196.078430
-676.470581
-1460.784301
-2225.490234
-2745.098144
-2892.156982
-2215.686279
-1500.000000
-558.823547
401.960784
1225.490234
1970.588256
2549.019775
2843.137207
2833.333496
2431.372558
872.549011
-78.431373
-931.372558
-1696.078491
-2450.980468
-2803.921630
-2931.372558
-2588.235351
-2098.039306
-1362.745117
-313.725494
598.039245
1392.156860
2156.862792
2696.078369
2872.549072
2686.274658
2313.725585
637.254943
-303.921569
-1186.274536
-1950.980468
-2578.431396
-2862.745117
-2892.156982
-2441.176513
-1843.137329
-1000.000000
990.196105
1735.294189
2441.176513
2794.117675
2862.745117
2519.607910
2058.823486
176.470596
-676.470581
-1480.392211
-2294.117675
-2764.706054
-2921.568603
-2696.078369
-2245.098144
-1568.627441
-598.039245
1294.117675
2068.627441
2617.647216
2686.274658
2264.705810
1656.862792
764.705871
-235.294128
-1098.039184
-1852.941162
-2872.549072
-2852.941162
-2431.372558
-1843.137329
-990.196105
9.803922
745.098083
1529.411743
2264.705810
2754.902099
2892.156982
2686.274658
2235.294189
1558.823608
617.647094
-343.137268
-1196.078491
-1980.392211
-2588.235351
-2872.549072
-2872.549072
-2431.372558
-872.549011
98.039215
931.372558
1686.274536
2411.764648
2794.117675
2882.353027
2058.823486
1264.705932
254.901962
-637.254943
-1421.568603
-2235.294189
-2735.294189
-2921.568603
-2715.686279
-2254.902099
-549.019592
441.176483
1254.901977
2039.215698
2598.039306
2833.333496
2843.137207
2401.960937
1852.941162
990.196105
19.607843
-803.921569
-1588.235351
-2343.137207
-2764.706054
-2921.568603
-2647.058837
-2196.078369
-362.745117
568.627441
1352.941162
2117.647216
2686.274658
2882.353027
2715.686279
1598.039184
676.470581
-294.117645
-1166.666748
-1931.372558
-2568.627441
-2872.549072
-2882.353027
-2470.588378
-1901.960815
88.235298
892.156860
1696.078491
2382.353027
2764.706054
2872.549072
2617.647216
1274.509887
284.313720
-607.843139
-1431.372558
-2215.686279
-2735.294189
-2882.353027
-2235.294189
-1529.411743
-529.411804
441.176483
1225.490234
2000.000000
2539.215820
2852.941162
2872.549072
2460.784423
921.568664
-68.627449
-882.352966
-1666.666748
-2411.764648
-2813.725585
-2911.764648
-2607.843261
-2127.450927
-1343.137329
715.686279
1490.196166
2254.902099
2892.156982
2637.254882
2176.470703
1480.392211
500.000000
-382.352935
-1215.686279
-2666.666748
-2872.549072
-2774.509765
-2352.941162
-1754.901977
-852.941162
166.666671
1882.353027
2519.607910
2833.333496
2882.353027
2470.588378
1960.784301
1166.666748
107.843139
-764.705871
-1539.215698
-2794.117675
-2892.156982
-2647.058837
-2147.058837
-1421.568603
-392.156860
539.215698
2166.666748
2686.274658
2892.156982
2696.078369
2284.313720
1666.666748
735.294128
-1254.901977
-2000.000000
-2588.235351
-2882.353027
-2872.549072
-2460.784423
-1892.156860
-1049.019653
-29.411766
813.725524
2401.960937
2774.509765
2882.353027
2568.627441
2127.450927
1382.353027
392.156860
-1450.980468
-2225.490234
-2745.098144
-2911.764648
-2696.078369
-2284.313720
-1627.451049
480.392150
1264.705932
2039.215698
2598.039306
2862.745117
2803.921630
1705.882324
794.117675
-176.470596
-1049.019653
-1833.333374
-2509.803955
-2843.137207
-2882.353027
-2509.803955
-2000.000000
-1254.901977
813.725524
1598.039184
2313.725585
2725.490234
2892.156982
2647.058837
1352.941162
352.941192
-549.019592
-1333.333374
-2127.450927
-2725.490234
-2901.960937
-2274.509765
-1617.647094
-656.862731
303.921569
1137.254882
1941.176513
2539.215820
2833.333496
2392.156982
1803.921630
950.980407
-19.607843
-823.529418
-1627.451049
-2813.725585
-2892.156982
-2000.000000
-1245.098022
-235.294128
666.666687
1441.176513
2225.490234
2705.882324
2872.549072
2676.470703
2264.705810
1656.862792
705.882385
-245.098037
-1127.451049
-1882.353027
-2892.156982
-2852.941162
-2431.372558
-1823.529418
-950.980407
39.215686
833.333374
2431.372558
2823.529541
2852.941162
2539.215820
2088.235351
1294.117675
-754.901977
-1549.019653
-2294.117675
-2764.706054
-2921.568603
-2686.274658
-1392.156860
-372.549041
529.411804
1323.529418
2088.235351
2656.862792
2852.941162
2735.294189
2333.333496
1735.294189
852.941162
-137.254898
-1000.000000
-1745.098022
-2450.980468
-2911.764648
-2490.196044
-1970.588256
-1176.470581
-137.254898
735.294128
1529.411743
2264.705810
2754.902099
2892.156982
2666.666748
2225.490234
1549.019653
598.039245
-352.941192
-1196.078491
-1960.784301
-2578.431396
-2784.313720
-2392.156982
-1774.509887
-882.352966
98.039215
931.372558
1656.862792
2794.117675
2892.156982
2539.215820
2019.607910
1205.882324
235.294128
-656.862731
-2294.117675
-2754.902099
-2892.156982
-2686.274658
-2215.686279
-1509.803955
568.627441
1333.333374
2127.450927
2686.274658
2882.353027
2745.098144
2313.725585
1715.686279
794.117675
-196.078430
-1049.019653
-2558.823486
-2862.745117
-2882.353027
-2470.588378
-1911.764770
-1058.823608
1000.000000
1696.078491
2441.176513
2794.117675
2901.960937
2558.823486
2088.235351
196.078430
-666.666687
-1480.392211
-2264.705810
-2735.294189
-2911.764648
-2696.078369
-2254.902099
-1588.235351
-617.647094
1303.921630
2078.431396
2656.862792
2892.156982
2794.117675
2343.137207
1745.098022
-254.901962
-1117.647094
-1872.549072
-2558.823486
-2843.137207
-2882.353027
-2480.392089
-980.392150
19.607843
813.725524
1588.235351
2352.941162
2774.509765
2892.156982
2647.058837
2176.470703
1500.000000
-509.803924
-1323.529418
-2098.039306
-2901.960937
-2715.686279
-2313.725585
-1656.862792
-725.490234
245.098037
1098.039184
2558.823486
2872.549072
2892.156982
2431.372558
1892.156860
1019.607849
9.803922
-1696.078491
-2401.960937
-2764.706054
-2892.156982
-2607.843261
-2137.254882
-1392.156860
686.274536
1460.784301
2245.098144
2754.902099
2872.549072
2696.078369
2245.098144
1617.647094
666.666687
-303.921569
-2019.607910
-2617.647216
-2872.549072
-2852.941162
-2421.568603
-1823.529418
-950.980407
1049.019653
1803.921630
2470.588378
2813.725585
2901.960937
2529.411865
2000.000000
1313.725463
294.117645
-617.647094
-2284.313720
-2754.902099
-2901.960937
-2186.274658
-1441.176513
-450.980407
470.588256
1274.509887
2068.627441
2617.647216
2705.882324
2303.921630
1676.470581
774.509826
-186.274520
-1049.019653
-1823.529418
-2509.803955
-2843.137207
-2911.764648
-1911.764770
-1068.627441
-39.215686
794.117675
1578.431396
2313.725585
2735.294189
2598.039306
2147.058837
1401.960815
401.960784
-529.411804
-1313.725463
-2127.450927
-2882.353027
-2705.882324
-2284.313720
-1647.058837
-705.882385
303.921569
1147.058837
2568.627441
2862.745117
2833.333496
2411.764648
1803.921630
960.784301
-29.411766
-843.137268
-1637.254882
-2362.745117
-2901.960937
-2558.823486
-2068.627441
-1284.313720
-274.509796
598.039245
1411.764770
2725.490234
2872.549072
2676.470703
2225.490234
1578.431396
637.254943
-333.333343
-2058.823486
-2637.254882
-2882.353027
-2784.313720
-2382.353027
-1754.901977
-852.941162
117.647064
990.196105
1735.294189
2803.921630
2872.549072
2470.588378
1970.588256
1215.686279
205.882354
-696.078430
-2323.529541
-2774.509765
-2901.960937
-2686.274658
-2215.686279
-1470.588256
607.843139
1372.549072
2137.254882
2666.666748
2882.353027
2715.686279
2303.921630
607.843139
-333.333343
-1166.666748
-1950.980468
-2588.235351
-2872.549072
-2862.745117
-2431.372558
-1852.941162
-1000.000000
980.392150
1725.490234
2431.372558
2803.921630
2882.353027
2568.627441
2107.843261
196.078430
-666.666687
-1470.588256
-2245.098144
-2754.902099
-2901.960937
-2725.490234
-1529.411743
-519.607849
460.784332
1274.509887
2029.411743
2588.235351
2833.333496
2823.529541
2382.353027
1803.921630
960.784301
-19.607843
-862.745117
-1656.862792
-2372.549072
-2794.117675
-2911.764648
-2627.450927
-1294.117675
-245.098037
627.450988
1411.764770
2176.470703
2686.274658
2882.353027
2225.490234
1588.235351
637.254943
-343.137268
-1205.882324
-1960.784301
-2578.431396
-2794.117675
-2392.156982
-1754.901977
-872.549011
107.843139
970.588256
2509.803955
2823.529541
2892.156982
2490.196044
2000.000000
1284.313720
264.705902
-1539.215698
-2303.921630
-2774.509765
-2901.960937
-2686.274658
-2235.294189
-1519.607910
529.411804
1333.333374
2137.254882
2705.882324
2882.353027
2745.098144
2362.745117
705.882385
-264.705902
-1156.862792
-1921.568603
-2578.431396
-2852.941162
-2882.353027
-1833.333374
-941.176513
39.215686
862.745117
1637.254882
2372.549072
2803.921630
2901.960937
2647.058837
2147.058837
323.529418
-598.039245
-1372.549072
-2147.058837
-2705.882324
-2901.960937
-2735.294189
-1568.627441
-617.647094
352.941192
1196.078491
1941.176513
2578.431396
2764.706054
2343.137207
1784.313720
921.568664
-49.019607
-872.549011
-1666.666748
-2813.725585
-2911.764648
-2568.627441
-2078.431396
-1274.509887
-264.705902
656.862731
1411.764770
2205.882324
2705.882324
2656.862792
2215.686279
1529.411743
558.823547
-401.960784
-1235.294189
-2000.000000
-2882.353027
-2833.333496
-2411.764648
-1803.921630
-911.764709
68.627449
892.156860
2431.372558
2784.313720
2911.764648
2539.215820
2078.431396
1294.117675
313.725494
-1549.019653
-2313.725585
-2754.902099
-2882.353027
-2686.274658
-2205.882324
-1519.607910
-539.215698
450.980407
1245.098022
2627.450927
2872.549072
2774.509765
2362.745117
1764.705932
892.156860
-98.039215
-1813.725463
-2529.411865
-2852.941162
-2882.353027
-2490.196044
-1990.196166
-1196.078491
882.352966
1647.058837
2372.549072
2745.098144
2872.549072
2656.862792
1294.117675
303.921569
-588.235290
-1372.549072
-2166.666748
-2715.686279
-2901.960937
-2696.078369
-2274.509765
-1647.058837
-725.490234
1235.294189
1990.196166
2588.235351
2872.549072
2852.941162
2411.764648
833.333374
-147.058822
-1009.803955
-1803.921630
-2490.196044
-2803.921630
-2892.156982
-1941.176513
-1088.235351
-29.411766
784.313720
1539.215698
2294.117675
2754.902099
2578.431396
2107.843261
1372.549072
401.960784
-519.607849
-1303.921630
-2107.843261
-2901.960937
-2715.686279
-2294.117675
-1637.254882
-686.274536
303.921569
1147.058837
1892.156860
2558.823486
2823.529541
2411.764648
1833.333374
1000.000000
-1009.803955
-1794.117675
-2509.803955
-2823.529541
-2901.960937
-2529.411865
-2039.215698
-78.431373
764.705871
1529.411743
2294.117675
2764.706054
2882.353027
2676.470703
1441.176513
450.980407
-480.392150
-1303.921630
-2078.431396
-2647.058837
-2892.156982
-2803.921630
-2382.353027
-1774.509887
-882.352966
127.450981
980.392150
1725.490234
2411.764648
2784.313720
2862.745117
2578.431396
1215.686279
186.274520
-686.274536
-1490.196166
-2274.509765
-2754.902099
-2892.156982
-2176.470703
-1490.196166
-470.588256
470.588256
1294.117675
2068.627441
2607.843261
2862.745117
2774.509765
2362.745117
764.705871
-205.882354
-1941.176513
-2568.627441
-2862.745117
-2872.549072
-1774.509887
-901.960815
68.627449
911.764709
1656.862792
2382.353027
2892.156982
2529.411865
2049.019531
1284.313720
254.901962
-627.450988
-1401.960815
-2745.098144
-2901.960937
-2696.078369
-2245.098144
-1558.823608
-598.039245
401.960784
1205.882324
1970.588256
2549.019775
2774.509765
2372.549072
1784.313720
901.960815
-68.627449
-872.549011
-1676.470581
-2823.529541
-2862.745117
-2529.411865
-2049.019531
-1254.901977
-215.686279
676.470581
2303.921630
2735.294189
2892.156982
2676.470703
2225.490234
1519.607910
568.627441
-1323.529418
-2137.254882
-2696.078369
-2882.353027
-2735.294189
-2352.941162
-1705.882324
-794.117675
205.882354
1058.823608
2539.215820
2843.137207
2882.353027
2470.588378
1931.372558
1107.843139
68.627449
-1686.274536
-2431.372558
-2794.117675
-2882.353027
-2598.039306
-2107.843261
-1343.137329
705.882385
1500.000000
2205.882324
2715.686279
2872.549072
2705.882324
1500.000000
627.450988
-313.725494
-1166.666748
-1941.176513
-2578.431396
-2872.549072
-2872.549072
-2460.784423
-1862.745117
-1019.607849
1039.215698
1803.921630
2480.392089
2803.921630
2892.156982
2500.000000
1176.470581
156.862747
-705.882385
-1490.196166
-2284.313720
-2774.509765
-2911.764648
-2176.470703
-1450.980468
-450.980407
500.000000
1235.294189
2019.607910
2607.843261
2754.902099
2352.941162
1774.509887
872.549011
-107.843139
-970.588256
-1754.901977
-2460.784423
-2823.529541
-2901.960937
-1970.588256
-1166.666748
-117.647064
764.705871
1539.215698
2303.921630
2735.294189
2627.450927
2166.666748
1450.980468
441.176483
-460.784332
-1294.117675
-2117.647216
-2901.960937
-2696.078369
-2294.117675
-1666.666748
-715.686279
274.509796
1117.647094
1872.549072
2509.803955
2833.333496
2411.764648
1862.745117
1019.607849
-1039.215698
-1813.725463
-2500.000000
-2813.725585
-2911.764648
-2549.019775
-2049.019531
-117.647064
754.901977
1539.215698
2274.509765
2735.294189
2862.745117
2696.078369
1441.176513
431.372558
-490.196075
-1303.921630
-2107.843261
-2686.274658
-2911.764648
-2784.313720
-2372.549072
-1754.901977
-862.745117
137.254898
1019.607849
1774.509887
2470.588378
2803.921630
2843.137207
2529.411865
1166.666748
137.254898
-745.098083
-1490.196166
-2284.313720
-2764.706054
-2892.156982
-2156.862792
-1421.568603
-411.764709
490.196075
1294.117675
2107.843261
2647.058837
2862.745117
2764.706054
2372.549072
764.705871
-205.882354
-1078.431396
-2598.039306
-2852.941162
-2882.353027
-2441.176513
-1872.549072
-1009.803955
0.000000
705.882385
1509.803955
2254.902099
2735.294189
2627.450927
2186.274658
1500.000000
598.039245
-352.941192
-1215.686279
-1980.392211
-2892.156982
-2784.313720
-2372.549072
-1764.705932
-852.941162
127.450981
1843.137329
2529.411865
2843.137207
2901.960937
2480.392089
1941.176513
1156.862792
-921.568664
-1676.470581
-2411.764648
-2803.921630
-2911.764648
-2607.843261
-2107.843261
-1343.137329
-294.117645
588.235290
2264.705810
2745.098144
2882.353027
2686.274658
2245.098144
1598.039184
676.470581
-1254.901977
-2039.215698
-2656.862792
-2901.960937
-2794.117675
-2392.156982
-1784.313720
-892.156860
88.235298
901.960815
1676.470581
2401.960937
2754.902099
2852.941162
2617.647216
2147.058837
1441.176513
450.980407
-1411.764770
-2205.882324
-2725.490234
-2911.764648
-2725.490234
-2303.921630
-1647.058837
411.764709
1235.294189
1980.392211
2588.235351
2852.941162
2852.941162
2441.176513
1823.529418
950.980407
-9.803922
-1735.294189
-2450.980468
-2823.529541
-2921.568603
-2009.803955
-1215.686279
-166.666671
705.882385
1490.196166
2254.902099
2882.353027
2647.058837
2196.078369
1480.392211
509.803924
-421.568634
-1274.509887
-2058.823486
-2647.058837
-2892.156982
-2862.745117
-1715.686279
-784.313720
176.470596
1049.019653
1803.921630
2480.392089
2872.549072
2480.392089
1950.980468
1156.862792
107.843139
-745.098083
-1539.215698
-2794.117675
-2901.960937
-2627.450927
-2156.862792
-1431.372558
-392.156860
549.019592
2166.666748
2676.470703
2872.549072
2705.882324
2294.117675
1666.666748
745.098083
-1215.686279
-1980.392211
-2607.843261
-2882.353027
-2843.137207
-2401.960937
-1803.921630
-960.784301
9.803922
784.313720
2392.156982
2764.706054
2872.549072
2598.039306
2137.254882
1431.372558
431.372558
-1441.176513
-2235.294189
-2754.902099
-2901.960937
-2705.882324
-2264.705810
-1617.647094
460.784332
1254.901977
2039.215698
2598.039306
2862.745117
2823.529541
2382.353027
1794.117675
950.980407
-29.411766
-882.352966
-1666.666748
-2411.764648
-2911.764648
-2539.215820
-2029.411743
-1254.901977
-215.686279
666.666687
1450.980468
2745.098144
2872.549072
2656.862792
2215.686279
1509.803955
578.431396
-392.156860
-2078.431396
-2666.666748
-2901.960937
-2764.706054
-2362.745117
-1735.294189
313.725494
1156.862792
1931.372558
2539.215820
2843.137207
2862.745117
2441.176513
1892.156860
1098.039184
98.039215
-735.294128
-2392.156982
-2803.921630
-2911.764648
-2627.450927
-2147.058837
-1431.372558
666.666687
1421.568603
2215.686279
2696.078369
2872.549072
2666.666748
2274.509765
588.235290
-362.745117
-1215.686279
-1990.196166
-2598.039306
-2882.353027
-2852.941162
-1735.294189
-862.745117
147.058822
990.196105
1745.098022
2450.980468
2803.921630
2882.353027
2549.019775
2088.235351
205.882354
-686.274536
-1480.392211
-2245.098144
-2764.706054
-2892.156982
-2715.686279
-1480.392211
-460.784332
480.392150
1294.117675
2088.235351
2656.862792
2882.353027
2313.725585
1686.274536
764.705871
-186.274520
-1068.627441
-1852.941162
-2529.411865
-2852.941162
-2901.960937
-2470.588378
-1029.411743
9.803922
794.117675
1558.823608
2313.725585
2774.509765
2892.156982
2156.862792
1401.960815
411.764709
-519.607849
-1333.333374
-2107.843261
-2686.274658
-2725.490234
-2294.117675
-1617.647094
-715.686279
294.117645
1127.451049
2598.039306
2833.333496
2823.529541
2421.568603
1823.529418
990.196105
9.803922
-1705.882324
-2431.372558
-2794.117675
-2911.764648
-2588.235351
-2098.039306
-1333.333374
-323.529418
588.235290
1372.549072
2735.294189
2872.549072
2686.274658
2225.490234
1588.235351
656.862731
-313.725494
-2039.215698
-2627.450927
-2901.960937
-2833.333496
-2392.156982
-1794.117675
-892.156860
1107.843139
1872.549072
2549.019775
2843.137207
2862.745117
2470.588378
1931.372558
1137.254882
117.647064
-735.294128
-2382.353027
-2803.921630
-2911.764648
-2627.450927
-2156.862792
-1401.960815
-392.156860
1460.784301
2235.294189
2725.490234
2862.745117
2686.274658
2254.902099
1588.235351
676.470581
-284.313720
-1147.058837
-1911.764770
-2568.627441
-2862.745117
-2882.353027
-2470.588378
-1911.764770
-1039.215698
-9.803922
1686.274536
2411.764648
2784.313720
2872.549072
2578.431396
2117.647216
1352.941162
362.745117
-578.431396
-1372.549072
-2745.098144
-2901.960937
-2686.274658
-2245.098144
-1578.431396
-647.058837
343.137268
2049.019531
2617.647216
2872.549072
2803.921630
2392.156982
1803.921630
931.372558
-39.215686
-862.745117
-1666.666748
-2411.764648
-2794.117675
-2882.353027
-2607.843261
-2137.254882
-1401.960815
-362.745117
558.823547
2215.686279
2715.686279
2862.745117
2676.470703
2245.098144
1627.451049
696.078430
-1245.098022
-2029.411743
-2627.450927
-2862.745117
-2823.529541
-2411.764648
-1794.117675
-941.176513
78.431373
901.960815
1656.862792
2382.353027
2745.098144
2882.353027
2617.647216
2137.254882
1421.568603
460.784332
-1401.960815
-2205.882324
-2735.294189
-2921.568603
-2705.882324
-2274.509765
-1647.058837
-705.882385
294.117645
1156.862792
2598.039306
2833.333496
2833.333496
2401.960937
1843.137329
990.196105
19.607843
-1725.490234
-2441.176513
-2813.725585
-2921.568603
-2549.019775
-2098.039306
-1333.333374
735.294128
1549.019653
2274.509765
2745.098144
2892.156982
2656.862792
1470.588256
460.784332
-480.392150
-1274.509887
-2068.627441
-2647.058837
-2901.960937
-2303.921630
-1666.666748
-754.901977
225.490203
1058.823608
1833.333374
2519.607910
2843.137207
2450.980468
1901.960815
1068.627441
49.019607
-754.901977
-1529.411743
-2794.117675
-2911.764648
-2607.843261
-2137.254882
-1362.745117
-362.745117
558.823547
1343.137329
2137.254882
2705.882324
2882.353027
2725.490234
2303.921630
1696.078491
833.333374
-156.862747
-1039.215698
-1823.529418
-2872.549072
-2892.156982
-2470.588378
-1901.960815
-1068.627441
-29.411766
803.921569
1558.823608
2303.921630
2725.490234
2588.235351
2098.039306
1392.156860
411.764709
-519.607849
-1303.921630
-2088.235351
-2892.156982
-2715.686279
-2294.117675
-1627.451049
-666.666687
313.725494
1127.451049
1882.353027
2539.215820
2862.745117
2892.156982
2470.588378
1941.176513
1107.843139
78.431373
-735.294128
-1539.215698
-2294.117675
-2764.706054
-2911.764648
-2676.470703
-1421.568603
-411.764709
509.803924
1313.725463
2088.235351
2647.058837
2862.745117
2284.313720
1647.058837
754.901977
-254.901962
-1127.451049
-1852.941162
-2529.411865
-2862.745117
-2441.176513
-1843.137329
-980.392150
39.215686
843.137268
1607.843139
2774.509765
2872.549072
2588.235351
2117.647216
1343.137329
313.725494
-578.431396
-2264.705810
-2764.706054
-2882.353027
-2686.274658
-2235.294189
-1578.431396
509.803924
1313.725463
2058.823486
2627.450927
2882.353027
2764.706054
2382.353027
764.705871
-215.686279
-1068.627441
-1843.137329
-2529.411865
-2843.137207
-2892.156982
-1892.156860
-1039.215698
29.411766
843.137268
1627.451049
2333.333496
2784.313720
2872.549072
2656.862792
2176.470703
1490.196166
500.000000
-401.960784
-1215.686279
-2666.666748
-2901.960937
-2784.313720
-2372.549072
-1774.509887
-862.745117
1156.862792
1882.353027
2529.411865
2813.725585
2872.549072
2441.176513
1911.764770
-39.215686
-892.156860
-1656.862792
-2411.764648
-2784.313720
-2901.960937
-2627.450927
-2147.058837
-1401.960815
-411.764709
1450.980468
2215.686279
2715.686279
2872.549072
2676.470703
2264.705810
1627.451049
-431.372558
-1264.705932
-2029.411743
-2656.862792
-2882.353027
-2823.529541
-2411.764648
-784.313720
225.490203
1049.019653
1803.921630
2470.588378
2794.117675
2862.745117
2480.392089
2029.411743
1245.098022
235.294128
-666.666687
-1441.176513
-2245.098144
-2735.294189
-2921.568603
-2705.882324
-2254.902099
-1568.627441
-617.647094
352.941192
1186.274536
1931.372558
2558.823486
2872.549072
2872.549072
2450.980468
1862.745117
1068.627441
39.215686
-784.313720
-1588.235351
-2352.941162
-2774.509765
-2892.156982
-2656.862792
-1362.745117
-333.333343
598.039245
1362.745117
2166.666748
2686.274658
2852.941162
2245.098144
1588.235351
627.450988
-323.529418
-1186.274536
-1980.392211
-2588.235351
-2794.117675
-2401.960937
-1784.313720
-892.156860
88.235298
911.764709
2470.588378
2784.313720
2892.156982
2558.823486
2068.627441
1294.117675
274.509796
-1549.019653
-2313.725585
-2784.313720
-2911.764648
-2676.470703
-2225.490234
-1529.411743
568.627441
1352.941162
2147.058837
2705.882324
2872.549072
2725.490234
2303.921630
1686.274536
784.313720
-166.666671
-1911.764770
-2549.019775
-2882.353027
-2882.353027
-1803.921630
-970.588256
29.411766
852.941162
1627.451049
2343.137207
2901.960937
2549.019775
2107.843261
1323.529418
323.529418
-578.431396
-1392.156860
-2754.902099
-2892.156982
-2715.686279
-2264.705810
-1588.235351
-598.039245
372.549041
2049.019531
2637.254882
2872.549072
2813.725585
2401.960937
1794.117675
931.372558
-39.215686
-892.156860
-1666.666748
-2411.764648
-2803.921630
-2911.764648
-2617.647216
-1284.313720
-235.294128
656.862731
1441.176513
2205.882324
2705.882324
2676.470703
2186.274658
1539.215698
539.215698
-392.156860
-1215.686279
-2009.803955
-2872.549072
-2764.706054
-2352.941162
-1735.294189
-843.137268
147.058822
990.196105
2500.000000
2803.921630
2862.745117
2500.000000
2078.431396
1343.137329
303.921569
-1529.411743
-2294.117675
-2794.117675
-2892.156982
-2656.862792
-2196.078369
-1529.411743
578.431396
1372.549072
2127.450927
2686.274658
2862.745117
2735.294189
1588.235351
637.254943
-313.725494
-1186.274536
-1950.980468
-2588.235351
-2892.156982
-2401.960937
-1784.313720
-892.156860
88.235298
901.960815
1666.666748
2372.549072
2784.313720
2892.156982
2598.039306
1284.313720
254.901962
-598.039245
-1392.156860
-2166.666748
-2705.882324
-2901.960937
-2225.490234
-1519.607910
-568.627441
401.960784
1196.078491
1970.588256
2568.627441
2803.921630
2372.549072
1764.705932
901.960815
-58.823532
-892.156860
-1676.470581
-2843.137207
-2911.764648
-2519.607910
-2029.411743
-1225.490234
-186.274520
676.470581
1460.784301
2235.294189
2725.490234
2656.862792
2205.882324
1509.803955
539.215698
-401.960784
-1254.901977
-2039.215698
-2882.353027
-2745.098144
-2343.137207
-1715.686279
-803.921569
196.078430
1039.215698
1794.117675
2509.803955
2813.725585
2882.353027
2480.392089
2029.411743
1235.294189
205.882354
-627.450988
-1450.980468
-2196.078369
-2892.156982
-2686.274658
-2205.882324
-1480.392211
-500.000000
372.549041
1205.882324
2647.058837
2872.549072
2774.509765
2372.549072
1774.509887
921.568664
-68.627449
-1784.313720
-2500.000000
-2823.529541
-2901.960937
-2578.431396
-2098.039306
-166.666671
715.686279
1500.000000
2176.470703
2686.274658
2872.549072
2686.274658
2274.509765
1676.470581
754.901977
-235.294128
-1941.176513
-2588.235351
-2872.549072
-2892.156982
-2431.372558
-1872.549072
166.666671
1000.000000
1735.294189
2421.568603
2784.313720
2892.156982
2568.627441
1215.686279
176.470596
-686.274536
-1470.588256
-2245.098144
-2754.902099
-2911.764648
-2205.882324
-1490.196166
-460.784332
490.196075
1303.921630
2049.019531
2627.450927
2715.686279
2313.725585
1705.882324
774.509826
-156.862747
-1049.019653
-1833.333374
-2529.411865
-2852.941162
-2911.764648
-2490.196044
-1980.392211
-1156.862792
-107.843139
745.098083
1519.607910
2274.509765
2745.098144
2627.450927
2176.470703
1470.588256
509.803924
-421.568634
-1264.705932
-2049.019531
-2882.353027
-2745.098144
-2323.529541
-1696.078491
-774.509826
176.470596
1039.215698
1794.117675
2490.196044
2833.333496
2862.745117
2470.588378
1970.588256
1196.078491
196.078430
-676.470581
-1470.588256
-2235.294189
-2901.960937
-2666.666748
-2205.882324
-1480.392211
-460.784332
480.392150
1274.509887
2049.019531
2617.647216
2862.745117
2794.117675
2352.941162
1754.901977
872.549011
-88.235298
-931.372558
-1696.078491
-2431.372558
-2901.960937
-2529.411865
-2009.803955
-1215.686279
-166.666671
735.294128
1470.588256
2754.902099
2872.549072
2637.254882
2176.470703
1490.196166
470.588256
-460.784332
-2137.254882
-2696.078369
-2872.549072
-2735.294189
-2323.529541
-1705.882324
372.549041
1186.274536
1960.784301
2558.823486
2843.137207
2882.353027
2450.980468
931.372558
-49.019607
-862.745117
-1647.058837
-2421.568603
-2794.117675
-2901.960937
-2078.431396
-1313.725463
-254.901962
627.450988
1421.568603
2166.666748
2696.078369
2862.745117
2705.882324
2294.117675
1647.058837
735.294128
-245.098037
-1088.235351
-1862.745117
-2519.607910
-2852.941162
-2901.960937
-1852.941162
-1000.000000
-29.411766
784.313720
1578.431396
2323.529541
2754.902099
2588.235351
2107.843261
1362.745117
352.941192
-558.823547
-1362.745117
-2156.862792
-2892.156982
-2705.882324
-2225.490234
-1588.235351
-617.647094
392.156860
2049.019531
2617.647216
2872.549072
2803.921630
2392.156982
1764.705932
931.372558
-1098.039184
-1862.745117
-2539.215820
-2843.137207
-2892.156982
-2460.784423
-1950.980468
19.607843
833.333374
1627.451049
2352.941162
2754.902099
2872.549072
2627.450927
2166.666748
1490.196166
490.196075
-1392.156860
-2156.862792
-2725.490234
-2892.156982
-2735.294189
-2303.921630
-1666.666748
421.568634
1225.490234
1990.196166
2578.431396
2872.549072
2852.941162
2411.764648
1852.941162
1000.000000
68.627449
-754.901977
-1558.823608
-2303.921630
-2784.313720
-2911.764648
-2666.666748
-2196.078369
-1480.392211
607.843139
1392.156860
2186.274658
2705.882324
2882.353027
2705.882324
2313.725585
1666.666748
745.098083
-186.274520
-1921.568603
-2549.019775
-2862.745117
-2892.156982
-2480.392089
-1901.960815
-1068.627441
1000.000000
1745.098022
2460.784423
2794.117675
2892.156982
2598.039306
2098.039306
215.686279
-686.274536
-1460.784301
-2235.294189
-2745.098144
-2901.960937
-2676.470703
-1509.803955
-529.411804
450.980407
1215.686279
2009.803955
2578.431396
2882.353027
2823.529541
2401.960937
1794.117675
950.980407
9.803922
-794.117675
-2421.568603
-2803.921630
-2911.764648
-2617.647216
-2137.254882
-1362.745117
-352.941192
1490.196166
2254.902099
2745.098144
2901.960937
2666.666748
2245.098144
1588.235351
-480.392150
-1303.921630
-2068.627441
-2656.862792
-2882.353027
-2764.706054
-2392.156982
-735.294128
245.098037
1088.235351
1852.941162
2509.803955
2823.529541
2892.156982
2450.980468
1980.392211
1147.058837
156.862747
-705.882385
-1509.803955
-2774.509765
-2901.960937
-2656.862792
-2176.470703
-1450.980468
-450.980407
470.588256
1274.509887
2049.019531
2607.843261
2862.745117
2803.921630
2392.156982
1794.117675
941.176513
-1098.039184
-1862.745117
-2549.019775
-2852.941162
-2882.353027
-2480.392089
-1941.176513
19.607843
852.941162
1607.843139
2362.745117
2735.294189
2882.353027
2098.039306
1343.137329
362.745117
-578.431396
-1372.549072
-2147.058837
-2735.294189
-2676.470703
-2254.902099
-1607.843139
-637.254943
352.941192
1186.274536
1941.176513
2872.549072
2823.529541
2372.549072
1774.509887
901.960815
-49.019607
-892.156860
-2470.588378
-2823.529541
-2892.156982
-2539.215820
-2049.019531
-1274.509887
-235.294128
676.470581
1441.176513
2225.490234
2872.549072
2656.862792
2215.686279
1500.000000
637.254943
-303.921569
-1196.078491
-2637.254882
-2892.156982
-2823.529541
-2372.549072
-1803.921630
-892.156860
58.823532
892.156860
1647.058837
2392.156982
2764.706054
2901.960937
2607.843261
2147.058837
1441.176513
441.176483
-509.803924
-1303.921630
-2686.274658
-2892.156982
-2745.098144
-2313.725585
-1666.666748
-725.490234
274.509796
1970.588256
2588.235351
2852.941162
2843.137207
2411.764648
1843.137329
1000.000000
58.823532
-745.098083
-1539.215698
-2294.117675
-2764.706054
-2911.764648
-2696.078369
-2205.882324
-1539.215698
-558.823547
421.568634
1235.294189
2019.607910
2598.039306
2764.706054
2352.941162
1745.098022
892.156860
-78.431373
-941.176513
-1705.882324
-2833.333496
-2911.764648
-2529.411865
-2009.803955
-1196.078491
-176.470596
696.078430
2313.725585
2735.294189
2901.960937
2637.254882
2196.078369
1480.392211
509.803924
-1343.137329
-2137.254882
-2715.686279
-2901.960937
-2735.294189
-2303.921630
-1686.274536
-754.901977
235.294128
1078.431396
2558.823486
2843.137207
2852.941162
2421.568603
1872.549072
1058.823608
49.019607
-1715.686279
-2411.764648
-2803.921630
-2911.764648
-2588.235351
-2088.235351
-1352.941162
745.098083
1519.607910
2264.705810
2735.294189
2862.745117
2676.470703
1470.588256
500.000000
-382.352935
-1225.490234
-2000.000000
-2568.627441
-2882.353027
-2872.549072
-2470.588378
-1892.156860
-1049.019653
-9.803922
784.313720
1549.019653
2274.509765
2754.902099
2901.960937
2686.274658
2235.294189
1549.019653
578.431396
-392.156860
-1215.686279
-1980.392211
-2607.843261
-2901.960937
-2843.137207
-2431.372558
-1823.529418
156.862747
1058.823608
1803.921630
2460.784423
2803.921630
2882.353027
2490.196044
2029.411743
1254.901977
235.294128
-637.254943
-1441.176513
-2235.294189
-2735.294189
-2882.353027
-2705.882324
-2264.705810
-1588.235351
-617.647094
343.137268
1166.666748
2637.254882
2882.353027
2803.921630
2392.156982
1813.725463
931.372558
-58.823532
-1784.313720
-2500.000000
-2803.921630
-2911.764648
-2588.235351
-2068.627441
-1284.313720
754.901977
1519.607910
2284.313720
2764.706054
2901.960937
2686.274658
2235.294189
1558.823608
588.235290
-362.745117
-2088.235351
-2647.058837
-2882.353027
-2784.313720
-2372.549072
-1784.313720
-892.156860
1127.451049
1872.549072
2539.215820
2843.137207
2882.353027
2480.392089
1960.784301
1147.058837
147.058822
-705.882385
-1500.000000
-2225.490234
-2745.098144
-2921.568603
-2715.686279
-2264.705810
-1588.235351
-666.666687
1274.509887
2058.823486
2607.843261
2843.137207
2813.725585
2392.156982
1794.117675
-225.490203
-1098.039184
-1862.745117
-2539.215820
-2862.745117
-2892.156982
-2470.588378
-1960.784301
-1137.254882
-127.450981
764.705871
1539.215698
2294.117675
2745.098144
2872.549072
2647.058837
2215.686279
1558.823608
-529.411804
-1333.333374
-2127.450927
-2686.274658
-2901.960937
-2754.902099
-2343.137207
-725.490234
274.509796
1137.254882
1901.960815
2509.803955
2803.921630
2421.568603
1872.549072
1039.215698
19.607843
-794.117675
-1598.039184
-2333.333496
-2901.960937
-2578.431396
-2117.647216
-1323.529418
-294.117645
617.647094
1411.764770
2725.490234
2852.941162
2696.078369
2245.098144
1588.235351
647.058837
-323.529418
-2058.823486
-2647.058837
-2892.156982
-2823.529541
-2382.353027
-1774.509887
-901.960815
78.431373
921.568664
1676.470581
2794.117675
2872.549072
2509.803955
1127.451049
107.843139
-745.098083
-1519.607910
-2294.117675
-2774.509765
-2911.764648
-2176.470703
-1401.960815
-401.960784
539.215698
1323.529418
2078.431396
2647.058837
2696.078369
2294.117675
1666.666748
725.490234
-235.294128
-1107.843139
-1872.549072
-2872.549072
-2852.941162
-2421.568603
-1862.745117
-970.588256
0.000000
676.470581
2333.333496
2764.706054
2882.353027
2637.254882
2166.666748
1480.392211
500.000000
-362.745117
-1205.882324
-2000.000000
-2549.019775
-2872.549072
-2862.745117
-2460.784423
-1892.156860
-1068.627441
-9.803922
774.509826
2392.156982
2764.706054
2892.156982
2598.039306
2147.058837
1441.176513
441.176483
-509.803924
-1294.117675
-2098.039306
-2882.353027
-2715.686279
-2284.313720
-1656.862792
-715.686279
294.117645
1127.451049
2578.431396
2843.137207
2852.941162
2421.568603
1852.941162
1019.607849
-9.803922
-1725.490234
-2450.980468
-2803.921630
-2921.568603
-2578.431396
-2078.431396
-1313.725463
764.705871
1529.411743
2294.117675
2745.098144
2882.353027
2656.862792
2215.686279
1568.627441
617.647094
-333.333343
-2078.431396
-2647.058837
-2911.764648
-2794.117675
-2382.353027
-1764.705932
-882.352966
127.450981
970.588256
1735.294189
2813.725585
2862.745117
2500.000000
1147.058837
127.450981
-725.490234
-1519.607910
-2264.705810
-2764.706054
-2892.156982
-2156.862792
-1441.176513
-411.764709
500.000000
1245.098022
2000.000000
2558.823486
2774.509765
2352.941162
1764.705932
872.549011
-49.019607
-882.352966
-1656.862792
-2813.725585
-2882.353027
-2549.019775
-2058.823486
-1254.901977
-235.294128
637.254943
2264.705810
2725.490234
2892.156982
2676.470703
2225.490234
1558.823608
588.235290
-362.745117
-1196.078491
-1980.392211
-2872.549072
