-313.725494
-1166.666748
-1941.176513
-2882.353027
-2813.725585
-2392.156982
-1774.509887
-882.352966
98.039215
921.568664
1666.666748
2401.960937
2794.117675
2519.607910
2039.215698
1264.705932
264.705902
-617.647094
-1431.372558
-2205.882324
-2892.156982
-2686.274658
-2215.686279
-1500.000000
-617.647094
362.745117
1186.274536
1950.980468
2558.823486
2843.137207
2872.549072
2421.568603
1872.549072
1058.823608
29.411766
-794.117675
-1578.431396
-2343.137207
-2774.509765
-2911.764648
-2656.862792
-2176.470703
-1450.980468
-450.980407
480.392150
1274.509887
2049.019531
2617.647216
2843.137207
2784.313720
2372.549072
1803.921630
931.372558
-58.823532
-882.352966
-1686.274536
-2813.725585
-2901.960937
-2558.823486
-2029.411743
-1215.686279
-205.882354
666.666687
2333.333496
2745.098144
2852.941162
2637.254882
2166.666748
1480.392211
500.000000
-382.352935
-1235.294189
-1990.196166
-2892.156982
-2794.117675
-2362.745117
-1725.490234
-833.333374
156.862747
1009.803955
2539.215820
2843.137207
2852.941162
2441.176513
1911.764770
1127.451049
-921.568664
-1705.882324
-2421.568603
-2803.921630
-2911.764648
-2568.627441
-2098.039306
-176.470596
666.666687
1441.176513
2215.686279
2725.490234
2852.941162
2637.254882
2245.098144
1607.843139
676.470581
-1245.098022
-2029.411743
-2627.450927
-2901.960937
-2843.137207
-2392.156982
-1774.509887
225.490203
1068.627441
1852.941162
2490.196044
2813.725585
2872.549072
2480.392089
1117.647094
58.823532
-754.901977
-1529.411743
-2323.529541
-2764.706054
-2892.156982
-2147.058837
-1401.960815
-401.960784
539.215698
1313.725463
2117.647216
2647.058837
2872.549072
2745.098144
2343.137207
725.490234
-254.901962
-1098.039184
-1872.549072
-2539.215820
-2843.137207
-2892.156982
-2490.196044
-1941.176513
-1098.039184
-88.235298
725.490234
1519.607910
2274.509765
2735.294189
2892.156982
2676.470703
2254.902099
490.196075
-460.784332
-1264.705932
-2049.019531
-2637.254882
-2862.745117
-2794.117675
-1686.274536
-754.901977
254.901962
1078.431396
1843.137329
2500.000000
2794.117675
2872.549072
2509.803955
2049.019531
98.039215
-735.294128
-1480.392211
-2274.509765
-2764.706054
-2901.960937
-2686.274658
-1470.588256
-470.588256
509.803924
1274.509887
2058.823486
2617.647216
2843.137207
2333.333496
1686.274536
784.313720
-196.078430
-1049.019653
-1833.333374
-2519.607910
-2872.549072
-2480.392089
-1921.568603
-1088.235351
-39.215686
794.117675
1588.235351
2333.333496
2745.098144
2882.353027
2117.647216
1382.353027
392.156860
-549.019592
-1333.333374
-2147.058837
-2705.882324
-2676.470703
-2274.509765
-1627.451049
-666.666687
333.333343
1176.470581
2598.039306
2843.137207
2833.333496
2392.156982
1833.333374
970.588256
-19.607843
-1764.705932
-2460.784423
-2823.529541
-2911.764648
-2549.019775
-2058.823486
-1274.509887
794.117675
1568.627441
2294.117675
2735.294189
2872.549072
2637.254882
2186.274658
1529.411743
539.215698
-431.372558
-1245.098022
-2009.803955
-2647.058837
-2882.353027
-2843.137207
-2421.568603
-1813.725463
-950.980407
1068.627441
1843.137329
2509.803955
2813.725585
2872.549072
2480.392089
1980.392211
1196.078491
166.666671
-686.274536
-2362.745117
-2794.117675
-2911.764648
-2656.862792
-2166.666748
-1450.980468
-460.784332
1401.960815
2176.470703
2696.078369
2872.549072
2696.078369
2294.117675
1686.274536
764.705871
-235.294128
-1078.431396
-2568.627441
-2862.745117
-2872.549072
-1774.509887
-882.352966
107.843139
960.784301
1725.490234
2421.568603
2774.509765
2862.745117
2558.823486
2088.235351
1352.941162
362.745117
-558.823547
-1362.745117
-2735.294189
-2911.764648
-2705.882324
-1450.980468
-450.980407
490.196075
1264.705932
2049.019531
2617.647216
2843.137207
2303.921630
1696.078491
813.725524
-176.470596
-1029.411743
-1803.921630
-2519.607910
-2882.353027
-2460.784423
-1892.156860
-1058.823608
-29.411766
803.921569
1588.235351
2333.333496
2745.098144
2862.745117
2127.450927
1362.745117
333.333343
-578.431396
-1372.549072
-2156.862792
-2715.686279
-2676.470703
-2254.902099
-1578.431396
-607.843139
401.960784
1196.078491
1950.980468
2549.019775
2823.529541
2843.137207
1774.509887
901.960815
-58.823532
-882.352966
-2490.196044
-2843.137207
-2911.764648
-2529.411865
-2029.411743
-1235.294189
843.137268
1607.843139
2323.529541
2745.098144
2862.745117
2637.254882
2186.274658
333.333343
-568.627441
-1362.745117
-2176.470703
-2715.686279
-2901.960937
-2705.882324
-1588.235351
-607.843139
362.745117
1196.078491
1941.176513
2549.019775
2843.137207
2872.549072
2450.980468
1892.156860
-98.039215
-911.764709
-1686.274536
-2441.176513
-2803.921630
-2911.764648
-2578.431396
-1245.098022
-186.274520
666.666687
1460.784301
2215.686279
2715.686279
2882.353027
2676.470703
2264.705810
1637.254882
-450.980407
-1264.705932
-2029.411743
-2862.745117
-2735.294189
-2333.333496
-1705.882324
-794.117675
215.686279
1068.627441
2549.019775
2823.529541
2882.353027
2441.176513
1911.764770
1058.823608
49.019607
-745.098083
-1549.019653
-2303.921630
-2882.353027
-2637.254882
-2156.862792
-1411.764770
-411.764709
519.607849
1313.725463
2696.078369
2872.549072
2686.274658
2284.313720
1666.666748
735.294128
-245.098037
-1980.392211
-2598.039306
-2872.549072
-2862.745117
-2431.372558
-1872.549072
-1039.215698
1019.607849
1803.921630
2460.784423
2803.921630
2892.156982
2509.803955
2000.000000
1313.725463
274.509796
-627.450988
-2274.509765
-2774.509765
-2892.156982
-2696.078369
-2254.902099
-1578.431396
-627.450988
1313.725463
2068.627441
2637.254882
2862.745117
2754.902099
2372.549072
725.490234
-235.294128
-1098.039184
-1852.941162
-2539.215820
-2852.941162
-2901.960937
-1872.549072
-1009.803955
39.215686
852.941162
1607.843139
2343.137207
2735.294189
2549.019775
2068.627441
1303.921630
323.529418
-588.235290
-1362.745117
-2176.470703
-2911.764648
-2686.274658
-2235.294189
-1578.431396
-607.843139
392.156860
1205.882324
1950.980468
2578.431396
2852.941162
2833.333496
2411.764648
1852.941162
1000.000000
68.627449
-754.901977
-1539.215698
-2313.725585
-2911.764648
-2607.843261
-2117.647216
-1372.549072
-372.549041
539.215698
1333.333374
2705.882324
2862.745117
2676.470703
2245.098144
1637.254882
676.470581
-264.705902
-1980.392211
-2607.843261
-2882.353027
-2862.745117
-2421.568603
-1823.529418
186.274520
1039.215698
1813.725463
2480.392089
2794.117675
2882.353027
2480.392089
1117.647094
98.039215
-715.686279
-1509.803955
-2274.509765
-2764.706054
-2911.764648
-2186.274658
-1470.588256
-450.980407
490.196075
1284.313720
2039.215698
2617.647216
2862.745117
2764.706054
2362.745117
784.313720
-186.274520
-1049.019653
-1823.529418
-2519.607910
-2823.529541
-2901.960937
-1911.764770
-1068.627441
-29.411766
813.725524
1607.843139
2343.137207
2754.902099
2862.745117
2617.647216
2176.470703
1480.392211
490.196075
-450.980407
-1264.705932
-2029.411743
-2637.254882
-2872.549072
-2833.333496
-1696.078491
-784.313720
186.274520
1029.411743
1784.313720
2480.392089
2823.529541
2431.372558
1911.764770
1107.843139
78.431373
-754.901977
-1529.411743
-2294.117675
-2901.960937
-2627.450927
-2166.666748
-1392.156860
-401.960784
529.411804
2196.078369
2715.686279
2892.156982
2686.274658
2254.902099
1637.254882
735.294128
-235.294128
-1098.039184
-1882.353027
-2529.411865
-2892.156982
-2450.980468
-1862.745117
-1000.000000
-29.411766
803.921569
1588.235351
2294.117675
2754.902099
2882.353027
2656.862792
2196.078369
1500.000000
617.647094
-343.137268
-1196.078491
-1941.176513
-2598.039306
-2813.725585
-2362.745117
-1754.901977
-872.549011
127.450981
970.588256
1705.882324
2421.568603
2794.117675
2901.960937
2000.000000
1284.313720
274.509796
-607.843139
-1411.764770
-2186.274658
-2715.686279
-2676.470703
-2235.294189
-1539.215698
-558.823547
431.372558
1225.490234
1980.392211
2607.843261
2852.941162
2862.745117
1715.686279
823.529418
-156.862747
-1019.607849
-1803.921630
-2480.392089
-2833.333496
-2901.960937
-2519.607910
-2019.607910
-1215.686279
-176.470596
676.470581
1450.980468
2235.294189
2872.549072
2647.058837
2176.470703
1480.392211
509.803924
-421.568634
-1254.901977
-2656.862792
-2872.549072
-2764.706054
-2333.333496
-1735.294189
-784.313720
1176.470581
1921.568603
2549.019775
2862.745117
2872.549072
2431.372558
1892.156860
-68.627449
-921.568664
-1686.274536
-2401.960937
-2794.117675
-2901.960937
-2617.647216
-1245.098022
-225.490203
647.058837
1431.372558
2196.078369
2705.882324
2872.549072
2686.274658
2274.509765
1647.058837
-411.764709
-1245.098022
-2000.000000
-2568.627441
-2852.941162
-2882.353027
-2450.980468
-931.372558
68.627449
882.352966
1656.862792
2362.745117
2764.706054
2882.353027
2039.215698
1284.313720
284.313720
-617.647094
-1411.764770
-2176.470703
-2735.294189
-2666.666748
-2235.294189
-1558.823608
-568.627441
401.960784
1245.098022
2656.862792
2872.549072
2784.313720
2372.549072
1774.509887
901.960815
-78.431373
-1803.921630
-2519.607910
-2843.137207
-2901.960937
-2500.000000
-2078.431396
-1284.313720
774.509826
1519.607910
2294.117675
2725.490234
2882.353027
2656.862792
2215.686279
431.372558
-519.607849
-1313.725463
-2127.450927
-2666.666748
-2901.960937
-2774.509765
-2362.745117
-1754.901977
-843.137268
137.254898
1009.803955
1774.509887
2794.117675
2872.549072
2470.588378
1941.176513
1166.666748
117.647064
-735.294128
-2372.549072
-2784.313720
-2901.960937
-2617.647216
-2166.666748
-1431.372558
-421.568634
1460.784301
2205.882324
2735.294189
2862.745117
2666.666748
2264.705810
1647.058837
-441.176483
-1274.509887
-2039.215698
-2647.058837
-2892.156982
-2794.117675
-1676.470581
-803.921569
205.882354
1049.019653
1813.725463
2490.196044
2794.117675
2470.588378
1872.549072
1088.235351
58.823532
-774.509826
-1549.019653
-2313.725585
-2921.568603
-2617.647216
-2147.058837
-1401.960815
-362.745117
539.215698
1323.529418
2715.686279
2862.745117
2696.078369
2254.902099
1627.451049
696.078430
-254.901962
-1098.039184
-1872.549072
-2568.627441
-2862.745117
-2431.372558
-1833.333374
-950.980407
9.803922
774.509826
1568.627441
2764.706054
2872.549072
2598.039306
2137.254882
1431.372558
450.980407
-500.000000
-2127.450927
-2666.666748
-2901.960937
-2764.706054
-2333.333496
-1725.490234
-823.529418
1196.078491
1941.176513
2529.411865
2803.921630
2833.333496
2441.176513
921.568664
-39.215686
-892.156860
-1676.470581
-2392.156982
-2794.117675
-2901.960937
-2039.215698
-1235.294189
-196.078430
666.666687
1441.176513
2225.490234
2696.078369
2656.862792
2196.078369
1509.803955
539.215698
-421.568634
-1245.098022
-2039.215698
-2901.960937
-2764.706054
-2343.137207
-1715.686279
-833.333374
186.274520
1029.411743
1794.117675
2490.196044
2803.921630
2450.980468
1931.372558
1098.039184
88.235298
-745.098083
-1509.803955
-2274.509765
-2882.353027
-2637.254882
-2166.666748
-1441.176513
-411.764709
529.411804
1303.921630
2107.843261
2656.862792
2862.745117
2274.509765
1637.254882
735.294128
-1254.901977
-2000.000000
-2578.431396
-2862.745117
-2872.549072
-2450.980468
-1872.549072
98.039215
941.176513
1715.686279
2421.568603
2784.313720
2862.745117
2568.627441
1254.901977
225.490203
-647.058837
-1411.764770
-2215.686279
-2735.294189
-2901.960937
-2705.882324
-2264.705810
-1637.254882
441.176483
1284.313720
2058.823486
2617.647216
2843.137207
2794.117675
2362.745117
1764.705932
950.980407
-49.019607
-852.941162
-1647.058837
-2392.156982
-2774.509765
-2901.960937
-2088.235351
-1294.117675
-274.509796
637.254943
1401.960815
2186.274658
2696.078369
2872.549072
2705.882324
2294.117675
1647.058837
725.490234
-235.294128
-1107.843139
-1872.549072
-2539.215820
-2862.745117
-2911.764648
-1862.745117
-990.196105
0.000000
676.470581
1431.372558
2245.098144
2745.098144
2617.647216
2205.882324
1500.000000
607.843139
-362.745117
-1215.686279
-1960.784301
-2598.039306
-2882.353027
-2872.549072
-1754.901977
-882.352966
98.039215
921.568664
1656.862792
2411.764648
2745.098144
2509.803955
2029.411743
1264.705932
235.294128
-627.450988
-1421.568603
-2196.078369
-2892.156982
-2676.470703
-2215.686279
-1529.411743
-529.411804
441.176483
1225.490234
2009.803955
2588.235351
2852.941162
2823.529541
2382.353027
1794.117675
931.372558
-39.215686
-872.549011
-1647.058837
-2392.156982
-2892.156982
-2558.823486
-2068.627441
-1274.509887
-264.705902
637.254943
1421.568603
2725.490234
2862.745117
2666.666748
2215.686279
1549.019653
588.235290
-372.549041
-2088.235351
-2656.862792
-2872.549072
-2764.706054
-2372.549072
-1764.705932
294.117645
1127.451049
1882.353027
2509.803955
2813.725585
2872.549072
2470.588378
1000.000000
68.627449
-784.313720
-1529.411743
-2303.921630
-2784.313720
-2901.960937
-2147.058837
-1392.156860
-382.352935
558.823547
1323.529418
2107.843261
2647.058837
2676.470703
2264.705810
1656.862792
725.490234
-245.098037
-1078.431396
-1872.549072
-2872.549072
-2852.941162
-2431.372558
-1843.137329
-970.588256
0.000000
696.078430
1460.784301
2225.490234
2715.686279
2872.549072
2676.470703
2264.705810
1607.843139
696.078430
-264.705902
-1107.843139
-1892.156860
-2862.745117
-2862.745117
-2421.568603
-1833.333374
-950.980407
39.215686
823.529418
2421.568603
2794.117675
2872.549072
2578.431396
2078.431396
1323.529418
323.529418
-578.431396
-1392.156860
-2176.470703
-2901.960937
-2696.078369
-2245.098144
-1607.843139
-607.843139
362.745117
1205.882324
2627.450927
2862.745117
2784.313720
2401.960937
1774.509887
911.764709
-39.215686
-1784.313720
-2490.196044
-2823.529541
-2911.764648
-2519.607910
-2049.019531
-98.039215
735.294128
1509.803955
2254.902099
2735.294189
2862.745117
2666.666748
1431.372558
460.784332
-490.196075
-1294.117675
-2068.627441
-2666.666748
-2892.156982
-2774.509765
-2362.745117
-1754.901977
294.117645
1166.666748
1921.568603
2509.803955
2833.333496
2852.941162
2450.980468
970.588256
9.803922
-764.705871
-1558.823608
-2323.529541
-2764.706054
-2901.960937
-2156.862792
-1401.960815
-392.156860
539.215698
1333.333374
2137.254882
2666.666748
2676.470703
2284.313720
1647.058837
725.490234
-254.901962
-1117.647094
-1862.745117
-2901.960937
-2872.549072
-2431.372558
-1843.137329
-1000.000000
-29.411766
1725.490234
2441.176513
2784.313720
2872.549072
2549.019775
2098.039306
1343.137329
-735.294128
-1509.803955
-2274.509765
-2774.509765
-2901.960937
-2696.078369
-2235.294189
-450.980407
500.000000
1215.686279
1990.196166
2607.843261
2843.137207
2813.725585
2411.764648
1852.941162
980.392150
-1000.000000
-1735.294189
-2470.588378
-2803.921630
-2911.764648
-2568.627441
-2088.235351
-137.254898
735.294128
1529.411743
2274.509765
2745.098144
2872.549072
2656.862792
1450.980468
470.588256
-470.588256
-1284.313720
-2088.235351
-2656.862792
-2882.353027
-2303.921630
-1666.666748
-735.294128
284.313720
1107.843139
1882.353027
2519.607910
2823.529541
2872.549072
2470.588378
1019.607849
-9.803922
-794.117675
-1578.431396
-2333.333496
-2774.509765
-2901.960937
-2127.450927
-1352.941162
-333.333343
598.039245
1352.941162
2156.862792
2852.941162
2647.058837
2245.098144
1598.039184
656.862731
-303.921569
-1166.666748
-2647.058837
-2882.353027
-2833.333496
-2411.764648
-1794.117675
-931.372558
58.823532
1774.509887
2490.196044
2803.921630
2892.156982
2500.000000
2068.627441
1323.529418
-725.490234
-1509.803955
-2274.509765
-2764.706054
-2892.156982
-2705.882324
-2245.098144
-450.980407
490.196075
1274.509887
2049.019531
2617.647216
2892.156982
2294.117675
1686.274536
784.313720
-186.274520
-1049.019653
-1813.725463
-2519.607910
-2833.333496
-2892.156982
-2480.392089
-1990.196166
-39.215686
803.921569
1588.235351
2362.745117
2774.509765
2882.353027
2088.235351
1362.745117
343.137268
-568.627441
-1352.941162
-2156.862792
-2725.490234
-2696.078369
-2245.098144
-1568.627441
-617.647094
362.745117
1176.470581
1950.980468
2852.941162
2764.706054
2372.549072
1774.509887
931.372558
-49.019607
-872.549011
-2480.392089
-2833.333496
-2901.960937
-2588.235351
-2058.823486
-1284.313720
-264.705902
1558.823608
2323.529541
2764.706054
2862.745117
2637.254882
2196.078369
421.568634
-500.000000
-1284.313720
-2049.019531
-2617.647216
-2901.960937
-2803.921630
-1715.686279
-803.921569
235.294128
1058.823608
1813.725463
2519.607910
2823.529541
2421.568603
1901.960815
1078.431396
39.215686
-784.313720
-1578.431396
-2333.333496
-2901.960937
-2607.843261
-2137.254882
-1343.137329
-333.333343
568.627441
1352.941162
2147.058837
2705.882324
2892.156982
2725.490234
2303.921630
1705.882324
813.725524
-166.666671
-1039.215698
-1823.529418
-2509.803955
-2872.549072
-2470.588378
-1911.764770
-1068.627441
-9.803922
774.509826
1519.607910
2774.509765
2882.353027
2637.254882
2147.058837
1441.176513
441.176483
-490.196075
-2186.274658
-2696.078369
-2892.156982
-2705.882324
-2303.921630
-1666.666748
411.764709
1205.882324
1980.392211
2578.431396
2852.941162
2852.941162
2431.372558
823.529418
-166.666671
-1009.803955
-1803.921630
-2480.392089
-2823.529541
-2892.156982
-1911.764770
-1088.235351
-68.627449
774.509826
1549.019653
2294.117675
2735.294189
2901.960937
2666.666748
2196.078369
431.372558
-539.215698
-1333.333374
-2705.882324
-2892.156982
-2705.882324
-2274.509765
-1627.451049
-686.274536
313.725494
2029.411743
2598.039306
2862.745117
2813.725585
2401.960937
1803.921630
970.588256
-1039.215698
-1823.529418
-2509.803955
-2823.529541
-2901.960937
-2500.000000
-2068.627441
-1254.901977
-235.294128
676.470581
2313.725585
2764.706054
2872.549072
2647.058837
2205.882324
1529.411743
578.431396
-1313.725463
-2117.647216
-2686.274658
-2882.353027
-2764.706054
-2333.333496
-1725.490234
343.137268
1176.470581
1970.588256
2549.019775
2843.137207
2833.333496
1794.117675
911.764709
-49.019607
-843.137268
-1656.862792
-2401.960937
-2803.921630
-2549.019775
-2058.823486
-1264.705932
-254.901962
617.647094
1392.156860
2166.666748
2862.745117
2656.862792
2205.882324
1539.215698
588.235290
-372.549041
-1215.686279
-2627.450927
-2882.353027
-2794.117675
-2372.549072
-1754.901977
-872.549011
117.647064
950.980407
1666.666748
2362.745117
2754.902099
2911.764648
2568.627441
2107.843261
1333.333374
323.529418
-578.431396
-1343.137329
-2735.294189
-2901.960937
-2696.078369
-2254.902099
-1549.019653
-607.843139
362.745117
1166.666748
1931.372558
2558.823486
2843.137207
2852.941162
2431.372558
1872.549072
1029.411743
9.803922
-745.098083
-1519.607910
-2813.725585
-2911.764648
-2607.843261
-2137.254882
-1392.156860
-372.549041
539.215698
2205.882324
2696.078369
2872.549072
2686.274658
2264.705810
1666.666748
725.490234
-1225.490234
-2009.803955
-2607.843261
-2882.353027
-2843.137207
-2411.764648
-833.333374
176.470596
1019.607849
1794.117675
2480.392089
2784.313720
2901.960937
1931.372558
1117.647094
117.647064
-745.098083
-1529.411743
-2284.313720
-2764.706054
-2656.862792
-2147.058837
-1401.960815
-392.156860
539.215698
1323.529418
2107.843261
2637.254882
2852.941162
2725.490234
1627.451049
686.274536
-274.509796
-1127.451049
-1892.156860
-2549.019775
-2852.941162
-2411.764648
-1833.333374
-941.176513
49.019607
852.941162
1627.451049
2362.745117
2882.353027
2558.823486
2078.431396
1323.529418
294.117645
-617.647094
-1401.960815
-2764.706054
-2911.764648
-2686.274658
-2254.902099
-1568.627441
-598.039245
382.352935
1215.686279
1970.588256
2568.627441
2794.117675
2382.353027
1754.901977
872.549011
-78.431373
-931.372558
-1705.882324
-2833.333496
-2901.960937
-2539.215820
-2039.215698
-1205.882324
-166.666671
1627.451049
2352.941162
2764.706054
2882.353027
2627.450927
2186.274658
1460.784301
-617.647094
-1401.960815
-2196.078369
-2715.686279
-2882.353027
-2725.490234
-2284.313720
-1647.058837
-705.882385
294.117645
1980.392211
2598.039306
2862.745117
2862.745117
2401.960937
1843.137329
970.588256
-1039.215698
-1823.529418
-2509.803955
-2833.333496
-2892.156982
-2509.803955
-2000.000000
-117.647064
754.901977
1529.411743
2274.509765
2735.294189
2872.549072
2666.666748
2225.490234
1578.431396
598.039245
-352.941192
-1205.882324
-1980.392211
-2598.039306
-2862.745117
-2862.745117
-2421.568603
-1852.941162
-980.392150
19.607843
813.725524
2421.568603
2794.117675
2872.549072
2568.627441
2107.843261
1352.941162
343.137268
-1441.176513
-2254.902099
-2745.098144
-2901.960937
-2686.274658
-2245.098144
-1568.627441
509.803924
1294.117675
2107.843261
2627.450927
2862.745117
2764.706054
2362.745117
1764.705932
882.352966
-68.627449
-921.568664
-1686.274536
-2421.568603
-2794.117675
-2549.019775
-2058.823486
-1225.490234
-205.882354
676.470581
1450.980468
2754.902099
2882.353027
2647.058837
2196.078369
1509.803955
558.823547
-401.960784
-2088.235351
-2656.862792
-2892.156982
-2754.902099
-2372.549072
-1764.705932
-823.529418
1137.254882
1901.960815
2539.215820
2833.333496
2862.745117
2431.372558
1911.764770
1098.039184
68.627449
-745.098083
-1509.803955
-2284.313720
-2754.902099
-2892.156982
-2676.470703
-2215.686279
-1549.019653
-558.823547
1323.529418
2127.450927
2676.470703
2882.353027
2735.294189
2343.137207
1725.490234
823.529418
-147.058822
-1029.411743
-1813.725463
-2519.607910
-2823.529541
-2901.960937
-2529.411865
-2009.803955
-1235.294189
-176.470596
1637.254882
2343.137207
2764.706054
2872.549072
2627.450927
2186.274658
1480.392211
-598.039245
-1392.156860
-2196.078369
-2725.490234
-2882.353027
-2696.078369
-2294.117675
-607.843139
372.549041
1196.078491
1931.372558
2539.215820
2833.333496
2352.941162
1745.098022
911.764709
-78.431373
-901.960815
-1676.470581
-2411.764648
-2892.156982
-2519.607910
-2029.411743
-1225.490234
-215.686279
666.666687
1460.784301
2754.902099
2882.353027
2676.470703
2196.078369
1529.411743
549.019592
-392.156860
-1245.098022
-2009.803955
-2607.843261
-2764.706054
-2343.137207
-1745.098022
-833.333374
166.666671
1019.607849
1784.313720
2833.333496
2872.549072
2470.588378
1941.176513
1117.647094
78.431373
-715.686279
-2382.353027
-2784.313720
-2588.235351
-2117.647216
-1313.725463
754.901977
1529.411743
2264.705810
2735.294189
2892.156982
2656.862792
2215.686279
470.588256
-480.392150
-1303.921630
-2068.627441
-2637.254882
-2892.156982
-2794.117675
-1676.470581
-735.294128
254.901962
1088.235351
1852.941162
2509.803955
2823.529541
2882.353027
2460.784423
1941.176513
0.000000
-696.078430
-1470.588256
-2274.509765
-2745.098144
-2911.764648
-2696.078369
-1480.392211
-470.588256
500.000000
1225.490234
2019.607910
2568.627441
2852.941162
2343.137207
1745.098022
852.941162
-98.039215
-941.176513
-1715.686279
-2441.176513
-2892.156982
-2519.607910
-2000.000000
-1284.313720
-245.098037
647.058837
1392.156860
2196.078369
2715.686279
2882.353027
2696.078369
2254.902099
1696.078491
745.098083
-186.274520
-1039.215698
-1852.941162
-2519.607910
-2813.725585
-2901.960937
-2500.000000
-1117.647094
-88.235298
764.705871
1519.607910
2254.902099
2735.294189
2862.745117
2156.862792
1470.588256
470.588256
-490.196075
-1294.117675
-2068.627441
-2656.862792
-2725.490234
-2303.921630
-1666.666748
-725.490234
254.901962
1088.235351
1843.137329
2852.941162
2852.941162
2431.372558
1852.941162
1000.000000
68.627449
-735.294128
-2401.960937
-2794.117675
-2901.960937
-2607.843261
-2147.058837
-1392.156860
676.470581
1431.372558
2205.882324
2715.686279
2872.549072
2686.274658
2274.509765
568.627441
-401.960784
-1215.686279
-2009.803955
-2607.843261
-2872.549072
-2813.725585
-1745.098022
-823.529418
137.254898
1009.803955
1774.509887
2450.980468
2784.313720
2490.196044
1980.392211
1166.666748
127.450981
-725.490234
-1519.607910
-2264.705810
-2892.156982
-2656.862792
-2166.666748
-1431.372558
-421.568634
529.411804
2176.470703
2686.274658
2882.353027
2705.882324
2303.921630
1696.078491
745.098083
-1215.686279
-1960.784301
-2598.039306
-2872.549072
-2872.549072
-2421.568603
-1882.353027
-1019.607849
29.411766
823.529418
2421.568603
2774.509765
2882.353027
2588.235351
2117.647216
1343.137329
343.137268
-1470.588256
-2264.705810
-2764.706054
-2892.156982
-2686.274658
-2235.294189
-1549.019653
529.411804
1303.921630
2078.431396
2647.058837
2872.549072
2794.117675
2372.549072
1754.901977
882.352966
-98.039215
-941.176513
-1696.078491
-2421.568603
-2813.725585
-2911.764648
-2588.235351
-2088.235351
-1323.529418
745.098083
1490.196166
2254.902099
2735.294189
2872.549072
2676.470703
2235.294189
500.000000
-382.352935
-1225.490234
-1990.196166
-2598.039306
-2892.156982
-2882.353027
-1754.901977
-852.941162
147.058822
990.196105
1735.294189
2450.980468
2803.921630
2872.549072
2529.411865
2049.019531
176.470596
-696.078430
-1480.392211
-2784.313720
-2921.568603
-2656.862792
-2176.470703
-1460.784301
-470.588256
460.784332
2166.666748
2666.666748
2862.745117
2696.078369
2294.117675
1696.078491
794.117675
-1225.490234
-1970.588256
-2598.039306
-2862.745117
-2882.353027
-2411.764648
-1852.941162
147.058822
990.196105
1745.098022
2431.372558
2774.509765
2862.745117
2009.803955
1166.666748
186.274520
-696.078430
-1470.588256
-2254.902099
-2754.902099
-2656.862792
-2205.882324
-1450.980468
-519.607849
450.980407
1264.705932
2068.627441
2843.137207
2725.490234
2343.137207
1735.294189
833.333374
-117.647064
-990.196105
-2549.019775
-2872.549072
-2872.549072
-2480.392089
-1950.980468
-1137.254882
-127.450981
1666.666748
2392.156982
2764.706054
2882.353027
2578.431396
2127.450927
1401.960815
401.960784
-500.000000
-1245.098022
-2029.411743
-2647.058837
-2882.353027
-2343.137207
-1696.078491
-784.313720
205.882354
1039.215698
1803.921630
2480.392089
2852.941162
2431.372558
1892.156860
1078.431396
58.823532
-764.705871
-1539.215698
-2794.117675
-2911.764648
-2627.450927
-2156.862792
-1382.353027
-372.549041
558.823547
1333.333374
2098.039306
2676.470703
2676.470703
2264.705810
1627.451049
715.686279
-245.098037
-1098.039184
-1852.941162
-2872.549072
-2882.353027
-2431.372558
-1843.137329
-980.392150
0.000000
705.882385
2303.921630
2764.706054
2882.353027
2647.058837
2196.078369
1519.607910
539.215698
-401.960784
-1235.294189
-2019.607910
-2892.156982
-2754.902099
-2352.941162
-1735.294189
-833.333374
166.666671
1029.411743
2529.411865
2843.137207
2862.745117
2460.784423
1882.353027
1098.039184
68.627449
-725.490234
-1509.803955
-2274.509765
-2901.960937
-2637.254882
-2166.666748
-284.313720
617.647094
1372.549072
2137.254882
2676.470703
2862.745117
2696.078369
1578.431396
637.254943
-323.529418
-1166.666748
-1970.588256
-2578.431396
-2862.745117
-2392.156982
-1764.705932
-892.156860
107.843139
960.784301
1715.686279
2411.764648
2784.313720
2872.549072
2568.627441
1235.294189
176.470596
-676.470581
-1431.372558
-2235.294189
-2735.294189
-2911.764648
-2196.078369
-1509.803955
-490.196075
460.784332
1264.705932
2039.215698
2588.235351
2735.294189
2343.137207
1725.490234
823.529418
-156.862747
-1009.803955
-1774.509887
-2852.941162
-2892.156982
-2460.784423
-1931.372558
-1088.235351
-29.411766
813.725524
1598.039184
2323.529541
2754.902099
2578.431396
2137.254882
1382.353027
382.352935
-529.411804
-1343.137329
-2137.254882
-2882.353027
-2666.666748
-2274.509765
-1647.058837
-676.470581
303.921569
2009.803955
2598.039306
2852.941162
2833.333496
2411.764648
1833.333374
990.196105
-1029.411743
-1823.529418
-2500.000000
-2843.137207
-2892.156982
-2529.411865
-2039.215698
-107.843139
754.901977
1539.215698
2264.705810
2725.490234
2882.353027
2647.058837
2215.686279
1578.431396
598.039245
-1313.725463
-2098.039306
-2676.470703
-2882.353027
-2303.921630
-1676.470581
-725.490234
264.705902
1107.843139
1872.549072
2470.588378
2813.725585
2862.745117
2500.000000
2009.803955
1245.098022
215.686279
-647.058837
-1431.372558
-2205.882324
-2754.902099
-2892.156982
-2705.882324
-2284.313720
-1607.843139
480.392150
1274.509887
2039.215698
2627.450927
2882.353027
2813.725585
2382.353027
823.529418
-166.666671
-1019.607849
-1794.117675
-2509.803955
-2843.137207
-2892.156982
-1892.156860
-1058.823608
-29.411766
813.725524
1607.843139
2352.941162
2872.549072
2549.019775
2117.647216
1362.745117
343.137268
-568.627441
-1362.745117
-2745.098144
-2911.764648
-2705.882324
-2245.098144
-1588.235351
-617.647094
362.745117
2058.823486
2617.647216
2843.137207
2784.313720
2382.353027
1774.509887
941.176513
-1068.627441
-1823.529418
-2519.607910
-2843.137207
-2882.353027
-2470.588378
-1049.019653
-9.803922
764.705871
1529.411743
2303.921630
2745.098144
2892.156982
2137.254882
1421.568603
441.176483
-490.196075
-1313.725463
-2088.235351
-2656.862792
-2715.686279
-2274.509765
-1666.666748
-735.294128
264.705902
1107.843139
1882.353027
2833.333496
2852.941162
2392.156982
1833.333374
1009.803955
-29.411766
-852.941162
-1637.254882
-2382.353027
-2803.921630
-2558.823486
-2058.823486
-1284.313720
-264.705902
647.058837
1401.960815
2186.274658
2872.549072
2666.666748
2205.882324
1558.823608
607.843139
-333.333343
-1186.274536
-1970.588256
-2607.843261
-2892.156982
-2852.941162
-2431.372558
-1833.333374
-950.980407
9.803922
803.921569
1558.823608
2313.725585
2911.764648
2578.431396
2098.039306
1362.745117
382.352935
-549.019592
-1323.529418
-2715.686279
-2892.156982
-2696.078369
-2284.313720
-1617.647094
-666.666687
294.117645
1156.862792
1921.568603
2529.411865
2833.333496
2872.549072
2450.980468
1901.960815
1117.647094
78.431373
-754.901977
-1519.607910
-2784.313720
-2892.156982
-2627.450927
-2166.666748
-1421.568603
-431.372558
519.607849
2156.862792
2676.470703
2872.549072
2705.882324
2303.921630
1666.666748
774.509826
-156.862747
-1058.823608
-1823.529418
-2549.019775
-2852.941162
-2901.960937
-1872.549072
-1039.215698
-9.803922
774.509826
1539.215698
2313.725585
2735.294189
2578.431396
2127.450927
1401.960815
431.372558
-490.196075
-1313.725463
-2107.843261
-2892.156982
-2705.882324
-2264.705810
-1617.647094
-696.078430
284.313720
1127.451049
1872.549072
2519.607910
2823.529541
2392.156982
1843.137329
990.196105
9.803922
-764.705871
-1539.215698
-2323.529541
-2892.156982
-2598.039306
-2166.666748
-1392.156860
-392.156860
529.411804
1303.921630
2715.686279
2882.353027
2705.882324
2254.902099
1647.058837
745.098083
-215.686279
-1960.784301
-2558.823486
-2862.745117
-2872.549072
-2450.980468
-1882.353027
-1029.411743
29.411766
823.529418
1607.843139
2813.725585
2892.156982
2558.823486
2098.039306
1352.941162
323.529418
-568.627441
-2235.294189
-2735.294189
-2892.156982
-2696.078369
-2254.902099
-1598.039184
490.196075
1303.921630
2049.019531
2637.254882
2872.549072
2803.921630
2382.353027
754.901977
-205.882354
-1039.215698
-1823.529418
-2500.000000
-2813.725585
-2901.960937
-1960.784301
-1107.843139
-68.627449
764.705871
1529.411743
2284.313720
2735.294189
2872.549072
2656.862792
2225.490234
411.764709
-500.000000
-1264.705932
-2039.215698
-2637.254882
-2882.353027
-2803.921630
-1715.686279
-784.313720
215.686279
1058.823608
1803.921630
2470.588378
2803.921630
2470.588378
1901.960815
1098.039184
78.431373
-754.901977
-1519.607910
-2294.117675
-2764.706054
-2911.764648
-2676.470703
-2205.882324
-1529.411743
-529.411804
431.372558
1235.294189
2049.019531
2588.235351
2725.490234
2323.529541
1735.294189
-382.352935
-1205.882324
-1980.392211
-2588.235351
-2882.353027
-2852.941162
-2431.372558
-862.745117
127.450981
990.196105
1715.686279
2411.764648
2764.706054
2872.549072
2000.000000
1284.313720
274.509796
-617.647094
-1411.764770
-2196.078369
-2715.686279
-2901.960937
-2715.686279
-2294.117675
-1637.254882
-725.490234
294.117645
2000.000000
2549.019775
2823.529541
2843.137207
2421.568603
1892.156860
1068.627441
-1009.803955
-1784.313720
-2480.392089
-2833.333496
-2911.764648
-2519.607910
-2029.411743
-78.431373
774.509826
1539.215698
2274.509765
2735.294189
2872.549072
2647.058837
2225.490234
1578.431396
598.039245
-1333.333374
-2107.843261
-2676.470703
-2911.764648
-2794.117675
-2343.137207
-1725.490234
333.333343
1166.666748
1931.372558
2539.215820
2833.333496
2862.745117
2441.176513
1892.156860
1078.431396
78.431373
-774.509826
-1558.823608
-2313.725585
-2784.313720
-2911.764648
-2666.666748
-2196.078369
-1480.392211
598.039245
1352.941162
2156.862792
2696.078369
2892.156982
2696.078369
2313.725585
676.470581
-284.313720
-1176.470581
-1931.372558
-2578.431396
-2872.549072
-2882.353027
-1803.921630
-921.568664
39.215686
852.941162
1627.451049
2352.941162
2862.745117
2529.411865
2049.019531
1284.313720
313.725494
-607.843139
-1392.156860
-2745.098144
-2921.568603
-2715.686279
-2235.294189
-1558.823608
-578.431396
401.960784
2088.235351
2647.058837
2862.745117
2754.902099
2362.745117
1764.705932
901.960815
-1088.235351
-1872.549072
-2519.607910
-2862.745117
-2892.156982
-2460.784423
-980.392150
19.607843
823.529418
1607.843139
2372.549072
2764.706054
2872.549072
2088.235351
1362.745117
352.941192
-558.823547
-1352.941162
-2166.666748
-2705.882324
-2882.353027
-2725.490234
-2323.529541
-607.843139
382.352935
1205.882324
2000.000000
2549.019775
2843.137207
2852.941162
1794.117675
970.588256
-29.411766
-852.941162
-1647.058837
-2392.156982
-2774.509765
-2549.019775
-2068.627441
-1284.313720
-254.901962
617.647094
1372.549072
2137.254882
2862.745117
2666.666748
2225.490234
1539.215698
607.843139
-352.941192
-1196.078491
-2656.862792
-2892.156982
-2784.313720
-2352.941162
-1754.901977
-852.941162
137.254898
980.392150
1725.490234
2431.372558
2794.117675
2901.960937
2568.627441
2088.235351
1303.921630
303.921569
-588.235290
-1382.353027
-2745.098144
-2901.960937
-2686.274658
-2245.098144
-1598.039184
-607.843139
372.549041
1176.470581
1941.176513
2558.823486
2794.117675
2372.549072
1764.705932
-245.098037
-1098.039184
-1852.941162
-2519.607910
-2843.137207
-2892.156982
-2490.196044
-1000.000000
-49.019607
764.705871
1509.803955
2274.509765
2735.294189
2872.549072
2137.254882
1421.568603
450.980407
-480.392150
-1284.313720
-2068.627441
-2647.058837
-2715.686279
-2303.921630
-1676.470581
-735.294128
264.705902
1088.235351
1823.529418
2843.137207
2862.745117
2450.980468
1882.353027
1049.019653
19.607843
-774.509826
-2392.156982
-2803.921630
-2892.156982
-2598.039306
-2137.254882
-1382.353027
696.078430
1450.980468
2225.490234
2715.686279
2882.353027
2696.078369
2274.509765
558.823547
-421.568634
-1245.098022
-2019.607910
-2607.843261
-2862.745117
-2843.137207
-1764.705932
-803.921569
186.274520
1019.607849
1774.509887
2460.784423
2794.117675
2892.156982
2539.215820
2039.215698
1235.294189
225.490203
-656.862731
-1441.176513
-2225.490234
-2754.902099
-2901.960937
-2705.882324
-1529.411743
-529.411804
450.980407
1254.901977
2009.803955
2588.235351
2833.333496
2362.745117
1735.294189
852.941162
-127.450981
-1000.000000
-1725.490234
-2441.176513
-2892.156982
-2500.000000
-2049.019531
-1254.901977
-215.686279
676.470581
2264.705810
2735.294189
2862.745117
2647.058837
2196.078369
1539.215698
568.627441
-392.156860
-1215.686279
-2000.000000
-2558.823486
-2862.745117
-2882.353027
-2450.980468
-911.764709
49.019607
872.549011
1637.254882
2333.333496
2764.706054
2882.353027
2627.450927
2166.666748
1421.568603
441.176483
-500.000000
-1235.294189
-2019.607910
-2617.647216
-2735.294189
-2352.941162
-1725.490234
-803.921569
196.078430
1049.019653
1784.313720
2823.529541
2872.549072
2441.176513
1921.568603
1107.843139
68.627449
-735.294128
-2382.353027
-2794.117675
-2892.156982
-2598.039306
-2156.862792
-1392.156860
656.862731
1450.980468
2205.882324
2705.882324
2862.745117
2676.470703
2274.509765
549.019592
-411.764709
-1245.098022
-2009.803955
-2607.843261
-2882.353027
-2852.941162
-1735.294189
-803.921569
166.666671
1009.803955
1794.117675
2460.784423
2794.117675
2882.353027
2500.000000
2088.235351
1333.333374
284.313720
-598.039245
-1382.353027
-2186.274658
-2696.078369
-2901.960937
-2735.294189
-1558.823608
-578.431396
411.764709
1196.078491
1980.392211
2558.823486
2843.137207
2362.745117
1764.705932
872.549011
-98.039215
-911.764709
-1676.470581
-2421.568603
-2794.117675
-2892.156982
-2607.843261
-1235.294189
-196.078430
666.666687
1441.176513
2225.490234
2735.294189
2872.549072
2196.078369
1500.000000
627.450988
-323.529418
-1186.274536
-1950.980468
-2598.039306
-2882.353027
-2872.549072
-2441.176513
-1872.549072
-1049.019653
29.411766
833.333374
1598.039184
2313.725585
2735.294189
2872.549072
2088.235351
1362.745117
333.333343
-568.627441
-1343.137329
-2147.058837
-2735.294189
-2705.882324
-2254.902099
-1578.431396
-607.843139
382.352935
1196.078491
1941.176513
2558.823486
2843.137207
2862.745117
1754.901977
901.960815
-107.843139
-1813.725463
-2500.000000
-2823.529541
-2892.156982
-2519.607910
-2029.411743
-1225.490234
833.333374
1617.647094
2382.353027
2764.706054
2872.549072
2656.862792
2176.470703
382.352935
-558.823547
-1352.941162
-2147.058837
-2705.882324
-2892.156982
-2735.294189
-2303.921630
-1686.274536
-745.098083
225.490203
1088.235351
1833.333374
2490.196044
2803.921630
2872.549072
2480.392089
1990.196166
29.411766
-794.117675
-1588.235351
-2343.137207
-2784.313720
-2892.156982
-2666.666748
-1372.549072
-333.333343
598.039245
1372.549072
2137.254882
2666.666748
2872.549072
2715.686279
2303.921630
1696.078491
813.725524
-137.254898
-1039.215698
-1823.529418
-2509.803955
-2813.725585
-2901.960937
-2509.803955
-1098.039184
-29.411766
794.117675
1578.431396
2323.529541
2764.706054
2862.745117
2127.450927
1392.156860
392.156860
-539.215698
-1323.529418
-2137.254882
-2686.274658
-2686.274658
-2264.705810
-1598.039184
-676.470581
303.921569
1156.862792
2627.450927
2852.941162
2813.725585
2401.960937
1813.725463
950.980407
-19.607843
-1764.705932
-2460.784423
-2843.137207
-2901.960937
-2568.627441
-2049.019531
-1274.509887
823.529418
1578.431396
2303.921630
2725.490234
2872.549072
2647.058837
2196.078369
1509.803955
558.823547
-392.156860
-1235.294189
-2019.607910
-2607.843261
-2862.745117
-2852.941162
-2431.372558
-1813.725463
-931.372558
1078.431396
1843.137329
2519.607910
2823.529541
2872.549072
2460.784423
1970.588256
1196.078491
166.666671
-705.882385
-1509.803955
-2274.509765
-2745.098144
-2882.353027
-2696.078369
-2245.098144
-1588.235351
-588.235290
1303.921630
2078.431396
2676.470703
2872.549072
2784.313720
2362.745117
1745.098022
892.156860
-58.823532
-901.960815
-2470.588378
-2803.921630
-2892.156982
-2558.823486
-2019.607910
-1235.294189
-196.078430
1588.235351
2323.529541
2754.902099
2882.353027
2637.254882
2196.078369
1490.196166
-578.431396
-1372.549072
-2186.274658
-2715.686279
-2901.960937
-2715.686279
-1558.823608
-607.843139
382.352935
1205.882324
1950.980468
2568.627441
2852.941162
2352.941162
1764.705932
901.960815
-58.823532
-911.764709
-1715.686279
-2421.568603
-2901.960937
-2549.019775
-2049.019531
-1235.294189
-196.078430
656.862731
1431.372558
2774.509765
2892.156982
2676.470703
2196.078369
1500.000000
627.450988
-333.333343
-2039.215698
-2627.450927
-2852.941162
-2803.921630
-2392.156982
-1774.509887
-882.352966
98.039215
901.960815
1686.274536
2411.764648
2764.706054
2872.549072
2607.843261
2156.862792
1431.372558
450.980407
-490.196075
-2186.274658
-2705.882324
-2911.764648
-2725.490234
-2313.725585
-1637.254882
-725.490234
264.705902
1107.843139
1872.549072
2539.215820
2843.137207
2872.549072
2450.980468
1950.980468
1176.470581
147.058822
-725.490234
-2352.941162
-2774.509765
-2892.156982
-2637.254882
-2186.274658
-1441.176513
-421.568634
1401.960815
2186.274658
2715.686279
2892.156982
2676.470703
2264.705810
1637.254882
725.490234
-245.098037
-1098.039184
-2558.823486
-2872.549072
-2872.549072
-2441.176513
-1882.353027
-1019.607849
0.000000
1637.254882
2362.745117
2754.902099
2892.156982
2637.254882
2166.666748
1441.176513
-617.647094
-1441.176513
-2225.490234
-2715.686279
-2882.353027
-2705.882324
-1509.803955
-519.607849
441.176483
1205.882324
1990.196166
2588.235351
2882.353027
2333.333496
1745.098022
862.745117
-156.862747
-1019.607849
-1803.921630
-2500.000000
-2901.960937
-2500.000000
-2039.215698
-1254.901977
-225.490203
666.666687
1421.568603
2754.902099
2892.156982
2647.058837
2186.274658
1519.607910
568.627441
-372.549041
-1215.686279
-1990.196166
-2607.843261
-2745.098144
-2352.941162
-1774.509887
-823.529418
166.666671
1009.803955
1784.313720
2823.529541
2872.549072
2460.784423
1921.568603
1117.647094
98.039215
-715.686279
-2352.941162
-2774.509765
-2892.156982
-2637.254882
-2166.666748
-1441.176513
637.254943
1401.960815
2186.274658
2705.882324
2872.549072
2686.274658
2294.117675
1647.058837
725.490234
-245.098037
-1107.843139
-2588.235351
-2882.353027
-2882.353027
-2441.176513
-1852.941162
-980.392150
1029.411743
1794.117675
2470.588378
2813.725585
2892.156982
2519.607910
2049.019531
98.039215
-725.490234
-1509.803955
-2274.509765
-2745.098144
-2892.156982
-2696.078369
-1431.372558
-441.176483
509.803924
1294.117675
2068.627441
2637.254882
2872.549072
2774.509765
2392.156982
1764.705932
-254.901962
-1117.647094
-1872.549072
-2539.215820
-2852.941162
-2892.156982
-2470.588378
-1009.803955
39.215686
862.745117
1647.058837
2362.745117
2764.706054
2882.353027
2088.235351
1323.529418
303.921569
-607.843139
-1392.156860
-2196.078369
-2735.294189
-2656.862792
-2235.294189
-1568.627441
-578.431396
401.960784
1225.490234
2666.666748
2882.353027
2794.117675
2352.941162
1745.098022
892.156860
-88.235298
-1803.921630
-2519.607910
-2813.725585
-2901.960937
-2509.803955
-2019.607910
-1215.686279
852.941162
1617.647094
2362.745117
2764.706054
2892.156982
2637.254882
2156.862792
1470.588256
480.392150
-460.784332
-1274.509887
-2068.627441
-2637.254882
-2892.156982
-2803.921630
-2372.549072
-1764.705932
-892.156860
1127.451049
1862.745117
2509.803955
2843.137207
2901.960937
2470.588378
1960.784301
1137.254882
107.843139
-745.098083
-2392.156982
-2794.117675
-2882.353027
-2627.450927
-1313.725463
-294.117645
637.254943
1401.960815
2196.078369
2676.470703
2686.274658
2235.294189
1558.823608
637.254943
-352.941192
-1186.274536
-1980.392211
-2578.431396
-2852.941162
-2833.333496
-1774.509887
-852.941162
137.254898
1000.000000
1715.686279
2421.568603
2794.117675
2490.196044
2019.607910
1205.882324
225.490203
-647.058837
-1450.980468
-2225.490234
-2892.156982
-2666.666748
-2205.882324
-1490.196166
-500.000000
372.549041
1186.274536
2617.647216
2843.137207
2794.117675
2372.549072
1784.313720
892.156860
-68.627449
-892.156860
-1676.470581
-2401.960937
-2892.156982
-2509.803955
-2019.607910
-1254.901977
-245.098037
656.862731
1441.176513
2715.686279
2862.745117
2647.058837
2196.078369
1529.411743
588.235290
-392.156860
-2078.431396
-2627.450927
-2921.568603
-2803.921630
-2362.745117
-1745.098022
-872.549011
1147.058837
1882.353027
2509.803955
2803.921630
2862.745117
2441.176513
990.196105
39.215686
-774.509826
-1568.627441
-2313.725585
-2784.313720
-2901.960937
-2666.666748
-2176.470703
-1441.176513
-460.784332
1421.568603
2186.274658
2705.882324
2872.549072
2686.274658
2274.509765
637.254943
-352.941192
-1196.078491
-1970.588256
-2588.235351
-2892.156982
-2872.549072
-1764.705932
-882.352966
117.647064
980.392150
1735.294189
2421.568603
2774.509765
2500.000000
2068.627441
1303.921630
294.117645
-617.647094
-1372.549072
-2176.470703
-2921.568603
-2696.078369
-2225.490234
-1568.627441
-598.039245
392.156860
1205.882324
1960.784301
2568.627441
2843.137207
2352.941162
1754.901977
872.549011
-1098.039184
-1862.745117
-2558.823486
-2862.745117
-2892.156982
-2460.784423
-1911.764770
-1068.627441
-49.019607
784.313720
1558.823608
2303.921630
2754.902099
2892.156982
2647.058837
2225.490234
1529.411743
578.431396
-382.352935
-1235.294189
-2000.000000
-2568.627441
-2823.529541
-2392.156982
-1813.725463
-882.352966
107.843139
950.980407
1705.882324
2401.960937
2774.509765
2872.549072
2568.627441
2117.647216
1372.549072
362.745117
-549.019592
-1333.333374
-2137.254882
-2715.686279
-2892.156982
-2705.882324
-2303.921630
-617.647094
352.941192
1166.666748
1950.980468
2549.019775
2843.137207
2852.941162
1774.509887
941.176513
-58.823532
-862.745117
-1656.862792
-2401.960937
-2794.117675
-2539.215820
-2039.215698
-1264.705932
-225.490203
656.862731
1421.568603
2215.686279
2852.941162
2637.254882
2205.882324
1529.411743
549.019592
-401.960784
-1235.294189
-2009.803955
-2598.039306
-2872.549072
-2352.941162
-1745.098022
-833.333374
147.058822
1000.000000
1696.078491
2431.372558
2852.941162
2480.392089
2000.000000
1284.313720
303.921569
-598.039245
-1392.156860
-2774.509765
-2901.960937
-2686.274658
-2245.098144
-1568.627441
-588.235290
1303.921630
2107.843261
2676.470703
2852.941162
2754.902099
2323.529541
1745.098022
862.745117
-117.647064
-980.392150
-1745.098022
-2823.529541
-2911.764648
-2509.803955
-1990.196166
-1166.666748
-137.254898
1686.274536
2392.156982
2774.509765
2862.745117
2578.431396
2127.450927
1382.353027
-666.666687
-1470.588256
-2245.098144
-2735.294189
-2901.960937
-2705.882324
-2264.705810
-509.803924
450.980407
1245.098022
2009.803955
2598.039306
2862.745117
2843.137207
1754.901977
852.941162
-127.450981
-1000.000000
-1715.686279
-2460.784423
-2823.529541
-2490.196044
-1990.196166
-1176.470581
-147.058822
725.490234
1490.196166
2764.706054
2872.549072
2617.647216
2176.470703
1450.980468
500.000000
-392.156860
-2078.431396
-2666.666748
-2901.960937
-2784.313720
-2382.353027
-1764.705932
-852.941162
137.254898
990.196105
1745.098022
2833.333496
2882.353027
2509.803955
2009.803955
1225.490234
205.882354
-676.470581
-2323.529541
-2764.706054
-2892.156982
-2676.470703
-2215.686279
-1480.392211
-470.588256
1382.353027
2166.666748
2715.686279
2882.353027
2696.078369
2294.117675
1666.666748
-382.352935
-1215.686279
-2000.000000
-2568.627441
-2862.745117
-2882.353027
-2441.176513
-901.960815
88.235298
901.960815
1656.862792
2401.960937
2774.509765
2509.803955
2058.823486
1284.313720
264.705902
-617.647094
-1392.156860
-2186.274658
-2911.764648
-2686.274658
-2196.078369
-1529.411743
-539.215698
411.764709
1215.686279
2666.666748
2862.745117
2754.902099
2313.725585
1725.490234
852.941162
-107.843139
-1852.941162
-2549.019775
-2852.941162
-2901.960937
-2500.000000
-2000.000000
-1274.509887
-245.098037
627.450988
1401.960815
2715.686279
2872.549072
2686.274658
2235.294189
1558.823608
598.039245
-362.745117
-2068.627441
-2647.058837
-2852.941162
-2784.313720
-2382.353027
-1764.705932
-882.352966
1127.451049
1862.745117
2529.411865
2833.333496
2882.353027
2450.980468
950.980407
0.000000
-686.274536
-1480.392211
-2245.098144
-2764.706054
-2892.156982
-2186.274658
-1460.784301
-490.196075
500.000000
1235.294189
2039.215698
2617.647216
2725.490234
2323.529541
1745.098022
862.745117
-127.450981
-990.196105
-1745.098022
-2852.941162
-2901.960937
-2500.000000
-2029.411743
-1245.098022
-225.490203
647.058837
2303.921630
2745.098144
2862.745117
2656.862792
2196.078369
1539.215698
578.431396
-1323.529418
-2098.039306
-2666.666748
-2901.960937
-2764.706054
-2352.941162
-1715.686279
-833.333374
156.862747
1019.607849
1794.117675
2480.392089
2823.529541
2892.156982
2539.215820
2029.411743
1254.901977
235.294128
-1578.431396
-2323.529541
-2774.509765
-2901.960937
-2676.470703
-2205.882324
-1470.588256
578.431396
1362.745117
2147.058837
2686.274658
2901.960937
2715.686279
1598.039184
656.862731
-313.725494
-1196.078491
-1960.784301
-2578.431396
-2862.745117
-2382.353027
-1774.509887
-892.156860
88.235298
911.764709
1656.862792
2372.549072
2862.745117
2500.000000
2078.431396
1333.333374
333.333343
-607.843139
-1382.353027
-2764.706054
-2901.960937
-2686.274658
-2254.902099
-1578.431396
-588.235290
382.352935
1176.470581
1960.784301
2558.823486
2794.117675
2352.941162
1735.294189
-235.294128
-1107.843139
-1882.353027
-2558.823486
-2852.941162
-2901.960937
-2470.588378
-990.196105
-9.803922
774.509826
1558.823608
2294.117675
2745.098144
2862.745117
2137.254882
1372.549072
392.156860
-539.215698
-1313.725463
-2137.254882
-2656.862792
-2715.686279
-2274.509765
-1637.254882
-696.078430
284.313720
1147.058837
1872.549072
2509.803955
2823.529541
2892.156982
2460.784423
1921.568603
1117.647094
117.647064
-735.294128
-1519.607910
-2284.313720
-2764.706054
-2637.254882
-2166.666748
-1431.372558
-401.960784
519.607849
1303.921630
2088.235351
2666.666748
2872.549072
2735.294189
2343.137207
1754.901977
862.745117
-117.647064
-1000.000000
-1715.686279
-2441.176513
-2803.921630
-2509.803955
-1990.196166
-1186.274536
-137.254898
725.490234
1500.000000
2215.686279
2862.745117
2656.862792
2186.274658
1509.803955
539.215698
-392.156860
-1235.294189
-2000.000000
-2568.627441
-2852.941162
-2872.549072
-2441.176513
-1823.529418
-1009.803955
29.411766
833.333374
1617.647094
2343.137207
2901.960937
2558.823486
2098.039306
1333.333374
333.333343
-588.235290
-1372.549072
-2725.490234
-2901.960937
-2696.078369
-2254.902099
-1598.039184
-607.843139
372.549041
1166.666748
1941.176513
2549.019775
2833.333496
2872.549072
2441.176513
1813.725463
1039.215698
29.411766
-764.705871
-1549.019653
-2803.921630
-2911.764648
-2588.235351
-2117.647216
-1333.333374
-313.725494
598.039245
2225.490234
2725.490234
2872.549072
2656.862792
2264.705810
1607.843139
666.666687
-303.921569
-1166.666748
-1950.980468
-2882.353027
-2813.725585
-2382.353027
-1784.313720
-921.568664
68.627449
892.156860
2460.784423
2774.509765
2872.549072
2529.411865
2049.019531
1294.117675
284.313720
-607.843139
-1421.568603
-2205.882324
-2715.686279
-2901.960937
-2705.882324
-2264.705810
-1637.254882
-705.882385
303.921569
1127.451049
1862.745117
2529.411865
2833.333496
2392.156982
1784.313720
-176.470596
-1039.215698
-1803.921630
-2509.803955
-2882.353027
-2460.784423
-1852.941162
-1039.215698
-19.607843
813.725524
1598.039184
2333.333496
2764.706054
2872.549072
2107.843261
1382.353027
362.745117
-1480.392211
-2254.902099
-2725.490234
-2921.568603
-2686.274658
-2235.294189
-1539.215698
539.215698
1303.921630
2098.039306
2637.254882
2852.941162
2754.902099
2372.549072
764.705871
-205.882354
-1088.235351
-1862.745117
-2529.411865
-2852.941162
-2862.745117
-1813.725463
-1000.000000
-49.019607
794.117675
1568.627441
2323.529541
2745.098144
2852.941162
2637.254882
2186.274658
372.549041
-539.215698
-1333.333374
-2127.450927
-2725.490234
-2892.156982
-2715.686279
-1627.451049
-666.666687
352.941192
1186.274536
1931.372558
2539.215820
2823.529541
2401.960937
1764.705932
931.372558
-58.823532
-872.549011
-1666.666748
-2813.725585
-2911.764648
-2568.627441
-2058.823486
-1274.509887
-245.098037
647.058837
2235.294189
2725.490234
2882.353027
2686.274658
2235.294189
1549.019653
607.843139
-362.745117
-1215.686279
-2000.000000
-2892.156982
-2823.529541
-2392.156982
-1813.725463
-921.568664
58.823532
892.156860
2450.980468
2784.313720
2872.549072
2549.019775
2088.235351
1323.529418
313.725494
-1529.411743
-2313.725585
-2784.313720
-2892.156982
-2656.862792
-2196.078369
-1490.196166
558.823547
1362.745117
2147.058837
2656.862792
2852.941162
2735.294189
2303.921630
1705.882324
803.921569
-156.862747
-1049.019653
-1813.725463
-2529.411865
-2872.549072
-2450.980468
-1901.960815
-1058.823608
-29.411766
823.529418
1578.431396
2784.313720
2872.549072
2568.627441
2098.039306
1392.156860
392.156860
-509.803924
-2215.686279
-2715.686279
-2901.960937
-2696.078369
-2254.902099
-1647.058837
-696.078430
1264.705932
2029.411743
2607.843261
2833.333496
2813.725585
2401.960937
1784.313720
941.176513
-29.411766
-901.960815
-2460.784423
-2823.529541
-2901.960937
-2539.215820
-2049.019531
-1274.509887
-245.098037
627.450988
1411.764770
2196.078369
2872.549072
2666.666748
2215.686279
441.176483
-480.392150
-1274.509887
-2078.431396
-2637.254882
-2892.156982
-2784.313720
-1676.470581
-754.901977
264.705902
1088.235351
1852.941162
2509.803955
2833.333496
2872.549072
2470.588378
1960.784301
29.411766
-803.921569
-1588.235351
-2333.333496
-2794.117675
-2911.764648
-2647.058837
-1333.333374
-284.313720
627.450988
1382.353027
2176.470703
2705.882324
2892.156982
2235.294189
1598.039184
666.666687
-343.137268
-1186.274536
-1970.588256
-2578.431396
-2892.156982
-2882.353027
-2431.372558
-872.549011
98.039215
911.764709
1656.862792
2372.549072
2764.706054
2892.156982
2049.019531
1323.529418
294.117645
-627.450988
-1392.156860
-2186.274658
-2715.686279
-2686.274658
-2235.294189
-1529.411743
-539.215698
431.372558
1235.294189
2009.803955
2607.843261
2862.745117
2843.137207
1754.901977
843.137268
-117.647064
-1872.549072
-2529.411865
-2843.137207
-2901.960937
-2490.196044
-1911.764770
-1137.254882
941.176513
1705.882324
2411.764648
2774.509765
2882.353027
2588.235351
2098.039306
235.294128
-627.450988
-1431.372558
-2225.490234
-2735.294189
-2901.960937
-2696.078369
-1519.607910
-578.431396
421.568634
1254.901977
2029.411743
2588.235351
2754.902099
2343.137207
1754.901977
862.745117
-127.450981
-980.392150
-1745.098022
-2441.176513
-2813.725585
-2921.568603
-2558.823486
-1186.274536
-147.058822
725.490234
1509.803955
2274.509765
2745.098144
2637.254882
2186.274658
1450.980468
509.803924
-450.980407
-1254.901977
-2029.411743
-2892.156982
-2725.490234
-2333.333496
-1725.490234
-784.313720
205.882354
1049.019653
2529.411865
2823.529541
2852.941162
2421.568603
1833.333374
1058.823608
39.215686
-803.921569
-1568.627441
-2343.137207
-2911.764648
-2568.627441
-2098.039306
-1333.333374
-323.529418
598.039245
1372.549072
2725.490234
2862.745117
2676.470703
2225.490234
1578.431396
647.058837
-313.725494
-2049.019531
-2627.450927
-2892.156982
-2823.529541
-2382.353027
-1784.313720
254.901962
1127.451049
1843.137329
2490.196044
2823.529541
2852.941162
2470.588378
1970.588256
1186.274536
147.058822
-705.882385
-2362.745117
-2813.725585
-2892.156982
-2617.647216
-2156.862792
-1392.156860
666.666687
1450.980468
2176.470703
2676.470703
2882.353027
2686.274658
2284.313720
568.627441
-401.960784
-1225.490234
-1960.784301
-2588.235351
-2862.745117
-2882.353027
-1774.509887
-872.549011
117.647064
970.588256
1725.490234
2421.568603
2784.313720
2882.353027
2539.215820
2098.039306
225.490203
-637.254943
-1431.372558
-2215.686279
-2745.098144
-2911.764648
-2705.882324
-1500.000000
-607.843139
372.549041
1215.686279
1980.392211
2568.627441
2862.745117
2352.941162
1764.705932
901.960815
-68.627449
-901.960815
-1686.274536
-2392.156982
-2803.921630
-2882.353027
-2598.039306
-1254.901977
-215.686279
666.666687
1441.176513
2215.686279
2715.686279
2892.156982
2196.078369
1490.196166
519.607849
-411.764709
-1254.901977
-2000.000000
-2568.627441
-2823.529541
-2382.353027
-1764.705932
-882.352966
98.039215
921.568664
1676.470581
2382.353027
2774.509765
2872.549072
2607.843261
2127.450927
1401.960815
411.764709
-480.392150
-1284.313720
-2088.235351
-2656.862792
-2892.156982
-2774.509765
-2343.137207
-715.686279
284.313720
1127.451049
1892.156860
2529.411865
2823.529541
2882.353027
1803.921630
1000.000000
39.215686
-764.705871
-1549.019653
-2313.725585
-2774.509765
-2598.039306
-2137.254882
-1382.353027
-392.156860
529.411804
1323.529418
2117.647216
2852.941162
2686.274658
2254.902099
1647.058837
725.490234
-1245.098022
-2019.607910
-2607.843261
-2892.156982
-2343.137207
-1754.901977
-823.529418
186.274520
1029.411743
1784.313720
2480.392089
2784.313720
2872.549072
2509.803955
2029.411743
1225.490234
225.490203
-647.058837
-1421.568603
-2196.078369
-2725.490234
-2892.156982
-2225.490234
-1519.607910
-539.215698
441.176483
1245.098022
2019.607910
2598.039306
2852.941162
2823.529541
2392.156982
823.529418
-137.254898
-1009.803955
-1774.509887
-2490.196044
-2813.725585
-2911.764648
-1872.549072
-1107.843139
-58.823532
764.705871
1539.215698
2294.117675
2754.902099
2882.353027
2656.862792
2215.686279
1509.803955
568.627441
-411.764709
-1235.294189
-2000.000000
-2578.431396
-2862.745117
-2872.549072
-1803.921630
-921.568664
68.627449
901.960815
1676.470581
2372.549072
2764.706054
2529.411865
2058.823486
1313.725463
284.313720
-607.843139
-1401.960815
-2186.274658
-2725.490234
-2911.764648
-2715.686279
-2254.902099
-1647.058837
-705.882385
294.117645
1147.058837
1892.156860
2549.019775
2823.529541
2401.960937
1794.117675
980.392150
19.607843
-803.921569
-1588.235351
-2382.353027
-2892.156982
-2578.431396
-2098.039306
-1333.333374
-303.921569
617.647094
1372.549072
2166.666748
2725.490234
2872.549072
2235.294189
1578.431396
627.450988
-343.137268
-1156.862792
-1950.980468
-2578.431396
-2823.529541
-2382.353027
-1764.705932
-882.352966
98.039215
921.568664
1676.470581
2392.156982
2754.902099
2901.960937
2607.843261
2117.647216
1362.745117
372.549041
-539.215698
-1333.333374
-2127.450927
-2676.470703
-2696.078369
-2264.705810
-1647.058837
-696.078430
313.725494
1137.254882
1892.156860
2862.745117
2843.137207
2411.764648
1872.549072
990.196105
9.803922
-745.098083
-2362.745117
-2794.117675
-2901.960937
-2607.843261
-2147.058837
-1401.960815
656.862731
1431.372558
2215.686279
2715.686279
2862.745117
2676.470703
2284.313720
549.019592
-382.352935
-1254.901977
-2000.000000
-2568.627441
-2882.353027
-2872.549072
-1794.117675
-921.568664
88.235298
901.960815
1666.666748
2382.353027
2754.902099
2882.353027
2598.039306
2137.254882
313.725494
-598.039245
-1362.745117
-2176.470703
-2705.882324
-2892.156982
-2725.490234
-1549.019653
-588.235290
401.960784
1205.882324
1990.196166
2568.627441
2862.745117
2362.745117
1754.901977
882.352966
-117.647064
-980.392150
-1735.294189
-2460.784423
-2833.333496
-2901.960937
-2578.431396
-1166.666748
-107.843139
754.901977
1539.215698
2294.117675
2715.686279
2872.549072
2147.058837
1431.372558
460.784332
-509.803924
-1294.117675
-2078.431396
-2656.862792
-2705.882324
-2294.117675
-1666.666748
-705.882385
284.313720
1107.843139
1892.156860
2529.411865
2813.725585
2852.941162
1803.921630
1000.000000
68.627449
-764.705871
-1549.019653
-2303.921630
-2764.706054
-2911.764648
-2666.666748
-2215.686279
-1490.196166
-500.000000
392.156860
1215.686279
1970.588256
2588.235351
2833.333496
2852.941162
1745.098022
882.352966
-107.843139
-990.196105
-1754.901977
-2450.980468
-2813.725585
-2490.196044
-1980.392211
-1176.470581
-137.254898
754.901977
1509.803955
2254.902099
2745.098144
2872.549072
2676.470703
2235.294189
1578.431396
627.450988
-313.725494
-1166.666748
-1970.588256
-2578.431396
-2872.549072
-2372.549072
-1784.313720
-911.764709
88.235298
892.156860
1656.862792
2392.156982
2872.549072
2509.803955
2039.215698
1274.509887
264.705902
-637.254943
-1421.568603
-2764.706054
-2901.960937
-2686.274658
-2196.078369
-1529.411743
-539.215698
411.764709
1235.294189
1990.196166
2598.039306
2862.745117
2843.137207
2401.960937
843.137268
-107.843139
-980.392150
-1745.098022
-2460.784423
-2813.725585
-2901.960937
-1960.784301
-1176.470581
-117.647064
745.098083
1529.411743
2284.313720
2754.902099
2607.843261
2156.862792
1421.568603
480.392150
-470.588256
-1284.313720
-2068.627441
-2627.450927
-2882.353027
-2794.117675
-1705.882324
-754.901977
225.490203
1068.627441
1833.333374
2519.607910
2843.137207
2892.156982
2509.803955
1960.784301
1205.882324
176.470596
-715.686279
-1480.392211
-2254.902099
-2745.098144
-2892.156982
-2666.666748
-1460.784301
-460.784332
500.000000
1264.705932
2000.000000
2558.823486
2823.529541
2372.549072
1774.509887
921.568664
-58.823532
-882.352966
-1676.470581
-2421.568603
-2911.764648
-2529.411865
-2019.607910
-1254.901977
-205.882354
666.666687
1450.980468
2215.686279
2735.294189
2872.549072
2205.882324
1519.607910
558.823547
-1343.137329
-2147.058837
-2686.274658
-2882.353027
-2754.902099
-2313.725585
-1745.098022
343.137268
1176.470581
1931.372558
2549.019775
2843.137207
2862.745117
2441.176513
1852.941162
1058.823608
29.411766
-1725.490234
-2450.980468
-2803.921630
-2901.960937
-2578.431396
-2088.235351
-1343.137329
745.098083
1519.607910
2254.902099
2715.686279
2901.960937
2676.470703
2245.098144
529.411804
-441.176483
-1264.705932
-2049.019531
-2647.058837
-2882.353027
-2803.921630
-1735.294189
-794.117675
205.882354
1049.019653
1813.725463
2470.588378
2803.921630
2872.549072
2509.803955
2029.411743
1274.509887
215.686279
-637.254943
-2313.725585
-2784.313720
-2901.960937
-2676.470703
-2205.882324
-1500.000000
-617.647094
1323.529418
2088.235351
2617.647216
2852.941162
2764.706054
2343.137207
1764.705932
-284.313720
-1127.451049
-1911.764770
-2568.627441
-2852.941162
-2872.549072
-2460.784423
-980.392150
19.607843
843.137268
1627.451049
2343.137207
2745.098144
2549.019775
2098.039306
1362.745117
352.941192
-549.019592
-1352.941162
-2137.254882
-2892.156982
-2696.078369
-2245.098144
-1588.235351
-647.058837
343.137268
1196.078491
2598.039306
2823.529541
2813.725585
2382.353027
1794.117675
970.588256
-29.411766
-1784.313720
-2490.196044
-2833.333496
-2901.960937
-2539.215820
-2039.215698
-1254.901977
823.529418
1607.843139
2303.921630
2735.294189
2872.549072
2637.254882
1362.745117
343.137268
-558.823547
-1362.745117
-2176.470703
-2725.490234
-2892.156982
-2235.294189
-1568.627441
-598.039245
382.352935
1215.686279
1960.784301
2558.823486
2803.921630
2401.960937
1754.901977
901.960815
-68.627449
-892.156860
-1647.058837
-2392.156982
-2803.921630
-2901.960937
-2029.411743
-1274.509887
-235.294128
676.470581
1450.980468
2215.686279
2686.274658
2647.058837
2225.490234
1519.607910
558.823547
-401.960784
-1215.686279
-2000.000000
-2568.627441
-2862.745117
-2892.156982
-2450.980468
-1813.725463
-1029.411743
0.000000
696.078430
1480.392211
2245.098144
2715.686279
2637.254882
2166.666748
1450.980468
490.196075
-421.568634
-1264.705932
-2058.823486
-2901.960937
-2745.098144
-2333.333496
-1745.098022
-803.921569
205.882354
1039.215698
2519.607910
2852.941162
2862.745117
2431.372558
1882.353027
1078.431396
68.627449
-774.509826
-1539.215698
-2313.725585
-2764.706054
-2911.764648
-2676.470703
-2205.882324
-1500.000000
-607.843139
392.156860
1205.882324
2627.450927
2843.137207
2784.313720
2372.549072
1754.901977
931.372558
-58.823532
