1196.078491
1950.980468
2882.353027
2813.725585
2372.549072
1784.313720
921.568664
-39.215686
-882.352966
-2470.588378
-2813.725585
-2921.568603
-2558.823486
-2058.823486
-1264.705932
-245.098037
637.254943
1421.568603
2196.078369
2882.353027
2686.274658
2225.490234
1539.215698
578.431396
-392.156860
-1235.294189
-2666.666748
-2872.549072
-2784.313720
-2372.549072
-1754.901977
-862.745117
147.058822
1901.960815
2500.000000
2823.529541
2882.353027
2519.607910
2029.411743
1235.294189
-843.137268
-1617.647094
-2362.745117
-2794.117675
-2892.156982
-2647.058837
-2186.274658
-1450.980468
-421.568634
509.803924
2156.862792
2705.882324
2862.745117
2705.882324
2294.117675
1666.666748
745.098083
-205.882354
-1068.627441
-1852.941162
-2549.019775
-2843.137207
-2892.156982
-2470.588378
-1960.784301
-1127.451049
-107.843139
784.313720
1558.823608
2303.921630
2745.098144
2598.039306
2147.058837
1431.372558
460.784332
-509.803924
-1303.921630
-2088.235351
-2666.666748
-2882.353027
-2784.313720
-2362.745117
-725.490234
254.901962
1088.235351
1882.353027
2529.411865
2833.333496
2862.745117
2450.980468
1941.176513
1117.647094
117.647064
-745.098083
-1509.803955
-2803.921630
-2911.764648
-2637.254882
-2156.862792
-1401.960815
-411.764709
529.411804
2196.078369
2715.686279
2882.353027
2245.098144
1568.627441
617.647094
-362.745117
-1205.882324
-1990.196166
-2598.039306
-2872.549072
-2872.549072
-2441.176513
-892.156860
98.039215
921.568664
1676.470581
2401.960937
2764.706054
2892.156982
2068.627441
1274.509887
284.313720
-617.647094
-1411.764770
-2176.470703
-2705.882324
-2705.882324
-2225.490234
-1539.215698
-568.627441
401.960784
1205.882324
1960.784301
2872.549072
2735.294189
2323.529541
1754.901977
862.745117
-127.450981
-990.196105
-1735.294189
-2460.784423
-2803.921630
-2500.000000
-2029.411743
-1245.098022
-215.686279
676.470581
1441.176513
2215.686279
2892.156982
2656.862792
2196.078369
1500.000000
627.450988
-313.725494
-1186.274536
-2647.058837
-2882.353027
-2813.725585
-2392.156982
-1784.313720
-892.156860
78.431373
921.568664
1666.666748
2392.156982
2774.509765
2862.745117
2598.039306
2127.450927
1441.176513
441.176483
-490.196075
-1303.921630
-2098.039306
-2656.862792
-2882.353027
-2303.921630
-1676.470581
-745.098083
235.294128
1078.431396
1852.941162
2519.607910
2823.529541
2431.372558
1852.941162
1029.411743
0.000000
-715.686279
-1500.000000
-2764.706054
-2872.549072
-2676.470703
-2235.294189
-1549.019653
-558.823547
431.372558
2098.039306
2647.058837
2892.156982
2794.117675
2382.353027
1764.705932
882.352966
-1117.647094
-1882.353027
-2539.215820
-2843.137207
-2892.156982
-2480.392089
-1950.980468
19.607843
823.529418
1607.843139
2343.137207
2764.706054
2872.549072
2088.235351
1362.745117
362.745117
-568.627441
-1352.941162
-2176.470703
-2715.686279
-2676.470703
-2254.902099
-1588.235351
-627.450988
362.745117
1186.274536
1941.176513
2872.549072
2813.725585
2382.353027
1764.705932
921.568664
-49.019607
-872.549011
-2460.784423
-2823.529541
-2882.353027
-2558.823486
-2068.627441
-1284.313720
-245.098037
1558.823608
2303.921630
2735.294189
2892.156982
2666.666748
2215.686279
392.156860
-509.803924
-1303.921630
-2088.235351
-2676.470703
-2892.156982
-2784.313720
-1647.058837
-725.490234
274.509796
1107.843139
1843.137329
2509.803955
2823.529541
2431.372558
1862.745117
1009.803955
0.000000
-686.274536
-1500.000000
-2225.490234
-2911.764648
-2676.470703
-2215.686279
-1529.411743
-549.019592
431.372558
1225.490234
2627.450927
2892.156982
2754.902099
2352.941162
1764.705932
882.352966
-78.431373
-1833.333374
-2509.803955
-2882.353027
-2460.784423
-1892.156860
107.843139
970.588256
1715.686279
2411.764648
2764.706054
2872.549072
2598.039306
1254.901977
205.882354
-656.862731
-1431.372558
-2215.686279
-2725.490234
-2892.156982
-2225.490234
-1500.000000
-607.843139
392.156860
1225.490234
1960.784301
2578.431396
2803.921630
2362.745117
1764.705932
882.352966
-58.823532
-901.960815
-1686.274536
-2823.529541
-2901.960937
-2500.000000
-2078.431396
-1313.725463
-254.901962
1549.019653
2294.117675
2735.294189
2872.549072
2656.862792
2225.490234
1549.019653
-549.019592
-1333.333374
-2156.862792
-2686.274658
-2892.156982
-2745.098144
-2333.333496
-647.058837
313.725494
1176.470581
1901.960815
2549.019775
2823.529541
2882.353027
2441.176513
1921.568603
1107.843139
-970.588256
-1715.686279
-2460.784423
-2892.156982
-2509.803955
-2000.000000
-1274.509887
-254.901962
637.254943
1411.764770
2735.294189
2892.156982
2676.470703
2245.098144
1578.431396
627.450988
-343.137268
-2058.823486
-2647.058837
-2882.353027
-2813.725585
-2411.764648
-1774.509887
-901.960815
1098.039184
1843.137329
2509.803955
2833.333496
2882.353027
2480.392089
1950.980468
1166.666748
127.450981
-745.098083
-2372.549072
-2774.509765
-2892.156982
-2078.431396
-1313.725463
-303.921569
617.647094
1382.353027
2166.666748
2696.078369
2686.274658
2215.686279
1578.431396
607.843139
-333.333343
-1176.470581
-1970.588256
-2882.353027
-2784.313720
-2392.156982
-1784.313720
-882.352966
107.843139
970.588256
2500.000000
2794.117675
2901.960937
2539.215820
2049.019531
1274.509887
254.901962
-637.254943
-1401.960815
-2205.882324
-2745.098144
-2911.764648
-2705.882324
-2264.705810
-1647.058837
-676.470581
284.313720
1127.451049
2568.627441
2852.941162
2813.725585
2401.960937
1823.529418
970.588256
9.803922
-774.509826
-1549.019653
-2323.529541
-2921.568603
-2627.450927
-2156.862792
-1421.568603
-411.764709
539.215698
1323.529418
2715.686279
2882.353027
2676.470703
2254.902099
1647.058837
745.098083
-215.686279
-1941.176513
-2588.235351
-2862.745117
-2872.549072
-2441.176513
-1872.549072
-1000.000000
960.784301
1715.686279
2441.176513
2803.921630
2892.156982
2568.627441
2088.235351
1313.725463
323.529418
-578.431396
-2225.490234
-2745.098144
-2892.156982
-2686.274658
-2254.902099
-1578.431396
-598.039245
1323.529418
2117.647216
2656.862792
2882.353027
2745.098144
2362.745117
745.098083
-205.882354
-1068.627441
-1852.941162
-2539.215820
-2862.745117
-2901.960937
-1852.941162
-980.392150
-19.607843
813.725524
1598.039184
2323.529541
2774.509765
2882.353027
2647.058837
2196.078369
382.352935
-539.215698
-1333.333374
-2137.254882
-2686.274658
-2892.156982
-2745.098144
-1607.843139
-676.470581
313.725494
1156.862792
1882.353027
2509.803955
2843.137207
2401.960937
1803.921630
950.980407
0.000000
-696.078430
-1490.196166
-2274.509765
-2892.156982
-2666.666748
-2176.470703
-1460.784301
-431.372558
500.000000
1235.294189
2637.254882
2872.549072
2725.490234
2343.137207
1745.098022
872.549011
-98.039215
-1833.333374
-2519.607910
-2843.137207
-2921.568603
-2500.000000
-2009.803955
-88.235298
745.098083
1529.411743
2313.725585
2745.098144
2882.353027
2647.058837
1460.784301
450.980407
-460.784332
-1274.509887
-2058.823486
-2656.862792
-2892.156982
-2303.921630
-1676.470581
-745.098083
254.901962
1088.235351
1862.745117
2519.607910
2852.941162
2431.372558
1862.745117
1019.607849
0.000000
-686.274536
-1490.196166
-2784.313720
-2911.764648
-2656.862792
-2196.078369
-1460.784301
-470.588256
480.392150
1274.509887
2058.823486
2627.450927
2872.549072
2823.529541
2382.353027
1784.313720
911.764709
-58.823532
-901.960815
-1666.666748
-2411.764648
-2803.921630
-2892.156982
-2039.215698
-1245.098022
-225.490203
637.254943
1421.568603
2215.686279
2715.686279
2676.470703
2225.490234
1529.411743
607.843139
-392.156860
-1215.686279
-2009.803955
-2911.764648
-2774.509765
-2352.941162
-1735.294189
-823.529418
147.058822
1019.607849
2519.607910
2833.333496
2892.156982
2470.588378
1941.176513
1147.058837
127.450981
-735.294128
-1519.607910
-2294.117675
-2901.960937
-2637.254882
-2166.666748
-1421.568603
-411.764709
519.607849
1323.529418
2078.431396
2637.254882
2852.941162
2745.098144
2382.353027
1754.901977
872.549011
-98.039215
-911.764709
-1696.078491
-2421.568603
-2911.764648
-2529.411865
-2009.803955
-1205.882324
-186.274520
696.078430
1470.588256
2745.098144
2862.745117
2637.254882
2166.666748
1470.588256
509.803924
-431.372558
-1264.705932
-2039.215698
-2656.862792
-2892.156982
-2794.117675
-2382.353027
-764.705871
215.686279
1068.627441
1833.333374
2509.803955
2843.137207
2882.353027
1872.549072
1068.627441
29.411766
-784.313720
-1558.823608
-2333.333496
-2764.706054
-2637.254882
-2117.647216
-1362.745117
-352.941192
578.431396
1362.745117
2137.254882
2686.274658
2882.353027
2745.098144
1598.039184
656.862731
-313.725494
-1166.666748
-1950.980468
-2568.627441
-2852.941162
-2401.960937
-1784.313720
-931.372558
58.823532
882.352966
1647.058837
2362.745117
2862.745117
2509.803955
2049.019531
1274.509887
254.901962
-627.450988
-1382.353027
-2745.098144
-2901.960937
-2686.274658
-2235.294189
-1539.215698
-549.019592
401.960784
1205.882324
1980.392211
2588.235351
2764.706054
2343.137207
1754.901977
892.156860
-68.627449
-931.372558
-1696.078491
-2823.529541
-2901.960937
-2539.215820
-2039.215698
-1235.294189
-205.882354
1617.647094
2362.745117
2784.313720
2892.156982
2647.058837
2186.274658
1460.784301
-588.235290
-1382.353027
-2176.470703
-2715.686279
-2911.764648
-2715.686279
-2294.117675
-1666.666748
-735.294128
274.509796
1980.392211
2578.431396
2852.941162
2843.137207
2411.764648
1843.137329
1000.000000
-980.392150
-1735.294189
-2441.176513
-2813.725585
-2901.960937
-2558.823486
-2068.627441
-147.058822
735.294128
1509.803955
2264.705810
2735.294189
2892.156982
2686.274658
2245.098144
1578.431396
647.058837
-1294.117675
-2088.235351
-2637.254882
-2725.490234
-2313.725585
-1676.470581
-754.901977
235.294128
1078.431396
1843.137329
2519.607910
2833.333496
2882.353027
2470.588378
1980.392211
1176.470581
156.862747
-715.686279
-1509.803955
-2274.509765
-2754.902099
-2892.156982
-2705.882324
-2245.098144
-1568.627441
519.607849
1313.725463
2088.235351
2647.058837
2872.549072
2794.117675
2372.549072
1745.098022
882.352966
-88.235298
-1823.529418
-2509.803955
-2852.941162
-2882.353027
-2500.000000
-2068.627441
-1264.705932
794.117675
1568.627441
2303.921630
2745.098144
2872.549072
2656.862792
2225.490234
1519.607910
549.019592
-401.960784
-2098.039306
-2676.470703
-2892.156982
-2794.117675
-2372.549072
-1764.705932
-862.745117
1147.058837
1901.960815
2519.607910
2862.745117
2411.764648
1833.333374
970.588256
-9.803922
-803.921569
-1588.235351
-2343.137207
-2803.921630
-2911.764648
-2647.058837
-2166.666748
-1460.784301
-460.784332
490.196075
1274.509887
2058.823486
2656.862792
2862.745117
2794.117675
2352.941162
1764.705932
-245.098037
-1078.431396
-1872.549072
-2549.019775
-2862.745117
-2901.960937
-2470.588378
-1950.980468
-1127.451049
-107.843139
1725.490234
2421.568603
2803.921630
2509.803955
2009.803955
1225.490234
215.686279
-656.862731
-1450.980468
-2235.294189
-2911.764648
-2666.666748
-2186.274658
-1490.196166
-490.196075
460.784332
1284.313720
2656.862792
2872.549072
2735.294189
2313.725585
1735.294189
794.117675
-156.862747
-1911.764770
-2578.431396
-2872.549072
-2872.549072
-2460.784423
-1901.960815
-1068.627441
-9.803922
764.705871
1539.215698
2754.902099
2872.549072
2617.647216
2147.058837
1450.980468
441.176483
-500.000000
-2127.450927
-2705.882324
-2921.568603
-2745.098144
-2333.333496
-1705.882324
343.137268
1196.078491
1950.980468
2558.823486
2843.137207
2862.745117
2431.372558
901.960815
-58.823532
-911.764709
-1666.666748
-2411.764648
-2803.921630
-2921.568603
-2617.647216
-2127.450927
-1372.549072
676.470581
1470.588256
2235.294189
2725.490234
2862.745117
2666.666748
2254.902099
519.607849
-411.764709
-1245.098022
-2000.000000
-2568.627441
-2862.745117
-2862.745117
-1774.509887
-911.764709
88.235298
892.156860
1647.058837
2372.549072
2764.706054
2539.215820
2058.823486
1303.921630
303.921569
-607.843139
-1372.549072
-2176.470703
-2911.764648
-2705.882324
-2215.686279
-1509.803955
-558.823547
401.960784
1205.882324
1970.588256
2568.627441
2852.941162
2352.941162
1754.901977
882.352966
-1117.647094
-1892.156860
-2558.823486
-2862.745117
-2901.960937
-2490.196044
-1941.176513
39.215686
862.745117
1656.862792
2401.960937
2764.706054
2882.353027
2637.254882
2127.450927
1450.980468
460.784332
-1392.156860
-2205.882324
-2735.294189
-2901.960937
-2715.686279
-2294.117675
-1637.254882
450.980407
1254.901977
2019.607910
2598.039306
2843.137207
2843.137207
2411.764648
892.156860
-88.235298
-941.176513
-1696.078491
-2421.568603
-2813.725585
-2901.960937
-2039.215698
-1215.686279
-186.274520
715.686279
1470.588256
2245.098144
2872.549072
2647.058837
2205.882324
1490.196166
539.215698
-421.568634
-1254.901977
-2696.078369
-2901.960937
-2764.706054
-2333.333496
-1725.490234
-803.921569
176.470596
1921.568603
2539.215820
2833.333496
2852.941162
2460.784423
1950.980468
1127.451049
-941.176513
-1745.098022
-2411.764648
-2833.333496
-2901.960937
-2588.235351
-2088.235351
-1323.529418
-294.117645
617.647094
2274.509765
2735.294189
2882.353027
2656.862792
2245.098144
1578.431396
637.254943
-333.333343
-1205.882324
-1980.392211
-2901.960937
-2774.509765
-2382.353027
-754.901977
205.882354
1078.431396
1833.333374
2480.392089
2823.529541
2872.549072
1901.960815
1078.431396
29.411766
-784.313720
-1578.431396
-2313.725585
-2794.117675
-2588.235351
-2117.647216
-1333.333374
-294.117645
607.843139
1411.764770
2176.470703
2901.960937
2666.666748
2235.294189
1578.431396
637.254943
-352.941192
-1196.078491
-1960.784301
-2578.431396
-2862.745117
-2382.353027
-1774.509887
-882.352966
127.450981
990.196105
1754.901977
2450.980468
2862.745117
2500.000000
2058.823486
1294.117675
274.509796
-627.450988
-1401.960815
-2764.706054
-2921.568603
-2696.078369
-2225.490234
-1568.627441
-568.627441
411.764709
1225.490234
1970.588256
2588.235351
2774.509765
2362.745117
1764.705932
892.156860
-68.627449
-911.764709
-1686.274536
-2411.764648
-2794.117675
-2892.156982
-2607.843261
-2098.039306
-1333.333374
-303.921569
578.431396
1352.941162
2147.058837
2676.470703
2676.470703
2254.902099
1617.647094
647.058837
-294.117645
-1156.862792
-1901.960815
-2882.353027
-2833.333496
-2411.764648
-1823.529418
-931.372558
68.627449
872.549011
1647.058837
2362.745117
2754.902099
2872.549072
2617.647216
2166.666748
1441.176513
460.784332
-490.196075
-1274.509887
-2078.431396
-2901.960937
-2715.686279
-2313.725585
-1676.470581
-735.294128
245.098037
1058.823608
2549.019775
2843.137207
2852.941162
2421.568603
1901.960815
1068.627441
49.019607
-764.705871
-1558.823608
-2303.921630
-2921.568603
-2647.058837
-2156.862792
-284.313720
637.254943
1401.960815
2205.882324
2705.882324
2882.353027
2686.274658
1568.627441
568.627441
-362.745117
-1215.686279
-2009.803955
-2598.039306
-2882.353027
-2382.353027
-1745.098022
-833.333374
137.254898
990.196105
1735.294189
2460.784423
2872.549072
2480.392089
1990.196166
1176.470581
186.274520
-705.882385
-1480.392211
-2794.117675
-2901.960937
-2637.254882
-2176.470703
-1441.176513
-401.960784
1431.372558
2205.882324
2735.294189
2872.549072
2686.274658
2284.313720
1647.058837
-431.372558
-1254.901977
-2049.019531
-2637.254882
-2882.353027
-2813.725585
-2392.156982
-774.509826
186.274520
1039.215698
1794.117675
2500.000000
2784.313720
2892.156982
2529.411865
2068.627441
1284.313720
-764.705871
-1539.215698
-2333.333496
-2901.960937
-2607.843261
-2137.254882
-1401.960815
-382.352935
549.019592
1333.333374
2715.686279
2882.353027
2705.882324
2254.902099
1617.647094
705.882385
-264.705902
-2000.000000
-2578.431396
-2862.745117
-2872.549072
-2450.980468
-1921.568603
-1098.039184
-49.019607
794.117675
1568.627441
2794.117675
2892.156982
2617.647216
2117.647216
1382.353027
392.156860
-519.607849
-2196.078369
-2735.294189
-2911.764648
-2696.078369
-2284.313720
-1637.254882
-705.882385
1245.098022
2009.803955
2598.039306
2852.941162
2823.529541
2411.764648
1823.529418
990.196105
0.000000
-715.686279
-1509.803955
-2264.705810
-2764.706054
-2892.156982
-2705.882324
-2245.098144
-1549.019653
-578.431396
1333.333374
2117.647216
2676.470703
2901.960937
2745.098144
2343.137207
1754.901977
-294.117645
-1147.058837
-1911.764770
-2558.823486
-2852.941162
-2901.960937
-2480.392089
-1892.156860
-1078.431396
-29.411766
813.725524
1578.431396
2303.921630
2754.902099
2882.353027
2666.666748
2205.882324
1500.000000
598.039245
-352.941192
-1205.882324
-2647.058837
-2882.353027
-2794.117675
-2382.353027
-1774.509887
-882.352966
98.039215
1803.921630
2500.000000
2823.529541
2882.353027
2529.411865
2058.823486
1294.117675
-774.509826
-1549.019653
-2323.529541
-2774.509765
-2911.764648
-2666.666748
-2205.882324
-1490.196166
-500.000000
401.960784
1215.686279
1990.196166
2598.039306
2862.745117
2843.137207
2411.764648
1843.137329
1000.000000
-960.784301
-1735.294189
-2441.176513
-2794.117675
-2921.568603
-2578.431396
-2107.843261
-176.470596
705.882385
1480.392211
2264.705810
2735.294189
2892.156982
2676.470703
2254.902099
1598.039184
676.470581
-1264.705932
-2049.019531
-2637.254882
-2892.156982
-2833.333496
-2411.764648
-1774.509887
-901.960815
88.235298
921.568664
1686.274536
2372.549072
2754.902099
2872.549072
2627.450927
1303.921630
313.725494
-607.843139
-1392.156860
-2186.274658
-2735.294189
-2892.156982
-2715.686279
-2284.313720
-1637.254882
-715.686279
284.313720
1137.254882
1892.156860
2539.215820
2833.333496
2862.745117
2460.784423
1009.803955
-19.607843
-843.137268
-1627.451049
-2372.549072
-2803.921630
-2911.764648
-2107.843261
-1323.529418
-284.313720
627.450988
1401.960815
2186.274658
2705.882324
2882.353027
2686.274658
2294.117675
1666.666748
735.294128
-245.098037
-1078.431396
-1872.549072
-2519.607910
-2823.529541
-2901.960937
-1872.549072
-1029.411743
19.607843
833.333374
1637.254882
2343.137207
2774.509765
2901.960937
2637.254882
2176.470703
362.745117
-568.627441
-1362.745117
-2166.666748
-2882.353027
-2725.490234
-2274.509765
-1598.039184
-647.058837
333.333343
2058.823486
2627.450927
2882.353027
2833.333496
2362.745117
1794.117675
950.980407
-1039.215698
-1833.333374
-2519.607910
-2862.745117
-2921.568603
-2490.196044
-1980.392211
19.607843
813.725524
1598.039184
2323.529541
2774.509765
2911.764648
2647.058837
2196.078369
1500.000000
598.039245
-1274.509887
-2088.235351
-2637.254882
-2725.490234
-2303.921630
-1666.666748
-735.294128
264.705902
1107.843139
1852.941162
2843.137207
2852.941162
2441.176513
1882.353027
1029.411743
-9.803922
-794.117675
-2401.960937
-2803.921630
-2921.568603
-2607.843261
-2147.058837
-1372.549072
-343.137268
1480.392211
2274.509765
2774.509765
2882.353027
2666.666748
2245.098144
1607.843139
656.862731
-323.529418
-1186.274536
-2637.254882
-2872.549072
-2823.529541
-2382.353027
-1803.921630
-901.960815
88.235298
1774.509887
2480.392089
2813.725585
2892.156982
2509.803955
2029.411743
1254.901977
245.098037
-637.254943
-1431.372558
-2225.490234
-2745.098144
-2872.549072
-2686.274658
-2264.705810
-1637.254882
-686.274536
323.529418
2000.000000
2529.411865
2843.137207
2872.549072
2450.980468
1882.353027
1058.823608
39.215686
-803.921569
-1578.431396
-2833.333496
-2921.568603
-2588.235351
-2117.647216
-1343.137329
-313.725494
598.039245
2235.294189
2715.686279
2882.353027
2676.470703
2245.098144
1627.451049
676.470581
-1274.509887
-2058.823486
-2656.862792
-2901.960937
-2794.117675
-2372.549072
-754.901977
225.490203
1068.627441
1843.137329
2480.392089
2813.725585
2872.549072
1901.960815
1068.627441
58.823532
-764.705871
-1558.823608
-2303.921630
-2784.313720
-2637.254882
-2147.058837
-1392.156860
-392.156860
549.019592
1323.529418
2107.843261
2872.549072
2686.274658
2284.313720
1656.862792
735.294128
-254.901962
-1127.451049
-2598.039306
-2882.353027
-2862.745117
-2421.568603
-1843.137329
-970.588256
0.000000
676.470581
1470.588256
2245.098144
2872.549072
2647.058837
2196.078369
1519.607910
549.019592
-411.764709
-1245.098022
-2019.607910
-2607.843261
-2872.549072
-2862.745117
-2401.960937
-1833.333374
-941.176513
49.019607
1735.294189
2450.980468
2803.921630
2882.353027
2549.019775
2088.235351
1274.509887
294.117645
-627.450988
-1392.156860
-2754.902099
-2882.353027
-2686.274658
-1441.176513
-441.176483
480.392150
1274.509887
2049.019531
2627.450927
2872.549072
2313.725585
1676.470581
803.921569
-156.862747
-1039.215698
-1833.333374
-2529.411865
-2892.156982
-2450.980468
-1901.960815
-1039.215698
0.000000
715.686279
1490.196166
2754.902099
2882.353027
2656.862792
2186.274658
1480.392211
509.803924
-450.980407
-2137.254882
-2705.882324
-2901.960937
-2764.706054
-2343.137207
-1745.098022
-823.529418
176.470596
1019.607849
1794.117675
2833.333496
2872.549072
2460.784423
1921.568603
1088.235351
78.431373
-754.901977
-2372.549072
-2784.313720
-2911.764648
-2637.254882
-2176.470703
-1411.764770
-431.372558
1431.372558
2205.882324
2715.686279
2872.549072
2676.470703
2294.117675
549.019592
-392.156860
-1215.686279
-2000.000000
-2549.019775
-2872.549072
-2872.549072
-2470.588378
-1882.353027
-1058.823608
-29.411766
1735.294189
2441.176513
2774.509765
2872.549072
2558.823486
2088.235351
176.470596
-686.274536
-1470.588256
-2245.098144
-2754.902099
-2911.764648
-2696.078369
-1509.803955
-509.803924
460.784332
1264.705932
2029.411743
2617.647216
2852.941162
2333.333496
1715.686279
803.921569
-166.666671
-1049.019653
-1813.725463
-2509.803955
-2852.941162
-2911.764648
-2500.000000
-1117.647094
-88.235298
725.490234
1500.000000
2215.686279
2725.490234
2901.960937
2686.274658
2264.705810
1617.647094
705.882385
-274.509796
-1137.254882
-1901.960815
-2549.019775
-2862.745117
-2431.372558
-1843.137329
-950.980407
29.411766
843.137268
1627.451049
2784.313720
2892.156982
2578.431396
2117.647216
1343.137329
333.333343
-588.235290
-2235.294189
-2735.294189
-2901.960937
-2705.882324
-2245.098144
-1578.431396
490.196075
1284.313720
2068.627441
2617.647216
2872.549072
2784.313720
2392.156982
764.705871
-215.686279
-1088.235351
-1852.941162
-2539.215820
-2843.137207
-2911.764648
-2470.588378
-1960.784301
-1127.451049
950.980407
1715.686279
2392.156982
2803.921630
2882.353027
2588.235351
2098.039306
274.509796
-637.254943
-1421.568603
-2225.490234
-2745.098144
-2921.568603
-2715.686279
-1529.411743
-529.411804
431.372558
1225.490234
2009.803955
2598.039306
2852.941162
2843.137207
2421.568603
1833.333374
970.588256
0.000000
-696.078430
-1470.588256
-2245.098144
-2745.098144
-2892.156982
-2686.274658
-1450.980468
-460.784332
509.803924
1284.313720
2049.019531
2627.450927
2872.549072
2323.529541
1725.490234
833.333374
-166.666671
-1049.019653
-1794.117675
-2509.803955
-2843.137207
-2911.764648
-2509.803955
-1078.431396
-39.215686
803.921569
1568.627441
2313.725585
2764.706054
2882.353027
2666.666748
2186.274658
1480.392211
529.411804
-431.372558
-1274.509887
-2039.215698
-2617.647216
-2882.353027
-2803.921630
-2401.960937
-794.117675
186.274520
1029.411743
1803.921630
2490.196044
2833.333496
2901.960937
1901.960815
1088.235351
68.627449
-764.705871
-1529.411743
-2313.725585
-2754.902099
-2637.254882
-2156.862792
-1401.960815
-382.352935
539.215698
1333.333374
2107.843261
2666.666748
2882.353027
2764.706054
1617.647094
705.882385
-274.509796
-2009.803955
-2598.039306
-2882.353027
-2882.353027
-2431.372558
-1843.137329
-960.784301
1058.823608
1833.333374
2509.803955
2803.921630
2892.156982
2460.784423
2000.000000
156.862747
-725.490234
-1509.803955
-2264.705810
-2754.902099
-2892.156982
-2686.274658
-1460.784301
-450.980407
490.196075
1274.509887
2039.215698
2627.450927
2862.745117
2803.921630
2372.549072
1774.509887
-225.490203
-1088.235351
-1833.333374
-2872.549072
-2882.353027
-2441.176513
-1862.745117
-1000.000000
-58.823532
774.509826
2392.156982
2784.313720
2911.764648
2607.843261
2127.450927
1392.156860
421.568634
-1421.568603
-2225.490234
-2735.294189
-2911.764648
-2705.882324
-2274.509765
-1627.451049
-676.470581
294.117645
1147.058837
2607.843261
2872.549072
2823.529541
2372.549072
1813.725463
941.176513
-29.411766
-1764.705932
-2490.196044
-2823.529541
-2921.568603
-2549.019775
-2058.823486
-1274.509887
784.313720
1578.431396
2333.333496
2764.706054
2882.353027
2656.862792
1382.353027
392.156860
-529.411804
-1343.137329
-2127.450927
-2686.274658
-2872.549072
-2754.902099
-2352.941162
-1725.490234
-803.921569
1196.078491
1950.980468
2558.823486
2852.941162
2852.941162
2411.764648
911.764709
-58.823532
-901.960815
-1666.666748
-2401.960937
-2823.529541
-2901.960937
-2029.411743
-1225.490234
-205.882354
647.058837
1421.568603
2196.078369
2725.490234
2656.862792
2186.274658
1529.411743
568.627441
-382.352935
-1215.686279
-2009.803955
-2901.960937
-2784.313720
-2372.549072
-1735.294189
-852.941162
147.058822
980.392150
1735.294189
2441.176513
2794.117675
2480.392089
1980.392211
1176.470581
-882.352966
-1666.666748
-2411.764648
-2784.313720
-2921.568603
-2598.039306
-2147.058837
-274.509796
617.647094
1411.764770
2186.274658
2725.490234
2872.549072
2686.274658
1588.235351
598.039245
-343.137268
-1196.078491
-1970.588256
-2588.235351
-2862.745117
-2882.353027
-2441.176513
-1862.745117
-990.196105
0.000000
676.470581
1450.980468
2235.294189
2696.078369
2862.745117
2676.470703
1500.000000
617.647094
-343.137268
-1186.274536
-1970.588256
-2578.431396
-2882.353027
-2401.960937
-1774.509887
-882.352966
98.039215
911.764709
1666.666748
2392.156982
2764.706054
2882.353027
2588.235351
1274.509887
284.313720
-617.647094
-1401.960815
-2186.274658
-2725.490234
-2892.156982
-2235.294189
-1549.019653
-549.019592
401.960784
1215.686279
1970.588256
2617.647216
2754.902099
2352.941162
1745.098022
872.549011
-88.235298
-941.176513
-1715.686279
-2833.333496
-2911.764648
-2509.803955
-1990.196166
-1196.078491
-147.058822
1666.666748
2392.156982
2764.706054
2872.549072
2607.843261
2147.058837
1441.176513
441.176483
-509.803924
-1303.921630
-2078.431396
-2921.568603
-2725.490234
-2303.921630
-1676.470581
-745.098083
245.098037
1950.980468
2549.019775
2843.137207
2852.941162
2431.372558
1892.156860
1078.431396
-990.196105
-1754.901977
-2470.588378
-2823.529541
-2921.568603
-2539.215820
-2088.235351
-1294.117675
-245.098037
637.254943
2264.705810
2735.294189
2882.353027
2666.666748
2245.098144
1578.431396
627.450988
-1303.921630
-2088.235351
-2647.058837
-2892.156982
-2833.333496
-2362.745117
-1764.705932
284.313720
1147.058837
1882.353027
2519.607910
2823.529541
2862.745117
2450.980468
1941.176513
1137.254882
137.254898
-754.901977
-1539.215698
-2333.333496
-2774.509765
-2911.764648
-2686.274658
-2205.882324
-1500.000000
-598.039245
372.549041
1186.274536
2647.058837
2852.941162
2803.921630
2411.764648
1764.705932
911.764709
-49.019607
-1774.509887
-2500.000000
-2813.725585
-2882.353027
-2578.431396
-2098.039306
-1333.333374
735.294128
1529.411743
2303.921630
2774.509765
2892.156982
2676.470703
2225.490234
450.980407
-490.196075
-1284.313720
-2078.431396
-2656.862792
-2872.549072
-2794.117675
-2392.156982
-1774.509887
-882.352966
1137.254882
1892.156860
2549.019775
2852.941162
2882.353027
2480.392089
1950.980468
-9.803922
-803.921569
-1588.235351
-2352.941162
-2784.313720
-2892.156982
-2637.254882
-1323.529418
-303.921569
588.235290
1372.549072
2137.254882
2696.078369
2676.470703
2245.098144
1607.843139
676.470581
-294.117645
-1156.862792
-1921.568603
-2882.353027
-2862.745117
-2421.568603
-1823.529418
-970.588256
29.411766
852.941162
2470.588378
2784.313720
2911.764648
2578.431396
2098.039306
1352.941162
362.745117
-1509.803955
-2274.509765
-2774.509765
-2892.156982
-2705.882324
-2235.294189
-1558.823608
519.607849
1323.529418
2107.843261
2676.470703
2892.156982
2754.902099
1637.254882
715.686279
-245.098037
-1117.647094
-1872.549072
-2529.411865
-2843.137207
-2441.176513
-1833.333374
-990.196105
9.803922
764.705871
1558.823608
2274.509765
2901.960937
2627.450927
2176.470703
1450.980468
460.784332
-490.196075
-1294.117675
-2705.882324
-2892.156982
-2725.490234
-2303.921630
-1656.862792
-735.294128
264.705902
1098.039184
1862.745117
2519.607910
2803.921630
2882.353027
2470.588378
1970.588256
1176.470581
156.862747
-705.882385
-1509.803955
-2803.921630
-2911.764648
-2647.058837
-2186.274658
-1441.176513
-421.568634
529.411804
2176.470703
2686.274658
2872.549072
2705.882324
2284.313720
1686.274536
754.901977
-205.882354
-1088.235351
-1852.941162
-2892.156982
-2862.745117
-2441.176513
-882.352966
107.843139
990.196105
1735.294189
2431.372558
2774.509765
2882.353027
2568.627441
2098.039306
1372.549072
382.352935
-549.019592
-1352.941162
-2147.058837
-2921.568603
-2696.078369
-2254.902099
-539.215698
431.372558
1264.705932
2039.215698
2598.039306
2852.941162
2813.725585
1715.686279
833.333374
-166.666671
-1029.411743
-1823.529418
-2509.803955
-2862.745117
-2460.784423
-1892.156860
-1068.627441
-39.215686
833.333374
1617.647094
2343.137207
2764.706054
2882.353027
2647.058837
2186.274658
1509.803955
529.411804
-421.568634
-1254.901977
-2019.607910
-2578.431396
-2882.353027
-2362.745117
-1725.490234
-823.529418
166.666671
1019.607849
1754.901977
2480.392089
2872.549072
2450.980468
1941.176513
1117.647094
98.039215
-725.490234
-1509.803955
-2284.313720
-2754.902099
-2892.156982
-2176.470703
-1441.176513
-411.764709
1421.568603
2196.078369
2715.686279
2882.353027
2676.470703
2274.509765
1656.862792
-362.745117
-1225.490234
-2000.000000
-2578.431396
-2862.745117
-2892.156982
-2450.980468
-911.764709
58.823532
901.960815
1637.254882
2392.156982
2794.117675
2901.960937
2617.647216
2147.058837
1401.960815
-666.666687
-1441.176513
-2225.490234
-2745.098144
-2921.568603
-2686.274658
-2284.313720
-1598.039184
-637.254943
343.137268
2049.019531
2627.450927
2862.745117
2823.529541
2392.156982
1784.313720
931.372558
-1078.431396
-1833.333374
-2519.607910
-2852.941162
-2892.156982
-2500.000000
-2019.607910
-98.039215
745.098083
1529.411743
2294.117675
2764.706054
2911.764648
2686.274658
1441.176513
421.568634
-1411.764770
-2215.686279
-2735.294189
-2676.470703
-2225.490234
-1529.411743
-529.411804
441.176483
1245.098022
2009.803955
2872.549072
2725.490234
2362.745117
1754.901977
882.352966
-107.843139
-980.392150
-2519.607910
-2843.137207
-2921.568603
-2500.000000
-2049.019531
-1264.705932
-254.901962
666.666687
1450.980468
2225.490234
2852.941162
2647.058837
2205.882324
1509.803955
549.019592
-392.156860
-1245.098022
-2676.470703
-2892.156982
-2774.509765
-2352.941162
-1715.686279
-794.117675
166.666671
1911.764770
2539.215820
2833.333496
2872.549072
2450.980468
1921.568603
1137.254882
117.647064
-754.901977
-1529.411743
-2303.921630
-2764.706054
-2911.764648
-2686.274658
-2215.686279
-1519.607910
-539.215698
460.784332
1245.098022
1990.196166
2588.235351
2745.098144
2313.725585
1735.294189
852.941162
-127.450981
-990.196105
-1735.294189
-2823.529541
-2892.156982
-2480.392089
-1990.196166
-1166.666748
-117.647064
745.098083
2352.941162
2774.509765
2901.960937
2617.647216
2176.470703
1450.980468
509.803924
-1392.156860
-2166.666748
-2696.078369
-2892.156982
-2725.490234
-2294.117675
-588.235290
352.941192
1186.274536
1941.176513
2539.215820
2843.137207
2872.549072
1784.313720
921.568664
-68.627449
-872.549011
-1647.058837
-2421.568603
-2794.117675
-2549.019775
-2068.627441
-1274.509887
-245.098037
627.450988
1392.156860
2166.666748
2892.156982
2696.078369
2245.098144
1558.823608
627.450988
-343.137268
-1186.274536
-2637.254882
-2882.353027
-2813.725585
-2392.156982
-1794.117675
-862.745117
1137.254882
1892.156860
2519.607910
2852.941162
2882.353027
2470.588378
1931.372558
-19.607843
-843.137268
-1666.666748
-2392.156982
-2784.313720
-2911.764648
-2627.450927
-1284.313720
-254.901962
627.450988
1411.764770
2205.882324
2705.882324
2882.353027
2215.686279
1539.215698
598.039245
-372.549041
-1235.294189
-1980.392211
-2598.039306
-2872.549072
-2862.745117
-2441.176513
-852.941162
107.843139
980.392150
1725.490234
2421.568603
2784.313720
2911.764648
1970.588256
1225.490234
215.686279
-666.666687
-1470.588256
-2235.294189
-2745.098144
-2676.470703
-2215.686279
-1500.000000
-568.627441
401.960784
1225.490234
1980.392211
2568.627441
2852.941162
2843.137207
1754.901977
892.156860
-88.235298
-1803.921630
-2509.803955
-2813.725585
-2892.156982
-2509.803955
-2000.000000
-1284.313720
794.117675
1549.019653
2313.725585
2725.490234
2882.353027
2676.470703
2245.098144
411.764709
-509.803924
-1303.921630
-2088.235351
-2676.470703
-2901.960937
-2784.313720
-1696.078491
-725.490234
254.901962
1098.039184
1862.745117
2490.196044
2803.921630
2882.353027
2490.196044
1990.196166
19.607843
-784.313720
-1578.431396
-2333.333496
-2803.921630
-2901.960937
-2656.862792
-2176.470703
-1500.000000
-588.235290
401.960784
1215.686279
2000.000000
2558.823486
2852.941162
2872.549072
2470.588378
1901.960815
-49.019607
-892.156860
-1656.862792
-2382.353027
-2794.117675
-2892.156982
-2617.647216
-1254.901977
-215.686279
676.470581
1431.372558
2235.294189
2735.294189
2872.549072
2186.274658
1500.000000
617.647094
-323.529418
-1176.470581
-1941.176513
-2578.431396
-2803.921630
-2411.764648
-1784.313720
-901.960815
78.431373
911.764709
1656.862792
2372.549072
2745.098144
2882.353027
2598.039306
2147.058837
1441.176513
450.980407
-490.196075
-1284.313720
-2058.823486
-2637.254882
-2725.490234
-2313.725585
-1686.274536
-754.901977
254.901962
1078.431396
1833.333374
2519.607910
2833.333496
2882.353027
1882.353027
1049.019653
9.803922
-754.901977
-1519.607910
-2294.117675
-2754.902099
-2647.058837
-2156.862792
-1431.372558
-401.960784
539.215698
1284.313720
2068.627441
2882.353027
2686.274658
2274.509765
1656.862792
754.901977
-225.490203
-1078.431396
-2588.235351
-2872.549072
-2882.353027
-2450.980468
-1872.549072
-1029.411743
1029.411743
1813.725463
2500.000000
2803.921630
2882.353027
2539.215820
2049.019531
156.862747
-725.490234
-1500.000000
-2225.490234
-2735.294189
-2892.156982
-2715.686279
-1500.000000
-607.843139
401.960784
1186.274536
1960.784301
2539.215820
2862.745117
2862.745117
2441.176513
1862.745117
990.196105
39.215686
-764.705871
-1568.627441
-2823.529541
-2892.156982
-2588.235351
-2127.450927
-1372.549072
-352.941192
1500.000000
2186.274658
2715.686279
2882.353027
2686.274658
2284.313720
1627.451049
-421.568634
-1254.901977
-2049.019531
-2627.450927
-2872.549072
-2833.333496
-2411.764648
-803.921569
186.274520
1039.215698
1794.117675
2509.803955
2803.921630
2892.156982
2500.000000
2068.627441
1313.725463
-764.705871
-1529.411743
-2303.921630
-2784.313720
-2911.764648
-2676.470703
-2205.882324
-372.549041
539.215698
1323.529418
2088.235351
2676.470703
2882.353027
2735.294189
1647.058837
715.686279
-254.901962
-1107.843139
-1882.353027
-2558.823486
-2843.137207
-2450.980468
-1843.137329
-980.392150
0.000000
715.686279
1509.803955
2264.705810
2735.294189
2901.960937
2696.078369
1500.000000
617.647094
-372.549041
-1205.882324
-1980.392211
-2588.235351
-2882.353027
-2372.549072
-1774.509887
-882.352966
107.843139
970.588256
1696.078491
2421.568603
2774.509765
2892.156982
2578.431396
2107.843261
1352.941162
333.333343
-588.235290
-1352.941162
-2156.862792
-2725.490234
-2882.353027
-2245.098144
-1617.647094
-637.254943
352.941192
1196.078491
1950.980468
2539.215820
2823.529541
2862.745117
2450.980468
931.372558
-49.019607
-862.745117
-1647.058837
-2833.333496
-2892.156982
-2558.823486
-2058.823486
-1284.313720
-245.098037
1539.215698
2303.921630
2754.902099
2882.353027
2676.470703
2225.490234
1549.019653
568.627441
-382.352935
-1235.294189
-2000.000000
-2882.353027
-2843.137207
-2392.156982
-1784.313720
-921.568664
68.627449
1774.509887
2470.588378
2794.117675
2882.353027
2519.607910
2029.411743
1274.509887
-784.313720
-1578.431396
-2362.745117
-2794.117675
-2921.568603
-2647.058837
-2205.882324
-343.137268
578.431396
1362.745117
2137.254882
2656.862792
2872.549072
2715.686279
2313.725585
1705.882324
794.117675
-186.274520
-1049.019653
-1823.529418
-2509.803955
-2833.333496
-2901.960937
-2509.803955
-2000.000000
-127.450981
774.509826
1529.411743
2294.117675
2754.902099
2892.156982
2676.470703
1450.980468
460.784332
-470.588256
-1303.921630
-2068.627441
-2656.862792
-2901.960937
-2323.529541
-1676.470581
-735.294128
235.294128
1068.627441
1813.725463
2843.137207
2852.941162
2421.568603
1862.745117
1039.215698
9.803922
-784.313720
-2411.764648
-2803.921630
-2911.764648
-2627.450927
-2137.254882
-1382.353027
-382.352935
1480.392211
2254.902099
2754.902099
2882.353027
2666.666748
2245.098144
1607.843139
-470.588256
-1284.313720
-2078.431396
-2656.862792
-2892.156982
-2784.313720
-2362.745117
-725.490234
264.705902
1107.843139
1882.353027
2490.196044
2813.725585
2441.176513
1872.549072
1029.411743
0.000000
-676.470581
-1480.392211
-2264.705810
-2901.960937
-2676.470703
-2205.882324
-1470.588256
-480.392150
480.392150
1274.509887
2696.078369
2862.745117
2715.686279
2313.725585
1686.274536
803.921569
-156.862747
-1921.568603
-2539.215820
-2872.549072
-2892.156982
-2470.588378
-1882.353027
-1058.823608
1000.000000
1715.686279
2421.568603
2794.117675
2862.745117
2549.019775
1215.686279
186.274520
-676.470581
-1460.784301
-2254.902099
-2754.902099
-2901.960937
-2196.078369
-1509.803955
-519.607849
450.980407
1245.098022
2009.803955
2617.647216
2754.902099
2343.137207
1764.705932
872.549011
-88.235298
-921.568664
-1725.490234
-2823.529541
-2921.568603
-2529.411865
-2029.411743
-1205.882324
-166.666671
735.294128
1500.000000
2196.078369
2696.078369
2872.549072
2705.882324
2294.117675
1627.451049
725.490234
-245.098037
-1117.647094
-1892.156860
-2852.941162
-2862.745117
-2421.568603
-1852.941162
-990.196105
0.000000
696.078430
2343.137207
2745.098144
2862.745117
2637.254882
2176.470703
1509.803955
549.019592
-1343.137329
-2127.450927
-2696.078369
-2901.960937
-2745.098144
-2323.529541
-1705.882324
-784.313720
196.078430
1029.411743
2549.019775
2843.137207
2872.549072
2431.372558
1901.960815
1098.039184
98.039215
-1666.666748
-2411.764648
-2803.921630
-2892.156982
-2598.039306
-2117.647216
-1362.745117
696.078430
1470.588256
2235.294189
2725.490234
2843.137207
2656.862792
1500.000000
627.450988
-323.529418
-1205.882324
-1960.784301
-2568.627441
-2882.353027
-2352.941162
-1754.901977
-872.549011
117.647064
970.588256
1725.490234
2450.980468
2872.549072
2500.000000
2078.431396
1294.117675
274.509796
-607.843139
-1392.156860
-2745.098144
-2911.764648
-2705.882324
-2235.294189
-1539.215698
-568.627441
411.764709
1235.294189
2000.000000
2558.823486
2823.529541
2362.745117
1784.313720
931.372558
-49.019607
-862.745117
-1656.862792
-2823.529541
-2901.960937
-2539.215820
-2058.823486
-1274.509887
-254.901962
617.647094
2225.490234
2715.686279
2882.353027
2686.274658
2215.686279
1549.019653
607.843139
-362.745117
-1205.882324
-2000.000000
-2578.431396
-2862.745117
-2901.960937
-2450.980468
-1901.960815
-1078.431396
-39.215686
803.921569
2411.764648
2754.902099
2882.353027
2588.235351
2117.647216
1392.156860
421.568634
-1431.372558
-2225.490234
-2745.098144
-2911.764648
-2705.882324
-2245.098144
-519.607849
450.980407
1254.901977
2019.607910
2588.235351
2843.137207
2803.921630
1715.686279
813.725524
-147.058822
-1019.607849
-1784.313720
-2500.000000
-2823.529541
-2911.764648
-2558.823486
-2039.215698
-117.647064
764.705871
1549.019653
2284.313720
2754.902099
2882.353027
2676.470703
1460.784301
480.392150
-460.784332
-1284.313720
-2088.235351
-2656.862792
-2892.156982
-2303.921630
-1676.470581
-745.098083
235.294128
1098.039184
1833.333374
2519.607910
2862.745117
2441.176513
1901.960815
1049.019653
19.607843
-794.117675
-1578.431396
-2333.333496
-2784.313720
-2911.764648
-2117.647216
-1352.941162
-323.529418
607.843139
1382.353027
2166.666748
2696.078369
2843.137207
2705.882324
2303.921630
627.450988
-313.725494
-1166.666748
-1950.980468
-2568.627441
-2882.353027
-2892.156982
-1774.509887
-882.352966
78.431373
921.568664
1666.666748
2411.764648
2803.921630
2500.000000
2078.431396
1333.333374
323.529418
-588.235290
-1362.745117
-2186.274658
-2705.882324
-2921.568603
-2725.490234
-2303.921630
-1666.666748
-725.490234
245.098037
1098.039184
1823.529418
2490.196044
2813.725585
2441.176513
1852.941162
1019.607849
0.000000
-686.274536
-1490.196166
-2254.902099
-2892.156982
-2637.254882
-2176.470703
-1460.784301
-470.588256
480.392150
1284.313720
2686.274658
2872.549072
2705.882324
2323.529541
1696.078491
784.313720
-196.078430
-1931.372558
-2588.235351
-2862.745117
-2862.745117
-2460.784423
-1882.353027
107.843139
990.196105
1715.686279
2421.568603
2784.313720
2892.156982
2568.627441
1215.686279
166.666671
-676.470581
-1460.784301
-2254.902099
-2745.098144
-2892.156982
-2186.274658
-1500.000000
-558.823547
411.764709
1215.686279
2000.000000
2549.019775
2823.529541
2401.960937
1803.921630
960.784301
-29.411766
-843.137268
-1617.647094
-2823.529541
-2911.764648
-2558.823486
-2078.431396
-1264.705932
-245.098037
1558.823608
2284.313720
2754.902099
2872.549072
2656.862792
2205.882324
1549.019653
-519.607849
-1333.333374
-2137.254882
-2715.686279
-2882.353027
-2745.098144
-2333.333496
-686.274536
343.137268
1147.058837
1911.764770
2529.411865
2813.725585
2862.745117
2490.196044
1921.568603
1117.647094
68.627449
-764.705871
-1529.411743
-2313.725585
-2764.706054
-2911.764648
-2696.078369
-2225.490234
-411.764709
500.000000
1245.098022
2029.411743
2617.647216
2872.549072
2833.333496
1705.882324
813.725524
-156.862747
-1009.803955
-1803.921630
-2519.607910
-2833.333496
-2921.568603
-2509.803955
-2019.607910
-1235.294189
-186.274520
686.274536
1470.588256
2225.490234
2715.686279
2892.156982
2686.274658
1490.196166
490.196075
-441.176483
-1264.705932
-2058.823486
-2647.058837
-2882.353027
-2333.333496
-1725.490234
-794.117675
196.078430
1068.627441
1803.921630
2470.588378
2813.725585
2872.549072
2519.607910
2019.607910
1245.098022
215.686279
-666.666687
-1450.980468
-2225.490234
-2735.294189
-2911.764648
-2705.882324
-2254.902099
-1607.843139
470.588256
1284.313720
2058.823486
2617.647216
2843.137207
2803.921630
2372.549072
803.921569
-156.862747
-1039.215698
-1843.137329
-2519.607910
-2862.745117
-2921.568603
-1901.960815
-1088.235351
-19.607843
813.725524
1607.843139
2352.941162
2745.098144
2852.941162
2647.058837
2176.470703
1509.803955
529.411804
-421.568634
-1264.705932
-2029.411743
-2627.450927
-2872.549072
-2823.529541
-1705.882324
-813.725524
196.078430
1039.215698
1794.117675
2470.588378
2823.529541
2892.156982
2509.803955
2019.607910
1235.294189
235.294128
-666.666687
-1470.588256
-2235.294189
-2735.294189
-2892.156982
-2705.882324
-1460.784301
-490.196075
480.392150
1264.705932
2009.803955
2607.843261
2843.137207
2313.725585
1715.686279
813.725524
-147.058822
-1019.607849
-1823.529418
-2519.607910
-2901.960937
-2470.588378
-1941.176513
-1088.235351
-39.215686
774.509826
2401.960937
2764.706054
2892.156982
2617.647216
2147.058837
1401.960815
421.568634
-1411.764770
-2225.490234
-2735.294189
-2901.960937
-2715.686279
-2294.117675
-1637.254882
-676.470581
333.333343
1156.862792
2617.647216
2852.941162
2794.117675
2392.156982
1813.725463
950.980407
-29.411766
-1745.098022
-2480.392089
-2823.529541
-2921.568603
-2568.627441
-2068.627441
-1274.509887
764.705871
1519.607910
2303.921630
2754.902099
2882.353027
2676.470703
2205.882324
1558.823608
598.039245
-362.745117
-2088.235351
-2647.058837
-2892.156982
-2803.921630
-2372.549072
-1774.509887
-892.156860
1117.647094
1872.549072
2519.607910
2843.137207
2901.960937
2480.392089
1980.392211
1166.666748
147.058822
-735.294128
-1519.607910
-2284.313720
-2754.902099
-2892.156982
-2676.470703
-2225.490234
-1578.431396
-578.431396
1323.529418
2107.843261
2656.862792
2852.941162
2754.902099
2343.137207
1745.098022
843.137268
-137.254898
-1000.000000
-2529.411865
-2852.941162
-2892.156982
-2500.000000
-1166.666748
-98.039215
745.098083
1500.000000
2225.490234
2715.686279
2901.960937
2666.666748
2264.705810
1637.254882
725.490234
-264.705902
-1127.451049
-1872.549072
-2549.019775
-2833.333496
-2892.156982
-2500.000000
-1068.627441
-29.411766
823.529418
1558.823608
2294.117675
2745.098144
2882.353027
2127.450927
1372.549072
401.960784
-509.803924
-1313.725463
-2117.647216
-2686.274658
-2705.882324
-2274.509765
-1656.862792
-686.274536
303.921569
1156.862792
1901.960815
2539.215820
2813.725585
2882.353027
2470.588378
1931.372558
1098.039184
88.235298
-735.294128
-1519.607910
-2274.509765
-2774.509765
-2882.353027
-2715.686279
-2225.490234
-431.372558
529.411804
1323.529418
2098.039306
2676.470703
2862.745117
2764.706054
1676.470581
745.098083
-205.882354
-1088.235351
-1843.137329
-2529.411865
-2852.941162
-2431.372558
-1872.549072
-1019.607849
19.607843
843.137268
1598.039184
2362.745117
2745.098144
2892.156982
2617.647216
2166.666748
1470.588256
480.392150
-460.784332
-1284.313720
-2068.627441
-2666.666748
-2892.156982
-2323.529541
-1686.274536
-745.098083
225.490203
1058.823608
1803.921630
2500.000000
2813.725585
2872.549072
2529.411865
2029.411743
1254.901977
245.098037
-627.450988
-1411.764770
-2186.274658
-2725.490234
-2901.960937
-2225.490234
-1529.411743
-558.823547
431.372558
1225.490234
2009.803955
2598.039306
2794.117675
2352.941162
1725.490234
862.745117
-107.843139
-1009.803955
-1764.705932
-2862.745117
-2882.353027
-2460.784423
-1950.980468
-1127.451049
-58.823532
1676.470581
2392.156982
2784.313720
2901.960937
2617.647216
2127.450927
1392.156860
-676.470581
-1490.196166
-2264.705810
-2754.902099
-2882.353027
-2715.686279
-2264.705810
-509.803924
450.980407
1245.098022
1990.196166
2588.235351
2852.941162
2833.333496
2401.960937
1833.333374
980.392150
-9.803922
-794.117675
-1578.431396
-2333.333496
-2764.706054
-2911.764648
-2666.666748
-2186.274658
-1431.372558
-460.784332
490.196075
1264.705932
2058.823486
2617.647216
2892.156982
2313.725585
1686.274536
764.705871
-186.274520
-1058.823608
-1823.529418
-2509.803955
-2901.960937
-2480.392089
-1911.764770
-1088.235351
-39.215686
774.509826
2421.568603
2794.117675
2882.353027
2607.843261
2127.450927
1392.156860
421.568634
-509.803924
-1343.137329
-2127.450927
-2676.470703
-2715.686279
-2294.117675
-1656.862792
-705.882385
294.117645
1147.058837
2578.431396
2852.941162
2843.137207
2392.156982
1823.529418
990.196105
19.607843
-1715.686279
-2421.568603
-2803.921630
-2911.764648
-2578.431396
-2098.039306
-1313.725463
754.901977
1509.803955
2313.725585
2754.902099
2901.960937
2666.666748
2225.490234
490.196075
-470.588256
-2156.862792
-2705.882324
-2901.960937
-2245.098144
-1598.039184
-656.862731
333.333343
1166.666748
1941.176513
2598.039306
2803.921630
2372.549072
1803.921630
950.980407
-19.607843
-862.745117
-1666.666748
-2803.921630
-2911.764648
-2568.627441
-2068.627441
-1303.921630
-284.313720
617.647094
2284.313720
2725.490234
2862.745117
2676.470703
2225.490234
1558.823608
627.450988
-333.333343
-1186.274536
-1970.588256
-2882.353027
-2843.137207
-2382.353027
-1764.705932
-892.156860
88.235298
901.960815
2480.392089
2813.725585
2892.156982
2529.411865
2029.411743
1274.509887
274.509796
-1519.607910
-2284.313720
-2764.706054
-2892.156982
-2705.882324
-2225.490234
-421.568634
529.411804
1313.725463
2088.235351
2647.058837
2882.353027
2754.902099
2372.549072
1745.098022
892.156860
-78.431373
-1813.725463
-2509.803955
-2843.137207
-2901.960937
-2519.607910
-2019.607910
-58.823532
794.117675
1539.215698
2303.921630
2745.098144
2892.156982
2676.470703
1401.960815
411.764709
-509.803924
-1323.529418
-2098.039306
-2647.058837
-2882.353027
-2754.902099
-2372.549072
-1754.901977
-882.352966
1137.254882
1911.764770
2529.411865
2843.137207
2892.156982
2470.588378
970.588256
0.000000
-696.078430
-1460.784301
-2245.098144
-2754.902099
-2911.764648
-2196.078369
-1480.392211
-480.392150
470.588256
1274.509887
2049.019531
2617.647216
2715.686279
2323.529541
1715.686279
784.313720
-176.470596
-1058.823608
-1823.529418
-2519.607910
-2852.941162
-2911.764648
-1882.353027
-1049.019653
-9.803922
784.313720
1529.411743
2303.921630
2735.294189
2598.039306
2156.862792
1431.372558
431.372558
-519.607849
-1303.921630
-2098.039306
-2911.764648
-2715.686279
-2284.313720
-1637.254882
-676.470581
294.117645
1137.254882
1901.960815
2539.215820
2823.529541
2862.745117
2450.980468
1931.372558
1098.039184
107.843139
-764.705871
-1549.019653
-2303.921630
-2921.568603
-2627.450927
-2147.058837
-1401.960815
-382.352935
529.411804
1333.333374
2127.450927
2696.078369
2892.156982
2745.098144
2343.137207
1725.490234
862.745117
-127.450981
-990.196105
-1754.901977
-2490.196044
-2892.156982
-2509.803955
-1980.392211
-1166.666748
-117.647064
774.509826
1519.607910
2745.098144
2892.156982
2637.254882
2166.666748
1450.980468
470.588256
-460.784332
-1284.313720
-2068.627441
-2666.666748
-2705.882324
-2294.117675
-1666.666748
-715.686279
274.509796
1107.843139
1843.137329
2862.745117
2862.745117
2411.764648
1843.137329
1009.803955
-19.607843
-833.333374
-2441.176513
-2794.117675
-2901.960937
-2568.627441
-2078.431396
-1313.725463
754.901977
1529.411743
2294.117675
2754.902099
2892.156982
2676.470703
2215.686279
441.176483
-509.803924
-1313.725463
-2098.039306
-2647.058837
-2892.156982
-2823.529541
-1676.470581
-735.294128
264.705902
1107.843139
1862.745117
2519.607910
2803.921630
2892.156982
2470.588378
1960.784301
1156.862792
137.254898
-735.294128
-1519.607910
-2284.313720
-2754.902099
-2911.764648
-2686.274658
-1421.568603
-431.372558
509.803924
1313.725463
2078.431396
2627.450927
2862.745117
2794.117675
2352.941162
1745.098022
-274.509796
-1137.254882
-1921.568603
-2558.823486
-2852.941162
-2862.745117
-2470.588378
-960.784301
9.803922
803.921569
1588.235351
2313.725585
2725.490234
2862.745117
2137.254882
1392.156860
392.156860
-529.411804
-1333.333374
-2117.647216
-2686.274658
-2921.568603
-2745.098144
-2323.529541
-676.470581
323.529418
1147.058837
1901.960815
2539.215820
2843.137207
2852.941162
1843.137329
960.784301
9.803922
-754.901977
-1549.019653
-2303.921630
-2774.509765
-2901.960937
-2686.274658
-2225.490234
-382.352935
539.215698
1343.137329
2088.235351
2666.666748
2882.353027
2764.706054
1637.254882
715.686279
-254.901962
-1107.843139
-1911.764770
-2539.215820
-2862.745117
-2421.568603
-1843.137329
-970.588256
9.803922
794.117675
1568.627441
2294.117675
2735.294189
2892.156982
2666.666748
1372.549072
382.352935
-549.019592
-2225.490234
-2715.686279
-2892.156982
-2705.882324
-2284.313720
-1617.647094
-666.666687
1274.509887
2058.823486
2627.450927
2872.549072
2813.725585
2372.549072
1794.117675
931.372558
-29.411766
-872.549011
-2460.784423
-2813.725585
-2892.156982
-2549.019775
-2088.235351
-1274.509887
-245.098037
1558.823608
2323.529541
2754.902099
2882.353027
2666.666748
2205.882324
1519.607910
-549.019592
-1333.333374
-2137.254882
-2696.078369
-2892.156982
-2735.294189
-2333.333496
-666.666687
323.529418
1176.470581
1941.176513
2568.627441
2852.941162
2852.941162
2411.764648
1901.960815
1068.627441
-990.196105
-1735.294189
-2490.196044
-2823.529541
-2921.568603
-2568.627441
-2058.823486
-1294.117675
-274.509796
627.450988
2274.509765
2745.098144
2862.745117
2156.862792
1441.176513
450.980407
-500.000000
-1235.294189
-2029.411743
-2627.450927
-2764.706054
-2352.941162
-1725.490234
-813.725524
176.470596
1009.803955
1803.921630
2823.529541
2862.745117
2431.372558
1911.764770
1098.039184
127.450981
-754.901977
-2362.745117
-2784.313720
-2921.568603
-2647.058837
-2166.666748
-1411.764770
-411.764709
519.607849
1294.117675
2098.039306
2656.862792
2872.549072
2784.313720
2362.745117
1754.901977
862.745117
-117.647064
-980.392150
-2529.411865
-2833.333496
-2892.156982
-2500.000000
-2049.019531
-1254.901977
-235.294128
1568.627441
2303.921630
2745.098144
2862.745117
2676.470703
2196.078369
1519.607910
568.627441
-421.568634
-1264.705932
-2029.411743
-2647.058837
-2901.960937
-2833.333496
-2411.764648
-1794.117675
-931.372558
68.627449
1803.921630
2480.392089
2803.921630
2872.549072
2529.411865
2049.019531
1254.901977
274.509796
-637.254943
-1431.372558
-2774.509765
-2911.764648
-2686.274658
-1411.764770
-401.960784
549.019592
1323.529418
2117.647216
2656.862792
2852.941162
2284.313720
1647.058837
715.686279
-235.294128
-1107.843139
-1882.353027
-2549.019775
-2862.745117
-2421.568603
-1833.333374
-980.392150
9.803922
774.509826
1539.215698
2754.902099
2872.549072
2607.843261
2127.450927
1401.960815
421.568634
-509.803924
-1313.725463
-2107.843261
-2676.470703
-2705.882324
-2274.509765
-1656.862792
-696.078430
264.705902
1117.647094
1882.353027
2843.137207
2843.137207
2411.764648
1882.353027
1039.215698
19.607843
-813.725524
-2411.764648
-2803.921630
-2911.764648
-2598.039306
-2127.450927
-1343.137329
725.490234
1500.000000
2225.490234
2715.686279
2882.353027
2686.274658
2264.705810
588.235290
-362.745117
-1205.882324
-1990.196166
-2588.235351
-2882.353027
-2872.549072
-1735.294189
-852.941162
156.862747
1000.000000
1705.882324
2421.568603
2794.117675
2470.588378
1980.392211
1205.882324
166.666671
-696.078430
-1470.588256
-2254.902099
-2911.764648
-2676.470703
-2186.274658
-1470.588256
-519.607849
460.784332
1235.294189
2019.607910
2598.039306
2872.549072
2833.333496
2401.960937
1813.725463
941.176513
-49.019607
-852.941162
-1637.254882
-2382.353027
-2882.353027
-2558.823486
-2078.431396
-1303.921630
-254.901962
627.450988
1401.960815
2166.666748
2686.274658
2872.549072
2705.882324
2294.117675
1666.666748
735.294128
-235.294128
-1088.235351
-1872.549072
-2539.215820
-2872.549072
-2431.372558
-1833.333374
-990.196105
29.411766
833.333374
1617.647094
2774.509765
2862.745117
2558.823486
2107.843261
1333.333374
333.333343
-588.235290
-2264.705810
-2754.902099
-2911.764648
-2696.078369
-2245.098144
-1578.431396
509.803924
1294.117675
2078.431396
2637.254882
2852.941162
2803.921630
2362.745117
745.098083
-205.882354
-1078.431396
-1852.941162
-2558.823486
-2862.745117
-2892.156982
-2480.392089
-1950.980468
-1107.843139
950.980407
1696.078491
2392.156982
2774.509765
2872.549072
2598.039306
2137.254882
264.705902
-617.647094
-1401.960815
-2205.882324
-2725.490234
-2901.960937
-2705.882324
-1549.019653
-578.431396
421.568634
1225.490234
1990.196166
2598.039306
2833.333496
2833.333496
2421.568603
1843.137329
-166.666671
-1019.607849
-1823.529418
-2509.803955
-2843.137207
-2901.960937
-2509.803955
-2029.411743
-1235.294189
-176.470596
1647.058837
2362.745117
2764.706054
2549.019775
2088.235351
1343.137329
323.529418
-598.039245
-1382.353027
-2166.666748
-2911.764648
-2686.274658
-2254.902099
-1578.431396
-607.843139
372.549041
1205.882324
2647.058837
2862.745117
2784.313720
2362.745117
1764.705932
892.156860
-68.627449
-911.764709
-1705.882324
-2421.568603
-2921.568603
-2539.215820
-2019.607910
-1245.098022
-235.294128
676.470581
1450.980468
2745.098144
2872.549072
2666.666748
2225.490234
1539.215698
568.627441
-382.352935
-2088.235351
-2647.058837
-2882.353027
-2754.902099
-2362.745117
-1745.098022
-882.352966
1127.451049
1882.353027
2519.607910
2813.725585
2892.156982
2460.784423
1019.607849
0.000000
-686.274536
-1480.392211
-2274.509765
-2754.902099
-2921.568603
-2205.882324
-1450.980468
-480.392150
470.588256
1274.509887
2058.823486
2637.254882
2735.294189
2303.921630
1715.686279
803.921569
-156.862747
-1049.019653
-1843.137329
-2862.745117
-2872.549072
-2460.784423
-1892.156860
-1039.215698
-19.607843
833.333374
2421.568603
2784.313720
2872.549072
2558.823486
2107.843261
1352.941162
343.137268
-558.823547
-1352.941162
-2156.862792
-2921.568603
-2686.274658
-2245.098144
-460.784332
490.196075
1284.313720
2039.215698
2617.647216
2882.353027
2794.117675
1676.470581
774.509826
-166.666671
-1039.215698
-1823.529418
-2529.411865
-2843.137207
-2450.980468
-1882.353027
-1049.019653
-29.411766
813.725524
1568.627441
2323.529541
2754.902099
2872.549072
2647.058837
2205.882324
1500.000000
617.647094
-343.137268
-1186.274536
-1970.588256
-2588.235351
-2872.549072
-2382.353027
-1784.313720
-892.156860
98.039215
931.372558
1676.470581
2401.960937
2882.353027
2519.607910
2039.215698
1264.705932
264.705902
-607.843139
-1401.960815
-2745.098144
-2892.156982
-2686.274658
-2225.490234
-1539.215698
-558.823547
1352.941162
2117.647216
2696.078369
2882.353027
2725.490234
2333.333496
1725.490234
-313.725494
-1176.470581
-1950.980468
-2568.627441
-2882.353027
-2892.156982
-2450.980468
-901.960815
68.627449
892.156860
1676.470581
2401.960937
2774.509765
2882.353027
2078.431396
1323.529418
284.313720
-617.647094
-1401.960815
-2205.882324
-2735.294189
-2901.960937
-2745.098144
-2284.313720
-1647.058837
-715.686279
294.117645
2029.411743
2588.235351
2862.745117
2843.137207
2411.764648
1833.333374
970.588256
-1039.215698
-1823.529418
-2500.000000
-2813.725585
-2901.960937
-2558.823486
-2039.215698
-98.039215
745.098083
1500.000000
2196.078369
2715.686279
2872.549072
2715.686279
1539.215698
558.823547
-392.156860
-1245.098022
-1990.196166
-2598.039306
-2872.549072
-2862.745117
-2441.176513
-1823.529418
147.058822
1019.607849
1794.117675
2480.392089
2843.137207
2882.353027
2509.803955
1127.451049
117.647064
-764.705871
-1549.019653
-2333.333496
-2774.509765
-2901.960937
-2166.666748
-1421.568603
-401.960784
529.411804
1323.529418
2098.039306
2882.353027
2705.882324
2274.509765
1656.862792
745.098083
-225.490203
-1078.431396
-1862.745117
-2529.411865
-2852.941162
-2911.764648
-1862.745117
-1000.000000
-39.215686
784.313720
1568.627441
2313.725585
2901.960937
2598.039306
2127.450927
1382.353027
382.352935
-539.215698
-1343.137329
-2725.490234
-2901.960937
-2715.686279
-2284.313720
-1647.058837
-676.470581
303.921569
2009.803955
2598.039306
2872.549072
2823.529541
2421.568603
1852.941162
990.196105
9.803922
-754.901977
-1529.411743
-2823.529541
-2901.960937
-2627.450927
-2166.666748
-1421.568603
-401.960784
539.215698
2176.470703
2696.078369
2892.156982
2686.274658
2294.117675
1666.666748
735.294128
-1254.901977
-2019.607910
-2617.647216
-2882.353027
-2833.333496
-2421.568603
-1823.529418
176.470596
1029.411743
2529.411865
2852.941162
2882.353027
1764.705932
950.980407
-9.803922
-784.313720
-1568.627441
-2343.137207
-2784.313720
-2588.235351
-2117.647216
-1313.725463
-313.725494
578.431396
1372.549072
2156.862792
2892.156982
2656.862792
2225.490234
1578.431396
607.843139
-343.137268
-1186.274536
-1980.392211
-2598.039306
-2852.941162
-2401.960937
-1774.509887
-892.156860
1117.647094
1833.333374
2549.019775
2843.137207
2862.745117
2460.784423
1950.980468
0.000000
-696.078430
-1500.000000
-2196.078369
-2725.490234
-2901.960937
-2696.078369
-1539.215698
-529.411804
441.176483
1225.490234
2009.803955
2568.627441
2852.941162
2343.137207
1745.098022
852.941162
-117.647064
-970.588256
-1754.901977
-2470.588378
-2892.156982
-2490.196044
-1039.215698
-19.607843
803.921569
1558.823608
2313.725585
2754.902099
2892.156982
2647.058837
2205.882324
1519.607910
549.019592
-411.764709
-1254.901977
-2009.803955
-2588.235351
-2774.509765
-2362.745117
-1735.294189
-823.529418
186.274520
1029.411743
1784.313720
2490.196044
2794.117675
2872.549072
1931.372558
1117.647094
78.431373
-735.294128
-2362.745117
-2784.313720
-2921.568603
-2637.254882
-2156.862792
-1411.764770
637.254943
1401.960815
2196.078369
2696.078369
2862.745117
2676.470703
2284.313720
588.235290
-372.549041
-1215.686279
-1980.392211
-2598.039306
-2911.764648
-2882.353027
-1774.509887
-901.960815
98.039215
911.764709
1686.274536
2392.156982
2774.509765
2862.745117
2588.235351
2147.058837
1401.960815
411.764709
-529.411804
-1303.921630
-2098.039306
-2637.254882
-2882.353027
-2774.509765
-1666.666748
-725.490234
264.705902
1107.843139
1862.745117
2519.607910
2862.745117
2411.764648
1862.745117
1039.215698
0.000000
-686.274536
-1500.000000
-2196.078369
-2892.156982
-2686.274658
-2215.686279
-1539.215698
-539.215698
431.372558
1245.098022
2000.000000
2588.235351
2843.137207
2362.745117
1794.117675
882.352966
-88.235298
-921.568664
-1696.078491
-2431.372558
-2803.921630
-2901.960937
-2607.843261
-2107.843261
-1333.333374
-313.725494
607.843139
1382.353027
2745.098144
2882.353027
2666.666748
2215.686279
1598.039184
637.254943
-352.941192
-2058.823486
-2637.254882
-2882.353027
-2843.137207
-2401.960937
-1774.509887
245.098037
1088.235351
1833.333374
2500.000000
2823.529541
2901.960937
2490.196044
1147.058837
107.843139
-735.294128
-1529.411743
-2313.725585
-2774.509765
-2901.960937
-2147.058837
-1411.764770
-392.156860
539.215698
1323.529418
2117.647216
2696.078369
2676.470703
2274.509765
1656.862792
754.901977
-235.294128
-1088.235351
-1852.941162
-2539.215820
-2843.137207
-2911.764648
-1862.745117
-980.392150
-9.803922
794.117675
1549.019653
2303.921630
2725.490234
2607.843261
2137.254882
1392.156860
392.156860
-529.411804
-1333.333374
-2117.647216
-2901.960937
-2725.490234
-2294.117675
-1637.254882
-696.078430
303.921569
2009.803955
2568.627441
2862.745117
2852.941162
2392.156982
1813.725463
980.392150
9.803922
-774.509826
-1558.823608
-2323.529541
-2901.960937
-2637.254882
-2147.058837
-1382.353027
-382.352935
558.823547
1343.137329
2117.647216
2656.862792
2872.549072
2725.490234
2323.529541
1725.490234
803.921569
-166.666671
-1039.215698
-1813.725463
-2509.803955
-2882.353027
-2470.588378
-1911.764770
-1088.235351
-19.607843
813.725524
1578.431396
2323.529541
2754.902099
2862.745117
2127.450927
1362.745117
343.137268
-558.823547
-1362.745117
-2166.666748
-2725.490234
-2901.960937
-2745.098144
-2313.725585
-647.058837
343.137268
1186.274536
1950.980468
2549.019775
2813.725585
2833.333496
1813.725463
950.980407
-29.411766
-862.745117
-1647.058837
-2411.764648
-2813.725585
-2921.568603
-2627.450927
-2137.254882
-264.705902
637.254943
1421.568603
