-2813.725585
-2372.549072
-745.098083
186.274520
1058.823608
1803.921630
2460.784423
2813.725585
2882.353027
2509.803955
2009.803955
1205.882324
205.882354
-666.666687
-1421.568603
-2205.882324
-2892.156982
-2656.862792
-2176.470703
-352.941192
568.627441
1352.941162
2127.450927
2686.274658
2843.137207
2705.882324
1588.235351
647.058837
-294.117645
-1156.862792
-1921.568603
-2568.627441
-2852.941162
-2872.549072
-2441.176513
-1862.745117
117.647064
950.980407
1696.078491
2411.764648
2784.313720
2892.156982
2588.235351
1225.490234
205.882354
-647.058837
-1421.568603
-2254.902099
-2735.294189
-2921.568603
-2225.490234
-1529.411743
-519.607849
460.784332
1274.509887
2000.000000
2558.823486
2784.313720
2382.353027
1794.117675
901.960815
-68.627449
-892.156860
-1686.274536
-2823.529541
-2901.960937
-2519.607910
-2039.215698
-1245.098022
794.117675
1588.235351
2303.921630
2754.902099
2872.549072
2647.058837
2215.686279
372.549041
-529.411804
-1313.725463
-2117.647216
-2705.882324
-2901.960937
-2735.294189
-1656.862792
-676.470581
323.529418
1156.862792
1901.960815
2539.215820
2823.529541
2872.549072
2441.176513
1931.372558
-49.019607
-872.549011
-1686.274536
-2421.568603
-2803.921630
-2901.960937
-2617.647216
-2156.862792
-1392.156860
-372.549041
539.215698
1333.333374
2127.450927
2656.862792
2882.353027
2284.313720
1627.451049
705.882385
-274.509796
-1137.254882
-1882.353027
-2558.823486
-2852.941162
-2401.960937
-1833.333374
-950.980407
39.215686
843.137268
2450.980468
2754.902099
2882.353027
2558.823486
2107.843261
1362.745117
333.333343
-568.627441
-1362.745117
-2196.078369
-2725.490234
-2686.274658
-2235.294189
-1578.431396
-607.843139
382.352935
1205.882324
1980.392211
2598.039306
2852.941162
2852.941162
2411.764648
1872.549072
1029.411743
-9.803922
-794.117675
-1607.843139
-2352.941162
-2784.313720
-2892.156982
-2656.862792
-2186.274658
-303.921569
588.235290
2254.902099
2745.098144
2882.353027
2656.862792
1500.000000
578.431396
-382.352935
-1235.294189
-1990.196166
-2617.647216
-2901.960937
-2352.941162
-1745.098022
-852.941162
166.666671
1009.803955
1764.705932
2823.529541
2852.941162
2460.784423
1921.568603
1137.254882
107.843139
-754.901977
-2392.156982
-2803.921630
-2921.568603
-2627.450927
-2156.862792
-1411.764770
-431.372558
519.607849
1294.117675
2088.235351
2852.941162
2686.274658
2254.902099
1647.058837
735.294128
-245.098037
-1088.235351
-2588.235351
-2872.549072
-2882.353027
-2460.784423
-1872.549072
-1009.803955
19.607843
1764.705932
2470.588378
2784.313720
2882.353027
2549.019775
2078.431396
1343.137329
294.117645
-598.039245
-1392.156860
-2176.470703
-2715.686279
-2901.960937
-2254.902099
-1588.235351
-598.039245
362.745117
2058.823486
2627.450927
2862.745117
2803.921630
2352.941162
1764.705932
911.764709
-58.823532
-892.156860
-1666.666748
-2813.725585
-2901.960937
-2529.411865
-2058.823486
-1254.901977
-235.294128
647.058837
2294.117675
2764.706054
2901.960937
2117.647216
1392.156860
421.568634
-529.411804
-1303.921630
-2107.843261
-2656.862792
-2892.156982
-2754.902099
-2352.941162
-715.686279
294.117645
1127.451049
1872.549072
2519.607910
2823.529541
2872.549072
1852.941162
1009.803955
-9.803922
-794.117675
-1578.431396
-2352.941162
-2784.313720
-2598.039306
-2127.450927
-1372.549072
-343.137268
558.823547
1333.333374
2117.647216
2892.156982
2676.470703
2245.098144
1588.235351
676.470581
-294.117645
-1166.666748
-1960.784301
-2578.431396
-2862.745117
-2411.764648
-1784.313720
-892.156860
1117.647094
1852.941162
2519.607910
2833.333496
2843.137207
2470.588378
1950.980468
9.803922
-745.098083
-1529.411743
-2284.313720
-2754.902099
-2892.156982
-2686.274658
-1411.764770
-421.568634
529.411804
1333.333374
2117.647216
2676.470703
2882.353027
2745.098144
2362.745117
1725.490234
-303.921569
-1176.470581
-1921.568603
-2588.235351
-2872.549072
-2882.353027
-2450.980468
-950.980407
19.607843
843.137268
1617.647094
2343.137207
2754.902099
2892.156982
2098.039306
1372.549072
352.941192
-558.823547
-1362.745117
-2156.862792
-2715.686279
-2725.490234
-2274.509765
-1607.843139
-627.450988
333.333343
1166.666748
1921.568603
2558.823486
2862.745117
2872.549072
1803.921630
931.372558
-39.215686
-872.549011
-1656.862792
-2411.764648
-2794.117675
-2911.764648
-2607.843261
-2156.862792
-1401.960815
-352.941192
558.823547
1362.745117
2137.254882
2696.078369
2852.941162
2735.294189
1617.647094
676.470581
-284.313720
-1156.862792
-1911.764770
-2549.019775
-2862.745117
-2421.568603
-1823.529418
-950.980407
19.607843
823.529418
1598.039184
2333.333496
2774.509765
2882.353027
2637.254882
1372.549072
372.549041
-539.215698
-1352.941162
-2137.254882
-2715.686279
-2892.156982
-2264.705810
-1617.647094
-647.058837
343.137268
1186.274536
1960.784301
2549.019775
2852.941162
2872.549072
2450.980468
950.980407
-19.607843
-843.137268
-1627.451049
-2833.333496
-2901.960937
-2598.039306
-2088.235351
-1323.529418
-284.313720
1558.823608
2303.921630
2754.902099
2892.156982
2656.862792
2215.686279
1558.823608
-529.411804
-1323.529418
-2117.647216
-2676.470703
-2901.960937
-2774.509765
-2362.745117
-725.490234
264.705902
1107.843139
1862.745117
2529.411865
2833.333496
2862.745117
2450.980468
1931.372558
1127.451049
117.647064
-735.294128
-1539.215698
-2303.921630
-2774.509765
-2892.156982
-2686.274658
-2215.686279
-392.156860
519.607849
1313.725463
2088.235351
2686.274658
2892.156982
2754.902099
2352.941162
1735.294189
852.941162
-137.254898
-1000.000000
-1735.294189
-2470.588378
-2823.529541
-2892.156982
-2549.019775
-2068.627441
-127.450981
735.294128
1519.607910
2245.098144
2705.882324
2862.745117
2676.470703
1431.372558
460.784332
-480.392150
-1294.117675
-2088.235351
-2676.470703
-2892.156982
-2303.921630
-1666.666748
-725.490234
245.098037
1078.431396
1833.333374
2852.941162
2872.549072
2431.372558
1882.353027
1029.411743
9.803922
-764.705871
-2382.353027
-2794.117675
-2901.960937
-2617.647216
-2147.058837
-1421.568603
-401.960784
1441.176513
2215.686279
2725.490234
2872.549072
2696.078369
2245.098144
1627.451049
-450.980407
-1284.313720
-2049.019531
-2627.450927
-2872.549072
-2833.333496
-1715.686279
-794.117675
205.882354
1039.215698
1803.921630
2480.392089
2813.725585
2431.372558
1892.156860
1098.039184
88.235298
-735.294128
-1539.215698
-2313.725585
-2892.156982
-2617.647216
-2147.058837
-1411.764770
-382.352935
539.215698
1313.725463
2098.039306
2656.862792
2852.941162
2294.117675
1617.647094
686.274536
-254.901962
-1107.843139
-1911.764770
-2539.215820
-2852.941162
-2421.568603
-1843.137329
-960.784301
29.411766
843.137268
1627.451049
2803.921630
2882.353027
2578.431396
2107.843261
1343.137329
343.137268
-588.235290
-2254.902099
-2745.098144
-2892.156982
-2676.470703
-2235.294189
-1568.627441
490.196075
1274.509887
2078.431396
2637.254882
2882.353027
2803.921630
2392.156982
764.705871
-186.274520
-1078.431396
-1843.137329
-2529.411865
-2813.725585
-2901.960937
-1872.549072
-1019.607849
9.803922
774.509826
1549.019653
2264.705810
2745.098144
2627.450927
2156.862792
1421.568603
441.176483
-490.196075
-1303.921630
-2088.235351
-2676.470703
-2901.960937
-2774.509765
-1656.862792
-725.490234
274.509796
1117.647094
1843.137329
2500.000000
2803.921630
2882.353027
2500.000000
2058.823486
1313.725463
313.725494
-598.039245
-1382.353027
-2176.470703
-2892.156982
-2696.078369
-2254.902099
-1568.627441
-607.843139
372.549041
1196.078491
2627.450927
2872.549072
2813.725585
2362.745117
1774.509887
892.156860
-68.627449
-1784.313720
-2480.392089
-2813.725585
-2901.960937
-2529.411865
-2029.411743
-58.823532
794.117675
1568.627441
2303.921630
2764.706054
2892.156982
2656.862792
1382.353027
411.764709
-529.411804
-1343.137329
-2117.647216
-2686.274658
-2882.353027
-2284.313720
-1617.647094
-676.470581
303.921569
1147.058837
1892.156860
2519.607910
2862.745117
2882.353027
2460.784423
1911.764770
1127.451049
117.647064
-754.901977
-1529.411743
-2313.725585
-2764.706054
-2892.156982
-2176.470703
-1401.960815
-392.156860
558.823547
1313.725463
2117.647216
2666.666748
2686.274658
2274.509765
1627.451049
705.882385
-254.901962
-1107.843139
-1872.549072
-2872.549072
-2872.549072
-2441.176513
-1862.745117
-990.196105
0.000000
696.078430
1460.784301
2245.098144
2725.490234
2656.862792
2205.882324
1509.803955
549.019592
-411.764709
-1235.294189
-2019.607910
-2901.960937
-2745.098144
-2343.137207
-1735.294189
-803.921569
176.470596
1019.607849
1794.117675
2500.000000
2803.921630
2911.764648
2549.019775
2058.823486
1303.921630
294.117645
-598.039245
-1401.960815
-2205.882324
-2892.156982
-2686.274658
-2235.294189
-1539.215698
-539.215698
411.764709
1225.490234
2656.862792
2872.549072
2754.902099
2343.137207
1764.705932
872.549011
-78.431373
-1813.725463
-2519.607910
-2843.137207
-2892.156982
-2519.607910
-2019.607910
-49.019607
754.901977
1519.607910
2284.313720
2745.098144
2852.941162
2676.470703
1441.176513
441.176483
-500.000000
-1264.705932
-2039.215698
-2647.058837
-2872.549072
-2823.529541
-2421.568603
-1794.117675
235.294128
1078.431396
1833.333374
2490.196044
2813.725585
2872.549072
2500.000000
1137.254882
107.843139
-764.705871
-1529.411743
-2294.117675
-2774.509765
-2911.764648
-2137.254882
-1401.960815
-352.941192
558.823547
1362.745117
2127.450927
2696.078369
2705.882324
2284.313720
1598.039184
686.274536
-254.901962
-1127.451049
-1892.156860
-2862.745117
-2872.549072
-2441.176513
-1833.333374
-980.392150
9.803922
794.117675
1578.431396
2343.137207
2725.490234
2578.431396
2117.647216
1372.549072
-676.470581
-1460.784301
-2274.509765
-2745.098144
-2911.764648
-2686.274658
-2264.705810
-480.392150
450.980407
1274.509887
2029.411743
2588.235351
2852.941162
2833.333496
1705.882324
803.921569
-176.470596
-1039.215698
-1813.725463
-2529.411865
-2843.137207
-2470.588378
-1911.764770
-1068.627441
0.000000
666.666687
1460.784301
2235.294189
2735.294189
2882.353027
2666.666748
2235.294189
1607.843139
676.470581
-274.509796
-1147.058837
-1892.156860
-2549.019775
-2833.333496
-2421.568603
-1843.137329
-960.784301
39.215686
862.745117
1637.254882
2362.745117
2882.353027
2539.215820
2078.431396
1313.725463
264.705902
-607.843139
-1411.764770
-2745.098144
-2911.764648
-2705.882324
-2254.902099
-1558.823608
-588.235290
1323.529418
2107.843261
2676.470703
2872.549072
2774.509765
2343.137207
1754.901977
-274.509796
-1127.451049
-1882.353027
-2549.019775
-2862.745117
-2921.568603
-2480.392089
-990.196105
0.000000
705.882385
1460.784301
2215.686279
2715.686279
2872.549072
2176.470703
1500.000000
607.843139
-362.745117
-1205.882324
-1980.392211
-2617.647216
-2784.313720
-2372.549072
-1754.901977
-862.745117
137.254898
990.196105
1745.098022
2450.980468
2774.509765
2872.549072
2009.803955
1235.294189
186.274520
-1617.647094
-2362.745117
-2803.921630
-2892.156982
-2656.862792
-2176.470703
-1450.980468
617.647094
1401.960815
2166.666748
2686.274658
2852.941162
2745.098144
2294.117675
617.647094
-362.745117
-1205.882324
-1970.588256
-2598.039306
-2882.353027
-2852.941162
-1764.705932
-862.745117
117.647064
980.392150
1705.882324
2421.568603
2901.960937
2470.588378
2019.607910
1225.490234
225.490203
-656.862731
-1441.176513
-2754.902099
-2921.568603
-2686.274658
-2205.882324
-1500.000000
-617.647094
372.549041
2058.823486
2607.843261
2872.549072
2813.725585
2382.353027
1774.509887
931.372558
-1068.627441
-1882.353027
-2529.411865
-2823.529541
-2882.353027
-2480.392089
-1960.784301
9.803922
774.509826
1539.215698
2303.921630
2725.490234
2911.764648
2666.666748
2225.490234
1539.215698
568.627441
-1352.941162
-2137.254882
-2696.078369
-2705.882324
-2254.902099
-1617.647094
-656.862731
323.529418
1166.666748
1911.764770
2862.745117
2813.725585
2392.156982
1794.117675
941.176513
-29.411766
-872.549011
-2490.196044
-2813.725585
-2892.156982
-2549.019775
-2068.627441
-1274.509887
-254.901962
1539.215698
2303.921630
2735.294189
2892.156982
2656.862792
2205.882324
401.960784
-519.607849
-1333.333374
-2117.647216
-2696.078369
-2892.156982
-2754.902099
-1647.058837
-715.686279
284.313720
1127.451049
1872.549072
2509.803955
2843.137207
2411.764648
1843.137329
1019.607849
-9.803922
-784.313720
-1568.627441
-2333.333496
-2901.960937
-2578.431396
-2127.450927
-1372.549072
-313.725494
607.843139
1372.549072
2117.647216
2676.470703
2862.745117
2705.882324
2343.137207
1715.686279
794.117675
-176.470596
-1029.411743
-1813.725463
-2500.000000
-2901.960937
-2480.392089
-1950.980468
-1137.254882
-117.647064
764.705871
1539.215698
2764.706054
2862.745117
2598.039306
2166.666748
1450.980468
431.372558
-500.000000
-2127.450927
-2676.470703
-2901.960937
-2764.706054
-2372.549072
-1745.098022
294.117645
1156.862792
1911.764770
2539.215820
2823.529541
2843.137207
2431.372558
970.588256
-39.215686
-843.137268
-1617.647094
-2372.549072
-2764.706054
-2911.764648
-2088.235351
-1323.529418
-294.117645
607.843139
1382.353027
2156.862792
2715.686279
2666.666748
2215.686279
1568.627441
617.647094
-323.529418
-1186.274536
-1950.980468
-2892.156982
-2794.117675
-2392.156982
-1784.313720
-901.960815
107.843139
1852.941162
2509.803955
2803.921630
2872.549072
2490.196044
2000.000000
1264.705932
-774.509826
-1568.627441
-2333.333496
-2784.313720
-2921.568603
-2656.862792
-2196.078369
-352.941192
568.627441
1352.941162
2186.274658
2686.274658
2882.353027
2715.686279
1607.843139
666.666687
-313.725494
-1186.274536
-1970.588256
-2588.235351
-2882.353027
-2401.960937
-1794.117675
-892.156860
98.039215
901.960815
1676.470581
2803.921630
2892.156982
2519.607910
2068.627441
1303.921630
303.921569
-598.039245
-2254.902099
-2754.902099
-2921.568603
-2696.078369
-2254.902099
-1588.235351
-627.450988
1313.725463
2088.235351
2647.058837
2852.941162
2764.706054
2362.745117
1774.509887
-264.705902
-1127.451049
-1882.353027
-2568.627441
-2872.549072
-2911.764648
-1833.333374
-970.588256
29.411766
852.941162
1637.254882
2362.745117
2784.313720
2558.823486
2088.235351
1323.529418
303.921569
-588.235290
-1401.960815
-2186.274658
-2901.960937
-2686.274658
-2235.294189
-1558.823608
-588.235290
362.745117
1215.686279
2627.450927
2872.549072
2794.117675
2372.549072
1784.313720
882.352966
-68.627449
-911.764709
-1676.470581
-2421.568603
-2901.960937
-2539.215820
-2019.607910
-1254.901977
-205.882354
656.862731
1441.176513
2745.098144
2882.353027
2637.254882
2205.882324
1500.000000
656.862731
-352.941192
-2049.019531
-2637.254882
-2892.156982
-2794.117675
-2392.156982
-1764.705932
264.705902
1117.647094
1882.353027
2509.803955
2823.529541
2862.745117
2460.784423
1000.000000
58.823532
-764.705871
-1539.215698
-2323.529541
-2784.313720
-2921.568603
-2137.254882
-1382.353027
-343.137268
568.627441
1343.137329
2117.647216
2656.862792
2686.274658
2264.705810
1627.451049
676.470581
-294.117645
-1156.862792
-1921.568603
-2568.627441
-2882.353027
-2901.960937
-2460.784423
-1872.549072
-1049.019653
-19.607843
803.921569
1578.431396
2313.725585
2754.902099
2588.235351
2088.235351
1352.941162
352.941192
-558.823547
-1352.941162
-2147.058837
-2892.156982
-2715.686279
-2254.902099
-1588.235351
-637.254943
362.745117
1176.470581
1950.980468
2568.627441
2852.941162
2862.745117
2441.176513
1862.745117
1029.411743
-9.803922
-794.117675
-1588.235351
-2352.941162
-2901.960937
-2588.235351
-2117.647216
-1333.333374
-284.313720
598.039245
1362.745117
2147.058837
2686.274658
2901.960937
2235.294189
1588.235351
627.450988
-1294.117675
-2058.823486
-2637.254882
-2892.156982
-2803.921630
-2372.549072
-1745.098022
264.705902
1107.843139
1872.549072
2519.607910
2843.137207
2892.156982
2480.392089
1039.215698
9.803922
-745.098083
-1519.607910
-2284.313720
-2754.902099
-2892.156982
-2186.274658
-1421.568603
-421.568634
519.607849
1303.921630
2078.431396
2647.058837
2852.941162
2784.313720
2372.549072
1764.705932
882.352966
-98.039215
-921.568664
-1686.274536
-2421.568603
-2803.921630
-2911.764648
-2029.411743
-1235.294189
-196.078430
686.274536
1470.588256
2245.098144
2715.686279
2656.862792
2205.882324
1509.803955
549.019592
-421.568634
-1235.294189
-2019.607910
-2911.764648
-2745.098144
-2343.137207
-1715.686279
-803.921569
205.882354
1911.764770
2509.803955
2843.137207
2862.745117
2450.980468
1911.764770
1127.451049
-931.372558
-1715.686279
-2441.176513
-2803.921630
-2901.960937
-2607.843261
-2078.431396
-186.274520
686.274536
1470.588256
2225.490234
2725.490234
2872.549072
2676.470703
2274.509765
1627.451049
696.078430
-1254.901977
-2029.411743
-2627.450927
-2892.156982
-2833.333496
-2431.372558
-1803.921630
-931.372558
58.823532
892.156860
1656.862792
2372.549072
2794.117675
2901.960937
2617.647216
1313.725463
313.725494
-617.647094
-1382.353027
-2196.078369
-2725.490234
-2892.156982
-2235.294189
-1558.823608
-568.627441
392.156860
1215.686279
2000.000000
2549.019775
2862.745117
2892.156982
2470.588378
970.588256
-19.607843
-862.745117
-2460.784423
-2803.921630
-2882.353027
-2568.627441
-2098.039306
-1303.921630
-274.509796
1549.019653
2294.117675
2794.117675
2892.156982
2627.450927
2205.882324
1519.607910
-539.215698
-1343.137329
-2156.862792
-2715.686279
-2892.156982
-2735.294189
-2303.921630
-647.058837
343.137268
1176.470581
1960.784301
2549.019775
2833.333496
2421.568603
1833.333374
941.176513
-29.411766
-882.352966
-1656.862792
-2411.764648
-2892.156982
-2519.607910
-2058.823486
-1264.705932
-245.098037
647.058837
1421.568603
2725.490234
2862.745117
2676.470703
2235.294189
1539.215698
588.235290
-382.352935
-2068.627441
-2666.666748
-2911.764648
-2754.902099
-2343.137207
-1735.294189
-843.137268
137.254898
1000.000000
1715.686279
2441.176513
2823.529541
2882.353027
2549.019775
2078.431396
1323.529418
303.921569
-598.039245
-2245.098144
-2754.902099
-2882.353027
-2696.078369
-2245.098144
-1578.431396
-647.058837
1284.313720
2078.431396
2647.058837
2872.549072
2803.921630
2372.549072
754.901977
-205.882354
-1078.431396
-1852.941162
-2529.411865
-2852.941162
-2921.568603
-1862.745117
-1000.000000
-39.215686
794.117675
1568.627441
2313.725585
2774.509765
2568.627441
2117.647216
1392.156860
382.352935
-529.411804
-1333.333374
-2137.254882
-2921.568603
-2686.274658
-2264.705810
-1598.039184
-666.666687
323.529418
1137.254882
1921.568603
2539.215820
2843.137207
2872.549072
2450.980468
1911.764770
1107.843139
98.039215
-715.686279
-1519.607910
-2313.725585
-2911.764648
-2637.254882
-2147.058837
-1431.372558
-401.960784
519.607849
1303.921630
2705.882324
2901.960937
2705.882324
2303.921630
1666.666748
725.490234
-245.098037
-1950.980468
-2578.431396
-2852.941162
-2892.156982
-2431.372558
-1882.353027
156.862747
990.196105
1725.490234
2431.372558
2803.921630
2882.353027
2549.019775
1166.666748
156.862747
-725.490234
-1500.000000
-2205.882324
-2745.098144
-2892.156982
-2235.294189
-1519.607910
-539.215698
441.176483
1254.901977
2009.803955
2598.039306
2764.706054
2362.745117
1754.901977
852.941162
-137.254898
-1000.000000
-1725.490234
-2460.784423
-2813.725585
-2901.960937
-2578.431396
-2078.431396
-1303.921630
-294.117645
627.450988
1382.353027
2186.274658
2705.882324
2901.960937
2676.470703
2274.509765
637.254943
-313.725494
-1186.274536
-1941.176513
-2578.431396
-2862.745117
-2882.353027
-1764.705932
-882.352966
107.843139
950.980407
1715.686279
2411.764648
2774.509765
2490.196044
2009.803955
1245.098022
225.490203
-617.647094
-1431.372558
-2196.078369
-2901.960937
-2705.882324
-2205.882324
-1529.411743
-529.411804
431.372558
1245.098022
1990.196166
2598.039306
2852.941162
2343.137207
1735.294189
852.941162
-1137.254882
-1911.764770
-2549.019775
-2862.745117
-2921.568603
-2450.980468
-1921.568603
78.431373
882.352966
1686.274536
2401.960937
2774.509765
2862.745117
2598.039306
1294.117675
303.921569
-617.647094
-1401.960815
-2196.078369
-2715.686279
-2911.764648
-2725.490234
-2294.117675
-1637.254882
-705.882385
294.117645
1147.058837
1901.960815
2509.803955
2852.941162
2872.549072
2460.784423
1009.803955
-19.607843
-872.549011
-1656.862792
-2401.960937
-2794.117675
-2911.764648
-2068.627441
-1284.313720
-254.901962
637.254943
1411.764770
2186.274658
2705.882324
2872.549072
2705.882324
2274.509765
1647.058837
705.882385
-254.901962
-1127.451049
-1862.745117
-2539.215820
-2852.941162
-2882.353027
-1862.745117
-990.196105
9.803922
764.705871
1539.215698
2303.921630
2735.294189
2617.647216
2156.862792
1411.764770
421.568634
-519.607849
-1303.921630
-2117.647216
-2901.960937
-2735.294189
-2284.313720
-1656.862792
-696.078430
284.313720
1990.196166
2558.823486
2843.137207
2833.333496
2441.176513
1862.745117
1009.803955
-1049.019653
-1823.529418
-2509.803955
-2833.333496
-2882.353027
-2529.411865
-1980.392211
-19.607843
823.529418
1588.235351
2323.529541
2784.313720
2901.960937
2656.862792
2205.882324
1490.196166
509.803924
-1362.745117
-2166.666748
-2725.490234
-2696.078369
-2264.705810
-1607.843139
-647.058837
333.333343
1176.470581
1931.372558
2862.745117
2823.529541
2382.353027
1784.313720
911.764709
-49.019607
-862.745117
-2460.784423
-2813.725585
-2882.353027
-2558.823486
-2088.235351
-1264.705932
-235.294128
1568.627441
2333.333496
2754.902099
2892.156982
2647.058837
2186.274658
1470.588256
529.411804
-450.980407
-1264.705932
-2705.882324
-2901.960937
-2764.706054
-1647.058837
-705.882385
264.705902
1107.843139
1882.353027
2509.803955
2833.333496
2411.764648
1833.333374
1000.000000
39.215686
-764.705871
-1558.823608
-2343.137207
-2911.764648
-2617.647216
-2137.254882
-1372.549072
-352.941192
558.823547
1333.333374
2735.294189
2892.156982
2696.078369
2274.509765
1627.451049
715.686279
-264.705902
-1980.392211
-2598.039306
-2852.941162
-2872.549072
-2411.764648
-1833.333374
-970.588256
19.607843
823.529418
1617.647094
2774.509765
2882.353027
2568.627441
2107.843261
1333.333374
323.529418
-578.431396
-2245.098144
-2754.902099
-2892.156982
-2686.274658
-2235.294189
-1588.235351
509.803924
1274.509887
2058.823486
2627.450927
2872.549072
2774.509765
2382.353027
794.117675
-186.274520
-1049.019653
-1803.921630
-2509.803955
-2833.333496
-2901.960937
-1911.764770
-1068.627441
-49.019607
813.725524
1588.235351
2323.529541
2735.294189
2598.039306
2127.450927
1392.156860
392.156860
-529.411804
-1323.529418
-2117.647216
-2892.156982
-2715.686279
-2274.509765
-1627.451049
-666.666687
313.725494
2019.607910
2568.627441
2872.549072
2833.333496
2392.156982
1823.529418
970.588256
-1058.823608
-1813.725463
-2500.000000
-2823.529541
-2892.156982
-2539.215820
-2049.019531
-117.647064
764.705871
1519.607910
2274.509765
2745.098144
2901.960937
2686.274658
1450.980468
450.980407
-460.784332
-1294.117675
-2107.843261
-2656.862792
-2892.156982
-2294.117675
-1656.862792
-725.490234
264.705902
1117.647094
1872.549072
2862.745117
2833.333496
2411.764648
1862.745117
1000.000000
58.823532
-745.098083
-2392.156982
-2784.313720
-2911.764648
-2607.843261
-2147.058837
-1401.960815
-372.549041
1460.784301
2235.294189
2715.686279
2901.960937
2696.078369
2264.705810
1607.843139
656.862731
-303.921569
-1156.862792
-2617.647216
-2872.549072
-2833.333496
-2411.764648
-1803.921630
-941.176513
58.823532
892.156860
1647.058837
2372.549072
2754.902099
2882.353027
2627.450927
2176.470703
1460.784301
-607.843139
-1401.960815
-2186.274658
-2725.490234
-2911.764648
-2696.078369
-2284.313720
-598.039245
401.960784
1215.686279
1980.392211
2549.019775
2852.941162
2352.941162
1745.098022
882.352966
-88.235298
-931.372558
-1705.882324
-2450.980468
-2892.156982
-2519.607910
-2029.411743
-1205.882324
-176.470596
686.274536
1500.000000
2725.490234
2882.353027
2647.058837
2215.686279
1549.019653
578.431396
-392.156860
-2088.235351
-2686.274658
-2901.960937
-2813.725585
-2343.137207
-1754.901977
-852.941162
1156.862792
1921.568603
2529.411865
2833.333496
2872.549072
2460.784423
921.568664
-39.215686
-852.941162
-1656.862792
-2392.156982
-2803.921630
-2911.764648
-2049.019531
-1274.509887
-245.098037
627.450988
1382.353027
2176.470703
2686.274658
2686.274658
2245.098144
1578.431396
598.039245
-352.941192
-1215.686279
-1980.392211
-2892.156982
-2764.706054
-2372.549072
-1754.901977
-892.156860
117.647064
980.392150
1715.686279
2441.176513
2784.313720
2872.549072
2558.823486
2098.039306
1362.745117
343.137268
-549.019592
-1352.941162
-2156.862792
-2892.156982
-2676.470703
-2254.902099
-1578.431396
-607.843139
362.745117
1176.470581
2598.039306
2852.941162
2784.313720
2362.745117
1774.509887
921.568664
-58.823532
-1774.509887
-2490.196044
-2843.137207
-2901.960937
-2529.411865
-2049.019531
-78.431373
745.098083
1539.215698
2294.117675
2764.706054
2852.941162
2647.058837
1441.176513
441.176483
-500.000000
-1254.901977
-2039.215698
-2627.450927
-2882.353027
-2333.333496
-1705.882324
-803.921569
205.882354
1049.019653
1794.117675
2480.392089
2872.549072
2441.176513
1901.960815
1098.039184
78.431373
-745.098083
-1519.607910
-2294.117675
-2745.098144
-2892.156982
-2676.470703
-2215.686279
-1529.411743
-519.607849
411.764709
1215.686279
2000.000000
2549.019775
2794.117675
2372.549072
1794.117675
911.764709
-58.823532
-892.156860
-1656.862792
-2833.333496
-2931.372558
-2539.215820
-2019.607910
-1264.705932
-225.490203
647.058837
1411.764770
2196.078369
2686.274658
2872.549072
2686.274658
2264.705810
1656.862792
725.490234
-245.098037
-1098.039184
-1843.137329
-2882.353027
-2872.549072
-2421.568603
-1852.941162
-980.392150
9.803922
764.705871
2392.156982
2764.706054
2882.353027
2627.450927
2156.862792
1421.568603
460.784332
-490.196075
-1303.921630
-2088.235351
-2666.666748
-2892.156982
-2784.313720
-2333.333496
-1735.294189
-843.137268
156.862747
1009.803955
2519.607910
2823.529541
2872.549072
2480.392089
1970.588256
1156.862792
117.647064
-1666.666748
-2421.568603
-2794.117675
-2901.960937
-2627.450927
-2147.058837
-1392.156860
-352.941192
558.823547
1333.333374
2715.686279
2872.549072
2686.274658
1509.803955
539.215698
-421.568634
-1235.294189
-2019.607910
-2617.647216
-2872.549072
-2362.745117
-1735.294189
-813.725524
196.078430
1009.803955
1745.098022
2470.588378
2892.156982
2480.392089
1950.980468
1147.058837
137.254898
-715.686279
-1509.803955
-2294.117675
-2774.509765
-2901.960937
-2176.470703
-1441.176513
-431.372558
1441.176513
2205.882324
2735.294189
2892.156982
2676.470703
2294.117675
1627.451049
-421.568634
-1254.901977
-2029.411743
-2637.254882
-2862.745117
-2803.921630
-2382.353027
-794.117675
215.686279
1068.627441
1813.725463
2519.607910
2843.137207
2872.549072
2490.196044
1980.392211
1196.078491
-852.941162
-1656.862792
-2372.549072
-2892.156982
-2558.823486
-2068.627441
-1274.509887
-274.509796
647.058837
1411.764770
2735.294189
2862.745117
2686.274658
2225.490234
1558.823608
578.431396
-372.549041
-2078.431396
-2666.666748
-2901.960937
-2803.921630
-2352.941162
-1764.705932
-882.352966
107.843139
990.196105
1735.294189
2460.784423
2803.921630
2882.353027
2539.215820
2098.039306
1362.745117
343.137268
-588.235290
-2225.490234
-2735.294189
-2892.156982
-2705.882324
-2274.509765
-1588.235351
-617.647094
1284.313720
2058.823486
2637.254882
2862.745117
2774.509765
2372.549072
1774.509887
901.960815
-58.823532
-901.960815
-1666.666748
-2411.764648
-2813.725585
-2911.764648
-2588.235351
-2127.450927
-1372.549072
-343.137268
1500.000000
2166.666748
2725.490234
2872.549072
2705.882324
2274.509765
1637.254882
-392.156860
-1254.901977
-2019.607910
-2607.843261
-2882.353027
-2833.333496
-2421.568603
-833.333374
127.450981
1019.607849
1764.705932
2460.784423
2813.725585
2460.784423
1921.568603
1156.862792
127.450981
-735.294128
-1529.411743
-2313.725585
-2901.960937
-2607.843261
-2166.666748
-1421.568603
-401.960784
529.411804
1313.725463
2715.686279
2901.960937
2676.470703
2264.705810
1637.254882
725.490234
-215.686279
-1970.588256
-2588.235351
-2862.745117
-2872.549072
-2450.980468
-1862.745117
-990.196105
-29.411766
823.529418
1598.039184
2323.529541
2754.902099
2892.156982
2647.058837
2186.274658
1480.392211
529.411804
-421.568634
-2147.058837
-2705.882324
-2892.156982
-2735.294189
-2323.529541
-1696.078491
-784.313720
1215.686279
1950.980468
2568.627441
2843.137207
2843.137207
2431.372558
901.960815
-98.039215
-901.960815
-1696.078491
-2411.764648
-2794.117675
-2901.960937
-2009.803955
-1205.882324
-176.470596
686.274536
1460.784301
2215.686279
2725.490234
2656.862792
2215.686279
1500.000000
607.843139
-362.745117
-1196.078491
-1980.392211
-2882.353027
-2784.313720
-2362.745117
-1774.509887
-872.549011
117.647064
941.176513
2480.392089
2794.117675
2872.549072
2500.000000
2068.627441
1303.921630
313.725494
-598.039245
-1382.353027
-2186.274658
-2715.686279
-2892.156982
-2705.882324
-2294.117675
-1647.058837
-686.274536
303.921569
1127.451049
2588.235351
2862.745117
2833.333496
2392.156982
1823.529418
950.980407
-9.803922
-1705.882324
-2441.176513
-2794.117675
-2901.960937
-2607.843261
-2098.039306
-1323.529418
-294.117645
627.450988
1382.353027
2715.686279
2892.156982
2696.078369
1450.980468
480.392150
-450.980407
-1264.705932
-2019.607910
-2607.843261
-2862.745117
-2333.333496
-1705.882324
-784.313720
205.882354
1039.215698
1823.529418
2480.392089
2852.941162
2431.372558
1872.549072
1068.627441
39.215686
-764.705871
-1539.215698
-2784.313720
-2882.353027
-2627.450927
-2137.254882
-1401.960815
-382.352935
1460.784301
2225.490234
2745.098144
2882.353027
2686.274658
2235.294189
1598.039184
-441.176483
-1284.313720
-2068.627441
-2637.254882
-2892.156982
-2794.117675
-2401.960937
-784.313720
205.882354
1049.019653
1823.529418
2500.000000
2803.921630
2901.960937
1950.980468
1186.274536
166.666671
-725.490234
-1509.803955
-2294.117675
-2735.294189
-2666.666748
-2176.470703
-1421.568603
-441.176483
529.411804
1303.921630
2715.686279
2872.549072
2686.274658
2284.313720
1666.666748
745.098083
-215.686279
-1931.372558
-2568.627441
-2882.353027
-2882.353027
-2450.980468
-1872.549072
-1000.000000
960.784301
1725.490234
2431.372558
2794.117675
2901.960937
2568.627441
2088.235351
205.882354
-656.862731
-1450.980468
-2225.490234
-2745.098144
-2882.353027
-2705.882324
-1500.000000
-598.039245
382.352935
1215.686279
1980.392211
2598.039306
2754.902099
2343.137207
1774.509887
882.352966
-88.235298
-892.156860
-1705.882324
-2813.725585
-2901.960937
-2539.215820
-2039.215698
-1245.098022
-215.686279
676.470581
2333.333496
2764.706054
2892.156982
2666.666748
2196.078369
1519.607910
549.019592
-1333.333374
-2127.450927
-2676.470703
-2911.764648
-2725.490234
-2352.941162
-1696.078491
352.941192
1196.078491
1950.980468
2578.431396
2843.137207
2872.549072
1803.921630
931.372558
-9.803922
-803.921569
-1607.843139
-2352.941162
-2764.706054
-2598.039306
-2107.843261
-1352.941162
-323.529418
598.039245
1372.549072
2137.254882
2656.862792
2882.353027
2715.686279
2313.725585
1696.078491
784.313720
-176.470596
-1049.019653
-1813.725463
-2500.000000
-2833.333496
-2911.764648
-2539.215820
-2029.411743
-1235.294189
843.137268
1598.039184
2333.333496
2764.706054
2862.745117
2637.254882
2186.274658
1480.392211
480.392150
-450.980407
-1264.705932
-2078.431396
-2647.058837
-2892.156982
-2813.725585
-2382.353027
-1774.509887
-911.764709
1117.647094
1872.549072
2529.411865
2833.333496
2872.549072
2450.980468
1941.176513
1147.058837
147.058822
-715.686279
-2372.549072
-2774.509765
-2921.568603
-2088.235351
-1313.725463
-284.313720
637.254943
1411.764770
2186.274658
2705.882324
2676.470703
2235.294189
1568.627441
617.647094
-343.137268
-1186.274536
-1980.392211
-2882.353027
-2784.313720
-2372.549072
-1754.901977
-882.352966
98.039215
921.568664
2470.588378
2813.725585
2872.549072
2519.607910
2049.019531
1284.313720
254.901962
-627.450988
-1411.764770
-2215.686279
-2725.490234
-2892.156982
-2715.686279
-2284.313720
-1627.451049
-686.274536
303.921569
1137.254882
2598.039306
2852.941162
2833.333496
2392.156982
1794.117675
970.588256
-29.411766
-1754.901977
-2470.588378
-2813.725585
-2911.764648
-2549.019775
-2039.215698
-98.039215
715.686279
1490.196166
2264.705810
2764.706054
2892.156982
2676.470703
1470.588256
470.588256
-460.784332
-1274.509887
-2078.431396
-2617.647216
-2872.549072
-2313.725585
-1676.470581
-745.098083
215.686279
1068.627441
1823.529418
2509.803955
2852.941162
2411.764648
1862.745117
1039.215698
29.411766
-794.117675
-1607.843139
-2343.137207
-2784.313720
-2882.353027
-2098.039306
-1333.333374
-303.921569
1529.411743
2264.705810
2764.706054
2872.549072
2666.666748
2186.274658
1549.019653
-480.392150
-1294.117675
-2049.019531
-2627.450927
-2901.960937
-2764.706054
-2352.941162
-735.294128
254.901962
1107.843139
1852.941162
2539.215820
2823.529541
2882.353027
1872.549072
1019.607849
9.803922
-764.705871
-1558.823608
-2313.725585
-2784.313720
-2637.254882
-2166.666748
-1401.960815
-411.764709
539.215698
1333.333374
2705.882324
2852.941162
2696.078369
2264.705810
1627.451049
735.294128
-245.098037
-1970.588256
-2588.235351
-2882.353027
-2882.353027
-2431.372558
-1852.941162
-1000.000000
1000.000000
1705.882324
2460.784423
2803.921630
2892.156982
2558.823486
2107.843261
215.686279
-656.862731
-1441.176513
-2235.294189
-2754.902099
-2911.764648
-2686.274658
-1470.588256
-509.803924
460.784332
1254.901977
2068.627441
2627.450927
2725.490234
2323.529541
1725.490234
813.725524
-147.058822
-1019.607849
-1774.509887
-2872.549072
-2901.960937
-2490.196044
-1941.176513
-1127.451049
-68.627449
745.098083
2382.353027
2745.098144
2892.156982
2617.647216
2127.450927
1421.568603
460.784332
-1401.960815
-2196.078369
-2725.490234
-2892.156982
-2715.686279
-2284.313720
-1627.451049
441.176483
1245.098022
2019.607910
2588.235351
2843.137207
2813.725585
2401.960937
1813.725463
970.588256
19.607843
-1715.686279
-2450.980468
-2813.725585
-2911.764648
-2558.823486
-2088.235351
-1294.117675
-264.705902
637.254943
1401.960815
2186.274658
2705.882324
2872.549072
2725.490234
2274.509765
1637.254882
715.686279
-205.882354
-1950.980468
-2598.039306
-2882.353027
-2901.960937
-2450.980468
-1882.353027
-1039.215698
1019.607849
1774.509887
2480.392089
2813.725585
2882.353027
2500.000000
2078.431396
1313.725463
323.529418
-588.235290
-2254.902099
-2735.294189
-2901.960937
-2176.470703
-1490.196166
-450.980407
470.588256
1245.098022
2049.019531
2627.450927
2725.490234
2313.725585
1715.686279
823.529418
-137.254898
-1019.607849
-1813.725463
-2843.137207
-2911.764648
-2470.588378
-1892.156860
-1058.823608
-39.215686
784.313720
1558.823608
2303.921630
2754.902099
2588.235351
2098.039306
1411.764770
382.352935
-529.411804
-1313.725463
-2137.254882
-2911.764648
-2705.882324
-2284.313720
-1627.451049
-666.666687
323.529418
1147.058837
1901.960815
2529.411865
2823.529541
2872.549072
2470.588378
1911.764770
1117.647094
78.431373
-754.901977
-1519.607910
-2274.509765
-2892.156982
-2627.450927
-2166.666748
-1421.568603
-411.764709
529.411804
1313.725463
2686.274658
2862.745117
2696.078369
2294.117675
1676.470581
735.294128
-215.686279
-1970.588256
-2588.235351
-2882.353027
-2843.137207
-2421.568603
-1862.745117
156.862747
1000.000000
1735.294189
2421.568603
2784.313720
2862.745117
2558.823486
1186.274536
166.666671
-715.686279
-1509.803955
-2254.902099
-2764.706054
-2901.960937
-2186.274658
-1470.588256
-460.784332
500.000000
1245.098022
1990.196166
2578.431396
2774.509765
2362.745117
1764.705932
872.549011
-88.235298
-911.764709
-1676.470581
-2401.960937
-2803.921630
-2882.353027
-2607.843261
-2117.647216
-1352.941162
-303.921569
588.235290
1352.941162
2127.450927
2676.470703
2666.666748
2245.098144
1588.235351
647.058837
-294.117645
-1156.862792
-1921.568603
-2862.745117
-2843.137207
-2421.568603
-1823.529418
-931.372558
49.019607
862.745117
1617.647094
2343.137207
2774.509765
2892.156982
2627.450927
2176.470703
1480.392211
470.588256
-450.980407
-1264.705932
-2009.803955
-2892.156982
-2705.882324
-2343.137207
-1696.078491
-754.901977
235.294128
1078.431396
1843.137329
2509.803955
2803.921630
2872.549072
2480.392089
1980.392211
1186.274536
196.078430
-666.666687
-1470.588256
-2254.902099
-2911.764648
-2666.666748
-2186.274658
-1450.980468
-460.784332
480.392150
1264.705932
2715.686279
2872.549072
2725.490234
2303.921630
1705.882324
784.313720
-186.274520
-1911.764770
-2568.627441
-2872.549072
-2921.568603
-2450.980468
-1901.960815
78.431373
892.156860
1656.862792
2392.156982
2774.509765
2901.960937
2588.235351
1303.921630
284.313720
-617.647094
-1401.960815
-2166.666748
-2715.686279
-2892.156982
-2215.686279
-1549.019653
-549.019592
401.960784
1215.686279
1990.196166
2607.843261
2754.902099
2333.333496
1754.901977
872.549011
-98.039215
-901.960815
-1686.274536
-2431.372558
-2794.117675
-2921.568603
-2588.235351
-2107.843261
-1323.529418
-294.117645
598.039245
1352.941162
2156.862792
2686.274658
2676.470703
2245.098144
1588.235351
637.254943
-323.529418
-1186.274536
-1950.980468
-2588.235351
-2862.745117
-2882.353027
-2431.372558
-1843.137329
-990.196105
19.607843
813.725524
1588.235351
2323.529541
2754.902099
2588.235351
2088.235351
1352.941162
303.921569
-598.039245
-1362.745117
-2166.666748
-2882.353027
-2686.274658
-2245.098144
-1558.823608
-578.431396
372.549041
1205.882324
1941.176513
2578.431396
2852.941162
2392.156982
1754.901977
882.352966
-78.431373
-921.568664
-1696.078491
-2441.176513
-2892.156982
-2519.607910
-2019.607910
-1235.294189
-196.078430
676.470581
1450.980468
2225.490234
2705.882324
2872.549072
2205.882324
1529.411743
529.411804
-1352.941162
-2147.058837
-2696.078369
-2892.156982
-2725.490234
-2343.137207
-1696.078491
352.941192
1186.274536
1970.588256
2558.823486
2813.725585
2852.941162
2421.568603
911.764709
-78.431373
-892.156860
-1676.470581
-2431.372558
-2794.117675
-2911.764648
-2607.843261
-2127.450927
-1372.549072
-333.333343
588.235290
1362.745117
2166.666748
2666.666748
2882.353027
2715.686279
2303.921630
656.862731
-303.921569
-1156.862792
-1960.784301
-2578.431396
-2892.156982
-2892.156982
-2431.372558
-1892.156860
-1049.019653
1029.411743
1764.705932
2490.196044
2813.725585
2882.353027
2519.607910
2058.823486
107.843139
-745.098083
-1529.411743
-2323.529541
-2764.706054
-2911.764648
-2676.470703
-1421.568603
-411.764709
529.411804
1323.529418
2098.039306
2637.254882
2705.882324
2294.117675
1656.862792
715.686279
-254.901962
-1127.451049
-1882.353027
-2852.941162
-2862.745117
-2431.372558
-1852.941162
-960.784301
9.803922
784.313720
2372.549072
2764.706054
2901.960937
2598.039306
2156.862792
1431.372558
441.176483
-1421.568603
-2196.078369
-2725.490234
-2901.960937
-2696.078369
-2274.509765
-1647.058837
431.372558
1245.098022
2009.803955
2588.235351
2862.745117
2813.725585
1735.294189
843.137268
-117.647064
-1009.803955
-1784.313720
-2500.000000
-2833.333496
-2500.000000
-2039.215698
-1264.705932
-245.098037
647.058837
1421.568603
2205.882324
2882.353027
2656.862792
2235.294189
1539.215698
598.039245
-382.352935
-1225.490234
-2666.666748
-2901.960937
-2754.902099
-2352.941162
-1745.098022
-872.549011
107.843139
970.588256
1725.490234
2431.372558
2872.549072
2500.000000
2019.607910
1294.117675
274.509796
-607.843139
-1421.568603
-2764.706054
-2901.960937
-2705.882324
-2235.294189
-1539.215698
-568.627441
411.764709
2098.039306
2647.058837
2843.137207
2745.098144
2382.353027
1774.509887
911.764709
-68.627449
-901.960815
-1686.274536
-2833.333496
-2892.156982
-2529.411865
-1127.451049
-88.235298
745.098083
1490.196166
2254.902099
2735.294189
2892.156982
2156.862792
1441.176513
470.588256
-460.784332
-1294.117675
-2068.627441
-2656.862792
-2725.490234
-2303.921630
-1647.058837
-735.294128
235.294128
1049.019653
1843.137329
2862.745117
2852.941162
2411.764648
1852.941162
1009.803955
0.000000
-696.078430
-1460.784301
-2225.490234
-2764.706054
-2666.666748
-2196.078369
-1480.392211
-490.196075
480.392150
1274.509887
2039.215698
2872.549072
2735.294189
2352.941162
1725.490234
813.725524
-147.058822
-1000.000000
-2529.411865
-2843.137207
-2901.960937
-2480.392089
-2000.000000
-1235.294189
-225.490203
666.666687
1441.176513
2225.490234
2862.745117
2647.058837
2205.882324
1509.803955
568.627441
-401.960784
-1245.098022
-2656.862792
-2892.156982
-2764.706054
-1637.254882
-725.490234
284.313720
1127.451049
1882.353027
2490.196044
2803.921630
2411.764648
1823.529418
1019.607849
-9.803922
-794.117675
-1539.215698
-2333.333496
-2901.960937
-2598.039306
-2107.843261
-1352.941162
-313.725494
607.843139
1372.549072
2725.490234
2862.745117
2686.274658
2225.490234
1588.235351
637.254943
-333.333343
-2068.627441
-2647.058837
-2882.353027
-2774.509765
-2382.353027
-1784.313720
264.705902
1117.647094
1843.137329
2509.803955
2823.529541
2882.353027
2480.392089
1000.000000
78.431373
-735.294128
-1519.607910
-2294.117675
-2784.313720
-2921.568603
-2156.862792
-1411.764770
-382.352935
539.215698
1303.921630
2107.843261
2656.862792
2852.941162
2735.294189
2333.333496
705.882385
-274.509796
-1127.451049
-1892.156860
-2529.411865
-2872.549072
-2892.156982
-2480.392089
-1911.764770
-1107.843139
-49.019607
764.705871
1549.019653
2303.921630
2774.509765
2617.647216
2147.058837
1441.176513
441.176483
-500.000000
-1254.901977
-2039.215698
-2627.450927
-2872.549072
-2843.137207
-1725.490234
-803.921569
166.666671
1009.803955
1784.313720
2480.392089
2803.921630
2441.176513
1921.568603
1107.843139
-960.784301
-1705.882324
-2441.176513
-2813.725585
-2911.764648
-2568.627441
-2088.235351
-137.254898
715.686279
1500.000000
2215.686279
2725.490234
2892.156982
2705.882324
1539.215698
549.019592
-392.156860
-1225.490234
-2009.803955
-2607.843261
-2872.549072
-2352.941162
-1725.490234
-843.137268
156.862747
1009.803955
1774.509887
2843.137207
2892.156982
2460.784423
1941.176513
1156.862792
107.843139
-754.901977
-2372.549072
-2784.313720
-2921.568603
-2637.254882
-2176.470703
-1382.353027
-411.764709
1450.980468
2215.686279
2705.882324
2852.941162
2676.470703
2245.098144
1656.862792
715.686279
-264.705902
-1147.058837
-2607.843261
-2882.353027
-2852.941162
-1735.294189
-833.333374
156.862747
1029.411743
1803.921630
2450.980468
2813.725585
2450.980468
1941.176513
1147.058837
127.450981
-745.098083
-1509.803955
-2284.313720
-2921.568603
-2598.039306
-2166.666748
-1431.372558
-431.372558
509.803924
1303.921630
2686.274658
2872.549072
2696.078369
2274.509765
1676.470581
764.705871
-196.078430
-1911.764770
-2568.627441
-2882.353027
-2882.353027
-2460.784423
-1872.549072
107.843139
970.588256
1705.882324
2441.176513
2784.313720
2901.960937
2568.627441
1205.882324
196.078430
-676.470581
-1431.372558
-2225.490234
-2745.098144
-2921.568603
-2205.882324
-1500.000000
-578.431396
392.156860
1196.078491
1950.980468
2578.431396
2843.137207
2862.745117
2421.568603
921.568664
-49.019607
-872.549011
-1647.058837
-2382.353027
-2784.313720
-2921.568603
-2049.019531
-1264.705932
-235.294128
627.450988
1382.353027
2186.274658
2705.882324
2656.862792
2215.686279
1539.215698
578.431396
-392.156860
-1225.490234
-2000.000000
-2882.353027
-2823.529541
-2441.176513
-1813.725463
-931.372558
78.431373
872.549011
1637.254882
2382.353027
2745.098144
2872.549072
2627.450927
2166.666748
1450.980468
470.588256
-470.588256
-1284.313720
-2078.431396
-2901.960937
-2715.686279
-2303.921630
-1647.058837
-715.686279
274.509796
1107.843139
2568.627441
2852.941162
2862.745117
2431.372558
1872.549072
1009.803955
9.803922
-764.705871
-1539.215698
-2323.529541
-2892.156982
-2598.039306
-2127.450927
-235.294128
627.450988
1421.568603
2196.078369
2705.882324
2862.745117
2676.470703
1529.411743
598.039245
-372.549041
-1225.490234
-1970.588256
-2578.431396
-2901.960937
-2382.353027
-1764.705932
-872.549011
107.843139
990.196105
1735.294189
2441.176513
2872.549072
2490.196044
1990.196166
1205.882324
156.862747
-686.274536
-1480.392211
-2264.705810
-2764.706054
-2901.960937
-2705.882324
-2245.098144
-1568.627441
-578.431396
401.960784
1196.078491
1960.784301
2568.627441
2784.313720
2382.353027
1774.509887
911.764709
-49.019607
-862.745117
-1676.470581
-2833.333496
-2901.960937
-2549.019775
-2058.823486
-1264.705932
-245.098037
617.647094
1382.353027
2166.666748
2686.274658
2872.549072
2715.686279
2294.117675
1656.862792
735.294128
-225.490203
-1107.843139
-1852.941162
-2862.745117
-2862.745117
-2441.176513
-1843.137329
-950.980407
9.803922
784.313720
2401.960937
2754.902099
2872.549072
2578.431396
2147.058837
1450.980468
450.980407
-480.392150
-1294.117675
-2078.431396
-2656.862792
-2882.353027
-2794.117675
-2352.941162
-1745.098022
-843.137268
127.450981
1009.803955
2529.411865
2833.333496
2862.745117
2421.568603
1941.176513
1127.451049
107.843139
-1676.470581
-2401.960937
-2794.117675
-2892.156982
-2607.843261
-2127.450927
-235.294128
647.058837
1431.372558
2196.078369
2715.686279
2872.549072
2676.470703
1539.215698
578.431396
-401.960784
-1225.490234
-1970.588256
-2598.039306
-2852.941162
-2362.745117
-1735.294189
-843.137268
156.862747
1009.803955
1764.705932
2470.588378
2872.549072
2460.784423
1960.784301
1166.666748
127.450981
-735.294128
-1500.000000
-2225.490234
-2735.294189
-2911.764648
-2205.882324
-1480.392211
-500.000000
382.352935
1215.686279
1960.784301
2568.627441
2774.509765
2362.745117
1754.901977
882.352966
-107.843139
-950.980407
-1725.490234
-2813.725585
-2901.960937
-2519.607910
-2009.803955
-1196.078491
-156.862747
686.274536
1470.588256
2225.490234
2725.490234
2901.960937
2666.666748
2245.098144
1607.843139
637.254943
-313.725494
-1176.470581
-1941.176513
-2862.745117
-2774.509765
-2372.549072
-1794.117675
-872.549011
88.235298
921.568664
1686.274536
2411.764648
2794.117675
2872.549072
2588.235351
2107.843261
1372.549072
382.352935
-529.411804
-1333.333374
-2137.254882
-2901.960937
-2696.078369
-2264.705810
-1637.254882
-676.470581
303.921569
1156.862792
2588.235351
2882.353027
2833.333496
2401.960937
1833.333374
941.176513
-29.411766
-1754.901977
-2470.588378
-2843.137207
-2901.960937
-2558.823486
-2029.411743
-88.235298
764.705871
1529.411743
2294.117675
2745.098144
2852.941162
2656.862792
1421.568603
421.568634
-519.607849
-1313.725463
-2107.843261
-2686.274658
-2901.960937
-2284.313720
-1647.058837
-686.274536
294.117645
1156.862792
1892.156860
2509.803955
2823.529541
2872.549072
2460.784423
1931.372558
1117.647094
88.235298
-725.490234
-1509.803955
-2274.509765
-2735.294189
-2901.960937
-2196.078369
-1441.176513
-431.372558
529.411804
1303.921630
2088.235351
2656.862792
2676.470703
2264.705810
1656.862792
745.098083
-235.294128
-1078.431396
-1843.137329
-2882.353027
-2882.353027
-2450.980468
-1882.353027
-1019.607849
0.000000
705.882385
1470.588256
2235.294189
2715.686279
2656.862792
2176.470703
1490.196166
-588.235290
-1362.745117
-2156.862792
-2676.470703
-2911.764648
-2715.686279
-2313.725585
-607.843139
362.745117
1215.686279
1980.392211
2607.843261
2872.549072
2833.333496
2421.568603
1833.333374
1000.000000
-970.588256
-1735.294189
-2470.588378
-2803.921630
-2892.156982
-2539.215820
-2078.431396
-147.058822
725.490234
1500.000000
2186.274658
2696.078369
2852.941162
2705.882324
1500.000000
637.254943
-352.941192
-1176.470581
-1960.784301
-2578.431396
-2872.549072
-2392.156982
-1784.313720
-892.156860
98.039215
901.960815
1666.666748
2372.549072
2754.902099
2872.549072
2598.039306
2137.254882
1421.568603
450.980407
-431.372558
-1294.117675
-2078.431396
-2666.666748
-2901.960937
-2303.921630
-1637.254882
-745.098083
254.901962
1098.039184
1833.333374
2529.411865
2852.941162
2421.568603
1862.745117
1000.000000
68.627449
-754.901977
-1539.215698
-2764.706054
-2911.764648
-2627.450927
-2147.058837
-1401.960815
-392.156860
1450.980468
2235.294189
2715.686279
2852.941162
2666.666748
2245.098144
1598.039184
-450.980407
-1245.098022
-2019.607910
-2607.843261
-2892.156982
-2833.333496
-2401.960937
-803.921569
176.470596
1039.215698
1803.921630
2509.803955
2823.529541
2852.941162
2490.196044
2000.000000
1303.921630
303.921569
-588.235290
-1401.960815
-2186.274658
-2725.490234
-2872.549072
-2715.686279
-2303.921630
-607.843139
382.352935
1196.078491
1960.784301
2549.019775
2872.549072
2872.549072
1774.509887
892.156860
-68.627449
-882.352966
-1686.274536
-2431.372558
-2794.117675
-2539.215820
-2029.411743
-1235.294189
-186.274520
676.470581
1450.980468
2215.686279
2705.882324
2872.549072
2676.470703
1519.607910
549.019592
-392.156860
-2098.039306
-2656.862792
-2872.549072
-2774.509765
-2352.941162
-1735.294189
-833.333374
1166.666748
1931.372558
2588.235351
2872.549072
2872.549072
2441.176513
1892.156860
-58.823532
-901.960815
-1686.274536
-2421.568603
-2803.921630
-2901.960937
-2578.431396
-1235.294189
-215.686279
676.470581
1441.176513
2235.294189
2735.294189
2627.450927
2205.882324
1509.803955
549.019592
-411.764709
-1254.901977
-2039.215698
-2607.843261
-2872.549072
-2833.333496
-2411.764648
-813.725524
186.274520
1029.411743
1803.921630
2470.588378
2823.529541
2441.176513
1882.353027
1107.843139
68.627449
-754.901977
-1539.215698
-2303.921630
-2892.156982
-2617.647216
-2156.862792
-1392.156860
-382.352935
549.019592
1323.529418
2715.686279
2892.156982
2676.470703
2264.705810
1647.058837
735.294128
-245.098037
-1960.784301
-2578.431396
-2872.549072
-2892.156982
-2431.372558
-1872.549072
-1009.803955
-9.803922
794.117675
1578.431396
2323.529541
2774.509765
2892.156982
2676.470703
2205.882324
1500.000000
578.431396
-382.352935
-2098.039306
-2647.058837
-2892.156982
-2784.313720
-2362.745117
-1754.901977
-872.549011
117.647064
990.196105
1705.882324
2803.921630
2872.549072
2500.000000
2049.019531
1264.705932
284.313720
-607.843139
-2303.921630
-2754.902099
-2882.353027
-2715.686279
-2245.098144
-1558.823608
-578.431396
1343.137329
2127.450927
2676.470703
2862.745117
2725.490234
2323.529541
1715.686279
813.725524
-156.862747
-1039.215698
-1794.117675
-2519.607910
-2823.529541
-2892.156982
-2509.803955
-2009.803955
-1196.078491
-156.862747
1656.862792
2401.960937
2774.509765
2882.353027
2607.843261
2127.450927
1411.764770
441.176483
-500.000000
-1245.098022
-2029.411743
-2607.843261
-2882.353027
-2823.529541
-2392.156982
-1803.921630
-941.176513
68.627449
1764.705932
2450.980468
2803.921630
2872.549072
2519.607910
2088.235351
1264.705932
-784.313720
-1568.627441
-2333.333496
-2754.902099
-2911.764648
-2656.862792
-2205.882324
-352.941192
549.019592
1343.137329
2147.058837
2676.470703
2862.745117
2254.902099
1607.843139
696.078430
-274.509796
-1127.451049
-1872.549072
-2549.019775
-2862.745117
-2421.568603
-1843.137329
-950.980407
19.607843
823.529418
1598.039184
2794.117675
2882.353027
2598.039306
2127.450927
1362.745117
333.333343
-568.627441
-2225.490234
-2725.490234
-2892.156982
-2705.882324
-2245.098144
-1607.843139
-637.254943
323.529418
1176.470581
1941.176513
2558.823486
2823.529541
2852.941162
2431.372558
1892.156860
1068.627441
29.411766
-813.725524
-2450.980468
-2813.725585
-2921.568603
-2607.843261
-2098.039306
-1372.549072
-343.137268
1500.000000
2215.686279
2705.882324
2862.745117
2647.058837
2264.705810
1656.862792
725.490234
-235.294128
-1107.843139
-1872.549072
-2539.215820
-2852.941162
-2892.156982
-2480.392089
-1950.980468
-1117.647094
-98.039215
1656.862792
2392.156982
2784.313720
2892.156982
2588.235351
2107.843261
1362.745117
372.549041
-529.411804
-1343.137329
-2745.098144
-2882.353027
-2715.686279
-1519.607910
-549.019592
431.372558
1225.490234
2009.803955
2607.843261
2872.549072
2343.137207
1754.901977
872.549011
-107.843139
-970.588256
-1715.686279
-2441.176513
-2921.568603
-2490.196044
-2000.000000
-1264.705932
-235.294128
647.058837
1401.960815
2754.902099
2872.549072
2656.862792
2215.686279
1549.019653
607.843139
-362.745117
-1205.882324
-1990.196166
-2588.235351
-2882.353027
-2843.137207
-2421.568603
-1843.137329
-941.176513
39.215686
872.549011
1617.647094
2784.313720
2872.549072
2558.823486
2088.235351
1333.333374
343.137268
-578.431396
-2264.705810
-2764.706054
-2901.960937
-2696.078369
-2245.098144
-1578.431396
-656.862731
1274.509887
2049.019531
2647.058837
2862.745117
2774.509765
2382.353027
774.509826
-186.274520
-1029.411743
-1823.529418
-2519.607910
-2843.137207
-2901.960937
-1911.764770
-1058.823608
-19.607843
803.921569
1578.431396
2313.725585
2745.098144
2882.353027
2656.862792
2196.078369
382.352935
-519.607849
-1313.725463
-2117.647216
-2715.686279
-2882.353027
-2754.902099
-1627.451049
-676.470581
313.725494
1156.862792
1882.353027
2509.803955
2823.529541
2431.372558
1833.333374
980.392150
9.803922
-774.509826
-1529.411743
-2313.725585
-2901.960937
-2607.843261
-2117.647216
-1382.353027
-362.745117
568.627441
1333.333374
2147.058837
2676.470703
2862.745117
2705.882324
2323.529541
1696.078491
803.921569
-137.254898
-1019.607849
-1803.921630
-2480.392089
-2901.960937
-2490.196044
-1931.372558
-1098.039184
-58.823532
784.313720
1539.215698
2294.117675
2754.902099
2892.156982
2676.470703
2215.686279
1519.607910
578.431396
-382.352935
-1235.294189
-2019.607910
-2607.843261
-2754.902099
-2352.941162
-1754.901977
-833.333374
166.666671
1009.803955
1784.313720
2852.941162
2882.353027
2470.588378
1911.764770
1137.254882
98.039215
-705.882385
-2362.745117
-2803.921630
-2892.156982
-2656.862792
-2156.862792
-1431.372558
647.058837
1411.764770
2176.470703
2686.274658
2872.549072
2705.882324
2294.117675
607.843139
-362.745117
-1205.882324
-1970.588256
-2588.235351
-2852.941162
-2862.745117
-1745.098022
-852.941162
117.647064
980.392150
1735.294189
2460.784423
2813.725585
2500.000000
2058.823486
1264.705932
254.901962
-617.647094
-1401.960815
-2196.078369
-2882.353027
-2696.078369
-2235.294189
-1549.019653
-578.431396
401.960784
2068.627441
2627.450927
2872.549072
2794.117675
2372.549072
1754.901977
892.156860
-1107.843139
-1882.353027
-2539.215820
-2843.137207
-2921.568603
-2460.784423
-1960.784301
49.019607
823.529418
1607.843139
2362.745117
2754.902099
2892.156982
2637.254882
1343.137329
333.333343
-578.431396
-1372.549072
-2176.470703
-2715.686279
-2882.353027
-2254.902099
-1598.039184
-647.058837
352.941192
1176.470581
1921.568603
2892.156982
2843.137207
2401.960937
1794.117675
931.372558
-39.215686
-872.549011
-2460.784423
-2813.725585
-2911.764648
-2558.823486
-2088.235351
-1294.117675
-225.490203
1568.627441
2323.529541
2784.313720
2892.156982
2647.058837
2196.078369
1460.784301
529.411804
-431.372558
-1264.705932
-2696.078369
-2882.353027
-2735.294189
-2333.333496
-666.666687
294.117645
1156.862792
1901.960815
2519.607910
2843.137207
2401.960937
1813.725463
980.392150
0.000000
-715.686279
-1509.803955
-2274.509765
-2892.156982
-2656.862792
-2176.470703
-1470.588256
-450.980407
500.000000
1225.490234
2637.254882
2843.137207
2794.117675
2362.745117
1754.901977
852.941162
-107.843139
-1872.549072
-2549.019775
-2862.745117
-2892.156982
-2460.784423
-1921.568603
-1117.647094
950.980407
1696.078491
2401.960937
2774.509765
2901.960937
2588.235351
2098.039306
1392.156860
401.960784
-519.607849
-1323.529418
-2127.450927
-2656.862792
-2911.764648
-2764.706054
-2362.745117
-1725.490234
-813.725524
1215.686279
1980.392211
2549.019775
2833.333496
2872.549072
2411.764648
1882.353027
1049.019653
29.411766
-794.117675
-1588.235351
-2343.137207
-2784.313720
-2892.156982
-2647.058837
-2196.078369
-1470.588256
-441.176483
1401.960815
2196.078369
2735.294189
2862.745117
2666.666748
2274.509765
1637.254882
715.686279
-254.901962
-1107.843139
-1892.156860
-2539.215820
-2833.333496
-2882.353027
-2480.392089
-1960.784301
-1156.862792
-88.235298
1666.666748
2372.549072
2764.706054
2892.156982
2617.647216
2127.450927
1411.764770
411.764709
-519.607849
-1313.725463
-2117.647216
-2686.274658
-2892.156982
-2764.706054
-2362.745117
-1745.098022
-843.137268
166.666671
1862.745117
2509.803955
2833.333496
2872.549072
2460.784423
1970.588256
1156.862792
88.235298
-715.686279
-1539.215698
-2254.902099
-2764.706054
-2921.568603
-2686.274658
-2235.294189
-1549.019653
-578.431396
401.960784
2098.039306
2647.058837
2872.549072
2794.117675
2362.745117
1754.901977
911.764709
-1088.235351
-1852.941162
-2549.019775
-2892.156982
-2901.960937
-2480.392089
-1950.980468
9.803922
784.313720
1568.627441
2343.137207
2774.509765
2892.156982
2647.058837
2196.078369
1490.196166
529.411804
-431.372558
-1264.705932
-2019.607910
-2617.647216
-2892.156982
-2833.333496
-2401.960937
-1813.725463
225.490203
1078.431396
1813.725463
2509.803955
2843.137207
2901.960937
2500.000000
2029.411743
1284.313720
254.901962
-1539.215698
-2313.725585
-2764.706054
-2617.647216
-2147.058837
-1401.960815
-411.764709
539.215698
1313.725463
2098.039306
2882.353027
2686.274658
2284.313720
1627.451049
725.490234
-245.098037
-1098.039184
-2578.431396
-2862.745117
-2862.745117
-2421.568603
-1852.941162
-1009.803955
29.411766
1764.705932
2460.784423
2813.725585
2882.353027
2558.823486
2058.823486
1313.725463
284.313720
-607.843139
-1411.764770
-2754.902099
-2892.156982
-2686.274658
-1450.980468
-460.784332
490.196075
1274.509887
2068.627441
2637.254882
2892.156982
2294.117675
1656.862792
764.705871
-205.882354
-1068.627441
-1843.137329
-2509.803955
-2882.353027
-2441.176513
-1872.549072
-1000.000000
-68.627449
764.705871
1539.215698
2794.117675
2862.745117
2578.431396
2098.039306
1411.764770
421.568634
-509.803924
-2176.470703
-2715.686279
-2901.960937
-2754.902099
-2303.921630
-1666.666748
401.960784
1186.274536
1980.392211
2588.235351
2872.549072
2843.137207
2421.568603
892.156860
-78.431373
-921.568664
-1705.882324
-2431.372558
-2784.313720
-2892.156982
-2019.607910
-1225.490234
-176.470596
686.274536
1460.784301
2225.490234
2715.686279
2656.862792
2196.078369
1500.000000
598.039245
-352.941192
-1196.078491
-1970.588256
-2578.431396
-2872.549072
-2862.745117
-2450.980468
-1862.745117
-980.392150
9.803922
754.901977
1529.411743
2303.921630
2754.902099
2607.843261
2156.862792
1431.372558
411.764709
-509.803924
-1303.921630
-2088.235351
-2901.960937
-2696.078369
-2294.117675
-1647.058837
-725.490234
264.705902
1088.235351
1852.941162
2529.411865
2843.137207
2882.353027
2441.176513
1960.784301
1166.666748
137.254898
-735.294128
-1519.607910
-2294.117675
-2911.764648
-2637.254882
-2156.862792
-1392.156860
-382.352935
539.215698
1303.921630
2098.039306
2656.862792
2882.353027
2754.902099
2343.137207
1745.098022
901.960815
-78.431373
-921.568664
-1705.882324
-2431.372558
-2892.156982
-2519.607910
-2029.411743
-1205.882324
-137.254898
696.078430
1470.588256
2754.902099
2882.353027
2637.254882
2205.882324
1500.000000
607.843139
-343.137268
-2078.431396
-2656.862792
-2882.353027
-2803.921630
-2382.353027
-1774.509887
-872.549011
98.039215
921.568664
1686.274536
2401.960937
2794.117675
2882.353027
2578.431396
2098.039306
1382.353027
382.352935
-519.607849
-2225.490234
-2745.098144
-2882.353027
-2715.686279
-2284.313720
-1627.451049
-696.078430
1254.901977
2029.411743
2607.843261
2872.549072
2823.529541
2372.549072
1784.313720
950.980407
-9.803922
-803.921569
-2411.764648
-2813.725585
-2901.960937
-2039.215698
-1215.686279
-186.274520
686.274536
1480.392211
2225.490234
2735.294189
2637.254882
2176.470703
1500.000000
578.431396
-372.549041
-1176.470581
-1980.392211
-2911.764648
-2784.313720
-2372.549072
-1764.705932
-872.549011
107.843139
990.196105
2480.392089
2823.529541
2892.156982
2500.000000
2068.627441
1294.117675
274.509796
-1549.019653
-2313.725585
-2774.509765
-2892.156982
-2637.254882
-2215.686279
-372.549041
539.215698
1323.529418
2098.039306
2666.666748
2852.941162
2774.509765
1647.058837
715.686279
-245.098037
-1117.647094
-1872.549072
-2529.411865
-2862.745117
-2431.372558
-1843.137329
-960.784301
9.803922
784.313720
1549.019653
2313.725585
2872.549072
2627.450927
2156.862792
1411.764770
431.372558
-509.803924
-1303.921630
-2715.686279
-2911.764648
-2705.882324
-2284.313720
-1627.451049
-686.274536
1254.901977
2019.607910
2598.039306
2872.549072
2833.333496
2392.156982
1813.725463
-196.078430
-1049.019653
-1843.137329
-2500.000000
-2823.529541
-2882.353027
-2529.411865
-1107.843139
-68.627449
754.901977
1519.607910
2245.098144
2735.294189
2872.549072
2156.862792
1450.980468
441.176483
-500.000000
-1254.901977
-2009.803955
-2627.450927
-2764.706054
-2362.745117
-1754.901977
-843.137268
166.666671
1029.411743
1794.117675
2460.784423
2803.921630
2872.549072
2519.607910
2049.019531
1274.509887
264.705902
-637.254943
-1421.568603
-2166.666748
-2725.490234
-2686.274658
-2205.882324
-1519.607910
-549.019592
411.764709
1215.686279
2000.000000
2529.411865
2872.549072
2862.745117
2431.372558
1882.353027
1058.823608
49.019607
-764.705871
-1539.215698
-2333.333496
-2784.313720
-2627.450927
-2147.058837
-1392.156860
-372.549041
549.019592
1333.333374
2127.450927
2892.156982
2696.078369
2294.117675
1627.451049
696.078430
-264.705902
-1098.039184
-1882.353027
-2549.019775
-2843.137207
-2441.176513
-1843.137329
-970.588256
1039.215698
1794.117675
2470.588378
2813.725585
2911.764648
2480.392089
2009.803955
88.235298
-754.901977
-1539.215698
-2294.117675
-2754.902099
-2892.156982
-2686.274658
-1421.568603
-411.764709
519.607849
1313.725463
2078.431396
2656.862792
2872.549072
2274.509765
1666.666748
735.294128
-225.490203
-1117.647094
-1882.353027
-2519.607910
-2872.549072
-2450.980468
-1872.549072
-1039.215698
19.607843
823.529418
2411.764648
2774.509765
2892.156982
2598.039306
2117.647216
1362.745117
343.137268
-1460.784301
-2264.705810
-2725.490234
-2901.960937
-2705.882324
-2254.902099
-1578.431396
500.000000
1235.294189
2000.000000
2539.215820
2833.333496
2872.549072
2441.176513
892.156860
-68.627449
-892.156860
-1686.274536
-2411.764648
-2794.117675
-2892.156982
-2588.235351
