2872.549072
2480.392089
2019.607910
1245.098022
235.294128
-647.058837
-2313.725585
-2764.706054
-2911.764648
-2686.274658
-2215.686279
-1519.607910
-539.215698
1352.941162
2147.058837
2686.274658
2862.745117
2705.882324
2313.725585
656.862731
-303.921569
-1156.862792
-1941.176513
-2588.235351
-2862.745117
-2892.156982
-1794.117675
-892.156860
107.843139
960.784301
1686.274536
2450.980468
2784.313720
2500.000000
2078.431396
1303.921630
303.921569
-598.039245
-1392.156860
-2176.470703
-2921.568603
-2696.078369
-2254.902099
-1568.627441
-598.039245
372.549041
1176.470581
1950.980468
2568.627441
2852.941162
2372.549072
1803.921630
911.764709
-68.627449
-882.352966
-1676.470581
-2421.568603
-2794.117675
-2892.156982
-2627.450927
-1264.705932
-235.294128
666.666687
1421.568603
2196.078369
2745.098144
2892.156982
2196.078369
1539.215698
568.627441
-421.568634
-1235.294189
-2009.803955
-2617.647216
-2764.706054
-2372.549072
-1735.294189
-813.725524
156.862747
1009.803955
1784.313720
2450.980468
2813.725585
2892.156982
1931.372558
1127.451049
107.843139
-774.509826
-1549.019653
-2294.117675
-2745.098144
-2627.450927
-2156.862792
-1392.156860
-392.156860
519.607849
1313.725463
2107.843261
2656.862792
2882.353027
2754.902099
2352.941162
1725.490234
843.137268
-127.450981
-990.196105
-1745.098022
-2470.588378
-2852.941162
-2500.000000
-2049.019531
-1254.901977
-215.686279
696.078430
1450.980468
2235.294189
2882.353027
2656.862792
2215.686279
1519.607910
558.823547
-401.960784
-1215.686279
-2686.274658
-2882.353027
-2794.117675
-2343.137207
-1735.294189
-823.529418
1186.274536
1941.176513
2549.019775
2843.137207
2872.549072
2460.784423
1852.941162
-88.235298
-901.960815
-1696.078491
-2431.372558
-2803.921630
-2901.960937
-2578.431396
-2117.647216
-1362.745117
-333.333343
1509.803955
2254.902099
2735.294189
2892.156982
2686.274658
2245.098144
1588.235351
-509.803924
-1313.725463
-2098.039306
-2666.666748
-2892.156982
-2774.509765
-2372.549072
-1774.509887
-882.352966
127.450981
980.392150
1725.490234
2431.372558
2784.313720
2872.549072
2558.823486
2098.039306
1362.745117
-715.686279
-1509.803955
-2294.117675
-2764.706054
-2911.764648
-2696.078369
-2215.686279
-450.980407
480.392150
1313.725463
2058.823486
2627.450927
2872.549072
2813.725585
2362.745117
1794.117675
892.156860
-58.823532
-892.156860
-1676.470581
-2401.960937
-2813.725585
-2911.764648
-2627.450927
-2137.254882
-245.098037
666.666687
1421.568603
2186.274658
2715.686279
2921.568603
2686.274658
1529.411743
558.823547
-372.549041
-1215.686279
-1990.196166
-2617.647216
-2872.549072
-2362.745117
-1735.294189
-843.137268
176.470596
1019.607849
1813.725463
2862.745117
2833.333496
2441.176513
1921.568603
1127.451049
107.843139
-754.901977
-2382.353027
-2794.117675
-2911.764648
-2607.843261
-2156.862792
-1362.745117
-362.745117
1500.000000
2215.686279
2715.686279
2872.549072
2666.666748
2264.705810
1656.862792
715.686279
-264.705902
-1127.451049
-1882.353027
-2539.215820
-2872.549072
-2892.156982
-2490.196044
-1950.980468
-1117.647094
-88.235298
1686.274536
2382.353027
2794.117675
2882.353027
2598.039306
2156.862792
1392.156860
-647.058837
-1431.372558
-2225.490234
-2735.294189
-2911.764648
-2696.078369
-2294.117675
-1627.451049
-647.058837
333.333343
2029.411743
2607.843261
2862.745117
2323.529541
1686.274536
803.921569
-186.274520
-1039.215698
-1833.333374
-2529.411865
-2872.549072
-2460.784423
-1872.549072
-1039.215698
0.000000
705.882385
1470.588256
2774.509765
2882.353027
2666.666748
2186.274658
1480.392211
509.803924
-431.372558
-2127.450927
-2676.470703
-2882.353027
-2754.902099
-2362.745117
-1725.490234
-803.921569
166.666671
1029.411743
1803.921630
2852.941162
2892.156982
2441.176513
1843.137329
1098.039184
98.039215
-735.294128
-2392.156982
-2774.509765
-2901.960937
-2627.450927
-2166.666748
-1421.568603
-431.372558
1431.372558
2225.490234
2715.686279
2892.156982
2686.274658
2264.705810
568.627441
-401.960784
-1225.490234
-1980.392211
-2598.039306
-2872.549072
-2852.941162
-2431.372558
-1813.725463
-950.980407
29.411766
852.941162
1617.647094
2372.549072
2892.156982
2598.039306
2107.843261
1343.137329
313.725494
-578.431396
-1392.156860
-2735.294189
-2892.156982
-2705.882324
-2225.490234
-1588.235351
-578.431396
411.764709
1196.078491
1950.980468
2558.823486
2794.117675
2382.353027
1774.509887
-254.901962
-1107.843139
-1872.549072
-2549.019775
-2852.941162
-2901.960937
-2480.392089
-1000.000000
-39.215686
784.313720
1568.627441
2284.313720
2754.902099
2882.353027
2137.254882
1372.549072
401.960784
-519.607849
-1323.529418
-2107.843261
-2705.882324
-2901.960937
-2764.706054
-2362.745117
-1764.705932
-843.137268
156.862747
1019.607849
1813.725463
2470.588378
2813.725585
2862.745117
1950.980468
1137.254882
88.235298
-745.098083
-1500.000000
-2225.490234
-2754.902099
-2901.960937
-2696.078369
-2284.313720
-539.215698
441.176483
1245.098022
1990.196166
2598.039306
2882.353027
2843.137207
1735.294189
852.941162
-117.647064
-990.196105
-1764.705932
-2441.176513
-2813.725585
-2509.803955
-1980.392211
-1147.058837
-127.450981
735.294128
1529.411743
2264.705810
2862.745117
2617.647216
2137.254882
1421.568603
450.980407
-480.392150
-1284.313720
-2686.274658
-2892.156982
-2745.098144
-2323.529541
-1686.274536
-705.882385
1225.490234
2000.000000
2539.215820
2852.941162
2872.549072
2431.372558
1892.156860
-68.627449
-901.960815
-1686.274536
-2401.960937
-2803.921630
-2911.764648
-2617.647216
-1245.098022
-225.490203
647.058837
1401.960815
2196.078369
2715.686279
2892.156982
2196.078369
1549.019653
607.843139
-372.549041
-1196.078491
-1980.392211
-2598.039306
-2803.921630
-2372.549072
-1784.313720
-892.156860
78.431373
931.372558
2460.784423
2803.921630
2911.764648
2529.411865
2029.411743
1264.705932
235.294128
-1588.235351
-2343.137207
-2764.706054
-2911.764648
-2647.058837
-2235.294189
-1441.176513
-480.392150
490.196075
1274.509887
2705.882324
2872.549072
2725.490234
2313.725585
1705.882324
774.509826
-176.470596
-1901.960815
-2539.215820
-2852.941162
-2882.353027
-2470.588378
-1921.568603
-1088.235351
1009.803955
1774.509887
2470.588378
2803.921630
2872.549072
2519.607910
2029.411743
1284.313720
294.117645
-627.450988
-2274.509765
-2754.902099
-2892.156982
-2176.470703
-1450.980468
-470.588256
490.196075
1254.901977
2068.627441
2637.254882
2715.686279
2303.921630
1745.098022
803.921569
-186.274520
-1049.019653
-1813.725463
-2872.549072
-2892.156982
-2450.980468
-1852.941162
-1058.823608
-29.411766
803.921569
2401.960937
2784.313720
2882.353027
2578.431396
2147.058837
1382.353027
392.156860
-539.215698
-1343.137329
-2127.450927
-2686.274658
-2892.156982
-2745.098144
-2352.941162
-1745.098022
-774.509826
215.686279
1049.019653
2549.019775
2862.745117
2882.353027
2441.176513
1843.137329
1088.235351
39.215686
-754.901977
-1568.627441
-2333.333496
-2774.509765
-2882.353027
-2647.058837
-2205.882324
-1470.588256
-509.803924
450.980407
1264.705932
2666.666748
2862.745117
2754.902099
2352.941162
1754.901977
862.745117
-127.450981
-1892.156860
-2568.627441
-2862.745117
-2901.960937
-2470.588378
-1911.764770
-1107.843139
950.980407
1705.882324
2441.176513
2774.509765
2901.960937
2578.431396
1215.686279
196.078430
-666.666687
-1441.176513
-2245.098144
-2745.098144
-2882.353027
-2225.490234
-1490.196166
-470.588256
480.392150
1254.901977
2019.607910
2598.039306
2862.745117
2823.529541
2392.156982
784.313720
-176.470596
-1029.411743
-1823.529418
-2509.803955
-2833.333496
-2921.568603
-1843.137329
-1049.019653
-19.607843
803.921569
1578.431396
2313.725585
2754.902099
2598.039306
2137.254882
1392.156860
421.568634
-519.607849
-1313.725463
-2137.254882
-2676.470703
-2901.960937
-2764.706054
-2372.549072
-1774.509887
-862.745117
127.450981
970.588256
1735.294189
2450.980468
2794.117675
2490.196044
2000.000000
1284.313720
264.705902
-607.843139
-1392.156860
-2186.274658
-2911.764648
-2686.274658
-2205.882324
-1490.196166
-519.607849
441.176483
1245.098022
2019.607910
2598.039306
2882.353027
2343.137207
1745.098022
872.549011
-98.039215
-921.568664
-1696.078491
-2431.372558
-2911.764648
-2529.411865
-2019.607910
-1225.490234
-186.274520
705.882385
1460.784301
2774.509765
2892.156982
2656.862792
2196.078369
1490.196166
519.607849
-441.176483
-2127.450927
-2686.274658
-2892.156982
-2754.902099
-2352.941162
-1715.686279
352.941192
1176.470581
1960.784301
2568.627441
2862.745117
2882.353027
2421.568603
921.568664
-68.627449
-882.352966
-1676.470581
-2392.156982
-2803.921630
-2901.960937
-2627.450927
-2156.862792
-1372.549072
-382.352935
558.823547
1333.333374
2107.843261
2666.666748
2882.353027
2754.902099
2333.333496
1745.098022
833.333374
-137.254898
-1019.607849
-1803.921630
-2509.803955
-2843.137207
-2470.588378
-1882.353027
-1088.235351
-29.411766
813.725524
1568.627441
2323.529541
2911.764648
2588.235351
2117.647216
1372.549072
352.941192
-558.823547
-1352.941162
-2137.254882
-2715.686279
-2901.960937
-2264.705810
-1617.647094
-666.666687
352.941192
1186.274536
1941.176513
2529.411865
2833.333496
2872.549072
2441.176513
1833.333374
1058.823608
29.411766
-764.705871
-1558.823608
-2323.529541
-2784.313720
-2892.156982
-2137.254882
-1372.549072
-352.941192
588.235290
1343.137329
2147.058837
2715.686279
2676.470703
2264.705810
1647.058837
725.490234
-245.098037
-1117.647094
-1862.745117
-2529.411865
-2843.137207
-2901.960937
-1823.529418
-980.392150
0.000000
705.882385
1470.588256
2235.294189
2725.490234
2647.058837
2176.470703
1470.588256
529.411804
-421.568634
-1235.294189
-2039.215698
-2892.156982
-2754.902099
-2343.137207
-1754.901977
-823.529418
156.862747
1029.411743
1794.117675
2480.392089
2803.921630
2460.784423
1862.745117
1117.647094
88.235298
-725.490234
-1509.803955
-2284.313720
-2901.960937
-2637.254882
-2176.470703
-1401.960815
-411.764709
539.215698
1313.725463
2098.039306
2637.254882
2862.745117
2794.117675
2362.745117
1764.705932
872.549011
-107.843139
-970.588256
-1725.490234
-2460.784423
-2901.960937
-2500.000000
-2009.803955
-1245.098022
-215.686279
686.274536
1441.176513
2764.706054
2872.549072
2607.843261
2205.882324
1490.196166
529.411804
-450.980407
-2098.039306
-2647.058837
-2901.960937
-2764.706054
-2352.941162
-1764.705932
323.529418
1147.058837
1921.568603
2549.019775
2843.137207
2882.353027
2450.980468
1019.607849
-29.411766
-852.941162
-1647.058837
-2392.156982
-2784.313720
-2901.960937
-2078.431396
-1303.921630
-254.901962
637.254943
1431.372558
2205.882324
2725.490234
2882.353027
2696.078369
2274.509765
1686.274536
745.098083
-225.490203
-1078.431396
-1833.333374
-2529.411865
-2833.333496
-2901.960937
-1823.529418
-970.588256
-9.803922
774.509826
1539.215698
2284.313720
2725.490234
2617.647216
2137.254882
1411.764770
441.176483
-500.000000
-1264.705932
-2039.215698
-2882.353027
-2735.294189
-2343.137207
-1735.294189
-803.921569
215.686279
1068.627441
1823.529418
2490.196044
2813.725585
2470.588378
1862.745117
1088.235351
-1000.000000
-1705.882324
-2450.980468
-2803.921630
-2901.960937
-2578.431396
-2088.235351
-166.666671
705.882385
1500.000000
2176.470703
2686.274658
2882.353027
2686.274658
1529.411743
568.627441
-392.156860
-1235.294189
-2019.607910
-2598.039306
-2882.353027
-2843.137207
-2421.568603
-1803.921630
166.666671
1039.215698
1764.705932
2450.980468
2803.921630
2892.156982
2529.411865
1127.451049
107.843139
-745.098083
-1529.411743
-2294.117675
-2764.706054
-2921.568603
-2686.274658
-2215.686279
-1509.803955
-549.019592
431.372558
1264.705932
2019.607910
2568.627441
2833.333496
2823.529541
2392.156982
843.137268
-137.254898
-1009.803955
-1794.117675
-2490.196044
-2803.921630
-2921.568603
-1921.568603
-1117.647094
-88.235298
745.098083
1539.215698
2313.725585
2745.098144
2882.353027
2676.470703
2225.490234
1568.627441
598.039245
-352.941192
-1205.882324
-1990.196166
-2598.039306
-2833.333496
-2882.353027
-1764.705932
-872.549011
98.039215
921.568664
1676.470581
2392.156982
2764.706054
2892.156982
2617.647216
2166.666748
1431.372558
392.156860
-519.607849
-1303.921630
-2764.706054
-2892.156982
-2715.686279
-2294.117675
-1656.862792
-725.490234
1245.098022
2019.607910
2578.431396
2852.941162
2843.137207
2421.568603
1823.529418
-186.274520
-1019.607849
-1803.921630
-2460.784423
-2803.921630
-2901.960937
-2519.607910
-1088.235351
-49.019607
784.313720
1529.411743
2294.117675
2754.902099
2852.941162
2137.254882
1411.764770
431.372558
-529.411804
-1313.725463
-2107.843261
-2676.470703
-2725.490234
-2294.117675
-1656.862792
-705.882385
294.117645
1137.254882
2578.431396
2852.941162
2862.745117
2431.372558
1784.313720
980.392150
9.803922
-1705.882324
-2431.372558
-2823.529541
-2911.764648
-2588.235351
-2117.647216
-1352.941162
725.490234
1519.607910
2245.098144
2735.294189
2901.960937
2676.470703
2225.490234
1617.647094
637.254943
-343.137268
-1196.078491
-1960.784301
-2598.039306
-2901.960937
-2892.156982
-2441.176513
-1843.137329
-1000.000000
970.588256
1715.686279
2441.176513
2794.117675
2911.764648
2578.431396
2107.843261
186.274520
-705.882385
-1470.588256
-2254.902099
-2754.902099
-2892.156982
-2696.078369
-1490.196166
-500.000000
401.960784
1215.686279
2000.000000
2558.823486
2862.745117
2852.941162
2441.176513
1892.156860
-78.431373
-901.960815
-1676.470581
-2843.137207
-2892.156982
-2529.411865
-2029.411743
-1235.294189
-186.274520
696.078430
2333.333496
2735.294189
2882.353027
2666.666748
2196.078369
1500.000000
617.647094
-343.137268
-1205.882324
-1970.588256
-2892.156982
-2794.117675
-2343.137207
-1745.098022
-872.549011
127.450981
970.588256
2480.392089
2823.529541
2872.549072
2490.196044
2009.803955
1235.294189
215.686279
-1588.235351
-2352.941162
-2794.117675
-2921.568603
-2666.666748
-2176.470703
-1441.176513
627.450988
1392.156860
2215.686279
2705.882324
2852.941162
2686.274658
1549.019653
607.843139
-362.745117
-1215.686279
-2009.803955
-2607.843261
-2882.353027
-2362.745117
-1774.509887
-872.549011
137.254898
990.196105
1725.490234
2450.980468
2862.745117
2500.000000
2068.627441
1313.725463
274.509796
-588.235290
-1401.960815
-2764.706054
-2921.568603
-2696.078369
-2235.294189
-1519.607910
-598.039245
372.549041
2068.627441
2627.450927
2843.137207
2774.509765
2372.549072
1774.509887
941.176513
-19.607843
-872.549011
-1647.058837
-2813.725585
-2892.156982
-2558.823486
-2068.627441
-1294.117675
-245.098037
647.058837
2284.313720
2725.490234
2892.156982
2666.666748
2225.490234
1578.431396
598.039245
-372.549041
-1196.078491
-2000.000000
-2578.431396
-2872.549072
-2892.156982
-2460.784423
-1862.745117
-1068.627441
-29.411766
794.117675
2411.764648
2774.509765
2862.745117
2578.431396
2127.450927
1372.549072
401.960784
-1460.784301
-2245.098144
-2754.902099
-2911.764648
-2696.078369
-2264.705810
-1637.254882
-676.470581
313.725494
1156.862792
1931.372558
2549.019775
2843.137207
2862.745117
2421.568603
1872.549072
1107.843139
78.431373
-1686.274536
-2411.764648
-2803.921630
-2901.960937
-2598.039306
-2137.254882
-1362.745117
705.882385
1500.000000
2215.686279
2715.686279
2862.745117
2686.274658
2254.902099
1637.254882
725.490234
-264.705902
-1970.588256
-2578.431396
-2882.353027
-2872.549072
-2450.980468
-1862.745117
-990.196105
1039.215698
1774.509887
2490.196044
2813.725585
2882.353027
2509.803955
1117.647094
117.647064
-735.294128
-1549.019653
-2313.725585
-2794.117675
-2911.764648
-2137.254882
-1372.549072
-362.745117
558.823547
1333.333374
2137.254882
2686.274658
2686.274658
2245.098144
1637.254882
696.078430
-274.509796
-1117.647094
-1892.156860
-2549.019775
-2872.549072
-2911.764648
-1803.921630
-960.784301
29.411766
852.941162
1637.254882
2362.745117
2803.921630
2882.353027
2617.647216
2156.862792
1441.176513
460.784332
-480.392150
-1294.117675
-2068.627441
-2656.862792
-2872.549072
-2784.313720
-1666.666748
-735.294128
284.313720
1098.039184
1852.941162
2490.196044
2833.333496
2421.568603
1803.921630
1009.803955
19.607843
-794.117675
-1598.039184
-2343.137207
-2901.960937
-2568.627441
-2107.843261
-1333.333374
-303.921569
627.450988
1362.745117
2156.862792
2696.078369
2882.353027
2725.490234
2333.333496
1686.274536
745.098083
-215.686279
-1078.431396
-1862.745117
-2539.215820
-2862.745117
-2441.176513
-1872.549072
-1009.803955
39.215686
862.745117
1637.254882
2362.745117
2754.902099
2882.353027
2617.647216
2156.862792
1450.980468
480.392150
-470.588256
-1274.509887
-2068.627441
-2647.058837
-2725.490234
-2303.921630
-1715.686279
-754.901977
245.098037
1058.823608
1833.333374
2509.803955
2823.529541
2892.156982
1882.353027
1078.431396
29.411766
-774.509826
-1578.431396
-2343.137207
-2774.509765
-2588.235351
-2107.843261
-1333.333374
-303.921569
617.647094
1401.960815
2176.470703
2872.549072
2676.470703
2245.098144
1607.843139
666.666687
-313.725494
-1176.470581
-2637.254882
-2901.960937
-2843.137207
-2401.960937
-1794.117675
-921.568664
1107.843139
1862.745117
2500.000000
2803.921630
2872.549072
2519.607910
2009.803955
98.039215
-705.882385
-1500.000000
-2235.294189
-2745.098144
-2892.156982
-2725.490234
-1480.392211
-509.803924
470.588256
1264.705932
2029.411743
2617.647216
2872.549072
2333.333496
1745.098022
833.333374
-166.666671
-1019.607849
-1823.529418
-2500.000000
-2882.353027
-2490.196044
-1970.588256
-1156.862792
-127.450981
754.901977
1529.411743
2274.509765
2774.509765
2892.156982
2137.254882
1421.568603
460.784332
-490.196075
-1294.117675
-2078.431396
-2637.254882
-2745.098144
-2303.921630
-1696.078491
-735.294128
264.705902
1107.843139
2598.039306
2843.137207
2852.941162
2411.764648
1803.921630
1019.607849
29.411766
-1705.882324
-2450.980468
-2813.725585
-2901.960937
-2598.039306
-2117.647216
-1352.941162
-294.117645
598.039245
1372.549072
2735.294189
2872.549072
2666.666748
2235.294189
1588.235351
627.450988
-333.333343
-2039.215698
-2656.862792
-2911.764648
-2803.921630
-2392.156982
-1784.313720
-882.352966
1137.254882
1911.764770
2529.411865
2823.529541
2882.353027
2441.176513
1892.156860
1107.843139
107.843139
-754.901977
-2411.764648
-2813.725585
-2921.568603
-2607.843261
-2147.058837
-1372.549072
-382.352935
1480.392211
2254.902099
2725.490234
2882.353027
2666.666748
2245.098144
1607.843139
676.470581
-294.117645
-1166.666748
-1941.176513
-2568.627441
-2852.941162
-2882.353027
-2450.980468
-1852.941162
-1039.215698
0.000000
1637.254882
2352.941162
2794.117675
2892.156982
2617.647216
2147.058837
1431.372558
-647.058837
-1421.568603
-2205.882324
-2725.490234
-2901.960937
-2705.882324
-1480.392211
-539.215698
421.568634
1235.294189
2009.803955
2607.843261
2872.549072
2333.333496
1745.098022
852.941162
-117.647064
-1009.803955
-1784.313720
-2480.392089
-2901.960937
-2480.392089
-1921.568603
-1127.451049
-117.647064
764.705871
1558.823608
2284.313720
2745.098144
2921.568603
2156.862792
1431.372558
450.980407
-490.196075
-1303.921630
-2078.431396
-2647.058837
-2725.490234
-2294.117675
-1686.274536
-725.490234
245.098037
1068.627441
1843.137329
2872.549072
2882.353027
2411.764648
1872.549072
1029.411743
9.803922
-774.509826
-2392.156982
-2784.313720
-2911.764648
-2617.647216
-2147.058837
-1392.156860
-382.352935
558.823547
1323.529418
2098.039306
2852.941162
2696.078369
2245.098144
1637.254882
696.078430
-264.705902
-1107.843139
-1901.960815
-2558.823486
-2862.745117
-2882.353027
-2470.588378
-1872.549072
-1078.431396
-9.803922
745.098083
1519.607910
2294.117675
2872.549072
2598.039306
2166.666748
1441.176513
460.784332
-480.392150
-1274.509887
-2705.882324
-2892.156982
-2715.686279
-2303.921630
-1696.078491
-735.294128
245.098037
1078.431396
1852.941162
2529.411865
2843.137207
2421.568603
1803.921630
-117.647064
-970.588256
-1715.686279
-2450.980468
-2833.333496
-2921.568603
-2549.019775
-1196.078491
-156.862747
725.490234
1519.607910
2264.705810
2725.490234
2901.960937
2196.078369
1470.588256
500.000000
-362.745117
-1215.686279
-1980.392211
-2617.647216
-2764.706054
-2362.745117
-1764.705932
-882.352966
147.058822
1009.803955
1774.509887
2470.588378
2803.921630
2882.353027
2539.215820
2049.019531
1284.313720
284.313720
-607.843139
-1372.549072
-2196.078369
-2715.686279
-2705.882324
-2245.098144
-1539.215698
-588.235290
401.960784
1196.078491
1941.176513
2862.745117
2794.117675
2352.941162
1754.901977
882.352966
-88.235298
-931.372558
-1705.882324
-2421.568603
-2784.313720
-2539.215820
-2049.019531
-1245.098022
-205.882354
686.274536
1441.176513
2205.882324
2715.686279
2892.156982
2705.882324
2254.902099
1627.451049
696.078430
-284.313720
-1137.254882
-1921.568603
-2558.823486
-2862.745117
-2411.764648
-1794.117675
-941.176513
49.019607
862.745117
1637.254882
2362.745117
2872.549072
2558.823486
2088.235351
1313.725463
303.921569
-607.843139
-1382.353027
-2186.274658
-2735.294189
-2901.960937
-2715.686279
-2274.509765
-1647.058837
-705.882385
284.313720
1127.451049
1892.156860
2529.411865
2843.137207
2411.764648
1803.921630
1000.000000
78.431373
-764.705871
-1539.215698
-2794.117675
-2911.764648
-2617.647216
-2137.254882
-1392.156860
-382.352935
529.411804
1333.333374
2117.647216
2676.470703
2892.156982
2735.294189
2313.725585
1696.078491
813.725524
-147.058822
-1019.607849
-1803.921630
-2519.607910
-2843.137207
-2901.960937
-1921.568603
-1098.039184
-68.627449
784.313720
1558.823608
2294.117675
2725.490234
2617.647216
2147.058837
1392.156860
392.156860
-519.607849
-1313.725463
-2107.843261
-2872.549072
-2715.686279
-2294.117675
-1637.254882
-696.078430
284.313720
1127.451049
2578.431396
2862.745117
2843.137207
2441.176513
1784.313720
980.392150
19.607843
-803.921569
-1578.431396
-2343.137207
-2892.156982
-2578.431396
-2117.647216
-186.274520
705.882385
1470.588256
2215.686279
2725.490234
2852.941162
2676.470703
1441.176513
490.196075
-460.784332
-1254.901977
-2039.215698
-2637.254882
-2892.156982
-2803.921630
-2372.549072
-1784.313720
254.901962
1088.235351
1833.333374
2509.803955
2813.725585
2862.745117
2460.784423
1029.411743
9.803922
-764.705871
-1539.215698
-2303.921630
-2774.509765
-2892.156982
-2137.254882
-1401.960815
-392.156860
549.019592
1323.529418
2117.647216
2647.058837
2852.941162
2754.902099
2343.137207
705.882385
-264.705902
-1137.254882
-1901.960815
-2539.215820
-2872.549072
-2901.960937
-1852.941162
-980.392150
29.411766
852.941162
1637.254882
2343.137207
2764.706054
2892.156982
2637.254882
2156.862792
1470.588256
490.196075
-460.784332
-1294.117675
-2078.431396
-2647.058837
-2892.156982
-2803.921630
-1676.470581
-754.901977
205.882354
1068.627441
1852.941162
2500.000000
2823.529541
2450.980468
1950.980468
1137.254882
117.647064
-745.098083
-1509.803955
-2284.313720
-2754.902099
-2911.764648
-2705.882324
-1431.372558
-421.568634
509.803924
1294.117675
2098.039306
2637.254882
2872.549072
2284.313720
1676.470581
745.098083
-205.882354
-1068.627441
-1823.529418
-2500.000000
-2813.725585
-2872.549072
-2509.803955
-2009.803955
-1245.098022
-186.274520
676.470581
1460.784301
2215.686279
2705.882324
2862.745117
2676.470703
2254.902099
1647.058837
715.686279
-274.509796
-1127.451049
-1882.353027
-2882.353027
-2852.941162
-2421.568603
-1784.313720
-970.588256
0.000000
715.686279
2343.137207
2754.902099
2911.764648
2647.058837
2186.274658
1450.980468
509.803924
-441.176483
-1254.901977
-2039.215698
-2882.353027
-2745.098144
-2333.333496
-647.058837
284.313720
1117.647094
1872.549072
2500.000000
2833.333496
2882.353027
1813.725463
1039.215698
39.215686
-794.117675
-1588.235351
-2343.137207
-2784.313720
-2568.627441
-2088.235351
-1343.137329
-303.921569
607.843139
1372.549072
2137.254882
2892.156982
2686.274658
2254.902099
1598.039184
647.058837
-303.921569
-1166.666748
-1960.784301
-2598.039306
-2852.941162
-2401.960937
-1794.117675
-931.372558
1107.843139
1872.549072
2490.196044
2813.725585
2892.156982
2480.392089
1970.588256
39.215686
-784.313720
-1578.431396
-2323.529541
-2774.509765
-2872.549072
-2666.666748
-1362.745117
-343.137268
607.843139
1362.745117
2147.058837
2696.078369
2872.549072
2235.294189
1607.843139
676.470581
-313.725494
-1176.470581
-1941.176513
-2568.627441
-2833.333496
-2401.960937
-1784.313720
-892.156860
68.627449
882.352966
1656.862792
2382.353027
2784.313720
2892.156982
2058.823486
1284.313720
284.313720
-617.647094
-1392.156860
-2215.686279
-2735.294189
-2686.274658
-2235.294189
-1539.215698
-568.627441
431.372558
1225.490234
2676.470703
2862.745117
2784.313720
2343.137207
1754.901977
872.549011
-107.843139
-970.588256
-1745.098022
-2470.588378
-2803.921630
-2500.000000
-2039.215698
-1245.098022
-225.490203
647.058837
1431.372558
2205.882324
2696.078369
2872.549072
2686.274658
2254.902099
1676.470581
764.705871
-225.490203
-1078.431396
-1852.941162
-2549.019775
-2852.941162
-2460.784423
-1803.921630
-1009.803955
9.803922
784.313720
1568.627441
2303.921630
2745.098144
2872.549072
2666.666748
1392.156860
372.549041
-558.823547
-1313.725463
-2725.490234
-2911.764648
-2715.686279
-2274.509765
-1647.058837
-705.882385
1264.705932
2039.215698
2637.254882
2852.941162
2823.529541
2382.353027
1794.117675
-205.882354
-1088.235351
-1862.745117
-2539.215820
-2892.156982
-2921.568603
-2470.588378
-1009.803955
39.215686
852.941162
1637.254882
2352.941162
2764.706054
2862.745117
2627.450927
2156.862792
1441.176513
-598.039245
-1382.353027
-2176.470703
-2745.098144
-2911.764648
-2745.098144
-2323.529541
-607.843139
392.156860
1205.882324
1970.588256
2568.627441
2843.137207
2352.941162
1754.901977
901.960815
-88.235298
-911.764709
-1676.470581
-2411.764648
-2921.568603
-2539.215820
-2039.215698
-1245.098022
-225.490203
656.862731
1441.176513
2745.098144
2872.549072
2656.862792
2196.078369
1529.411743
568.627441
-421.568634
-2107.843261
-2686.274658
-2901.960937
-2764.706054
-2343.137207
-1745.098022
-833.333374
1176.470581
1941.176513
2529.411865
2833.333496
2862.745117
2441.176513
901.960815
-78.431373
-892.156860
-1656.862792
-2382.353027
-2803.921630
-2921.568603
-2617.647216
-2127.450927
-1362.745117
-382.352935
1470.588256
2225.490234
2715.686279
2882.353027
2696.078369
2274.509765
1607.843139
686.274536
-313.725494
-1156.862792
-2637.254882
-2882.353027
-2843.137207
-2392.156982
-1784.313720
-931.372558
78.431373
892.156860
1666.666748
2401.960937
2882.353027
2529.411865
2049.019531
137.254898
-725.490234
-1519.607910
-2803.921630
-2901.960937
-2617.647216
-1323.529418
-294.117645
617.647094
1401.960815
2156.862792
2686.274658
2852.941162
2235.294189
1549.019653
607.843139
-352.941192
-1205.882324
-1980.392211
-2598.039306
-2813.725585
-2411.764648
-1784.313720
-872.549011
107.843139
970.588256
2470.588378
2803.921630
2892.156982
2539.215820
2019.607910
1225.490234
225.490203
-656.862731
-1421.568603
-2225.490234
-2745.098144
-2666.666748
-2205.882324
-1490.196166
-509.803924
450.980407
1264.705932
2656.862792
2862.745117
2715.686279
2352.941162
1754.901977
852.941162
-107.843139
-1882.353027
-2539.215820
-2862.745117
-2892.156982
-2470.588378
-1950.980468
-1127.451049
960.784301
1715.686279
2421.568603
2774.509765
2892.156982
2578.431396
2098.039306
1362.745117
343.137268
-568.627441
-1362.745117
-2166.666748
-2725.490234
-2715.686279
-2264.705810
-1607.843139
-627.450988
372.549041
1176.470581
1921.568603
2852.941162
2803.921630
2411.764648
1774.509887
960.784301
-9.803922
-803.921569
-2411.764648
-2794.117675
-2911.764648
-2598.039306
-2098.039306
-1352.941162
-352.941192
1500.000000
2215.686279
2725.490234
2843.137207
2666.666748
2264.705810
1656.862792
705.882385
-264.705902
-1137.254882
-2617.647216
-2882.353027
-2843.137207
-2421.568603
-1803.921630
-970.588256
9.803922
1705.882324
2431.372558
2803.921630
2892.156982
2578.431396
2088.235351
1323.529418
-725.490234
-1500.000000
-2225.490234
-2735.294189
-2901.960937
-2705.882324
-2254.902099
-539.215698
431.372558
1235.294189
2009.803955
2607.843261
2862.745117
2813.725585
2392.156982
1774.509887
980.392150
-1039.215698
-1823.529418
-2519.607910
-2823.529541
-2911.764648
-2490.196044
-1970.588256
-1186.274536
-147.058822
725.490234
1519.607910
2274.509765
2745.098144
2921.568603
2666.666748
2245.098144
1598.039184
647.058837
-1274.509887
-2058.823486
-2647.058837
-2882.353027
-2813.725585
-2401.960937
-1784.313720
254.901962
1107.843139
1862.745117
2509.803955
2852.941162
2892.156982
1852.941162
990.196105
19.607843
-784.313720
-1539.215698
-2352.941162
-2774.509765
-2607.843261
-2127.450927
-1343.137329
-323.529418
558.823547
1333.333374
2147.058837
2901.960937
2676.470703
2235.294189
1588.235351
666.666687
-313.725494
-1176.470581
-2617.647216
-2882.353027
-2813.725585
-2401.960937
-1774.509887
-911.764709
58.823532
862.745117
1647.058837
2372.549072
2921.568603
2539.215820
2078.431396
1303.921630
313.725494
-588.235290
-1392.156860
-2735.294189
-2901.960937
-2686.274658
-2254.902099
-1588.235351
-588.235290
382.352935
1186.274536
1970.588256
2539.215820
2833.333496
2852.941162
2450.980468
1862.745117
1019.607849
9.803922
-745.098083
-1509.803955
-2303.921630
-2754.902099
-2892.156982
-2127.450927
-1411.764770
-382.352935
539.215698
1333.333374
2107.843261
2666.666748
2696.078369
2245.098144
1627.451049
735.294128
-235.294128
-1098.039184
-1862.745117
-2892.156982
-2862.745117
-2431.372558
-1833.333374
-950.980407
49.019607
823.529418
2441.176513
2784.313720
2852.941162
2558.823486
2098.039306
1362.745117
343.137268
-568.627441
-1352.941162
-2147.058837
-2696.078369
-2901.960937
-2754.902099
-2343.137207
-1715.686279
-774.509826
225.490203
1049.019653
2529.411865
2862.745117
2892.156982
2441.176513
1823.529418
1058.823608
58.823532
-1696.078491
-2431.372558
-2803.921630
-2901.960937
-2578.431396
-2127.450927
-205.882354
666.666687
1450.980468
2215.686279
2715.686279
2882.353027
2696.078369
2254.902099
1607.843139
676.470581
-284.313720
-2000.000000
-2558.823486
-2862.745117
-2872.549072
-2441.176513
-1882.353027
-1039.215698
-9.803922
803.921569
1578.431396
2323.529541
2745.098144
2882.353027
2637.254882
2186.274658
1470.588256
529.411804
-421.568634
-2117.647216
-2676.470703
-2901.960937
-2764.706054
-2343.137207
-1735.294189
-833.333374
156.862747
980.392150
1764.705932
2823.529541
2872.549072
2450.980468
1970.588256
1196.078491
166.666671
-715.686279
-2343.137207
-2784.313720
-2911.764648
-2656.862792
-2166.666748
-1421.568603
-460.784332
500.000000
1254.901977
2009.803955
2588.235351
2872.549072
2823.529541
2421.568603
1823.529418
970.588256
-39.215686
-843.137268
-2460.784423
-2813.725585
-2500.000000
-2019.607910
-1254.901977
-196.078430
1588.235351
2333.333496
2754.902099
2882.353027
2656.862792
2186.274658
1470.588256
480.392150
-470.588256
-1294.117675
-2696.078369
-2901.960937
-2725.490234
-1588.235351
-647.058837
323.529418
1166.666748
1931.372558
2549.019775
2843.137207
2372.549072
1764.705932
950.980407
-9.803922
-813.725524
-1607.843139
-2352.941162
-2901.960937
-2578.431396
-2098.039306
-1352.941162
-313.725494
607.843139
1372.549072
2764.706054
2872.549072
2686.274658
2235.294189
1607.843139
647.058837
-323.529418
-2039.215698
-2637.254882
-2872.549072
-2833.333496
-2392.156982
-1784.313720
245.098037
1078.431396
1843.137329
2500.000000
2813.725585
2872.549072
2519.607910
1117.647094
107.843139
-745.098083
-1519.607910
-2294.117675
-2764.706054
-2911.764648
-2676.470703
-2225.490234
-1529.411743
568.627441
1343.137329
2098.039306
2676.470703
2872.549072
2764.706054
2333.333496
715.686279
-254.901962
-1107.843139
-1882.353027
-2549.019775
-2872.549072
-2882.353027
-1852.941162
-970.588256
19.607843
823.529418
1617.647094
2333.333496
2745.098144
2862.745117
2637.254882
2176.470703
372.549041
-549.019592
-1343.137329
-2127.450927
-2696.078369
-2911.764648
-2745.098144
-1627.451049
-666.666687
352.941192
1176.470581
1921.568603
2549.019775
2803.921630
2401.960937
1774.509887
941.176513
-29.411766
-852.941162
-1637.254882
-2392.156982
-2794.117675
-2911.764648
-2617.647216
-1274.509887
-225.490203
637.254943
1431.372558
2205.882324
2705.882324
2862.745117
2225.490234
1539.215698
568.627441
-401.960784
-1225.490234
-2029.411743
-2617.647216
-2794.117675
-2343.137207
-1774.509887
-852.941162
147.058822
1019.607849
2519.607910
2803.921630
2882.353027
2490.196044
1970.588256
1186.274536
137.254898
-1656.862792
-2392.156982
-2794.117675
-2892.156982
-2617.647216
-2147.058837
-1392.156860
-382.352935
588.235290
1352.941162
2715.686279
2901.960937
2676.470703
2284.313720
1637.254882
705.882385
-284.313720
-2009.803955
-2637.254882
-2882.353027
-2833.333496
-2401.960937
-1803.921630
-960.784301
1049.019653
1803.921630
2470.588378
2803.921630
2892.156982
2509.803955
2019.607910
1225.490234
215.686279
-637.254943
-1431.372558
-2254.902099
-2754.902099
-2911.764648
-2686.274658
-2274.509765
-1617.647094
-686.274536
1274.509887
2029.411743
2607.843261
2852.941162
2745.098144
2372.549072
1784.313720
-205.882354
-1078.431396
-1882.353027
-2549.019775
-2852.941162
-2901.960937
-1862.745117
-1019.607849
19.607843
833.333374
1617.647094
2343.137207
2754.902099
2588.235351
2098.039306
1352.941162
362.745117
-568.627441
-1343.137329
-2147.058837
-2911.764648
-2686.274658
-2254.902099
-1598.039184
-627.450988
362.745117
1196.078491
2617.647216
2862.745117
2813.725585
2392.156982
1764.705932
911.764709
-49.019607
-1764.705932
-2509.803955
-2833.333496
-2901.960937
-2519.607910
-2019.607910
-117.647064
754.901977
1529.411743
2284.313720
2735.294189
2852.941162
2666.666748
1411.764770
441.176483
-509.803924
-1313.725463
-2088.235351
-2666.666748
-2892.156982
-2294.117675
-1666.666748
-715.686279
303.921569
1137.254882
1882.353027
2519.607910
2862.745117
2431.372558
1852.941162
990.196105
19.607843
-794.117675
-1588.235351
-2323.529541
-2764.706054
-2911.764648
-2127.450927
-1382.353027
-362.745117
1470.588256
2235.294189
2715.686279
2852.941162
2676.470703
2245.098144
1578.431396
-509.803924
-1303.921630
-2078.431396
-2676.470703
-2882.353027
-2803.921630
-2372.549072
-754.901977
245.098037
1068.627441
1813.725463
2500.000000
2794.117675
2872.549072
1931.372558
1107.843139
88.235298
-715.686279
-1500.000000
-2245.098144
-2735.294189
-2656.862792
-2205.882324
-1490.196166
-500.000000
421.568634
1264.705932
2000.000000
2549.019775
2862.745117
2862.745117
1794.117675
960.784301
-29.411766
-862.745117
-1637.254882
-2382.353027
-2803.921630
-2549.019775
-2068.627441
-1264.705932
794.117675
1578.431396
2333.333496
2745.098144
2862.745117
2647.058837
2186.274658
382.352935
-539.215698
-1313.725463
-2127.450927
-2686.274658
-2892.156982
-2745.098144
-1627.451049
-666.666687
313.725494
1156.862792
1911.764770
2549.019775
2823.529541
2872.549072
2450.980468
1911.764770
1098.039184
98.039215
-725.490234
-1500.000000
-2245.098144
-2745.098144
-2882.353027
-2715.686279
-1500.000000
-588.235290
401.960784
1196.078491
1950.980468
2549.019775
2843.137207
2372.549072
1784.313720
911.764709
-68.627449
-862.745117
-1656.862792
-2401.960937
-2803.921630
-2901.960937
-2617.647216
-1264.705932
-245.098037
637.254943
1421.568603
2196.078369
2686.274658
2862.745117
2205.882324
1539.215698
598.039245
-382.352935
-1225.490234
-1990.196166
-2607.843261
-2882.353027
-2833.333496
-2401.960937
-1784.313720
-960.784301
29.411766
843.137268
1598.039184
2333.333496
2764.706054
2911.764648
2088.235351
1333.333374
333.333343
-598.039245
-1372.549072
-2156.862792
-2696.078369
-2696.078369
-2245.098144
-1568.627441
-598.039245
362.745117
1196.078491
1931.372558
2558.823486
2862.745117
2852.941162
2421.568603
1852.941162
1000.000000
68.627449
-764.705871
-1539.215698
-2294.117675
-2784.313720
-2637.254882
-2137.254882
-1401.960815
-362.745117
568.627441
1343.137329
2117.647216
2872.549072
2676.470703
2274.509765
1637.254882
705.882385
-245.098037
-1098.039184
-2598.039306
-2872.549072
-2852.941162
-2450.980468
-1852.941162
-1019.607849
1058.823608
1813.725463
2470.588378
2823.529541
2872.549072
2519.607910
2000.000000
137.254898
-705.882385
-1500.000000
-2215.686279
-2735.294189
-2901.960937
-2676.470703
-1509.803955
-509.803924
431.372558
1245.098022
1990.196166
2588.235351
2843.137207
2343.137207
1715.686279
823.529418
-147.058822
-1000.000000
-1745.098022
-2441.176513
-2823.529541
-2911.764648
-2558.823486
-2068.627441
-1294.117675
-254.901962
617.647094
1411.764770
2176.470703
2715.686279
2872.549072
2215.686279
1558.823608
617.647094
-352.941192
-1225.490234
-1950.980468
-2568.627441
-2794.117675
-2382.353027
-1764.705932
-852.941162
137.254898
990.196105
1715.686279
2421.568603
2813.725585
2911.764648
1980.392211
1186.274536
186.274520
-1627.451049
-2352.941162
-2784.313720
-2921.568603
-2656.862792
-2186.274658
-1441.176513
676.470581
1450.980468
2235.294189
2696.078369
2892.156982
2696.078369
2274.509765
607.843139
-382.352935
-1215.686279
-1990.196166
-2607.843261
-2882.353027
-2843.137207
-2411.764648
-1833.333374
-950.980407
1068.627441
1823.529418
2509.803955
2823.529541
2892.156982
2490.196044
2000.000000
1284.313720
294.117645
-627.450988
-2294.117675
-2764.706054
-2901.960937
-2715.686279
-1450.980468
-460.784332
500.000000
1245.098022
2019.607910
2598.039306
2843.137207
2833.333496
2411.764648
1784.313720
-127.450981
-1029.411743
-1784.313720
-2470.588378
-2852.941162
-2901.960937
-2549.019775
-1117.647094
-78.431373
764.705871
1539.215698
2284.313720
2754.902099
2607.843261
2147.058837
1421.568603
450.980407
-470.588256
-1303.921630
-2088.235351
-2911.764648
-2686.274658
-2284.313720
-1656.862792
-715.686279
274.509796
1117.647094
2568.627441
2852.941162
2892.156982
2411.764648
1852.941162
1019.607849
-9.803922
-803.921569
-1598.039184
-2343.137207
-2901.960937
-2617.647216
-2127.450927
-1343.137329
-333.333343
588.235290
1372.549072
2745.098144
2892.156982
2676.470703
2245.098144
1588.235351
666.666687
-333.333343
-2039.215698
-2637.254882
-2882.353027
-2843.137207
-2392.156982
-1784.313720
-921.568664
1117.647094
1882.353027
2509.803955
2794.117675
2872.549072
2460.784423
1019.607849
-9.803922
-774.509826
-1558.823608
-2323.529541
-2754.902099
-2901.960937
-2127.450927
-1392.156860
-392.156860
529.411804
1313.725463
2117.647216
2666.666748
2666.666748
2254.902099
1647.058837
735.294128
-245.098037
-1107.843139
-1862.745117
-2892.156982
-2833.333496
-2421.568603
-1833.333374
-970.588256
29.411766
833.333374
1607.843139
2362.745117
2784.313720
2892.156982
2627.450927
2176.470703
1441.176513
480.392150
-450.980407
-1264.705932
-2696.078369
-2882.353027
-2764.706054
-2343.137207
-1705.882324
-774.509826
196.078430
1019.607849
1784.313720
2460.784423
2784.313720
2872.549072
2509.803955
2039.215698
1245.098022
264.705902
-627.450988
-1421.568603
-2764.706054
-2911.764648
-2676.470703
-2205.882324
-1549.019653
-578.431396
401.960784
2088.235351
2637.254882
2862.745117
2764.706054
2343.137207
1764.705932
901.960815
-88.235298
-921.568664
-1686.274536
-2823.529541
-2901.960937
-2539.215820
-1127.451049
-88.235298
754.901977
1519.607910
2284.313720
2735.294189
2882.353027
2156.862792
1411.764770
470.588256
-470.588256
-1284.313720
-2049.019531
-2656.862792
-2901.960937
-2803.921630
-2382.353027
-745.098083
254.901962
1078.431396
1833.333374
2529.411865
2823.529541
2892.156982
1852.941162
1039.215698
9.803922
-774.509826
-1558.823608
-2303.921630
-2774.509765
-2617.647216
-2107.843261
-1362.745117
-352.941192
568.627441
1343.137329
2137.254882
2882.353027
2666.666748
2235.294189
1598.039184
656.862731
-303.921569
-1156.862792
-2627.450927
-2862.745117
-2872.549072
-2411.764648
-1813.725463
-931.372558
1107.843139
1862.745117
2509.803955
2803.921630
2872.549072
2470.588378
1970.588256
9.803922
-745.098083
-1529.411743
-2284.313720
-2774.509765
-2892.156982
-2686.274658
-1401.960815
-382.352935
549.019592
1323.529418
2137.254882
2676.470703
2872.549072
2264.705810
1647.058837
725.490234
-254.901962
-1107.843139
-1882.353027
-2539.215820
-2843.137207
-2882.353027
-2470.588378
-1000.000000
-39.215686
803.921569
1588.235351
2323.529541
2745.098144
2882.353027
2107.843261
1362.745117
352.941192
-558.823547
-1352.941162
-2147.058837
-2686.274658
-2696.078369
-2264.705810
-1598.039184
-647.058837
333.333343
1156.862792
2627.450927
2862.745117
2813.725585
2382.353027
1794.117675
941.176513
-58.823532
-1764.705932
-2480.392089
-2823.529541
-2901.960937
-2539.215820
-2049.019531
-1245.098022
813.725524
1578.431396
2352.941162
2764.706054
2852.941162
2656.862792
2186.274658
392.156860
-519.607849
-1313.725463
-2117.647216
-2686.274658
-2892.156982
-2735.294189
-2352.941162
-1705.882324
-774.509826
1166.666748
1950.980468
2568.627441
2794.117675
2362.745117
1774.509887
911.764709
-49.019607
-892.156860
-1656.862792
-2833.333496
-2901.960937
-2529.411865
-2029.411743
-1264.705932
-225.490203
656.862731
2294.117675
2735.294189
2843.137207
2647.058837
2205.882324
1509.803955
578.431396
-401.960784
-1215.686279
-2019.607910
-2911.764648
-2764.706054
-2343.137207
-1735.294189
-852.941162
156.862747
1009.803955
2519.607910
2803.921630
2872.549072
2470.588378
1960.784301
1186.274536
166.666671
-696.078430
-1500.000000
-2225.490234
-2901.960937
-2676.470703
-2235.294189
-1519.607910
-539.215698
411.764709
1215.686279
1990.196166
2578.431396
2872.549072
2852.941162
2411.764648
1823.529418
970.588256
-19.607843
-1745.098022
-2480.392089
-2813.725585
-2892.156982
-2558.823486
-2078.431396
-1294.117675
-235.294128
637.254943
1431.372558
2735.294189
2901.960937
2686.274658
2205.882324
1519.607910
568.627441
-392.156860
-2078.431396
-2656.862792
-2892.156982
-2774.509765
-2352.941162
-1754.901977
-833.333374
1156.862792
1921.568603
2539.215820
2852.941162
2882.353027
2450.980468
950.980407
9.803922
-774.509826
-1549.019653
-2333.333496
-2764.706054
-2901.960937
-2656.862792
-2186.274658
-1470.588256
-509.803924
1372.549072
2147.058837
2676.470703
2872.549072
2735.294189
2323.529541
656.862731
-303.921569
-1156.862792
-1941.176513
-2568.627441
-2862.745117
-2872.549072
-1784.313720
-911.764709
98.039215
892.156860
1647.058837
2362.745117
2764.706054
2568.627441
2078.431396
1313.725463
264.705902
-617.647094
-1392.156860
-2166.666748
-2725.490234
-2892.156982
-2705.882324
-1539.215698
-558.823547
450.980407
1225.490234
1980.392211
2558.823486
2852.941162
2352.941162
1764.705932
862.745117
-117.647064
-970.588256
-1745.098022
-2450.980468
-2892.156982
-2509.803955
-1970.588256
-1186.274536
-137.254898
745.098083
1500.000000
2225.490234
2696.078369
2882.353027
2225.490234
1549.019653
588.235290
-372.549041
-1205.882324
-1990.196166
-2607.843261
-2882.353027
-2852.941162
-2411.764648
-1803.921630
-941.176513
39.215686
843.137268
1637.254882
2803.921630
2862.745117
2549.019775
2058.823486
1303.921630
313.725494
-598.039245
-2254.902099
-2745.098144
-2892.156982
-2686.274658
-2245.098144
-1578.431396
529.411804
1303.921630
2088.235351
2696.078369
2872.549072
2774.509765
2333.333496
735.294128
-205.882354
-1088.235351
-1823.529418
-2519.607910
-2843.137207
-2901.960937
-1862.745117
-1000.000000
-39.215686
794.117675
1578.431396
2313.725585
2774.509765
2578.431396
2107.843261
1382.353027
392.156860
-529.411804
-1333.333374
-2107.843261
-2882.353027
-2705.882324
-2274.509765
-1617.647094
-666.666687
303.921569
1156.862792
1901.960815
2539.215820
2852.941162
2901.960937
2441.176513
1892.156860
-49.019607
-882.352966
-1676.470581
-2411.764648
-2794.117675
-2911.764648
-2627.450927
-1264.705932
-225.490203
637.254943
1401.960815
2186.274658
2715.686279
2872.549072
2686.274658
2274.509765
1627.451049
715.686279
-245.098037
-1098.039184
-1872.549072
-2558.823486
-2843.137207
-2911.764648
-2500.000000
-1107.843139
-49.019607
784.313720
1549.019653
2303.921630
2754.902099
2872.549072
2147.058837
1450.980468
460.784332
-490.196075
-1284.313720
-2068.627441
-2676.470703
-2705.882324
-2303.921630
-1676.470581
-725.490234
254.901962
1107.843139
1852.941162
2519.607910
2833.333496
2882.353027
2470.588378
1960.784301
1186.274536
156.862747
-705.882385
-1480.392211
-2274.509765
-2754.902099
-2911.764648
-2676.470703
-2225.490234
-450.980407
480.392150
1264.705932
2049.019531
2627.450927
2862.745117
2823.529541
1676.470581
774.509826
-176.470596
-1039.215698
-1823.529418
-2500.000000
-2833.333496
-2480.392089
-1970.588256
-1156.862792
-107.843139
764.705871
1549.019653
2274.509765
2882.353027
2607.843261
2166.666748
1421.568603
401.960784
-480.392150
-1284.313720
-2666.666748
-2892.156982
-2725.490234
-2323.529541
-1666.666748
-735.294128
1245.098022
2009.803955
2598.039306
2882.353027
2862.745117
2382.353027
1823.529418
-127.450981
-1029.411743
-1813.725463
-2509.803955
-2862.745117
-2901.960937
-2529.411865
-1078.431396
-29.411766
813.725524
1588.235351
2343.137207
2754.902099
2901.960937
2647.058837
2196.078369
1519.607910
558.823547
-411.764709
-1245.098022
-2676.470703
-2882.353027
-2774.509765
-2372.549072
-1764.705932
-852.941162
127.450981
1862.745117
2509.803955
2852.941162
2892.156982
2470.588378
1941.176513
1147.058837
-901.960815
-1676.470581
-2401.960937
-2794.117675
-2892.156982
-2607.843261
-2127.450927
-1372.549072
-343.137268
568.627441
2245.098144
2745.098144
2901.960937
2676.470703
2254.902099
1627.451049
725.490234
-1245.098022
-1990.196166
-2617.647216
-2882.353027
-2862.745117
-2411.764648
-1803.921630
215.686279
1058.823608
1813.725463
2509.803955
2843.137207
2862.745117
1892.156860
1078.431396
68.627449
-784.313720
-1549.019653
-2313.725585
-2764.706054
-2617.647216
-2127.450927
-1372.549072
-382.352935
558.823547
1352.941162
2127.450927
2862.745117
2705.882324
2245.098144
1607.843139
676.470581
-274.509796
-1137.254882
-2607.843261
-2882.353027
-2843.137207
-2421.568603
-1813.725463
-950.980407
58.823532
852.941162
1627.451049
2352.941162
2774.509765
2892.156982
2637.254882
2176.470703
1480.392211
470.588256
-480.392150
-1284.313720
-2705.882324
-2882.353027
-2725.490234
-2313.725585
-1676.470581
-774.509826
196.078430
1921.568603
2549.019775
2843.137207
2872.549072
2470.588378
1911.764770
1098.039184
68.627449
-754.901977
-1539.215698
-2303.921630
-2774.509765
-2892.156982
-2666.666748
-2196.078369
-1509.803955
-529.411804
450.980407
2127.450927
2656.862792
2872.549072
2725.490234
2343.137207
1725.490234
852.941162
-117.647064
-1009.803955
-1784.313720
-2480.392089
-2833.333496
-2872.549072
-2529.411865
-2049.019531
-1235.294189
-205.882354
656.862731
2303.921630
2774.509765
2901.960937
2637.254882
2176.470703
1529.411743
568.627441
-1333.333374
-2127.450927
-2696.078369
-2882.353027
-2745.098144
-2323.529541
-1696.078491
-803.921569
186.274520
1039.215698
1813.725463
2480.392089
2843.137207
2892.156982
2490.196044
2000.000000
1333.333374
294.117645
-607.843139
-1401.960815
-2196.078369
-2892.156982
-2666.666748
-2225.490234
-1558.823608
-568.627441
421.568634
1235.294189
2637.254882
2852.941162
2764.706054
2362.745117
1774.509887
862.745117
-117.647064
-1852.941162
-2539.215820
-2823.529541
-2892.156982
-2470.588378
-1931.372558
-1088.235351
970.588256
1696.078491
2421.568603
2794.117675
2901.960937
2568.627441
2098.039306
1343.137329
352.941192
-558.823547
-2215.686279
-2735.294189
-2901.960937
-2676.470703
-2254.902099
-1588.235351
480.392150
1284.313720
2049.019531
2617.647216
2862.745117
2784.313720
2362.745117
754.901977
-196.078430
-1049.019653
-1823.529418
-2500.000000
-2833.333496
-2892.156982
-1950.980468
-1117.647094
-78.431373
764.705871
1519.607910
2254.902099
2725.490234
2627.450927
2166.666748
1431.372558
450.980407
-480.392150
-1284.313720
-2068.627441
-2892.156982
-2735.294189
-2303.921630
-1676.470581
-735.294128
264.705902
1078.431396
1823.529418
2509.803955
2813.725585
2421.568603
1784.313720
1029.411743
-1019.607849
-1803.921630
-2500.000000
-2803.921630
-2892.156982
-2549.019775
-2068.627441
-117.647064
735.294128
1519.607910
2274.509765
2745.098144
2901.960937
2676.470703
1450.980468
480.392150
-450.980407
-1264.705932
-2039.215698
-2627.450927
-2862.745117
-2333.333496
-1705.882324
-764.705871
205.882354
1049.019653
1823.529418
2872.549072
2852.941162
2441.176513
1901.960815
1088.235351
68.627449
-774.509826
-2392.156982
-2794.117675
-2882.353027
-2617.647216
-2137.254882
-1382.353027
-362.745117
1480.392211
2264.705810
2725.490234
2901.960937
2656.862792
2225.490234
1588.235351
-490.196075
-1294.117675
-2078.431396
-2656.862792
-2882.353027
-2784.313720
-1666.666748
-725.490234
254.901962
1098.039184
1862.745117
2519.607910
2823.529541
2421.568603
1862.745117
1039.215698
0.000000
-696.078430
-1480.392211
-2245.098144
-2735.294189
-2911.764648
-2696.078369
-2245.098144
-480.392150
460.784332
1264.705932
2029.411743
2617.647216
2872.549072
2294.117675
1686.274536
794.117675
-176.470596
-1049.019653
-1833.333374
-2519.607910
-2882.353027
-2460.784423
-1892.156860
-1058.823608
-29.411766
794.117675
1578.431396
2803.921630
2911.764648
2578.431396
2107.843261
1372.549072
382.352935
-558.823547
-1343.137329
-2147.058837
-2705.882324
-2705.882324
-2264.705810
-1607.843139
-637.254943
343.137268
1186.274536
1931.372558
2872.549072
2774.509765
2362.745117
1774.509887
911.764709
-39.215686
-872.549011
-2460.784423
-2833.333496
-2892.156982
-2529.411865
-2049.019531
-1235.294189
-235.294128
666.666687
1421.568603
2215.686279
2882.353027
2656.862792
2215.686279
1509.803955
558.823547
-392.156860
-1235.294189
-2656.862792
-2882.353027
-2754.902099
-2352.941162
-1725.490234
-823.529418
1176.470581
1931.372558
2578.431396
2833.333496
2882.353027
2411.764648
1892.156860
-68.627449
-901.960815
-1686.274536
-2431.372558
-2794.117675
-2901.960937
-2607.843261
-2127.450927
-1352.941162
-323.529418
1500.000000
2196.078369
2715.686279
2911.764648
2686.274658
2264.705810
1647.058837
-421.568634
-1245.098022
-2009.803955
-2598.039306
-2862.745117
-2852.941162
-2421.568603
-833.333374
147.058822
990.196105
1754.901977
2441.176513
2794.117675
2901.960937
1970.588256
1186.274536
147.058822
-725.490234
-1500.000000
-2225.490234
-2735.294189
-2892.156982
-2705.882324
-2274.509765
-519.607849
441.176483
1264.705932
2019.607910
2598.039306
2852.941162
2852.941162
1745.098022
872.549011
-98.039215
-931.372558
-1696.078491
-2421.568603
-2794.117675
-2539.215820
-2009.803955
-1235.294189
-186.274520
676.470581
1450.980468
2205.882324
2705.882324
2882.353027
2696.078369
1509.803955
529.411804
-431.372558
-1245.098022
-2019.607910
-2588.235351
-2882.353027
-2862.745117
-2411.764648
-1823.529418
215.686279
1058.823608
1823.529418
2490.196044
2813.725585
2882.353027
2490.196044
1088.235351
58.823532
-754.901977
-1568.627441
-2333.333496
-2784.313720
-2901.960937
-2686.274658
-2196.078369
-1490.196166
-470.588256
480.392150
1274.509887
2068.627441
2627.450927
2852.941162
2813.725585
2362.745117
1784.313720
931.372558
-49.019607
-882.352966
-1656.862792
-2392.156982
-2774.509765
-2558.823486
-2068.627441
-1274.509887
-245.098037
647.058837
1401.960815
2156.862792
2686.274658
2872.549072
2715.686279
2323.529541
1676.470581
764.705871
-225.490203
-1088.235351
-1872.549072
-2519.607910
-2852.941162
-2441.176513
-1862.745117
-1019.607849
49.019607
823.529418
1627.451049
2343.137207
2892.156982
2578.431396
2107.843261
1372.549072
352.941192
-558.823547
-1352.941162
-2764.706054
-2892.156982
-2696.078369
-2264.705810
-1607.843139
-637.254943
1284.313720
2049.019531
2598.039306
2862.745117
2794.117675
2392.156982
1803.921630
-235.294128
-1088.235351
-1862.745117
-2539.215820
-2843.137207
-2892.156982
-2470.588378
-990.196105
0.000000
686.274536
1470.588256
2245.098144
2725.490234
2872.549072
2196.078369
1529.411743
529.411804
-431.372558
-1245.098022
-2019.607910
-2617.647216
-2745.098144
-2333.333496
-1725.490234
-803.921569
215.686279
1068.627441
2519.607910
2833.333496
2852.941162
2441.176513
1892.156860
1078.431396
39.215686
-1715.686279
-2441.176513
-2833.333496
-2921.568603
-2588.235351
-2107.843261
-1343.137329
725.490234
1509.803955
2254.902099
2725.490234
2872.549072
2676.470703
2245.098144
1598.039184
676.470581
-303.921569
-1156.862792
-1941.176513
-2578.431396
-2882.353027
-2911.764648
-2441.176513
-1862.745117
-1029.411743
1039.215698
1794.117675
2470.588378
2823.529541
2882.353027
2490.196044
1990.196166
1235.294189
186.274520
-686.274536
-2343.137207
-2764.706054
-2901.960937
-2137.254882
-1382.353027
-362.745117
558.823547
1343.137329
2156.862792
2686.274658
2705.882324
2245.098144
1627.451049
696.078430
-284.313720
-1156.862792
-1901.960815
-2872.549072
-2823.529541
-2421.568603
-1833.333374
-970.588256
19.607843
833.333374
2421.568603
2774.509765
2872.549072
2568.627441
2107.843261
1343.137329
333.333343
-588.235290
-1343.137329
-2166.666748
-2901.960937
-2686.274658
-2254.902099
-1568.627441
-598.039245
362.745117
1196.078491
2617.647216
2872.549072
2764.706054
2392.156982
1794.117675
921.568664
-49.019607
-1784.313720
-2480.392089
-2843.137207
-2892.156982
-2519.607910
-2019.607910
-88.235298
745.098083
1519.607910
2274.509765
2725.490234
2852.941162
2676.470703
2225.490234
1578.431396
617.647094
-343.137268
-1205.882324
-1950.980468
-2598.039306
-2852.941162
-2372.549072
-1764.705932
-892.156860
68.627449
911.764709
1666.666748
2803.921630
2901.960937
2529.411865
2039.215698
1254.901977
264.705902
-617.647094
-2254.902099
-2735.294189
-2911.764648
-2686.274658
-2235.294189
-1519.607910
-558.823547
411.764709
1205.882324
2000.000000
2872.549072
2843.137207
2382.353027
1774.509887
941.176513
-19.607843
-872.549011
-2470.588378
-2823.529541
-2882.353027
-2549.019775
-2058.823486
-1294.117675
-254.901962
1558.823608
2294.117675
2754.902099
2882.353027
2676.470703
2225.490234
431.372558
-500.000000
-1274.509887
-2039.215698
-2637.254882
-2872.549072
-2803.921630
-1705.882324
-794.117675
186.274520
1068.627441
1803.921630
2480.392089
2803.921630
2882.353027
2509.803955
2039.215698
49.019607
-745.098083
-1519.607910
-2294.117675
-2764.706054
-2911.764648
-2696.078369
-1421.568603
-431.372558
509.803924
1303.921630
2078.431396
2647.058837
2862.745117
2303.921630
1647.058837
784.313720
-215.686279
-1088.235351
-1852.941162
-2529.411865
-2862.745117
-2441.176513
-1862.745117
-970.588256
29.411766
813.725524
1598.039184
2343.137207
2754.902099
2882.353027
2127.450927
1382.353027
392.156860
-529.411804
-1333.333374
-2127.450927
-2676.470703
-2676.470703
-2264.705810
-1627.451049
-666.666687
323.529418
1147.058837
1901.960815
2529.411865
2843.137207
2843.137207
2450.980468
1911.764770
1117.647094
107.843139
-764.705871
-1519.607910
-2284.313720
-2735.294189
-2637.254882
-2147.058837
-1421.568603
-401.960784
529.411804
1303.921630
2098.039306
2892.156982
2686.274658
2274.509765
1676.470581
764.705871
-215.686279
-1088.235351
-1833.333374
-2519.607910
-2823.529541
-2901.960937
-2490.196044
-1980.392211
-1117.647094
-88.235298
745.098083
1509.803955
2254.902099
2882.353027
2647.058837
2186.274658
1460.784301
480.392150
-460.784332
-1274.509887
-2058.823486
-2647.058837
-2882.353027
-2813.725585
-2382.353027
-1754.901977
-911.764709
68.627449
901.960815
1656.862792
2392.156982
2774.509765
2892.156982
2617.647216
2147.058837
1401.960815
431.372558
-500.000000
-2127.450927
-2686.274658
-2892.156982
-2745.098144
-2343.137207
-1715.686279
-784.313720
1176.470581
1941.176513
2549.019775
2852.941162
2862.745117
2411.764648
1882.353027
1039.215698
19.607843
-803.921569
-1607.843139
-2352.941162
-2774.509765
-2911.764648
-2647.058837
-2176.470703
-1470.588256
-480.392150
1392.156860
2176.470703
2686.274658
2892.156982
2705.882324
2303.921630
1696.078491
794.117675
-196.078430
-1058.823608
-1852.941162
-2519.607910
-2852.941162
-2892.156982
-2470.588378
-1941.176513
-1147.058837
-98.039215
1656.862792
2392.156982
2764.706054
2872.549072
2607.843261
2147.058837
1411.764770
421.568634
-509.803924
-1323.529418
-2107.843261
-2676.470703
-2882.353027
-2784.313720
-2352.941162
-1715.686279
-813.725524
186.274520
1892.156860
2529.411865
2843.137207
2872.549072
2490.196044
1941.176513
1147.058837
-921.568664
-1676.470581
-2431.372558
-2813.725585
-2901.960937
-2568.627441
-2098.039306
-1333.333374
-313.725494
598.039245
2274.509765
2745.098144
2862.745117
2676.470703
2245.098144
1598.039184
666.666687
-303.921569
-1176.470581
-1950.980468
-2558.823486
-2852.941162
-2872.549072
-2450.980468
-1892.156860
-1049.019653
0.000000
686.274536
2313.725585
2754.902099
2892.156982
2647.058837
2225.490234
1509.803955
558.823547
-1333.333374
-2137.254882
-2696.078369
-2892.156982
-2715.686279
-2323.529541
-1686.274536
362.745117
1205.882324
1980.392211
2578.431396
2852.941162
2843.137207
1735.294189
872.549011
-98.039215
-921.568664
-1705.882324
-2450.980468
-2813.725585
-2509.803955
-2009.803955
-1264.705932
-205.882354
686.274536
1450.980468
2215.686279
2892.156982
2647.058837
2196.078369
1500.000000
627.450988
-343.137268
-1205.882324
-2627.450927
-2892.156982
-2803.921630
-2392.156982
-1764.705932
-882.352966
88.235298
1794.117675
2480.392089
2813.725585
2872.549072
2509.803955
2009.803955
1235.294189
215.686279
-647.058837
-1460.784301
-2254.902099
-2745.098144
-2901.960937
-2696.078369
-2264.705810
-1598.039184
-686.274536
303.921569
2029.411743
2627.450927
2833.333496
2774.509765
2392.156982
1803.921630
960.784301
-19.607843
-862.745117
-1637.254882
-2372.549072
-2803.921630
-2911.764648
-2627.450927
-2166.666748
-1421.568603
-401.960784
529.411804
2176.470703
2696.078369
2882.353027
2715.686279
2313.725585
1666.666748
725.490234
-1215.686279
-1980.392211
-2578.431396
-2872.549072
-2862.745117
-2421.568603
-1833.333374
-950.980407
19.607843
823.529418
1598.039184
2323.529541
2735.294189
2882.353027
2656.862792
2196.078369
1490.196166
500.000000
-1323.529418
-2098.039306
-2705.882324
-2901.960937
-2764.706054
-2352.941162
-1725.490234
-852.941162
166.666671
1029.411743
1803.921630
2500.000000
2794.117675
2921.568603
2568.627441
2068.627441
1333.333374
303.921569
-1509.803955
-2284.313720
-2784.313720
-2901.960937
-2686.274658
-2245.098144
-1539.215698
549.019592
1343.137329
2127.450927
2676.470703
2872.549072
2745.098144
2313.725585
1725.490234
843.137268
-117.647064
-990.196105
-1735.294189
-2480.392089
-2803.921630
-2892.156982
-2558.823486
-2058.823486
-1284.313720
764.705871
1549.019653
2303.921630
2754.902099
2882.353027
2696.078369
2225.490234
441.176483
-490.196075
-1284.313720
-2107.843261
-2656.862792
-2892.156982
-2764.706054
-1666.666748
-735.294128
264.705902
1098.039184
1843.137329
2509.803955
2813.725585
2872.549072
2500.000000
2049.019531
88.235298
-715.686279
-1529.411743
-2284.313720
-2784.313720
-2901.960937
-2676.470703
-1411.764770
-401.960784
539.215698
1303.921630
2107.843261
2647.058837
2696.078369
2294.117675
1686.274536
764.705871
-225.490203
-1098.039184
-1862.745117
-2539.215820
-2843.137207
-2901.960937
-2500.000000
-1107.843139
-49.019607
764.705871
1539.215698
2313.725585
2745.098144
2882.353027
2676.470703
2205.882324
1539.215698
568.627441
-401.960784
-1235.294189
-2000.000000
-2578.431396
-2852.941162
-2862.745117
-2441.176513
-901.960815
78.431373
892.156860
1637.254882
2362.745117
2754.902099
2882.353027
2068.627441
1294.117675
274.509796
-598.039245
-1382.353027
-2205.882324
-2735.294189
-2676.470703
-2225.490234
-1568.627441
-578.431396
411.764709
1235.294189
2637.254882
2862.745117
2764.706054
2362.745117
1754.901977
882.352966
-107.843139
-1872.549072
-2529.411865
-2843.137207
-2892.156982
-2490.196044
-1980.392211
-1127.451049
921.568664
1705.882324
2411.764648
2813.725585
2892.156982
2607.843261
2088.235351
1343.137329
333.333343
-568.627441
-2225.490234
-2745.098144
-2892.156982
-2705.882324
-2264.705810
-1588.235351
-617.647094
333.333343
1186.274536
1931.372558
2578.431396
2843.137207
2862.745117
2441.176513
1892.156860
1068.627441
39.215686
-794.117675
-2431.372558
-2803.921630
-2911.764648
-2578.431396
-2107.843261
-1372.549072
-333.333343
1490.196166
2284.313720
2764.706054
2892.156982
2705.882324
2254.902099
1578.431396
617.647094
-343.137268
-1186.274536
-1970.588256
-2598.039306
-2872.549072
-2862.745117
-2431.372558
-1843.137329
-1000.000000
-49.019607
1715.686279
2411.764648
2764.706054
2862.745117
2568.627441
2107.843261
1362.745117
-725.490234
-1480.392211
-2274.509765
-2745.098144
-2901.960937
-2696.078369
-1450.980468
-450.980407
490.196075
1264.705932
2058.823486
2617.647216
2862.745117
2774.509765
2372.549072
1774.509887
960.784301
-19.607843
-852.941162
-1647.058837
-2392.156982
-2774.509765
-2911.764648
-2637.254882
-2176.470703
-1431.372558
-421.568634
529.411804
2205.882324
2705.882324
2911.764648
2686.274658
2284.313720
1656.862792
715.686279
-1245.098022
-2009.803955
-2607.843261
-2872.549072
-2843.137207
-2441.176513
-1833.333374
-960.784301
29.411766
852.941162
2431.372558
2803.921630
2892.156982
2558.823486
2068.627441
1303.921630
313.725494
-1519.607910
-2274.509765
-2754.902099
-2901.960937
-2686.274658
-2245.098144
-1568.627441
529.411804
1303.921630
2098.039306
2676.470703
2911.764648
2774.509765
1656.862792
754.901977
-225.490203
-1068.627441
-1862.745117
-2539.215820
-2833.333496
-2441.176513
-1862.745117
-980.392150
-39.215686
823.529418
1598.039184
2333.333496
2911.764648
2549.019775
2098.039306
1372.549072
382.352935
-558.823547
-1352.941162
-2735.294189
-2901.960937
-2705.882324
-2274.509765
-1598.039184
-637.254943
352.941192
1147.058837
1931.372558
2549.019775
2852.941162
2892.156982
2450.980468
1901.960815
1068.627441
58.823532
-754.901977
-1529.411743
-2784.313720
-2911.764648
-2617.647216
-2117.647216
-1372.549072
-362.745117
568.627441
1343.137329
2117.647216
2666.666748
2666.666748
2264.705810
1627.451049
-441.176483
-1264.705932
-2049.019531
-2637.254882
-2872.549072
-2843.137207
-2392.156982
-774.509826
215.686279
1068.627441
1813.725463
2480.392089
2833.333496
2892.156982
2500.000000
2068.627441
1303.921630
-764.705871
-1539.215698
-2313.725585
-2774.509765
-2882.353027
-2676.470703
-2215.686279
-392.156860
549.019592
1323.529418
2078.431396
2647.058837
2862.745117
2764.706054
