2196.078369
2735.294189
2882.353027
2705.882324
1558.823608
598.039245
-343.137268
-1205.882324
-2000.000000
-2549.019775
-2872.549072
-2401.960937
-1823.529418
-950.980407
39.215686
833.333374
1627.451049
2352.941162
2784.313720
2901.960937
2647.058837
2166.666748
1441.176513
470.588256
-490.196075
-1294.117675
-2098.039306
-2676.470703
-2892.156982
-2294.117675
-1666.666748
-725.490234
264.705902
1117.647094
1852.941162
2509.803955
2872.549072
2441.176513
1872.549072
1019.607849
19.607843
-813.725524
-1607.843139
-2813.725585
-2892.156982
-2617.647216
-2098.039306
-1333.333374
-294.117645
1519.607910
2274.509765
2754.902099
2892.156982
2686.274658
2235.294189
1549.019653
-500.000000
-1254.901977
-2039.215698
-2627.450927
-2872.549072
-2843.137207
-2411.764648
-784.313720
196.078430
1039.215698
1803.921630
2460.784423
2813.725585
2882.353027
2500.000000
2068.627441
1303.921630
294.117645
-617.647094
-1382.353027
-2186.274658
-2725.490234
-2911.764648
-2725.490234
-2303.921630
-578.431396
382.352935
1225.490234
1990.196166
2578.431396
2852.941162
2852.941162
1774.509887
892.156860
-78.431373
-931.372558
-1696.078491
-2431.372558
-2803.921630
-2901.960937
-2617.647216
-2117.647216
-186.274520
686.274536
1450.980468
2205.882324
2735.294189
2892.156982
2676.470703
1519.607910
558.823547
-421.568634
-1245.098022
-2009.803955
-2598.039306
-2872.549072
-2843.137207
-2421.568603
-1823.529418
-941.176513
29.411766
862.745117
1627.451049
2352.941162
2764.706054
2872.549072
2627.450927
2196.078369
1460.784301
470.588256
-470.588256
-1284.313720
-2068.627441
-2647.058837
-2735.294189
-2313.725585
-1686.274536
382.352935
1225.490234
2656.862792
2892.156982
2794.117675
2333.333496
754.901977
-235.294128
-1098.039184
-1852.941162
-2519.607910
-2843.137207
-2901.960937
-1872.549072
-1009.803955
9.803922
774.509826
1529.411743
2313.725585
2735.294189
2892.156982
2696.078369
2196.078369
431.372558
-500.000000
-1274.509887
-2029.411743
-2617.647216
-2882.353027
-2813.725585
-1715.686279
-784.313720
225.490203
1049.019653
1843.137329
2470.588378
2813.725585
2862.745117
2500.000000
2058.823486
1303.921630
284.313720
-617.647094
-1401.960815
-2196.078369
-2735.294189
-2892.156982
-2725.490234
-1568.627441
-549.019592
401.960784
1225.490234
1990.196166
2598.039306
2852.941162
2823.529541
2401.960937
1833.333374
1009.803955
-49.019607
-843.137268
-1627.451049
-2803.921630
-2882.353027
-2588.235351
-2088.235351
-1313.725463
-274.509796
1539.215698
2303.921630
2764.706054
2882.353027
2637.254882
2205.882324
1549.019653
-519.607849
-1323.529418
-2117.647216
-2696.078369
-2911.764648
-2764.706054
-2362.745117
-1725.490234
-813.725524
196.078430
1911.764770
2539.215820
2833.333496
2882.353027
2460.784423
1941.176513
1127.451049
-941.176513
-1725.490234
-2441.176513
-2823.529541
-2921.568603
-2607.843261
-2127.450927
-1333.333374
-313.725494
617.647094
1382.353027
2156.862792
2725.490234
2892.156982
2705.882324
2284.313720
1656.862792
764.705871
-1205.882324
-1970.588256
-2598.039306
-2872.549072
-2882.353027
-2450.980468
-1852.941162
-990.196105
-9.803922
774.509826
1549.019653
2274.509765
2735.294189
2872.549072
2666.666748
2205.882324
1539.215698
558.823547
-1343.137329
-2127.450927
-2686.274658
-2901.960937
-2754.902099
-2352.941162
-1705.882324
333.333343
1186.274536
1931.372558
2549.019775
2852.941162
2872.549072
2460.784423
1901.960815
1098.039184
58.823532
-1686.274536
-2450.980468
-2803.921630
-2892.156982
-2598.039306
-2117.647216
-1362.745117
-323.529418
617.647094
1352.941162
2147.058837
2676.470703
2862.745117
2715.686279
2323.529541
666.666687
-284.313720
-1156.862792
-1931.372558
-2578.431396
-2872.549072
-2901.960937
-1813.725463
-921.568664
58.823532
882.352966
1647.058837
2392.156982
2872.549072
2539.215820
2068.627441
1313.725463
313.725494
-598.039245
-1401.960815
-2196.078369
-2725.490234
-2901.960937
-2725.490234
-1568.627441
-578.431396
401.960784
1215.686279
2009.803955
2588.235351
2754.902099
2362.745117
1794.117675
892.156860
-98.039215
-901.960815
-1676.470581
-2833.333496
-2911.764648
-2529.411865
-2029.411743
-1245.098022
-196.078430
666.666687
2303.921630
2754.902099
2843.137207
2666.666748
2196.078369
1509.803955
568.627441
-411.764709
-1225.490234
-2009.803955
-2901.960937
-2774.509765
-2352.941162
-1745.098022
-852.941162
127.450981
1000.000000
2500.000000
2813.725585
2882.353027
2558.823486
2058.823486
1303.921630
274.509796
-1529.411743
-2303.921630
-2754.902099
-2901.960937
-2676.470703
-2254.902099
-1549.019653
-558.823547
401.960784
1235.294189
2647.058837
2882.353027
2784.313720
2343.137207
1754.901977
872.549011
-98.039215
-1823.529418
-2509.803955
-2813.725585
-2901.960937
-2509.803955
-2019.607910
-1225.490234
843.137268
1607.843139
2352.941162
2764.706054
2901.960937
2627.450927
1333.333374
313.725494
-598.039245
-1372.549072
-2166.666748
-2705.882324
-2901.960937
-2254.902099
-1578.431396
-598.039245
362.745117
1186.274536
1960.784301
2578.431396
2794.117675
2372.549072
1784.313720
892.156860
-78.431373
-892.156860
-1686.274536
-2823.529541
-2911.764648
-2529.411865
-2058.823486
-1235.294189
-196.078430
656.862731
1450.980468
2205.882324
2705.882324
2901.960937
2686.274658
2264.705810
1627.451049
705.882385
-245.098037
-1117.647094
-1862.745117
-2862.745117
-2852.941162
-2450.980468
-1823.529418
-950.980407
0.000000
696.078430
1500.000000
2186.274658
2715.686279
2676.470703
2215.686279
1549.019653
598.039245
-362.745117
-1196.078491
-1980.392211
-2892.156982
-2794.117675
-2372.549072
-1774.509887
-862.745117
127.450981
980.392150
2519.607910
2813.725585
2911.764648
2500.000000
2058.823486
1284.313720
284.313720
-617.647094
-1392.156860
-2196.078369
-2892.156982
-2676.470703
-2225.490234
-1549.019653
-588.235290
382.352935
1215.686279
2647.058837
2862.745117
2774.509765
2352.941162
1764.705932
901.960815
-78.431373
-1823.529418
-2509.803955
-2843.137207
-2882.353027
-2529.411865
-2000.000000
-1274.509887
803.921569
1558.823608
2313.725585
2745.098144
2892.156982
2656.862792
2196.078369
1529.411743
558.823547
-392.156860
-2107.843261
-2686.274658
-2901.960937
-2745.098144
-2343.137207
-1745.098022
-843.137268
137.254898
990.196105
1745.098022
2460.784423
2803.921630
2882.353027
2549.019775
2068.627441
1323.529418
323.529418
-588.235290
-2254.902099
-2735.294189
-2911.764648
-2696.078369
-2264.705810
-1588.235351
-607.843139
1303.921630
2098.039306
2637.254882
2872.549072
2764.706054
2352.941162
1754.901977
911.764709
-68.627449
-911.764709
-2490.196044
-2813.725585
-2911.764648
-2549.019775
-2068.627441
-1274.509887
-235.294128
1588.235351
2343.137207
2774.509765
2882.353027
2637.254882
2196.078369
1480.392211
539.215698
-421.568634
-1264.705932
-2029.411743
-2637.254882
-2872.549072
-2813.725585
-2411.764648
-1794.117675
-911.764709
78.431373
901.960815
1666.666748
2392.156982
2892.156982
2529.411865
2068.627441
1303.921630
274.509796
-637.254943
-1421.568603
-2215.686279
-2735.294189
-2921.568603
-2705.882324
-1539.215698
-539.215698
450.980407
1245.098022
2009.803955
2617.647216
2745.098144
2362.745117
1764.705932
882.352966
-88.235298
-941.176513
-1696.078491
-2843.137207
-2901.960937
-2519.607910
-2029.411743
-1215.686279
-166.666671
686.274536
1490.196166
2225.490234
2745.098144
2647.058837
2176.470703
1500.000000
627.450988
-333.333343
-1196.078491
-1970.588256
-2882.353027
-2794.117675
-2382.353027
-1774.509887
-911.764709
107.843139
950.980407
2490.196044
2813.725585
2882.353027
2480.392089
2039.215698
1254.901977
254.901962
-1549.019653
-2343.137207
-2774.509765
-2892.156982
-2666.666748
-2196.078369
-1490.196166
-470.588256
480.392150
1294.117675
2696.078369
2901.960937
2705.882324
2284.313720
1696.078491
813.725524
-166.666671
-1911.764770
-2549.019775
-2862.745117
-2882.353027
-2460.784423
-1892.156860
-1068.627441
1000.000000
1705.882324
2431.372558
2813.725585
2882.353027
2558.823486
1225.490234
215.686279
-666.666687
-1441.176513
-2225.490234
-2754.902099
-2882.353027
-2725.490234
-2294.117675
-1598.039184
-656.862731
1254.901977
2049.019531
2637.254882
2882.353027
2813.725585
2382.353027
813.725524
-166.666671
-1049.019653
-1823.529418
-2500.000000
-2823.529541
-2911.764648
-1950.980468
-1127.451049
-88.235298
745.098083
1490.196166
2264.705810
2754.902099
2637.254882
2166.666748
1450.980468
490.196075
-450.980407
-1274.509887
-2058.823486
-2901.960937
-2745.098144
-2343.137207
-1696.078491
-774.509826
215.686279
1049.019653
1823.529418
2490.196044
2823.529541
2892.156982
2519.607910
2000.000000
1274.509887
264.705902
-607.843139
-1401.960815
-2186.274658
-2901.960937
-2676.470703
-2245.098144
-1539.215698
-588.235290
401.960784
1196.078491
1970.588256
2578.431396
2852.941162
2382.353027
1774.509887
911.764709
-68.627449
-901.960815
-1676.470581
-2411.764648
-2803.921630
-2901.960937
-2607.843261
-1245.098022
-235.294128
647.058837
1421.568603
2205.882324
2735.294189
2872.549072
2215.686279
1539.215698
588.235290
-382.352935
-1235.294189
-2000.000000
-2568.627441
-2833.333496
-2401.960937
-1784.313720
-901.960815
68.627449
882.352966
1656.862792
2813.725585
2872.549072
2519.607910
2058.823486
1303.921630
303.921569
-598.039245
-2254.902099
-2754.902099
-2911.764648
-2686.274658
-2264.705810
-1568.627441
-607.843139
382.352935
1176.470581
1941.176513
2539.215820
2833.333496
2872.549072
2450.980468
1862.745117
1049.019653
39.215686
-813.725524
-2431.372558
-2813.725585
-2892.156982
-2578.431396
-2107.843261
-1333.333374
-303.921569
1509.803955
2264.705810
2735.294189
2872.549072
2686.274658
2205.882324
460.784332
-480.392150
-1294.117675
-2078.431396
-2656.862792
-2901.960937
-2774.509765
-1666.666748
-735.294128
274.509796
1088.235351
1852.941162
2519.607910
2833.333496
2411.764648
1833.333374
1029.411743
-9.803922
-794.117675
-1568.627441
-2333.333496
-2911.764648
-2588.235351
-2127.450927
-1352.941162
-313.725494
598.039245
1362.745117
2156.862792
2705.882324
2892.156982
2705.882324
2313.725585
1676.470581
774.509826
-205.882354
-1078.431396
-1823.529418
-2519.607910
-2872.549072
-2450.980468
-1882.353027
-1039.215698
9.803922
754.901977
1549.019653
2754.902099
2892.156982
2607.843261
2156.862792
1431.372558
441.176483
-500.000000
-2107.843261
-2666.666748
-2911.764648
-2764.706054
-2333.333496
-1725.490234
343.137268
1186.274536
1950.980468
2549.019775
2813.725585
2872.549072
2441.176513
921.568664
-49.019607
-862.745117
-1637.254882
-2382.353027
-2803.921630
-2901.960937
-2058.823486
-1284.313720
-254.901962
627.450988
1392.156860
2196.078369
2715.686279
2882.353027
2676.470703
2264.705810
647.058837
-343.137268
-1176.470581
-1931.372558
-2588.235351
-2882.353027
-2892.156982
-1784.313720
-872.549011
88.235298
911.764709
1666.666748
2382.353027
2794.117675
2509.803955
2058.823486
1264.705932
264.705902
-627.450988
-1392.156860
-2186.274658
-2696.078369
-2892.156982
-2705.882324
-2294.117675
-1637.254882
-676.470581
303.921569
1156.862792
1872.549072
2500.000000
2823.529541
2431.372558
1882.353027
1039.215698
19.607843
-764.705871
-1549.019653
-2333.333496
-2901.960937
-2617.647216
-2147.058837
-1382.353027
-362.745117
578.431396
1352.941162
2147.058837
2666.666748
2872.549072
2725.490234
2323.529541
1696.078491
813.725524
-166.666671
-1039.215698
-1833.333374
-2519.607910
-2892.156982
-2450.980468
-1901.960815
-1049.019653
-29.411766
803.921569
1578.431396
2764.706054
2862.745117
2588.235351
2107.843261
1382.353027
352.941192
-558.823547
-1343.137329
-2137.254882
-2715.686279
-2892.156982
-2735.294189
-2303.921630
-1666.666748
-745.098083
235.294128
1088.235351
1852.941162
2852.941162
2852.941162
2421.568603
1852.941162
1019.607849
9.803922
-754.901977
-2382.353027
-2813.725585
-2558.823486
-2049.019531
-1254.901977
803.921569
1607.843139
2352.941162
2745.098144
2862.745117
2656.862792
2196.078369
372.549041
-539.215698
-1333.333374
-2137.254882
-2715.686279
-2901.960937
-2735.294189
-1607.843139
-656.862731
352.941192
1166.666748
1950.980468
2539.215820
2823.529541
2862.745117
2441.176513
1892.156860
-98.039215
-901.960815
-1705.882324
-2833.333496
-2892.156982
-2519.607910
-2029.411743
-1215.686279
-186.274520
686.274536
2294.117675
2754.902099
2901.960937
2666.666748
2215.686279
1490.196166
500.000000
-1343.137329
-2117.647216
-2676.470703
-2901.960937
-2754.902099
-2362.745117
-1735.294189
333.333343
1156.862792
1911.764770
2549.019775
2843.137207
2892.156982
1794.117675
950.980407
9.803922
-794.117675
-1558.823608
-2313.725585
-2784.313720
-2627.450927
-2147.058837
-1382.353027
-362.745117
568.627441
1352.941162
2127.450927
2872.549072
2676.470703
2303.921630
1637.254882
696.078430
-254.901962
-1137.254882
-2607.843261
-2882.353027
-2843.137207
-2411.764648
-1813.725463
-970.588256
0.000000
1686.274536
2392.156982
2774.509765
2872.549072
2627.450927
2156.862792
1421.568603
441.176483
-490.196075
-1313.725463
-2725.490234
-2892.156982
-2715.686279
-2294.117675
-1647.058837
-725.490234
254.901962
1990.196166
2568.627441
2852.941162
2862.745117
2411.764648
1852.941162
990.196105
49.019607
-774.509826
-1578.431396
-2794.117675
-2872.549072
-2617.647216
-2127.450927
-245.098037
637.254943
1392.156860
2205.882324
2705.882324
2872.549072
2225.490234
1529.411743
578.431396
-372.549041
-1215.686279
-1990.196166
-2607.843261
-2784.313720
-2343.137207
-1725.490234
-823.529418
156.862747
1000.000000
1725.490234
2823.529541
2862.745117
2470.588378
1990.196166
1196.078491
186.274520
-676.470581
-2333.333496
-2774.509765
-2901.960937
-2686.274658
-2205.882324
-1480.392211
617.647094
1392.156860
2186.274658
2696.078369
2872.549072
2705.882324
2284.313720
617.647094
-352.941192
-1196.078491
-1950.980468
-2578.431396
-2862.745117
-2882.353027
-1794.117675
-892.156860
107.843139
950.980407
1696.078491
2411.764648
2784.313720
2500.000000
2068.627441
1323.529418
294.117645
-598.039245
-1392.156860
-2166.666748
-2725.490234
-2892.156982
-2705.882324
-1539.215698
-558.823547
411.764709
1245.098022
2000.000000
2558.823486
2843.137207
2382.353027
1784.313720
950.980407
-29.411766
-843.137268
-1647.058837
-2372.549072
-2892.156982
-2588.235351
-2098.039306
-1294.117675
-254.901962
637.254943
1382.353027
2156.862792
2696.078369
2852.941162
2215.686279
1558.823608
598.039245
-1294.117675
-2088.235351
-2656.862792
-2882.353027
-2774.509765
-2372.549072
-1764.705932
284.313720
1147.058837
1911.764770
2539.215820
2852.941162
2862.745117
2441.176513
980.392150
9.803922
-784.313720
-1568.627441
-2333.333496
-2784.313720
-2901.960937
-2137.254882
-1392.156860
-372.549041
539.215698
1323.529418
2127.450927
2656.862792
2872.549072
2754.902099
2352.941162
696.078430
-254.901962
-1117.647094
-1882.353027
-2549.019775
-2852.941162
-2901.960937
-1872.549072
-1000.000000
-29.411766
813.725524
1578.431396
2313.725585
2735.294189
2862.745117
2637.254882
2196.078369
1519.607910
529.411804
-441.176483
-1245.098022
-2039.215698
-2637.254882
-2901.960937
-2833.333496
-1696.078491
-774.509826
186.274520
1049.019653
1784.313720
2490.196044
2794.117675
2470.588378
1931.372558
1117.647094
78.431373
-745.098083
-1509.803955
-2284.313720
-2921.568603
-2647.058837
-2147.058837
-1441.176513
-431.372558
509.803924
2166.666748
2725.490234
2872.549072
2696.078369
2303.921630
1676.470581
754.901977
-1215.686279
-2000.000000
-2558.823486
-2862.745117
-2911.764648
-2450.980468
-1892.156860
78.431373
911.764709
1666.666748
2392.156982
2784.313720
2882.353027
2588.235351
2107.843261
1392.156860
382.352935
-1441.176513
-2235.294189
-2745.098144
-2901.960937
-2725.490234
-2284.313720
-1578.431396
480.392150
1264.705932
2058.823486
2647.058837
2872.549072
2794.117675
2372.549072
1784.313720
941.176513
-39.215686
-882.352966
-1666.666748
-2401.960937
-2784.313720
-2882.353027
-2607.843261
-2147.058837
-1372.549072
676.470581
1450.980468
2196.078369
2735.294189
2892.156982
2696.078369
2254.902099
558.823547
-421.568634
-1245.098022
-2029.411743
-2617.647216
-2882.353027
-2833.333496
-1725.490234
-813.725524
176.470596
1039.215698
1803.921630
2470.588378
2843.137207
2431.372558
1921.568603
1117.647094
68.627449
-725.490234
-1509.803955
-2284.313720
-2754.902099
-2901.960937
-2686.274658
-1460.784301
-411.764709
509.803924
1284.313720
2058.823486
2607.843261
2715.686279
2284.313720
1656.862792
774.509826
-176.470596
-1049.019653
-1823.529418
-2852.941162
-2872.549072
-2441.176513
-1892.156860
-1058.823608
-29.411766
813.725524
2411.764648
2784.313720
2882.353027
2578.431396
2107.843261
1362.745117
362.745117
-1490.196166
-2264.705810
-2745.098144
-2901.960937
-2696.078369
-2264.705810
-1607.843139
500.000000
1225.490234
2000.000000
2549.019775
2843.137207
2872.549072
1774.509887
941.176513
-39.215686
-872.549011
-1656.862792
-2392.156982
-2784.313720
-2549.019775
-2078.431396
-1264.705932
-254.901962
637.254943
1401.960815
2176.470703
2882.353027
2666.666748
2196.078369
1549.019653
588.235290
-401.960784
-1196.078491
-1990.196166
-2588.235351
-2882.353027
-2343.137207
-1745.098022
-862.745117
127.450981
1000.000000
1725.490234
2411.764648
2872.549072
2509.803955
2058.823486
1254.901977
235.294128
-647.058837
-1450.980468
-2774.509765
-2892.156982
-2666.666748
-2215.686279
-1519.607910
-529.411804
431.372558
1245.098022
2019.607910
2607.843261
2735.294189
2352.941162
1735.294189
833.333374
-127.450981
-1009.803955
-1784.313720
-2852.941162
-2892.156982
-2470.588378
-1901.960815
-1068.627441
-19.607843
794.117675
1588.235351
2333.333496
2754.902099
2882.353027
2627.450927
2196.078369
1500.000000
607.843139
-352.941192
-1186.274536
-1980.392211
-2892.156982
-2784.313720
-1666.666748
-715.686279
264.705902
1098.039184
1862.745117
2539.215820
2823.529541
2421.568603
1852.941162
1019.607849
-19.607843
-833.333374
-1607.843139
-2382.353027
-2882.353027
-2549.019775
-2088.235351
-1284.313720
-274.509796
637.254943
1401.960815
2186.274658
2725.490234
2872.549072
2686.274658
2264.705810
1647.058837
774.509826
-205.882354
-1088.235351
-1862.745117
-2519.607910
-2852.941162
-2892.156982
-2490.196044
-1009.803955
9.803922
764.705871
1558.823608
2294.117675
2745.098144
2872.549072
2147.058837
1411.764770
411.764709
-500.000000
-1264.705932
-2058.823486
-2656.862792
-2735.294189
-2303.921630
-1696.078491
-764.705871
215.686279
1068.627441
1833.333374
2862.745117
2862.745117
2441.176513
1862.745117
1029.411743
0.000000
-686.274536
-2343.137207
-2803.921630
-2911.764648
-2637.254882
-2176.470703
-1450.980468
-450.980407
1392.156860
2176.470703
2686.274658
2862.745117
2725.490234
2284.313720
607.843139
-352.941192
-1215.686279
-2000.000000
-2568.627441
-2852.941162
-2892.156982
-1823.529418
-931.372558
78.431373
892.156860
1656.862792
2392.156982
2764.706054
2558.823486
2068.627441
1303.921630
313.725494
-598.039245
-1372.549072
-2176.470703
-2901.960937
-2705.882324
-2264.705810
-1558.823608
-617.647094
352.941192
1196.078491
1970.588256
2558.823486
2843.137207
2382.353027
1784.313720
921.568664
-1107.843139
-1862.745117
-2549.019775
-2862.745117
-2901.960937
-2480.392089
-1960.784301
19.607843
833.333374
1627.451049
2323.529541
2735.294189
2872.549072
2656.862792
1352.941162
352.941192
-568.627441
-1362.745117
-2166.666748
-2705.882324
-2911.764648
-2715.686279
-2313.725585
-1656.862792
-735.294128
264.705902
1107.843139
1882.353027
2519.607910
2833.333496
2862.745117
2480.392089
1039.215698
0.000000
-705.882385
-1490.196166
-2264.705810
-2754.902099
-2892.156982
-2186.274658
-1470.588256
-470.588256
490.196075
1274.509887
2058.823486
2637.254882
2725.490234
2303.921630
1696.078491
794.117675
-186.274520
-1078.431396
-1833.333374
-2862.745117
-2901.960937
-2470.588378
-1882.353027
-1039.215698
9.803922
1696.078491
2421.568603
2794.117675
2892.156982
2568.627441
2107.843261
1372.549072
-676.470581
-1470.588256
-2245.098144
-2745.098144
-2892.156982
-2715.686279
-2254.902099
-1598.039184
-637.254943
362.745117
2078.431396
2627.450927
2862.745117
2784.313720
2372.549072
1794.117675
911.764709
-1098.039184
-1843.137329
-2539.215820
-2852.941162
-2901.960937
-2470.588378
-1960.784301
-1137.254882
-98.039215
715.686279
1519.607910
2274.509765
2754.902099
2882.353027
2676.470703
2235.294189
1588.235351
647.058837
-1294.117675
-2068.627441
-2647.058837
-2872.549072
-2803.921630
-2401.960937
-1774.509887
-901.960815
88.235298
921.568664
1676.470581
2372.549072
2784.313720
2872.549072
2078.431396
1284.313720
284.313720
-627.450988
-1401.960815
-2205.882324
-2754.902099
-2676.470703
-2245.098144
-1568.627441
-578.431396
382.352935
1215.686279
2647.058837
2862.745117
2794.117675
2382.353027
1774.509887
901.960815
-88.235298
-1813.725463
-2509.803955
-2843.137207
-2892.156982
-2500.000000
-2049.019531
-1303.921630
774.509826
1578.431396
2303.921630
2735.294189
2882.353027
2637.254882
2225.490234
411.764709
-509.803924
-1303.921630
-2098.039306
-2647.058837
-2901.960937
-2803.921630
-1666.666748
-735.294128
245.098037
1088.235351
1852.941162
2509.803955
2852.941162
2431.372558
1882.353027
1039.215698
9.803922
-764.705871
-1539.215698
-2313.725585
-2754.902099
-2911.764648
-2696.078369
-1411.764770
-392.156860
529.411804
1323.529418
2127.450927
2676.470703
2686.274658
2264.705810
1656.862792
725.490234
-235.294128
-1107.843139
-1872.549072
-2882.353027
-2862.745117
-2441.176513
-1843.137329
-970.588256
0.000000
705.882385
2343.137207
2784.313720
2901.960937
2656.862792
2176.470703
1490.196166
509.803924
-1362.745117
-2147.058837
-2715.686279
-2892.156982
-2725.490234
-2333.333496
-1676.470581
-754.901977
235.294128
1078.431396
2568.627441
2852.941162
2862.745117
2411.764648
1862.745117
1049.019653
19.607843
-1715.686279
-2441.176513
-2813.725585
-2509.803955
-2009.803955
-1215.686279
-176.470596
696.078430
1480.392211
2254.902099
2872.549072
2627.450927
2176.470703
1470.588256
519.607849
-431.372558
-1225.490234
-2696.078369
-2892.156982
-2764.706054
-2362.745117
-1735.294189
-823.529418
186.274520
1029.411743
1784.313720
2480.392089
2833.333496
2892.156982
2509.803955
2019.607910
1225.490234
215.686279
-666.666687
-1431.372558
-2774.509765
-2901.960937
-2666.666748
-2205.882324
-1480.392211
-480.392150
460.784332
2117.647216
2676.470703
2892.156982
2745.098144
2333.333496
1696.078491
813.725524
-147.058822
-1009.803955
-1784.313720
-2500.000000
-2833.333496
-2921.568603
-2558.823486
-2088.235351
-1294.117675
-254.901962
637.254943
2313.725585
2735.294189
2862.745117
2656.862792
2205.882324
1549.019653
568.627441
-1313.725463
-2137.254882
-2705.882324
-2882.353027
-2745.098144
-2333.333496
-1715.686279
-803.921569
196.078430
1039.215698
2539.215820
2833.333496
2852.941162
2470.588378
1921.568603
1068.627441
68.627449
-745.098083
-1519.607910
-2294.117675
-2911.764648
-2637.254882
-2127.450927
-264.705902
617.647094
1392.156860
2156.862792
2676.470703
2833.333496
2676.470703
1568.627441
647.058837
-323.529418
-1176.470581
-1960.784301
-2588.235351
-2901.960937
-2392.156982
-1794.117675
-911.764709
98.039215
872.549011
1666.666748
2401.960937
2882.353027
2519.607910
2049.019531
1294.117675
264.705902
-617.647094
-1392.156860
-2764.706054
-2901.960937
-2686.274658
-2225.490234
-1568.627441
-578.431396
1333.333374
2117.647216
2656.862792
2852.941162
2715.686279
2333.333496
1725.490234
-323.529418
-1205.882324
-1970.588256
-2607.843261
-2852.941162
-2882.353027
-2470.588378
-892.156860
98.039215
892.156860
1666.666748
2392.156982
2764.706054
2882.353027
2039.215698
1284.313720
274.509796
-607.843139
-1411.764770
-2196.078369
-2725.490234
-2666.666748
-2225.490234
-1558.823608
-558.823547
441.176483
1245.098022
2000.000000
2558.823486
2823.529541
2852.941162
1794.117675
921.568664
-68.627449
-892.156860
-1676.470581
-2392.156982
-2794.117675
-2921.568603
-2617.647216
-2137.254882
-1372.549072
-352.941192
568.627441
1333.333374
2147.058837
2686.274658
2872.549072
2725.490234
1607.843139
686.274536
-303.921569
-1147.058837
-1911.764770
-2549.019775
-2833.333496
-2431.372558
-1803.921630
-931.372558
39.215686
882.352966
1637.254882
2382.353027
2764.706054
2872.549072
2637.254882
1333.333374
294.117645
-598.039245
-2254.902099
-2754.902099
-2892.156982
-2705.882324
-2284.313720
-1588.235351
-617.647094
1323.529418
2117.647216
2686.274658
2862.745117
2725.490234
2333.333496
1745.098022
-274.509796
-1147.058837
-1931.372558
-2549.019775
-2862.745117
-2901.960937
-2470.588378
-980.392150
19.607843
813.725524
1627.451049
2343.137207
2774.509765
2911.764648
2637.254882
2166.666748
1470.588256
-588.235290
-1372.549072
-2156.862792
-2901.960937
-2696.078369
-2264.705810
-1588.235351
-617.647094
352.941192
1186.274536
2627.450927
2852.941162
2803.921630
2372.549072
1784.313720
931.372558
-49.019607
-1774.509887
-2500.000000
-2813.725585
-2901.960937
-2598.039306
-2117.647216
-1343.137329
-294.117645
598.039245
1392.156860
2745.098144
2911.764648
2676.470703
2235.294189
1578.431396
647.058837
-323.529418
-1196.078491
-1970.588256
-2598.039306
-2862.745117
-2882.353027
-2450.980468
-1892.156860
-1039.215698
1029.411743
1794.117675
2470.588378
2823.529541
2892.156982
2500.000000
2058.823486
1294.117675
294.117645
-617.647094
-2274.509765
-2754.902099
-2901.960937
-2705.882324
-2264.705810
-1578.431396
-607.843139
1294.117675
2068.627441
2666.666748
2882.353027
2774.509765
2382.353027
1784.313720
862.745117
-98.039215
-921.568664
-2500.000000
-2813.725585
-2901.960937
-2558.823486
-2068.627441
-1313.725463
-284.313720
627.450988
1411.764770
2186.274658
2725.490234
2872.549072
2696.078369
2284.313720
1656.862792
774.509826
-225.490203
-1078.431396
-2578.431396
-2892.156982
-2862.745117
-2441.176513
-1852.941162
-1000.000000
-68.627449
1696.078491
2421.568603
2803.921630
2882.353027
2578.431396
2107.843261
1372.549072
-715.686279
-1480.392211
-2274.509765
-2754.902099
-2921.568603
-2715.686279
-2235.294189
-480.392150
490.196075
1284.313720
2049.019531
2637.254882
2862.745117
2303.921630
1696.078491
813.725524
-166.666671
-1049.019653
-1813.725463
-2539.215820
-2882.353027
-2460.784423
-1882.353027
-1058.823608
-29.411766
813.725524
1607.843139
2774.509765
2872.549072
2588.235351
2107.843261
1343.137329
343.137268
-568.627441
-1362.745117
-2166.666748
-2715.686279
-2705.882324
-2225.490234
-1568.627441
519.607849
1313.725463
2078.431396
2617.647216
2862.745117
2754.902099
2372.549072
754.901977
-245.098037
-1088.235351
-1843.137329
-2519.607910
-2852.941162
-2911.764648
-1872.549072
-1019.607849
19.607843
833.333374
1627.451049
2343.137207
2774.509765
2578.431396
2098.039306
1392.156860
382.352935
-519.607849
-1323.529418
-2127.450927
-2921.568603
-2696.078369
-2284.313720
-1607.843139
-676.470581
284.313720
1147.058837
1892.156860
2529.411865
2843.137207
2411.764648
1852.941162
990.196105
29.411766
-813.725524
-1588.235351
-2352.941162
-2911.764648
-2568.627441
-2107.843261
-1313.725463
-294.117645
647.058837
2284.313720
2725.490234
2892.156982
2666.666748
2235.294189
1568.627441
607.843139
-362.745117
-1196.078491
-1950.980468
-2588.235351
-2833.333496
-2362.745117
-1764.705932
-872.549011
107.843139
990.196105
1735.294189
2431.372558
2813.725585
2862.745117
1980.392211
1205.882324
176.470596
-696.078430
-1470.588256
-2254.902099
-2754.902099
-2676.470703
-2205.882324
-1500.000000
-598.039245
382.352935
1205.882324
2666.666748
2872.549072
2764.706054
2362.745117
1764.705932
901.960815
-78.431373
-911.764709
-1715.686279
-2421.568603
-2784.313720
-2911.764648
-2607.843261
-2107.843261
-1352.941162
-323.529418
607.843139
1382.353027
2137.254882
2676.470703
2862.745117
2715.686279
1568.627441
607.843139
-343.137268
-1205.882324
-1960.784301
-2578.431396
-2872.549072
-2852.941162
-2431.372558
-1862.745117
-1000.000000
-39.215686
784.313720
1568.627441
2333.333496
2764.706054
2862.745117
2647.058837
2196.078369
1509.803955
549.019592
-411.764709
-2078.431396
-2676.470703
-2901.960937
-2774.509765
-2362.745117
-1735.294189
303.921569
1156.862792
1921.568603
2539.215820
2843.137207
2862.745117
2431.372558
970.588256
-19.607843
-833.333374
-1637.254882
-2372.549072
-2774.509765
-2921.568603
-2088.235351
-1303.921630
-284.313720
627.450988
1362.745117
2147.058837
2715.686279
2882.353027
2705.882324
2284.313720
627.450988
-352.941192
-1186.274536
-1970.588256
-2588.235351
-2872.549072
-2872.549072
-1784.313720
-911.764709
88.235298
892.156860
1647.058837
2372.549072
2774.509765
2568.627441
2058.823486
1323.529418
303.921569
-607.843139
-1411.764770
-2196.078369
-2892.156982
-2696.078369
-2254.902099
-1558.823608
-588.235290
392.156860
1196.078491
1970.588256
2549.019775
2872.549072
2362.745117
1764.705932
892.156860
-68.627449
-921.568664
-1686.274536
-2431.372558
-2882.353027
-2519.607910
-2039.215698
-1215.686279
-186.274520
696.078430
2323.529541
2764.706054
2901.960937
2656.862792
2205.882324
1500.000000
627.450988
-1303.921630
-2098.039306
-2647.058837
-2872.549072
-2794.117675
-2372.549072
-1774.509887
-901.960815
78.431373
921.568664
1676.470581
2401.960937
2774.509765
2862.745117
2049.019531
1294.117675
254.901962
-1558.823608
-2313.725585
-2784.313720
-2911.764648
-2676.470703
-2215.686279
-1509.803955
588.235290
1352.941162
2127.450927
2666.666748
2872.549072
2696.078369
2333.333496
656.862731
-303.921569
-1166.666748
-1941.176513
-2588.235351
-2862.745117
-2862.745117
-2450.980468
-1872.549072
-1039.215698
1039.215698
1784.313720
2480.392089
2813.725585
2892.156982
2509.803955
2029.411743
1235.294189
235.294128
-656.862731
-1450.980468
-2245.098144
-2774.509765
-2882.353027
-2676.470703
-2294.117675
-1627.451049
-666.666687
1274.509887
2058.823486
2637.254882
2852.941162
2794.117675
2382.353027
1803.921630
921.568664
-78.431373
-892.156860
-2509.803955
-2823.529541
-2911.764648
-2539.215820
-2049.019531
-1254.901977
-225.490203
1588.235351
2313.725585
2745.098144
2862.745117
2656.862792
2196.078369
1500.000000
588.235290
-372.549041
-1205.882324
-2656.862792
-2911.764648
-2774.509765
-2343.137207
-1764.705932
-872.549011
117.647064
1852.941162
2509.803955
2823.529541
2450.980468
1882.353027
1068.627441
39.215686
-774.509826
-1568.627441
-2333.333496
-2911.764648
-2588.235351
-2117.647216
-1343.137329
-323.529418
617.647094
1382.353027
2715.686279
2872.549072
2676.470703
2245.098144
1607.843139
656.862731
-303.921569
-1166.666748
-1931.372558
-2578.431396
-2882.353027
-2882.353027
-2460.784423
-1872.549072
-1039.215698
0.000000
696.078430
1470.588256
2754.902099
2882.353027
2647.058837
2176.470703
1509.803955
558.823547
-401.960784
-2117.647216
-2676.470703
-2872.549072
-2774.509765
-2362.745117
-1735.294189
-813.725524
1147.058837
1921.568603
2558.823486
2882.353027
2852.941162
2431.372558
931.372558
-39.215686
-862.745117
-1666.666748
-2382.353027
-2794.117675
-2911.764648
-2049.019531
-1254.901977
-245.098037
637.254943
1421.568603
2196.078369
2735.294189
2666.666748
2225.490234
1529.411743
549.019592
-401.960784
-1235.294189
-2009.803955
-2892.156982
-2784.313720
-2362.745117
-1754.901977
-843.137268
147.058822
1000.000000
1705.882324
2421.568603
2803.921630
2872.549072
2588.235351
2078.431396
1313.725463
294.117645
-598.039245
-1372.549072
-2176.470703
-2735.294189
-2901.960937
-2715.686279
-1568.627441
-578.431396
382.352935
1215.686279
1990.196166
2578.431396
2852.941162
2333.333496
1745.098022
862.745117
-107.843139
-980.392150
-1745.098022
-2470.588378
-2892.156982
-2509.803955
-2000.000000
-1274.509887
-254.901962
647.058837
1421.568603
2725.490234
2862.745117
2676.470703
2215.686279
1568.627441
568.627441
-372.549041
-2078.431396
-2686.274658
-2892.156982
-2774.509765
-2362.745117
-1735.294189
313.725494
1156.862792
1892.156860
2519.607910
2813.725585
2862.745117
2470.588378
980.392150
9.803922
-754.901977
-1529.411743
-2284.313720
-2774.509765
-2921.568603
-2147.058837
-1401.960815
-382.352935
558.823547
1323.529418
2127.450927
2676.470703
2715.686279
2264.705810
1676.470581
725.490234
-235.294128
-1098.039184
-1852.941162
-2558.823486
-2852.941162
-2911.764648
-2480.392089
-1921.568603
-1107.843139
-68.627449
754.901977
1539.215698
2284.313720
2745.098144
2598.039306
2156.862792
1431.372558
431.372558
-509.803924
-1313.725463
-2088.235351
-2901.960937
-2725.490234
-2294.117675
-1637.254882
-715.686279
274.509796
1107.843139
1882.353027
2519.607910
2843.137207
2892.156982
2490.196044
1950.980468
1176.470581
127.450981
-735.294128
-1509.803955
-2303.921630
-2921.568603
-2637.254882
-2176.470703
-1431.372558
-421.568634
539.215698
1313.725463
2078.431396
2656.862792
2892.156982
2784.313720
2372.549072
1754.901977
872.549011
-98.039215
-931.372558
-1715.686279
-2441.176513
-2921.568603
-2509.803955
-1990.196166
-1205.882324
-147.058822
735.294128
1500.000000
2745.098144
2892.156982
2656.862792
2205.882324
1529.411743
578.431396
-382.352935
-2098.039306
-2666.666748
-2901.960937
-2774.509765
-2362.745117
-1715.686279
323.529418
1156.862792
1921.568603
2519.607910
2843.137207
2862.745117
2450.980468
990.196105
0.000000
-686.274536
-1470.588256
-2274.509765
-2745.098144
-2892.156982
-2686.274658
-2245.098144
-1558.823608
-598.039245
362.745117
1205.882324
1950.980468
2539.215820
2843.137207
2843.137207
2450.980468
1882.353027
1049.019653
39.215686
-764.705871
-2431.372558
-2813.725585
-2911.764648
-2598.039306
-2137.254882
-1372.549072
-382.352935
1470.588256
2225.490234
2725.490234
2882.353027
2686.274658
2254.902099
529.411804
-431.372558
-1264.705932
-2049.019531
-2637.254882
-2882.353027
-2823.529541
-2411.764648
-1764.705932
-921.568664
68.627449
901.960815
1666.666748
2421.568603
2892.156982
2549.019775
2078.431396
1284.313720
274.509796
-598.039245
-1382.353027
-2764.706054
-2921.568603
-2686.274658
-2254.902099
-1578.431396
-588.235290
352.941192
1186.274536
1980.392211
2588.235351
2784.313720
2352.941162
1754.901977
882.352966
-78.431373
-921.568664
-1705.882324
-2803.921630
-2911.764648
-2529.411865
-2009.803955
-1225.490234
-205.882354
666.666687
1470.588256
2245.098144
2764.706054
2892.156982
2696.078369
2264.705810
1627.451049
705.882385
-264.705902
-1117.647094
-1901.960815
-2882.353027
-2852.941162
-2431.372558
-1823.529418
-950.980407
19.607843
843.137268
2421.568603
2784.313720
2882.353027
2578.431396
2098.039306
1352.941162
323.529418
-578.431396
-1362.745117
-2166.666748
-2892.156982
-2725.490234
-2235.294189
-1549.019653
-607.843139
401.960784
1215.686279
2617.647216
2872.549072
2813.725585
2382.353027
1764.705932
911.764709
-58.823532
-1813.725463
-2500.000000
-2833.333496
-2901.960937
-2549.019775
-2078.431396
-117.647064
745.098083
1500.000000
2215.686279
2705.882324
2862.745117
2666.666748
2264.705810
1627.451049
705.882385
-264.705902
-2000.000000
-2588.235351
-2852.941162
-2892.156982
-2460.784423
-1872.549072
-1049.019653
1029.411743
1803.921630
2460.784423
2803.921630
2872.549072
2490.196044
1147.058837
88.235298
-735.294128
-1529.411743
-2303.921630
-2784.313720
-2911.764648
-2156.862792
-1411.764770
-411.764709
509.803924
1294.117675
2088.235351
2647.058837
2686.274658
2284.313720
1676.470581
754.901977
-215.686279
-1078.431396
-1862.745117
-2539.215820
-2862.745117
-2901.960937
-1872.549072
-1009.803955
29.411766
862.745117
1637.254882
2401.960937
2784.313720
2892.156982
2627.450927
2166.666748
1460.784301
480.392150
-480.392150
-1274.509887
-2049.019531
-2872.549072
-2754.902099
-2343.137207
-1705.882324
-774.509826
176.470596
1019.607849
1774.509887
2490.196044
2813.725585
2441.176513
1911.764770
1107.843139
-931.372558
-1715.686279
-2441.176513
-2803.921630
-2901.960937
-2588.235351
-2098.039306
-166.666671
705.882385
1490.196166
2264.705810
2735.294189
2882.353027
2666.666748
1500.000000
598.039245
-372.549041
-1205.882324
-1980.392211
-2598.039306
-2862.745117
-2882.353027
-2470.588378
-1862.745117
-980.392150
9.803922
774.509826
1529.411743
2784.313720
2901.960937
2617.647216
2147.058837
1411.764770
431.372558
-529.411804
-2196.078369
-2705.882324
-2901.960937
-2715.686279
-2313.725585
-1637.254882
431.372558
1245.098022
1980.392211
2598.039306
2843.137207
2862.745117
2421.568603
852.941162
-117.647064
-950.980407
-1735.294189
-2470.588378
-2833.333496
-2901.960937
-2549.019775
-2068.627441
-1284.313720
764.705871
1549.019653
2303.921630
2735.294189
2901.960937
2666.666748
2225.490234
401.960784
-490.196075
-1323.529418
-2117.647216
-2696.078369
-2892.156982
-2764.706054
-1656.862792
-725.490234
264.705902
1098.039184
1833.333374
2519.607910
2813.725585
2872.549072
2490.196044
1960.784301
19.607843
-813.725524
-1588.235351
-2362.745117
-2774.509765
-2911.764648
-2637.254882
-1352.941162
-323.529418
607.843139
1372.549072
2147.058837
2676.470703
2862.745117
2715.686279
2303.921630
1705.882324
794.117675
-196.078430
-1049.019653
-1833.333374
-2519.607910
-2843.137207
-2931.372558
-2509.803955
-1058.823608
-19.607843
803.921569
1598.039184
2323.529541
2745.098144
2852.941162
2627.450927
2176.470703
1470.588256
509.803924
-431.372558
-1254.901977
-2039.215698
-2911.764648
-2745.098144
-2323.529541
-1725.490234
-813.725524
205.882354
1931.372558
2558.823486
2852.941162
2843.137207
2431.372558
1892.156860
1068.627441
-980.392150
-1754.901977
-2470.588378
-2803.921630
-2921.568603
-2568.627441
-2068.627441
-147.058822
735.294128
1529.411743
2264.705810
2735.294189
2862.745117
2676.470703
2225.490234
1578.431396
627.450988
-343.137268
-1196.078491
-1970.588256
-2578.431396
-2862.745117
-2882.353027
-2450.980468
-1833.333374
137.254898
1009.803955
1764.705932
2490.196044
2823.529541
2892.156982
2519.607910
2058.823486
1284.313720
274.509796
-1529.411743
-2303.921630
-2764.706054
-2911.764648
-2705.882324
-2205.882324
-1500.000000
509.803924
1294.117675
2088.235351
2656.862792
2882.353027
2774.509765
2372.549072
1774.509887
901.960815
-68.627449
-1794.117675
-2490.196044
-2823.529541
-2901.960937
-2509.803955
-2029.411743
-1215.686279
852.941162
1637.254882
2362.745117
2784.313720
2892.156982
2607.843261
2137.254882
1421.568603
450.980407
-460.784332
-1303.921630
-2078.431396
-2676.470703
-2882.353027
-2794.117675
-2372.549072
-1764.705932
-872.549011
1137.254882
1901.960815
2539.215820
2813.725585
2892.156982
2470.588378
1931.372558
1117.647094
88.235298
-745.098083
-1509.803955
-2284.313720
-2764.706054
-2911.764648
-2696.078369
-2245.098144
-1549.019653
-588.235290
1323.529418
2098.039306
2647.058837
2862.745117
2735.294189
2362.745117
1764.705932
872.549011
-107.843139
-970.588256
-2500.000000
-2833.333496
-2901.960937
-2539.215820
-2049.019531
-1274.509887
-245.098037
1578.431396
2313.725585
2745.098144
2882.353027
2647.058837
2196.078369
1529.411743
-549.019592
-1362.745117
-2147.058837
-2696.078369
-2911.764648
-2754.902099
-2352.941162
-666.666687
333.333343
1196.078491
1960.784301
2539.215820
2843.137207
2843.137207
2450.980468
1921.568603
1117.647094
-960.784301
-1705.882324
-2441.176513
-2813.725585
-2911.764648
-2558.823486
-1196.078491
-127.450981
715.686279
1490.196166
2274.509765
2735.294189
2852.941162
2166.666748
1431.372558
500.000000
-392.156860
-1225.490234
-1990.196166
-2627.450927
-2764.706054
-2343.137207
-1754.901977
-823.529418
147.058822
980.392150
1735.294189
2470.588378
2813.725585
2892.156982
1980.392211
1196.078491
176.470596
-696.078430
-1480.392211
-2254.902099
-2754.902099
-2647.058837
-2176.470703
-1490.196166
-490.196075
450.980407
1254.901977
2029.411743
2872.549072
2735.294189
2294.117675
1725.490234
813.725524
-147.058822
-1019.607849
-2539.215820
-2852.941162
-2921.568603
-2460.784423
-1921.568603
-1098.039184
980.392150
1745.098022
2431.372558
2774.509765
2872.549072
2578.431396
2088.235351
186.274520
-647.058837
-1441.176513
-2235.294189
-2745.098144
-2911.764648
-2705.882324
-1500.000000
-578.431396
411.764709
1205.882324
2000.000000
2558.823486
2862.745117
2392.156982
1803.921630
960.784301
-19.607843
-843.137268
-1627.451049
-2372.549072
-2911.764648
-2558.823486
-2088.235351
-1303.921630
-264.705902
617.647094
1401.960815
2176.470703
2715.686279
2892.156982
2715.686279
2284.313720
1666.666748
745.098083
-215.686279
-1098.039184
-1833.333374
-2529.411865
-2872.549072
-2441.176513
-1872.549072
-1009.803955
39.215686
852.941162
1607.843139
2794.117675
2892.156982
2568.627441
2088.235351
1313.725463
313.725494
-598.039245
-2254.902099
-2764.706054
-2901.960937
-2705.882324
-2264.705810
-1588.235351
500.000000
1254.901977
1990.196166
2578.431396
2852.941162
2843.137207
2421.568603
833.333374
-137.254898
-1019.607849
-1813.725463
-2509.803955
-2813.725585
-2862.745117
-1921.568603
-1107.843139
-39.215686
794.117675
1578.431396
2313.725585
2745.098144
2892.156982
2686.274658
2196.078369
401.960784
-519.607849
-1294.117675
-2117.647216
-2696.078369
-2901.960937
-2764.706054
-2372.549072
-1745.098022
-833.333374
1196.078491
1892.156860
2519.607910
2833.333496
2872.549072
2460.784423
1931.372558
-49.019607
-852.941162
-1647.058837
-2382.353027
-2803.921630
-2862.745117
-2617.647216
-1284.313720
-235.294128
656.862731
1421.568603
2205.882324
2696.078369
2872.549072
2676.470703
2294.117675
1676.470581
735.294128
-235.294128
-1098.039184
-1901.960815
-2529.411865
-2852.941162
-2931.372558
-2480.392089
-1019.607849
49.019607
852.941162
1617.647094
2352.941162
2794.117675
2892.156982
2088.235351
1333.333374
313.725494
-588.235290
-1382.353027
-2186.274658
-2715.686279
-2686.274658
-2235.294189
-1558.823608
-598.039245
382.352935
1205.882324
1990.196166
2578.431396
2843.137207
2843.137207
2421.568603
1852.941162
1019.607849
-1019.607849
-1794.117675
-2529.411865
-2882.353027
-2460.784423
-1892.156860
-1078.431396
-9.803922
745.098083
1539.215698
2774.509765
2882.353027
2598.039306
2166.666748
1450.980468
490.196075
-460.784332
-2137.254882
-2686.274658
-2892.156982
-2715.686279
-2303.921630
-1696.078491
-745.098083
225.490203
1068.627441
1833.333374
2843.137207
2862.745117
2441.176513
1892.156860
1058.823608
39.215686
-803.921569
-2421.568603
-2794.117675
-2911.764648
-2607.843261
-2117.647216
-1382.353027
-343.137268
1509.803955
2264.705810
2715.686279
2872.549072
2686.274658
2235.294189
1578.431396
607.843139
-362.745117
-1196.078491
-2627.450927
-2901.960937
-2813.725585
-2372.549072
-1764.705932
-882.352966
88.235298
1803.921630
2490.196044
2813.725585
2872.549072
2490.196044
2009.803955
1225.490234
245.098037
-627.450988
-1431.372558
-2225.490234
-2745.098144
-2901.960937
-2715.686279
-2284.313720
-1627.451049
-686.274536
313.725494
2029.411743
2607.843261
2882.353027
2833.333496
2392.156982
1794.117675
950.980407
-29.411766
-862.745117
-1647.058837
-2794.117675
-2892.156982
-2578.431396
-1156.862792
-137.254898
745.098083
1519.607910
2264.705810
2735.294189
2901.960937
2166.666748
1450.980468
480.392150
-450.980407
-1274.509887
-2019.607910
-2647.058837
-2754.902099
-2352.941162
-1725.490234
-803.921569
186.274520
1029.411743
1794.117675
2833.333496
2862.745117
2441.176513
1862.745117
1049.019653
19.607843
-774.509826
-2401.960937
-2803.921630
-2901.960937
-2617.647216
-2176.470703
-1401.960815
656.862731
1441.176513
2225.490234
2745.098144
2882.353027
2725.490234
2274.509765
558.823547
-411.764709
-1235.294189
-2000.000000
-2568.627441
-2852.941162
-2872.549072
-1784.313720
-901.960815
88.235298
901.960815
1676.470581
2352.941162
2764.706054
2852.941162
2598.039306
2156.862792
254.901962
-598.039245
-1382.353027
-2166.666748
-2745.098144
-2911.764648
-2715.686279
-1539.215698
-568.627441
421.568634
1225.490234
1980.392211
2568.627441
2843.137207
2343.137207
1735.294189
862.745117
-107.843139
-980.392150
-1754.901977
-2490.196044
-2882.353027
-2490.196044
-2000.000000
-1264.705932
-225.490203
676.470581
1470.588256
2745.098144
2882.353027
2156.862792
1392.156860
411.764709
-1431.372558
-2215.686279
-2735.294189
-2882.353027
-2686.274658
-2284.313720
-1607.843139
480.392150
1245.098022
2049.019531
2637.254882
2892.156982
2852.941162
2392.156982
803.921569
-166.666671
-1029.411743
-1833.333374
-2509.803955
-2833.333496
-2892.156982
-1882.353027
-1068.627441
9.803922
764.705871
1539.215698
2284.313720
2882.353027
2607.843261
2147.058837
1431.372558
431.372558
-480.392150
-1294.117675
-2715.686279
-2882.353027
-2725.490234
-2303.921630
-1666.666748
-725.490234
235.294128
1980.392211
2558.823486
2862.745117
2862.745117
2392.156982
1803.921630
1000.000000
68.627449
-764.705871
-1558.823608
-2333.333496
-2774.509765
-2921.568603
-2676.470703
-2205.882324
-1490.196166
-519.607849
460.784332
1284.313720
2019.607910
2598.039306
2833.333496
2843.137207
2401.960937
1823.529418
960.784301
-9.803922
-803.921569
-1588.235351
-2352.941162
-2754.902099
-2911.764648
-2676.470703
-1362.745117
-333.333343
598.039245
1372.549072
2137.254882
2696.078369
2872.549072
2235.294189
1607.843139
676.470581
-294.117645
-1176.470581
-1921.568603
-2558.823486
-2843.137207
-2431.372558
-1803.921630
-921.568664
58.823532
882.352966
2460.784423
2823.529541
2882.353027
2568.627441
2058.823486
1294.117675
274.509796
-1500.000000
-2235.294189
-2735.294189
-2901.960937
-2696.078369
-2254.902099
-1588.235351
509.803924
1294.117675
2078.431396
2656.862792
2872.549072
2803.921630
2352.941162
1764.705932
872.549011
-98.039215
-1823.529418
-2509.803955
-2833.333496
-2901.960937
-2519.607910
-2000.000000
-1294.117675
794.117675
1568.627441
2313.725585
2735.294189
2901.960937
2666.666748
2196.078369
411.764709
-529.411804
-1333.333374
-2117.647216
-2676.470703
-2892.156982
-2754.902099
-1637.254882
-696.078430
274.509796
1117.647094
1872.549072
2509.803955
2862.745117
2421.568603
1833.333374
1009.803955
9.803922
-764.705871
-1558.823608
-2333.333496
-2784.313720
-2901.960937
-2676.470703
-1392.156860
-401.960784
588.235290
1343.137329
2117.647216
2666.666748
2676.470703
2284.313720
1647.058837
725.490234
-254.901962
-1137.254882
-1901.960815
-2862.745117
-2852.941162
-2411.764648
-1843.137329
-950.980407
29.411766
833.333374
1637.254882
2362.745117
2754.902099
2872.549072
2637.254882
2186.274658
1480.392211
-627.450988
-1401.960815
-2215.686279
-2715.686279
-2901.960937
-2715.686279
-2303.921630
-568.627441
411.764709
1254.901977
2000.000000
2558.823486
2843.137207
2401.960937
1803.921630
970.588256
-29.411766
-852.941162
-1647.058837
-2392.156982
-2921.568603
-2568.627441
-2049.019531
-1284.313720
-245.098037
637.254943
1401.960815
2186.274658
2715.686279
2882.353027
2705.882324
2274.509765
1676.470581
745.098083
-215.686279
-1078.431396
-1852.941162
-2539.215820
-2843.137207
-2921.568603
-2490.196044
-1970.588256
0.000000
715.686279
1490.196166
2225.490234
2725.490234
2862.745117
2686.274658
1470.588256
480.392150
-450.980407
-1245.098022
-2029.411743
-2627.450927
-2882.353027
-2833.333496
-2392.156982
-1794.117675
-911.764709
78.431373
901.960815
2480.392089
2784.313720
2882.353027
2519.607910
2058.823486
1303.921630
313.725494
-1509.803955
-2313.725585
-2754.902099
-2921.568603
-2686.274658
-2235.294189
-1549.019653
549.019592
1313.725463
2117.647216
2647.058837
2852.941162
2754.902099
2343.137207
735.294128
-235.294128
-1107.843139
-1901.960815
-2539.215820
-2872.549072
-2911.764648
-1833.333374
-950.980407
9.803922
794.117675
1558.823608
2323.529541
2882.353027
2578.431396
2127.450927
1382.353027
362.745117
-529.411804
-1352.941162
-2745.098144
-2911.764648
-2715.686279
-2274.509765
-1617.647094
-696.078430
294.117645
2019.607910
2588.235351
2852.941162
2813.725585
2401.960937
1823.529418
960.784301
-1039.215698
-1803.921630
-2509.803955
-2833.333496
-2911.764648
-2500.000000
-2058.823486
-117.647064
774.509826
1519.607910
2284.313720
2764.706054
2882.353027
2156.862792
1450.980468
470.588256
-480.392150
-1313.725463
-2098.039306
-2637.254882
-2735.294189
-2303.921630
-1666.666748
-745.098083
225.490203
1058.823608
1833.333374
2519.607910
2843.137207
2892.156982
1892.156860
1088.235351
88.235298
-754.901977
-1539.215698
-2303.921630
-2764.706054
-2637.254882
-2147.058837
-1401.960815
-421.568634
539.215698
1303.921630
2088.235351
2882.353027
2696.078369
2264.705810
1637.254882
725.490234
-215.686279
-1098.039184
-2588.235351
-2852.941162
-2882.353027
-2421.568603
-1862.745117
-980.392150
-19.607843
803.921569
1588.235351
2343.137207
2764.706054
2882.353027
2656.862792
1362.745117
362.745117
-558.823547
-1352.941162
-2186.274658
-2715.686279
-2882.353027
-2264.705810
-1588.235351
-607.843139
362.745117
1176.470581
1950.980468
2549.019775
2803.921630
2372.549072
1774.509887
901.960815
-58.823532
-882.352966
-1666.666748
-2813.725585
-2901.960937
-2549.019775
-2058.823486
-1254.901977
-225.490203
656.862731
1431.372558
2205.882324
2715.686279
2666.666748
2215.686279
1519.607910
558.823547
-401.960784
-1215.686279
-2009.803955
-2882.353027
-2774.509765
-2352.941162
-1745.098022
-843.137268
137.254898
990.196105
1735.294189
2421.568603
2784.313720
2872.549072
2558.823486
2078.431396
1313.725463
303.921569
-617.647094
-1392.156860
-2176.470703
-2725.490234
-2901.960937
-2725.490234
-2323.529541
-1676.470581
-725.490234
235.294128
1088.235351
1843.137329
2519.607910
2843.137207
2892.156982
2480.392089
1980.392211
1196.078491
147.058822
-705.882385
-1480.392211
-2774.509765
-2911.764648
-2656.862792
-2176.470703
-1441.176513
-441.176483
490.196075
2166.666748
2715.686279
2892.156982
2705.882324
2284.313720
1656.862792
764.705871
-1215.686279
-1970.588256
-2598.039306
-2852.941162
-2882.353027
-2450.980468
-1872.549072
-1009.803955
19.607843
823.529418
2441.176513
2774.509765
2901.960937
2578.431396
2107.843261
1323.529418
343.137268
-568.627441
-1352.941162
-2166.666748
-2705.882324
-2872.549072
-2705.882324
-2294.117675
-1676.470581
-715.686279
274.509796
1117.647094
2568.627441
2843.137207
2872.549072
2431.372558
1882.353027
1058.823608
39.215686
-784.313720
-1578.431396
-2333.333496
-2911.764648
-2578.431396
-2107.843261
-1323.529418
-313.725494
607.843139
1401.960815
2725.490234
2892.156982
2696.078369
2254.902099
1588.235351
637.254943
-343.137268
-2049.019531
-2647.058837
-2892.156982
-2803.921630
-2382.353027
-1784.313720
284.313720
1147.058837
1852.941162
2509.803955
2813.725585
2892.156982
2509.803955
1941.176513
1147.058837
107.843139
-764.705871
-1529.411743
-2294.117675
-2774.509765
-2617.647216
-2147.058837
-1411.764770
656.862731
1431.372558
2205.882324
2725.490234
2901.960937
2696.078369
2294.117675
558.823547
-421.568634
-1245.098022
-2029.411743
-2617.647216
-2882.353027
-2852.941162
-1725.490234
-803.921569
186.274520
1029.411743
1794.117675
2480.392089
2794.117675
2892.156982
2519.607910
2039.215698
1235.294189
205.882354
-656.862731
-1460.784301
-2254.902099
-2725.490234
-2911.764648
-2705.882324
-1509.803955
-509.803924
470.588256
1254.901977
2019.607910
2588.235351
2852.941162
2823.529541
2392.156982
1813.725463
931.372558
-49.019607
-852.941162
-1656.862792
-2382.353027
-2784.313720
-2901.960937
-2637.254882
-1284.313720
-245.098037
627.450988
1392.156860
2147.058837
2686.274658
2882.353027
2235.294189
1558.823608
627.450988
-323.529418
-1186.274536
-1950.980468
-2568.627441
-2813.725585
-2392.156982
-1774.509887
-882.352966
88.235298
941.176513
1686.274536
2411.764648
2774.509765
2901.960937
2029.411743
1254.901977
235.294128
-647.058837
-1431.372558
-2225.490234
-2735.294189
-2686.274658
-2215.686279
-1519.607910
-519.607849
431.372558
1254.901977
2696.078369
2882.353027
2754.902099
2343.137207
1745.098022
882.352966
-107.843139
-1852.941162
-2519.607910
-2862.745117
-2911.764648
-2490.196044
-1970.588256
-1147.058837
911.764709
1676.470581
2411.764648
2784.313720
2882.353027
2607.843261
2127.450927
1411.764770
450.980407
-480.392150
-1313.725463
-2098.039306
-2686.274658
-2862.745117
-2774.509765
-2372.549072
-1774.509887
274.509796
1107.843139
1862.745117
2509.803955
2833.333496
2882.353027
2470.588378
1019.607849
-9.803922
-813.725524
-1607.843139
-2343.137207
-2774.509765
-2892.156982
-2127.450927
-1392.156860
-323.529418
588.235290
1362.745117
2117.647216
2676.470703
2862.745117
2754.902099
2343.137207
656.862731
-303.921569
-1166.666748
-1941.176513
-2568.627441
-2872.549072
-2882.353027
-1813.725463
-901.960815
88.235298
901.960815
1666.666748
2372.549072
2901.960937
2549.019775
2078.431396
1303.921630
284.313720
-607.843139
-1411.764770
-2754.902099
-2872.549072
-2705.882324
-2254.902099
-1578.431396
-578.431396
382.352935
1215.686279
2000.000000
2539.215820
2833.333496
2382.353027
1823.529418
941.176513
-19.607843
-862.745117
-1666.666748
-2833.333496
-2921.568603
-2578.431396
-2068.627441
-1284.313720
-274.509796
637.254943
2264.705810
2715.686279
2892.156982
2647.058837
2235.294189
1549.019653
617.647094
-1294.117675
-2088.235351
-2676.470703
-2901.960937
-2774.509765
-2362.745117
-1745.098022
-862.745117
137.254898
980.392150
2509.803955
2813.725585
2872.549072
2470.588378
2000.000000
1284.313720
284.313720
-1529.411743
-2323.529541
-2764.706054
-2911.764648
-2666.666748
-2205.882324
-1500.000000
529.411804
1313.725463
2107.843261
2676.470703
2862.745117
2754.902099
2343.137207
1754.901977
862.745117
-117.647064
-1833.333374
-2529.411865
-2852.941162
-2441.176513
-1843.137329
-990.196105
-19.607843
813.725524
1598.039184
2333.333496
2882.353027
2558.823486
2078.431396
1343.137329
352.941192
-558.823547
-1372.549072
-2745.098144
-2911.764648
-2705.882324
-2235.294189
-1549.019653
-598.039245
362.745117
1205.882324
1980.392211
2588.235351
2872.549072
2833.333496
2411.764648
1823.529418
1009.803955
-9.803922
-803.921569
-1598.039184
-2813.725585
-2921.568603
-2588.235351
-2107.843261
-1313.725463
-284.313720
617.647094
2274.509765
2745.098144
2892.156982
2666.666748
2235.294189
1598.039184
656.862731
-313.725494
-1186.274536
-1931.372558
-2588.235351
-2872.549072
-2882.353027
-2450.980468
-1882.353027
-1049.019653
-19.607843
823.529418
2411.764648
2784.313720
2901.960937
2588.235351
2117.647216
1343.137329
333.333343
-568.627441
-1382.353027
-2166.666748
-2725.490234
-2892.156982
-2696.078369
-1588.235351
-588.235290
372.549041
1176.470581
1970.588256
2558.823486
2843.137207
2372.549072
1774.509887
931.372558
-58.823532
-892.156860
-1676.470581
-2401.960937
-2901.960937
-2529.411865
-2058.823486
-1245.098022
-235.294128
647.058837
1421.568603
2735.294189
2872.549072
2686.274658
2235.294189
1568.627441
607.843139
-372.549041
-2078.431396
-2666.666748
-2882.353027
-2803.921630
-2382.353027
-1754.901977
313.725494
1117.647094
1872.549072
2509.803955
2803.921630
2882.353027
2450.980468
1039.215698
0.000000
-696.078430
-1470.588256
-2254.902099
-2745.098144
-2911.764648
-2176.470703
-1470.588256
-490.196075
470.588256
1264.705932
2049.019531
2617.647216
2882.353027
2843.137207
2392.156982
813.725524
-147.058822
-1009.803955
-1794.117675
-2500.000000
-2823.529541
-2892.156982
-1950.980468
-1137.254882
-98.039215
705.882385
1490.196166
2245.098144
2725.490234
2627.450927
2166.666748
1470.588256
490.196075
-431.372558
-1274.509887
-2068.627441
-2882.353027
-2754.902099
-2343.137207
-1705.882324
-774.509826
196.078430
1049.019653
1784.313720
2480.392089
2794.117675
2441.176513
1911.764770
1117.647094
88.235298
-715.686279
-1509.803955
-2313.725585
-2911.764648
-2637.254882
-2166.666748
-1411.764770
-382.352935
549.019592
1323.529418
2107.843261
2666.666748
2882.353027
2254.902099
1617.647094
725.490234
-1254.901977
-2009.803955
-2627.450927
-2882.353027
-2833.333496
-2421.568603
-1813.725463
225.490203
1068.627441
1823.529418
2490.196044
2843.137207
2872.549072
2490.196044
1107.843139
58.823532
-754.901977
-1549.019653
-2294.117675
-2764.706054
-2911.764648
-2166.666748
-1411.764770
-401.960784
529.411804
1313.725463
2088.235351
2647.058837
2901.960937
2774.509765
2343.137207
1745.098022
872.549011
-88.235298
-941.176513
-1705.882324
-2441.176513
-2843.137207
-2892.156982
-2568.627441
-2078.431396
-1303.921630
764.705871
1539.215698
2274.509765
2745.098144
2852.941162
2676.470703
2235.294189
460.784332
-460.784332
-1303.921630
-2078.431396
-2686.274658
-2892.156982
-2803.921630
-1656.862792
-725.490234
274.509796
1107.843139
1862.745117
2500.000000
2803.921630
2882.353027
2500.000000
2078.431396
1303.921630
294.117645
-607.843139
-1392.156860
-2176.470703
-2725.490234
-2911.764648
-2715.686279
-1539.215698
-578.431396
401.960784
1205.882324
1980.392211
2578.431396
2862.745117
2352.941162
1754.901977
862.745117
-98.039215
-950.980407
-1705.882324
-2421.568603
-2794.117675
-2921.568603
-2598.039306
-2127.450927
-1362.745117
-313.725494
588.235290
1382.353027
2147.058837
2666.666748
2872.549072
2235.294189
1578.431396
647.058837
-343.137268
-1186.274536
-1941.176513
-2588.235351
-2813.725585
-2372.549072
-1784.313720
-882.352966
98.039215
911.764709
1686.274536
2382.353027
2764.706054
2892.156982
2617.647216
2137.254882
1401.960815
431.372558
-500.000000
-1264.705932
-2058.823486
-2627.450927
-2754.902099
-2343.137207
-1715.686279
-794.117675
166.666671
1049.019653
1794.117675
2490.196044
2813.725585
2882.353027
1911.764770
1107.843139
88.235298
-735.294128
-1539.215698
-2294.117675
-2764.706054
-2617.647216
-2137.254882
-1382.353027
-352.941192
568.627441
1352.941162
2127.450927
2882.353027
2666.666748
2254.902099
1637.254882
696.078430
-284.313720
-1137.254882
-2588.235351
-2882.353027
-2862.745117
-2421.568603
-1833.333374
-950.980407
1058.823608
1833.333374
2490.196044
2813.725585
2882.353027
2500.000000
2049.019531
156.862747
-715.686279
-1519.607910
-2264.705810
-2754.902099
-2911.764648
-2705.882324
-1460.784301
-450.980407
500.000000
1225.490234
2009.803955
2578.431396
2872.549072
2343.137207
1735.294189
862.745117
-117.647064
-1009.803955
-1784.313720
-2460.784423
-2823.529541
-2901.960937
-2529.411865
-1127.451049
-68.627449
754.901977
1509.803955
2264.705810
2735.294189
2892.156982
2147.058837
1450.980468
480.392150
-470.588256
-1284.313720
-2078.431396
-2656.862792
-2715.686279
-2313.725585
-1656.862792
-745.098083
245.098037
1078.431396
2568.627441
2862.745117
2882.353027
2421.568603
1862.745117
1058.823608
19.607843
-1735.294189
-2431.372558
-2803.921630
-2901.960937
-2578.431396
-2117.647216
-1333.333374
745.098083
1509.803955
2274.509765
2745.098144
2892.156982
2666.666748
2225.490234
1588.235351
637.254943
-343.137268
-2068.627441
-2647.058837
-2892.156982
-2823.529541
-2411.764648
-1784.313720
-872.549011
88.235298
911.764709
1676.470581
2382.353027
2754.902099
2882.353027
2617.647216
2166.666748
294.117645
-607.843139
-1401.960815
-2205.882324
-2725.490234
-2911.764648
-2705.882324
-2284.313720
-1637.254882
-705.882385
1264.705932
2029.411743
2607.843261
2862.745117
2823.529541
2392.156982
1774.509887
-225.490203
-1088.235351
-1862.745117
-2539.215820
-2852.941162
-2911.764648
-2480.392089
-1960.784301
-1156.862792
-107.843139
1705.882324
2411.764648
2813.725585
2490.196044
2009.803955
1225.490234
225.490203
-637.254943
-1450.980468
-2225.490234
-2911.764648
-2686.274658
-2205.882324
-1509.803955
-529.411804
441.176483
1245.098022
2686.274658
2852.941162
2764.706054
2333.333496
1745.098022
843.137268
-117.647064
-1852.941162
-2539.215820
-2852.941162
-2911.764648
-2480.392089
-1901.960815
-1098.039184
-88.235298
774.509826
1529.411743
2774.509765
2901.960937
2627.450927
2137.254882
1392.156860
411.764709
-509.803924
-2166.666748
-2715.686279
-2892.156982
-2725.490234
-2294.117675
-1637.254882
431.372558
1225.490234
2000.000000
2529.411865
2843.137207
2872.549072
2431.372558
911.764709
-58.823532
-872.549011
-1666.666748
-2401.960937
-2774.509765
-2892.156982
-2068.627441
-1274.509887
-264.705902
617.647094
1392.156860
2166.666748
2715.686279
2656.862792
2215.686279
1558.823608
607.843139
-382.352935
-1225.490234
-1970.588256
-2901.960937
-2803.921630
-2401.960937
-1764.705932
-892.156860
117.647064
1852.941162
2490.196044
2833.333496
2901.960937
2470.588378
1960.784301
1166.666748
-892.156860
-1656.862792
-2411.764648
-2803.921630
-2892.156982
-2617.647216
-2127.450927
-245.098037
637.254943
1401.960815
2196.078369
2725.490234
2892.156982
2686.274658
1549.019653
607.843139
-352.941192
-1215.686279
-2000.000000
-2568.627441
-2862.745117
-2401.960937
-1813.725463
-941.176513
58.823532
882.352966
1637.254882
2823.529541
2901.960937
2539.215820
2078.431396
1323.529418
284.313720
-607.843139
-1431.372558
-2205.882324
-2715.686279
-2892.156982
-2705.882324
-2294.117675
-1637.254882
460.784332
1254.901977
2039.215698
2617.647216
2882.353027
2823.529541
2392.156982
1784.313720
931.372558
-39.215686
-892.156860
-1656.862792
-2411.764648
-2803.921630
-2911.764648
-2617.647216
-2137.254882
-1382.353027
696.078430
1460.784301
2225.490234
2715.686279
2872.549072
2705.882324
2264.705810
549.019592
-421.568634
-1264.705932
-2029.411743
-2637.254882
-2882.353027
-2823.529541
-1725.490234
-813.725524
196.078430
1058.823608
1774.509887
2460.784423
2892.156982
2450.980468
1892.156860
1117.647094
88.235298
-725.490234
-1519.607910
-2774.509765
-2892.156982
-2647.058837
-2176.470703
-1441.176513
-431.372558
519.607849
1294.117675
2088.235351
2637.254882
2705.882324
2303.921630
1656.862792
745.098083
-215.686279
-1088.235351
-1852.941162
-2862.745117
-2872.549072
-2421.568603
-1872.549072
-1009.803955
19.607843
833.333374
2411.764648
2774.509765
2882.353027
2578.431396
2127.450927
1372.549072
392.156860
-1470.588256
-2274.509765
-2764.706054
-2901.960937
-2696.078369
-2254.902099
-1627.451049
-676.470581
313.725494
1166.666748
1931.372558
2549.019775
2823.529541
2392.156982
1774.509887
950.980407
-29.411766
-852.941162
-1647.058837
-2401.960937
-2892.156982
-2558.823486
-2049.019531
-1294.117675
-254.901962
617.647094
1411.764770
2735.294189
2862.745117
2666.666748
2205.882324
1539.215698
598.039245
-382.352935
-2088.235351
-2686.274658
-2901.960937
-2774.509765
-2352.941162
-1745.098022
-852.941162
127.450981
1000.000000
1725.490234
2803.921630
