-2117.647216
-1352.941162
-323.529418
598.039245
1392.156860
2186.274658
2705.882324
2882.353027
2715.686279
2303.921630
666.666687
-323.529418
-1166.666748
-1970.588256
-2568.627441
-2862.745117
-2901.960937
-2441.176513
-1882.353027
-1049.019653
-9.803922
813.725524
1588.235351
2323.529541
2754.902099
2872.549072
2647.058837
2196.078369
411.764709
-529.411804
-1333.333374
-2117.647216
-2686.274658
-2872.549072
-2764.706054
-1647.058837
-705.882385
264.705902
1117.647094
1882.353027
2539.215820
2823.529541
2901.960937
2480.392089
1941.176513
1147.058837
117.647064
-754.901977
-1529.411743
-2294.117675
-2784.313720
-2901.960937
-2696.078369
-1431.372558
-411.764709
529.411804
1313.725463
2078.431396
2656.862792
2862.745117
2284.313720
1637.254882
705.882385
-245.098037
-1098.039184
-1843.137329
-2529.411865
-2882.353027
-2441.176513
-1862.745117
-990.196105
19.607843
794.117675
1568.627441
2323.529541
2754.902099
2852.941162
2127.450927
1392.156860
401.960784
-1421.568603
-2235.294189
-2745.098144
-2892.156982
-2715.686279
-2274.509765
-1607.843139
500.000000
1215.686279
1990.196166
2568.627441
2843.137207
2833.333496
2421.568603
862.745117
-98.039215
-950.980407
-1705.882324
-2421.568603
-2823.529541
-2892.156982
-2588.235351
-2107.843261
-1333.333374
-303.921569
598.039245
1392.156860
2166.666748
2705.882324
2882.353027
2686.274658
2303.921630
656.862731
-333.333343
-1186.274536
-1950.980468
-2578.431396
-2882.353027
-2872.549072
-2450.980468
-1862.745117
-1000.000000
980.392150
1735.294189
2450.980468
2784.313720
2882.353027
2539.215820
2088.235351
186.274520
-676.470581
-1450.980468
-2235.294189
-2754.902099
-2901.960937
-2676.470703
-1509.803955
-549.019592
431.372558
1235.294189
2009.803955
2617.647216
2892.156982
2823.529541
2372.549072
1813.725463
960.784301
-29.411766
-862.745117
-1656.862792
-2372.549072
-2794.117675
-2892.156982
-2627.450927
-1284.313720
-254.901962
656.862731
1401.960815
2176.470703
2686.274658
2872.549072
2715.686279
2294.117675
1656.862792
725.490234
-225.490203
-1107.843139
-1862.745117
-2539.215820
-2882.353027
-2901.960937
-2490.196044
-1039.215698
19.607843
823.529418
1598.039184
2323.529541
2745.098144
2862.745117
2107.843261
1343.137329
352.941192
-568.627441
-1372.549072
-2166.666748
-2705.882324
-2911.764648
-2725.490234
-2303.921630
-627.450988
352.941192
1196.078491
1960.784301
2549.019775
2843.137207
2852.941162
1813.725463
941.176513
-39.215686
-872.549011
-1676.470581
-2392.156982
-2774.509765
-2568.627441
-2049.019531
-1274.509887
-274.509796
627.450988
1401.960815
2735.294189
2862.745117
2656.862792
2235.294189
1539.215698
617.647094
-343.137268
-1196.078491
-1980.392211
-2588.235351
-2872.549072
-2362.745117
-1764.705932
-852.941162
127.450981
1000.000000
1715.686279
2823.529541
2862.745117
2500.000000
2058.823486
1313.725463
284.313720
-627.450988
-2254.902099
-2754.902099
-2882.353027
-2696.078369
-2264.705810
-1578.431396
-598.039245
1313.725463
2107.843261
2656.862792
2872.549072
2754.902099
2362.745117
1745.098022
862.745117
-107.843139
-960.784301
-2490.196044
-2833.333496
-2901.960937
-2509.803955
-2019.607910
-1215.686279
-196.078430
1637.254882
2352.941162
2774.509765
2901.960937
2627.450927
2166.666748
1460.784301
-588.235290
-1382.353027
-2166.666748
-2735.294189
-2901.960937
-2725.490234
-2323.529541
-588.235290
372.549041
1196.078491
1960.784301
2558.823486
2862.745117
2392.156982
1774.509887
921.568664
-88.235298
-901.960815
-1656.862792
-2411.764648
-2784.313720
-2911.764648
-2598.039306
-2137.254882
-245.098037
647.058837
1401.960815
2137.254882
2666.666748
2882.353027
2205.882324
1539.215698
588.235290
-372.549041
-1235.294189
-2000.000000
-2568.627441
-2862.745117
-2882.353027
-2450.980468
-1911.764770
78.431373
921.568664
1686.274536
2392.156982
2764.706054
2892.156982
2588.235351
2147.058837
1401.960815
421.568634
-519.607849
-1323.529418
-2117.647216
-2686.274658
-2901.960937
-2754.902099
-2372.549072
-1725.490234
323.529418
1156.862792
1931.372558
2578.431396
2843.137207
2852.941162
2450.980468
1911.764770
1088.235351
68.627449
-1686.274536
-2411.764648
-2823.529541
-2519.607910
-2019.607910
-1225.490234
-205.882354
696.078430
1470.588256
2225.490234
2872.549072
2666.666748
2196.078369
1500.000000
617.647094
-352.941192
-1186.274536
-2666.666748
-2882.353027
-2794.117675
-2382.353027
-1754.901977
-872.549011
98.039215
1803.921630
2500.000000
2803.921630
2862.745117
2519.607910
2049.019531
1313.725463
313.725494
-607.843139
-1401.960815
-2754.902099
-2921.568603
-2705.882324
-2264.705810
-1558.823608
-617.647094
352.941192
2068.627441
2637.254882
2872.549072
2803.921630
2382.353027
1774.509887
921.568664
-39.215686
-882.352966
-1656.862792
-2401.960937
-2803.921630
-2901.960937
-2627.450927
-2156.862792
-1411.764770
-392.156860
539.215698
2186.274658
2705.882324
2882.353027
2696.078369
2303.921630
1666.666748
725.490234
-1245.098022
-2019.607910
-2588.235351
-2862.745117
-2852.941162
-2421.568603
-1813.725463
196.078430
1019.607849
1784.313720
2480.392089
2784.313720
2872.549072
1921.568603
1137.254882
117.647064
-764.705871
-1539.215698
-2303.921630
-2774.509765
-2627.450927
-2156.862792
-1401.960815
-421.568634
529.411804
1313.725463
2098.039306
2882.353027
2705.882324
2284.313720
1627.451049
735.294128
-225.490203
-1107.843139
-2588.235351
-2862.745117
-2872.549072
-2441.176513
-1872.549072
-980.392150
-19.607843
803.921569
1568.627441
2313.725585
2735.294189
2882.353027
2627.450927
2205.882324
1509.803955
529.411804
-421.568634
-1264.705932
-2715.686279
-2882.353027
-2754.902099
-2333.333496
-1705.882324
-803.921569
176.470596
1921.568603
2539.215820
2833.333496
2401.960937
1813.725463
-166.666671
-1049.019653
-1813.725463
-2519.607910
-2823.529541
-2901.960937
-2500.000000
-1127.451049
-88.235298
745.098083
1509.803955
2254.902099
2725.490234
2872.549072
2196.078369
1470.588256
490.196075
-460.784332
-1264.705932
-2029.411743
-2617.647216
-2735.294189
-2333.333496
-1696.078491
-745.098083
225.490203
1068.627441
1813.725463
2480.392089
2794.117675
2882.353027
1911.764770
1078.431396
58.823532
-1686.274536
-2431.372558
-2823.529541
-2901.960937
-2588.235351
-2117.647216
-1343.137329
735.294128
1529.411743
2284.313720
2745.098144
2901.960937
2676.470703
2205.882324
460.784332
-490.196075
-1284.313720
-2068.627441
-2637.254882
-2892.156982
-2794.117675
-2372.549072
-1764.705932
-882.352966
1137.254882
1911.764770
2549.019775
2852.941162
2892.156982
2441.176513
1872.549072
-49.019607
-872.549011
-1647.058837
-2382.353027
-2784.313720
-2892.156982
-2627.450927
-1313.725463
-274.509796
607.843139
1401.960815
2166.666748
2696.078369
2666.666748
2215.686279
1568.627441
598.039245
-362.745117
-1225.490234
-1990.196166
-2872.549072
-2794.117675
-2362.745117
-1774.509887
-852.941162
117.647064
1000.000000
2480.392089
2843.137207
2852.941162
2490.196044
1990.196166
1225.490234
215.686279
-1598.039184
-2343.137207
-2784.313720
-2921.568603
-2647.058837
-2186.274658
-1460.784301
-441.176483
490.196075
1274.509887
2039.215698
2617.647216
2843.137207
2784.313720
2382.353027
1764.705932
901.960815
-58.823532
-1803.921630
-2500.000000
-2813.725585
-2892.156982
-2549.019775
-2068.627441
-1284.313720
784.313720
1549.019653
2284.313720
2725.490234
2882.353027
2656.862792
1411.764770
421.568634
-509.803924
-1313.725463
-2127.450927
-2666.666748
-2892.156982
-2294.117675
-1647.058837
-686.274536
294.117645
1147.058837
1882.353027
2539.215820
2852.941162
2411.764648
1833.333374
970.588256
-9.803922
-794.117675
-1568.627441
-2833.333496
-2882.353027
-2588.235351
-2107.843261
-1333.333374
-313.725494
598.039245
1362.745117
2147.058837
2686.274658
2676.470703
2245.098144
1637.254882
-460.784332
-1274.509887
-2058.823486
-2647.058837
-2882.353027
-2823.529541
-2382.353027
-1794.117675
-892.156860
107.843139
980.392150
1705.882324
2421.568603
2784.313720
2872.549072
2568.627441
2107.843261
1333.333374
343.137268
-578.431396
-1382.353027
-2166.666748
-2901.960937
-2715.686279
-2235.294189
-1558.823608
-578.431396
372.549041
1196.078491
1980.392211
2588.235351
2843.137207
2833.333496
2421.568603
1794.117675
1000.000000
68.627449
-774.509826
-1549.019653
-2303.921630
-2774.509765
-2901.960937
-2647.058837
-1401.960815
-401.960784
539.215698
1294.117675
2078.431396
2666.666748
2852.941162
2254.902099
1656.862792
715.686279
-274.509796
-1107.843139
-1901.960815
-2558.823486
-2852.941162
-2431.372558
-1803.921630
-950.980407
39.215686
833.333374
1637.254882
2794.117675
2901.960937
2568.627441
2088.235351
1313.725463
323.529418
-568.627441
-2245.098144
-2725.490234
-2892.156982
-2696.078369
-2254.902099
-1598.039184
-598.039245
352.941192
1196.078491
1960.784301
2862.745117
2813.725585
2392.156982
1764.705932
901.960815
-39.215686
-862.745117
-2470.588378
-2813.725585
-2901.960937
-2519.607910
-2068.627441
-1274.509887
784.313720
1558.823608
2313.725585
2735.294189
2892.156982
2676.470703
2225.490234
401.960784
-509.803924
-1303.921630
-2117.647216
-2656.862792
-2892.156982
-2764.706054
-1666.666748
-715.686279
264.705902
1107.843139
1852.941162
2500.000000
2823.529541
2450.980468
1872.549072
1098.039184
68.627449
-735.294128
-1529.411743
-2294.117675
-2911.764648
-2617.647216
-2137.254882
-1392.156860
-372.549041
549.019592
1323.529418
2098.039306
2647.058837
2852.941162
2754.902099
2343.137207
1754.901977
892.156860
-78.431373
-921.568664
-1705.882324
-2421.568603
-2911.764648
-2529.411865
-2049.019531
-1205.882324
-166.666671
666.666687
1470.588256
2235.294189
2745.098144
2892.156982
2176.470703
1480.392211
529.411804
-441.176483
-1215.686279
-2049.019531
-2627.450927
-2882.353027
-2833.333496
-2401.960937
-1774.509887
-921.568664
58.823532
862.745117
1666.666748
2794.117675
2882.353027
2529.411865
2029.411743
1274.509887
264.705902
-627.450988
-2294.117675
-2764.706054
-2901.960937
-2676.470703
-2225.490234
-1549.019653
519.607849
1294.117675
2088.235351
2656.862792
2872.549072
2794.117675
2352.941162
715.686279
-264.705902
-1127.451049
-1872.549072
-2539.215820
-2833.333496
-2911.764648
-2500.000000
-1980.392211
-1176.470581
911.764709
1656.862792
2392.156982
2774.509765
2872.549072
2617.647216
2166.666748
274.509796
-617.647094
-1411.764770
-2186.274658
-2735.294189
-2892.156982
-2696.078369
-1549.019653
-568.627441
431.372558
1225.490234
1970.588256
2568.627441
2833.333496
2833.333496
2421.568603
1823.529418
-166.666671
-1039.215698
-1823.529418
-2509.803955
-2823.529541
-2892.156982
-2509.803955
-1078.431396
-29.411766
784.313720
1578.431396
2333.333496
2774.509765
2872.549072
2637.254882
2166.666748
1480.392211
490.196075
-450.980407
-1264.705932
-2039.215698
-2627.450927
-2872.549072
-2823.529541
-2401.960937
-813.725524
205.882354
1049.019653
1794.117675
2470.588378
2813.725585
2872.549072
2490.196044
2000.000000
1323.529418
-754.901977
-1539.215698
-2323.529541
-2774.509765
-2901.960937
-2676.470703
-2196.078369
-1500.000000
-617.647094
362.745117
1186.274536
1960.784301
2578.431396
2843.137207
2862.745117
1784.313720
931.372558
-58.823532
-901.960815
-1666.666748
-2382.353027
-2794.117675
-2911.764648
-2607.843261
-2137.254882
-225.490203
656.862731
1441.176513
2215.686279
2735.294189
2872.549072
2686.274658
1519.607910
549.019592
-401.960784
-1225.490234
-2009.803955
-2588.235351
-2862.745117
-2862.745117
-2421.568603
-1813.725463
-950.980407
19.607843
843.137268
1617.647094
2323.529541
2764.706054
2872.549072
2637.254882
1333.333374
323.529418
-578.431396
-1372.549072
-2156.862792
-2705.882324
-2911.764648
-2254.902099
-1578.431396
-588.235290
362.745117
1196.078491
1941.176513
2549.019775
2823.529541
2862.745117
2421.568603
1901.960815
1058.823608
49.019607
-754.901977
-1539.215698
-2323.529541
-2764.706054
-2911.764648
-2147.058837
-1401.960815
-382.352935
558.823547
1333.333374
2137.254882
2686.274658
2676.470703
2264.705810
1637.254882
725.490234
-245.098037
-1098.039184
-1852.941162
-2882.353027
-2872.549072
-2431.372558
-1833.333374
-990.196105
0.000000
686.274536
1450.980468
2215.686279
2686.274658
2872.549072
2686.274658
2245.098144
1666.666748
696.078430
-274.509796
-1137.254882
-1892.156860
-2892.156982
-2843.137207
-2401.960937
-1784.313720
-950.980407
29.411766
843.137268
2431.372558
2784.313720
2852.941162
2549.019775
2078.431396
1323.529418
313.725494
-568.627441
-1372.549072
-2156.862792
-2892.156982
-2696.078369
-2225.490234
-470.588256
490.196075
1274.509887
2068.627441
2617.647216
2862.745117
2803.921630
1676.470581
794.117675
-176.470596
-1039.215698
-1813.725463
-2519.607910
-2862.745117
-2450.980468
-1892.156860
-1058.823608
-39.215686
803.921569
1598.039184
2313.725585
2872.549072
2598.039306
2137.254882
1401.960815
411.764709
-529.411804
-1313.725463
-2127.450927
-2666.666748
-2921.568603
-2274.509765
-1647.058837
-725.490234
274.509796
1137.254882
1901.960815
2529.411865
2833.333496
2862.745117
2470.588378
980.392150
0.000000
-686.274536
-1480.392211
-2274.509765
-2725.490234
-2901.960937
-2186.274658
-1460.784301
-460.784332
1411.764770
2196.078369
2715.686279
2892.156982
2696.078369
2284.313720
1656.862792
-382.352935
-1225.490234
-1990.196166
-2598.039306
-2882.353027
-2872.549072
-2431.372558
-1833.333374
-980.392150
29.411766
1745.098022
2480.392089
2794.117675
2882.353027
2529.411865
2058.823486
1303.921630
-745.098083
-1519.607910
-2294.117675
-2764.706054
-2882.353027
-2715.686279
-2215.686279
-411.764709
519.607849
1333.333374
2098.039306
2647.058837
2862.745117
2764.706054
2343.137207
1764.705932
882.352966
-1107.843139
-1872.549072
-2529.411865
-2843.137207
-2921.568603
-2490.196044
-1941.176513
-1107.843139
-49.019607
745.098083
1500.000000
2215.686279
2725.490234
2862.745117
2676.470703
1490.196166
529.411804
-421.568634
-1274.509887
-2039.215698
-2637.254882
-2882.353027
-2343.137207
-1725.490234
-794.117675
196.078430
1058.823608
1764.705932
2872.549072
2892.156982
2450.980468
1911.764770
1117.647094
88.235298
-715.686279
-2372.549072
-2774.509765
-2892.156982
-2647.058837
-2186.274658
-1450.980468
-431.372558
1411.764770
2176.470703
2715.686279
2882.353027
2715.686279
2264.705810
1666.666748
-382.352935
-1245.098022
-1990.196166
-2598.039306
-2862.745117
-2862.745117
-2441.176513
-823.529418
156.862747
1000.000000
1705.882324
2431.372558
2784.313720
2901.960937
2588.235351
2098.039306
1372.549072
-686.274536
-1480.392211
-2274.509765
-2754.902099
-2892.156982
-2696.078369
-2245.098144
-480.392150
480.392150
1264.705932
2029.411743
2637.254882
2872.549072
2313.725585
1696.078491
803.921569
-156.862747
-1049.019653
-1823.529418
-2519.607910
-2872.549072
-2470.588378
-1911.764770
-1088.235351
-29.411766
813.725524
1588.235351
2343.137207
2745.098144
2862.745117
2098.039306
1372.549072
382.352935
-539.215698
-1352.941162
-2137.254882
-2705.882324
-2696.078369
-2274.509765
-1598.039184
-637.254943
333.333343
1156.862792
1921.568603
2862.745117
2823.529541
2372.549072
1784.313720
921.568664
-39.215686
-852.941162
-1656.862792
-2392.156982
-2794.117675
-2549.019775
-2058.823486
-1254.901977
-245.098037
647.058837
1401.960815
2166.666748
2892.156982
2696.078369
2225.490234
1539.215698
598.039245
-382.352935
-1215.686279
-2656.862792
-2892.156982
-2784.313720
-2343.137207
-1745.098022
-833.333374
1137.254882
1892.156860
2549.019775
2872.549072
2872.549072
2450.980468
1921.568603
1117.647094
117.647064
-745.098083
-1509.803955
-2284.313720
-2774.509765
-2901.960937
-2166.666748
-1431.372558
-392.156860
1431.372558
2215.686279
2705.882324
2862.745117
2676.470703
2245.098144
1637.254882
-431.372558
-1235.294189
-2039.215698
-2627.450927
-2872.549072
-2862.745117
-2421.568603
-813.725524
196.078430
1049.019653
1784.313720
2470.588378
2813.725585
2882.353027
1892.156860
1127.451049
107.843139
-754.901977
-1529.411743
-2333.333496
-2754.902099
-2627.450927
-2156.862792
-1401.960815
-411.764709
529.411804
1323.529418
2725.490234
2882.353027
2686.274658
2264.705810
1656.862792
735.294128
-254.901962
-1941.176513
-2578.431396
-2882.353027
-2872.549072
-2460.784423
-1872.549072
-1000.000000
980.392150
1745.098022
2431.372558
2803.921630
2901.960937
2568.627441
2078.431396
225.490203
-666.666687
-1441.176513
-2254.902099
-2745.098144
-2901.960937
-2686.274658
-1500.000000
-617.647094
382.352935
1205.882324
1980.392211
2558.823486
2764.706054
2343.137207
1754.901977
911.764709
-88.235298
-892.156860
-1676.470581
-2813.725585
-2901.960937
-2539.215820
-2049.019531
-1274.509887
-235.294128
656.862731
1431.372558
2196.078369
2705.882324
2872.549072
2676.470703
2274.509765
1676.470581
-450.980407
-1264.705932
-2058.823486
-2617.647216
-2882.353027
-2823.529541
-2401.960937
-823.529418
166.666671
1029.411743
1794.117675
2460.784423
2803.921630
2441.176513
1882.353027
1078.431396
68.627449
-774.509826
-1549.019653
-2313.725585
-2784.313720
-2901.960937
-2666.666748
-2196.078369
-401.960784
539.215698
1323.529418
2098.039306
2647.058837
2862.745117
2284.313720
1656.862792
725.490234
-254.901962
-1127.451049
-1882.353027
-2549.019775
-2852.941162
-2411.764648
-1794.117675
-960.784301
9.803922
794.117675
1568.627441
2774.509765
2882.353027
2627.450927
2137.254882
1392.156860
431.372558
-500.000000
-2147.058837
-2686.274658
-2911.764648
-2725.490234
-2313.725585
-1754.901977
-784.313720
205.882354
1049.019653
1803.921630
2803.921630
2852.941162
2450.980468
1872.549072
1098.039184
117.647064
-764.705871
-2401.960937
-2803.921630
-2911.764648
-2617.647216
-2127.450927
-1401.960815
-392.156860
1460.784301
2215.686279
2725.490234
2852.941162
2647.058837
2254.902099
549.019592
-411.764709
-1264.705932
-2039.215698
-2627.450927
-2892.156982
-2833.333496
-1754.901977
-813.725524
176.470596
1039.215698
1794.117675
2490.196044
2803.921630
2450.980468
1852.941162
1098.039184
78.431373
-754.901977
-1529.411743
-2313.725585
-2901.960937
-2617.647216
-2156.862792
-1392.156860
-382.352935
558.823547
1313.725463
2117.647216
2647.058837
2882.353027
2274.509765
1627.451049
686.274536
-274.509796
-1137.254882
-1911.764770
-2549.019775
-2852.941162
-2411.764648
-1823.529418
-950.980407
39.215686
862.745117
1607.843139
2352.941162
2764.706054
2862.745117
2607.843261
2166.666748
1421.568603
441.176483
-490.196075
-1284.313720
-2049.019531
-2627.450927
-2735.294189
-2294.117675
-1696.078491
-754.901977
254.901962
1088.235351
1852.941162
2509.803955
2813.725585
2882.353027
2490.196044
1970.588256
1196.078491
-882.352966
-1656.862792
-2401.960937
-2794.117675
-2901.960937
-2627.450927
-2137.254882
-264.705902
637.254943
1441.176513
2205.882324
2705.882324
2892.156982
2705.882324
1539.215698
568.627441
-392.156860
-1225.490234
-1980.392211
-2588.235351
-2862.745117
-2362.745117
-1725.490234
-813.725524
147.058822
1009.803955
1784.313720
2470.588378
2813.725585
2872.549072
2500.000000
1225.490234
205.882354
-637.254943
-1460.784301
-2235.294189
-2745.098144
-2882.353027
-2196.078369
-1480.392211
-490.196075
450.980407
1245.098022
2019.607910
2588.235351
2833.333496
2833.333496
2392.156982
794.117675
-156.862747
-1039.215698
-2539.215820
-2843.137207
-2921.568603
-2470.588378
-1921.568603
-1088.235351
-58.823532
1705.882324
2441.176513
2803.921630
2892.156982
2568.627441
2088.235351
1343.137329
-715.686279
-1509.803955
-2303.921630
-2754.902099
-2901.960937
-2686.274658
-2215.686279
-421.568634
529.411804
1303.921630
2107.843261
2647.058837
2872.549072
2294.117675
1705.882324
754.901977
-225.490203
-1088.235351
-1852.941162
-2519.607910
-2852.941162
-2892.156982
-2490.196044
-1911.764770
0.000000
705.882385
1480.392211
2245.098144
2735.294189
2872.549072
2686.274658
2254.902099
1598.039184
656.862731
-1274.509887
-2068.627441
-2617.647216
-2725.490234
-2313.725585
-1725.490234
-764.705871
205.882354
1078.431396
1813.725463
2852.941162
2852.941162
2421.568603
1872.549072
1058.823608
49.019607
-794.117675
-1568.627441
-2323.529541
-2774.509765
-2607.843261
-2127.450927
-1352.941162
-333.333343
588.235290
1333.333374
2137.254882
2882.353027
2666.666748
2235.294189
1607.843139
647.058837
-313.725494
-1166.666748
-2617.647216
-2901.960937
-2833.333496
-2411.764648
-1784.313720
-901.960815
68.627449
882.352966
1666.666748
2372.549072
2774.509765
2892.156982
2627.450927
2156.862792
1450.980468
450.980407
-480.392150
-1294.117675
-2725.490234
-2901.960937
-2715.686279
-2303.921630
-1725.490234
-784.313720
215.686279
1921.568603
2529.411865
2862.745117
2852.941162
2450.980468
1921.568603
1078.431396
19.607843
-794.117675
-1568.627441
-2813.725585
-2911.764648
-2598.039306
-1264.705932
-215.686279
676.470581
1450.980468
2196.078369
2686.274658
2862.745117
2676.470703
2264.705810
1656.862792
715.686279
-254.901962
-1117.647094
-1862.745117
-2558.823486
-2862.745117
-2901.960937
-2470.588378
-1862.745117
-1088.235351
-58.823532
784.313720
2411.764648
2803.921630
2882.353027
2598.039306
2127.450927
1411.764770
411.764709
-1421.568603
-2205.882324
-2754.902099
-2901.960937
-2705.882324
-2284.313720
-558.823547
421.568634
1215.686279
2009.803955
2607.843261
2882.353027
2833.333496
1735.294189
813.725524
-156.862747
-990.196105
-1764.705932
-2480.392089
-2813.725585
-2500.000000
-2009.803955
-1225.490234
-186.274520
715.686279
1460.784301
2245.098144
2862.745117
2627.450927
2186.274658
1460.784301
490.196075
-450.980407
-1264.705932
-2029.411743
-2627.450927
-2852.941162
-2323.529541
-1715.686279
-794.117675
215.686279
1068.627441
1843.137329
2509.803955
2843.137207
2421.568603
1843.137329
1029.411743
9.803922
-754.901977
-1529.411743
-2774.509765
-2901.960937
-2647.058837
-2166.666748
-1411.764770
-392.156860
539.215698
1284.313720
2098.039306
2656.862792
2872.549072
2794.117675
2362.745117
1774.509887
862.745117
-137.254898
-980.392150
-1725.490234
-2843.137207
-2892.156982
-2490.196044
-1980.392211
-1166.666748
-98.039215
715.686279
1539.215698
2264.705810
2705.882324
2862.745117
2656.862792
2225.490234
1568.627441
637.254943
-352.941192
-1205.882324
-1980.392211
-2901.960937
-2784.313720
-2352.941162
-1754.901977
-852.941162
156.862747
1009.803955
1794.117675
2480.392089
2784.313720
2470.588378
1931.372558
1137.254882
117.647064
-754.901977
-1529.411743
-2303.921630
-2892.156982
-2637.254882
-2127.450927
-1372.549072
-362.745117
558.823547
1343.137329
2137.254882
2676.470703
2862.745117
2705.882324
2343.137207
1754.901977
803.921569
-156.862747
-1019.607849
-1794.117675
-2500.000000
-2901.960937
-2490.196044
-1950.980468
-1166.666748
-137.254898
745.098083
1500.000000
2225.490234
2735.294189
2892.156982
2676.470703
2254.902099
1656.862792
715.686279
-254.901962
-1137.254882
-1901.960815
-2872.549072
-2833.333496
-2411.764648
-843.137268
137.254898
970.588256
1735.294189
2431.372558
2784.313720
2862.745117
1960.784301
1186.274536
156.862747
-715.686279
-1500.000000
-2215.686279
-2745.098144
-2666.666748
-2215.686279
-1490.196166
-490.196075
480.392150
1254.901977
2049.019531
2588.235351
2852.941162
2813.725585
2382.353027
1774.509887
970.588256
19.607843
-1725.490234
-2460.784423
-2813.725585
-2911.764648
-2568.627441
-2068.627441
-127.450981
745.098083
1529.411743
2284.313720
2745.098144
2862.745117
2666.666748
1441.176513
441.176483
-500.000000
-1235.294189
-2019.607910
-2617.647216
-2872.549072
-2823.529541
-2411.764648
-1784.313720
245.098037
1068.627441
1843.137329
2500.000000
2813.725585
2882.353027
2529.411865
2009.803955
1274.509887
303.921569
-627.450988
-2264.705810
-2754.902099
-2901.960937
-2686.274658
-2225.490234
-1549.019653
-607.843139
382.352935
1205.882324
1960.784301
2578.431396
2843.137207
2862.745117
2431.372558
1794.117675
1019.607849
-19.607843
-843.137268
-2441.176513
-2823.529541
-2872.549072
-2568.627441
-2078.431396
-1333.333374
-294.117645
1558.823608
2284.313720
2764.706054
2872.549072
2666.666748
2205.882324
441.176483
-500.000000
-1254.901977
-2039.215698
-2627.450927
-2872.549072
-2823.529541
-1735.294189
-794.117675
215.686279
1058.823608
1803.921630
2460.784423
2803.921630
2450.980468
1872.549072
1088.235351
88.235298
-735.294128
-1519.607910
-2284.313720
-2764.706054
-2892.156982
-2676.470703
-1431.372558
-411.764709
529.411804
1294.117675
2098.039306
2637.254882
2862.745117
2284.313720
1686.274536
735.294128
-245.098037
-1088.235351
-1872.549072
-2539.215820
-2843.137207
-2441.176513
-1813.725463
-980.392150
9.803922
774.509826
1539.215698
2764.706054
2862.745117
2607.843261
2147.058837
1441.176513
421.568634
-500.000000
-2127.450927
-2686.274658
-2911.764648
-2735.294189
-2323.529541
-1686.274536
382.352935
1205.882324
1970.588256
2558.823486
2823.529541
2823.529541
2421.568603
882.352966
-68.627449
-892.156860
-1676.470581
-2441.176513
-2794.117675
-2911.764648
-2029.411743
-1235.294189
-196.078430
705.882385
1460.784301
2235.294189
2735.294189
2656.862792
2205.882324
362.745117
-539.215698
-1343.137329
-2745.098144
-2892.156982
-2696.078369
-2274.509765
-1627.451049
-656.862731
323.529418
2009.803955
2588.235351
2872.549072
2852.941162
2401.960937
1784.313720
970.588256
-1049.019653
-1813.725463
-2509.803955
-2833.333496
-2892.156982
-2509.803955
-2009.803955
-1196.078491
-147.058822
735.294128
2343.137207
2764.706054
2892.156982
2647.058837
2186.274658
1460.784301
509.803924
-1382.353027
-2147.058837
-2696.078369
-2892.156982
-2725.490234
-2313.725585
-1705.882324
382.352935
1205.882324
1980.392211
2588.235351
2852.941162
2843.137207
1725.490234
852.941162
-127.450981
-970.588256
-1725.490234
-2441.176513
-2823.529541
-2500.000000
-2029.411743
-1205.882324
-186.274520
686.274536
1470.588256
2245.098144
2862.745117
2637.254882
2186.274658
1470.588256
490.196075
-460.784332
-1284.313720
-2686.274658
-2892.156982
-2735.294189
-2323.529541
-1696.078491
-774.509826
235.294128
1068.627441
1843.137329
2519.607910
2843.137207
2421.568603
1823.529418
-88.235298
-931.372558
-1696.078491
-2431.372558
-2813.725585
-2911.764648
-2607.843261
-2107.843261
-1323.529418
-303.921569
1558.823608
2294.117675
2725.490234
2862.745117
2647.058837
2205.882324
1549.019653
-539.215698
-1333.333374
-2137.254882
-2696.078369
-2892.156982
-2745.098144
-2343.137207
-696.078430
303.921569
1166.666748
1901.960815
2529.411865
2823.529541
2852.941162
1794.117675
941.176513
-9.803922
-784.313720
-1578.431396
-2333.333496
-2774.509765
-2598.039306
-2117.647216
-1382.353027
-343.137268
568.627441
1352.941162
2725.490234
2872.549072
2676.470703
2254.902099
1647.058837
696.078430
-254.901962
-1990.196166
-2617.647216
-2882.353027
-2862.745117
-2401.960937
-1794.117675
-960.784301
1088.235351
1843.137329
2490.196044
2803.921630
2901.960937
2490.196044
2009.803955
1235.294189
196.078430
-696.078430
-2323.529541
-2764.706054
-2911.764648
-2686.274658
-2196.078369
-1480.392211
-529.411804
1382.353027
2166.666748
2676.470703
2862.745117
2696.078369
2323.529541
1715.686279
784.313720
-215.686279
-1078.431396
-1852.941162
-2509.803955
-2862.745117
-2901.960937
-2490.196044
-1931.372558
-1147.058837
-117.647064
1686.274536
2401.960937
2774.509765
2882.353027
2568.627441
2107.843261
1392.156860
411.764709
-519.607849
-1333.333374
-2725.490234
-2911.764648
-2705.882324
-2284.313720
-1627.451049
-696.078430
284.313720
2009.803955
2568.627441
2852.941162
2813.725585
2411.764648
1794.117675
1009.803955
0.000000
-715.686279
-1519.607910
-2284.313720
-2754.902099
-2892.156982
-2696.078369
-2245.098144
-1558.823608
-617.647094
372.549041
1186.274536
1960.784301
2568.627441
2843.137207
2843.137207
2431.372558
1872.549072
-107.843139
-970.588256
-1735.294189
-2450.980468
-2833.333496
-2911.764648
-2578.431396
-1196.078491
-166.666671
715.686279
1500.000000
2235.294189
2715.686279
2882.353027
2686.274658
2264.705810
1666.666748
715.686279
-274.509796
-1147.058837
-1892.156860
-2539.215820
-2862.745117
-2892.156982
-2490.196044
-960.784301
-9.803922
794.117675
1558.823608
2284.313720
2735.294189
2862.745117
2137.254882
1392.156860
372.549041
-500.000000
-1294.117675
-2078.431396
-2647.058837
-2735.294189
-2303.921630
-1686.274536
-754.901977
264.705902
1098.039184
2578.431396
2843.137207
2862.745117
2441.176513
1823.529418
1009.803955
0.000000
-1637.254882
-2392.156982
-2803.921630
-2911.764648
-2637.254882
-2147.058837
-1431.372558
676.470581
1431.372558
2176.470703
2696.078369
2872.549072
2676.470703
2294.117675
607.843139
-362.745117
-1215.686279
-1980.392211
-2617.647216
-2872.549072
-2843.137207
-1784.313720
-852.941162
137.254898
980.392150
1735.294189
2441.176513
2901.960937
2500.000000
2049.019531
1294.117675
264.705902
-617.647094
-1401.960815
-2764.706054
-2892.156982
-2696.078369
-2245.098144
-1568.627441
-578.431396
392.156860
2078.431396
2627.450927
2852.941162
2764.706054
2362.745117
1784.313720
921.568664
-1107.843139
-1872.549072
-2539.215820
-2862.745117
-2901.960937
-2480.392089
-1931.372558
29.411766
852.941162
1637.254882
2343.137207
2754.902099
2872.549072
2647.058837
2186.274658
1460.784301
490.196075
-441.176483
-1254.901977
-2058.823486
-2637.254882
-2882.353027
-2813.725585
-2401.960937
-1784.313720
264.705902
1107.843139
1852.941162
2529.411865
2823.529541
2852.941162
2470.588378
1911.764770
1166.666748
156.862747
-735.294128
-1529.411743
-2303.921630
-2774.509765
-2901.960937
-2676.470703
-2235.294189
-1509.803955
539.215698
1343.137329
2137.254882
2696.078369
2872.549072
2735.294189
2323.529541
1735.294189
833.333374
-156.862747
-1921.568603
-2558.823486
-2852.941162
-2882.353027
-2470.588378
-1862.745117
-1068.627441
1009.803955
1774.509887
2470.588378
2803.921630
2882.353027
2509.803955
1156.862792
127.450981
-735.294128
-1519.607910
-2274.509765
-2754.902099
-2921.568603
-2156.862792
-1441.176513
-421.568634
509.803924
1284.313720
2078.431396
2647.058837
2696.078369
2313.725585
1715.686279
754.901977
-215.686279
-1078.431396
-1833.333374
-2862.745117
-2852.941162
-2421.568603
-1813.725463
-970.588256
9.803922
784.313720
1558.823608
2313.725585
2774.509765
2901.960937
2666.666748
2186.274658
1500.000000
647.058837
-323.529418
-1176.470581
-1960.784301
-2872.549072
-2813.725585
-2392.156982
-1774.509887
-901.960815
78.431373
901.960815
2450.980468
2774.509765
2882.353027
2529.411865
2068.627441
1313.725463
294.117645
-617.647094
-1421.568603
-2196.078369
-2725.490234
-2911.764648
-2715.686279
-2264.705810
-1656.862792
-715.686279
303.921569
1147.058837
2578.431396
2843.137207
2823.529541
2401.960937
1803.921630
1000.000000
49.019607
-1676.470581
-2431.372558
-2803.921630
-2921.568603
-2598.039306
-2117.647216
-1372.549072
705.882385
1519.607910
2245.098144
2754.902099
2872.549072
2666.666748
1460.784301
509.803924
-431.372558
-1245.098022
-2039.215698
-2617.647216
-2882.353027
-2313.725585
-1735.294189
-774.509826
205.882354
1039.215698
1803.921630
2490.196044
2852.941162
2441.176513
1852.941162
1088.235351
58.823532
-764.705871
-1549.019653
-2323.529541
-2774.509765
-2901.960937
-2127.450927
-1382.353027
-372.549041
539.215698
1313.725463
2127.450927
2686.274658
2686.274658
2245.098144
1647.058837
725.490234
-264.705902
-1107.843139
-1882.353027
-2892.156982
-2862.745117
-2421.568603
-1813.725463
-960.784301
29.411766
852.941162
1617.647094
2343.137207
2764.706054
2892.156982
2637.254882
2196.078369
1460.784301
490.196075
-460.784332
-1264.705932
-2058.823486
-2892.156982
-2725.490234
-2333.333496
-1686.274536
-745.098083
235.294128
1068.627441
1823.529418
2509.803955
2833.333496
2441.176513
1813.725463
1009.803955
-1019.607849
-1794.117675
-2500.000000
-2823.529541
-2892.156982
-2549.019775
-2058.823486
-127.450981
745.098083
1490.196166
2264.705810
2735.294189
2892.156982
2666.666748
2235.294189
1539.215698
598.039245
-1303.921630
-2098.039306
-2656.862792
-2901.960937
-2784.313720
-2382.353027
-1764.705932
294.117645
1137.254882
1901.960815
2549.019775
2833.333496
2882.353027
2460.784423
1000.000000
49.019607
-774.509826
-1558.823608
-2313.725585
-2764.706054
-2882.353027
-2166.666748
-1401.960815
-382.352935
539.215698
1323.529418
2078.431396
2656.862792
2882.353027
2764.706054
2352.941162
1774.509887
833.333374
-127.450981
-1000.000000
-1715.686279
-2460.784423
-2833.333496
-2911.764648
-1980.392211
-1176.470581
-127.450981
745.098083
1529.411743
2254.902099
2725.490234
2656.862792
2186.274658
1450.980468
490.196075
-460.784332
-1264.705932
-2078.431396
-2901.960937
-2715.686279
-2333.333496
-1725.490234
-764.705871
225.490203
1088.235351
1843.137329
2519.607910
2794.117675
2882.353027
2490.196044
1990.196166
1196.078491
166.666671
-705.882385
-1480.392211
-2245.098144
-2745.098144
-2901.960937
-2715.686279
-1460.784301
-450.980407
470.588256
1284.313720
2068.627441
2637.254882
2882.353027
2313.725585
1676.470581
803.921569
-176.470596
-1049.019653
-1813.725463
-2509.803955
-2843.137207
-2882.353027
-2509.803955
-2000.000000
-1254.901977
-245.098037
1568.627441
2323.529541
2754.902099
2862.745117
2647.058837
2205.882324
1500.000000
-519.607849
-1313.725463
-2098.039306
-2656.862792
-2892.156982
-2784.313720
-2362.745117
-725.490234
245.098037
1107.843139
1843.137329
2509.803955
2833.333496
2901.960937
1794.117675
1019.607849
-9.803922
-774.509826
-1578.431396
-2343.137207
-2774.509765
-2892.156982
-2666.666748
-2196.078369
-352.941192
578.431396
1323.529418
2117.647216
2666.666748
2872.549072
2745.098144
1637.254882
676.470581
-303.921569
-1166.666748
-1960.784301
-2558.823486
-2862.745117
-2421.568603
-1784.313720
-931.372558
58.823532
892.156860
1656.862792
2794.117675
2892.156982
2529.411865
2039.215698
1284.313720
274.509796
-617.647094
-2284.313720
-2735.294189
-2892.156982
-2705.882324
-2225.490234
-1549.019653
-568.627441
1323.529418
2117.647216
2696.078369
2882.353027
2715.686279
2343.137207
1735.294189
-313.725494
-1166.666748
-1931.372558
-2588.235351
-2862.745117
-2882.353027
-1794.117675
-901.960815
68.627449
892.156860
1656.862792
2382.353027
2784.313720
2519.607910
2049.019531
1313.725463
294.117645
-617.647094
-1401.960815
-2215.686279
-2725.490234
-2892.156982
-2715.686279
-2284.313720
-1656.862792
-696.078430
284.313720
1137.254882
1892.156860
2519.607910
2823.529541
2892.156982
2470.588378
1911.764770
1176.470581
-921.568664
-1686.274536
-2441.176513
-2803.921630
-2892.156982
-2598.039306
-2117.647216
-215.686279
676.470581
1441.176513
2215.686279
2725.490234
2872.549072
2186.274658
1490.196166
519.607849
-421.568634
-1245.098022
-2009.803955
-2607.843261
-2735.294189
-2343.137207
-1745.098022
-823.529418
166.666671
1019.607849
1784.313720
2852.941162
2872.549072
2441.176513
1852.941162
1078.431396
58.823532
-754.901977
-2382.353027
-2774.509765
-2901.960937
-2627.450927
-2147.058837
-1411.764770
656.862731
1411.764770
2186.274658
2696.078369
2872.549072
2696.078369
2264.705810
598.039245
-372.549041
-1196.078491
-1960.784301
-2598.039306
-2872.549072
-2872.549072
-1784.313720
-911.764709
107.843139
941.176513
1705.882324
2401.960937
2784.313720
2509.803955
2000.000000
1294.117675
294.117645
-617.647094
-1392.156860
-2166.666748
-2735.294189
-2892.156982
-2696.078369
-1549.019653
-578.431396
411.764709
1225.490234
1970.588256
2568.627441
2843.137207
2352.941162
1725.490234
843.137268
-107.843139
-960.784301
-1725.490234
-2470.588378
-2892.156982
-2500.000000
-2039.215698
-1254.901977
-225.490203
676.470581
1441.176513
2205.882324
2696.078369
2852.941162
2225.490234
1539.215698
539.215698
-401.960784
-1254.901977
-1990.196166
-2627.450927
-2774.509765
-2362.745117
-1745.098022
-843.137268
156.862747
1009.803955
1794.117675
2470.588378
2823.529541
2862.745117
2519.607910
2019.607910
1274.509887
245.098037
-598.039245
-1382.353027
-2186.274658
-2745.098144
-2696.078369
-2235.294189
-1529.411743
-568.627441
411.764709
1215.686279
1980.392211
2588.235351
2862.745117
2803.921630
2392.156982
1784.313720
970.588256
-1039.215698
-1794.117675
-2500.000000
-2833.333496
-2911.764648
-2529.411865
-2029.411743
-88.235298
754.901977
1549.019653
2274.509765
2754.902099
2892.156982
2686.274658
1441.176513
470.588256
-480.392150
-1274.509887
-2029.411743
-2607.843261
-2862.745117
-2323.529541
-1686.274536
-754.901977
264.705902
1098.039184
1852.941162
2519.607910
2862.745117
2882.353027
2470.588378
1019.607849
19.607843
-794.117675
-1607.843139
-2352.941162
-2794.117675
-2901.960937
-2098.039306
-1323.529418
-303.921569
607.843139
1362.745117
2156.862792
2705.882324
2882.353027
2715.686279
2274.509765
1696.078491
784.313720
-186.274520
-1058.823608
-1823.529418
-2529.411865
-2852.941162
-2901.960937
-1843.137329
-1029.411743
0.000000
705.882385
1509.803955
2245.098144
2735.294189
2852.941162
2676.470703
2235.294189
519.607849
-421.568634
-1254.901977
-2039.215698
-2627.450927
-2882.353027
-2843.137207
-1754.901977
-794.117675
196.078430
1039.215698
1784.313720
2509.803955
2813.725585
2460.784423
1892.156860
1127.451049
98.039215
-725.490234
-1490.196166
-2284.313720
-2901.960937
-2647.058837
-1323.529418
-303.921569
607.843139
2245.098144
2725.490234
2852.941162
2676.470703
2235.294189
1607.843139
647.058837
-1284.313720
-2078.431396
-2647.058837
-2872.549072
-2794.117675
-2392.156982
-1784.313720
274.509796
1098.039184
1843.137329
2519.607910
2833.333496
2872.549072
2480.392089
1029.411743
19.607843
-813.725524
-1617.647094
-2343.137207
-2784.313720
-2911.764648
-2637.254882
-2176.470703
-1450.980468
617.647094
1392.156860
2156.862792
2676.470703
2843.137207
2696.078369
2313.725585
1715.686279
764.705871
-205.882354
-1068.627441
-1843.137329
-2519.607910
-2852.941162
-2892.156982
-2480.392089
-1941.176513
-1147.058837
921.568664
1696.078491
2382.353027
2754.902099
2901.960937
2598.039306
2147.058837
1431.372558
441.176483
-509.803924
-2186.274658
-2715.686279
-2911.764648
-2235.294189
-1539.215698
-588.235290
392.156860
1225.490234
1990.196166
2558.823486
2774.509765
2352.941162
1784.313720
882.352966
-88.235298
-892.156860
-1696.078491
-2843.137207
-2911.764648
-2519.607910
-2029.411743
-1235.294189
-215.686279
686.274536
2313.725585
2754.902099
2882.353027
2647.058837
2196.078369
1509.803955
549.019592
-382.352935
-1235.294189
-2000.000000
-2892.156982
-2813.725585
-2362.745117
-1774.509887
-872.549011
88.235298
901.960815
2500.000000
2784.313720
2901.960937
2578.431396
2078.431396
1352.941162
352.941192
-1500.000000
-2225.490234
-2735.294189
-2892.156982
-2696.078369
-2284.313720
-1637.254882
450.980407
1254.901977
2039.215698
2617.647216
2872.549072
2833.333496
1735.294189
794.117675
-166.666671
-1039.215698
-1833.333374
-2509.803955
-2833.333496
-2460.784423
-1813.725463
-1009.803955
9.803922
774.509826
1529.411743
2284.313720
2882.353027
2588.235351
2127.450927
1392.156860
401.960784
-500.000000
-1245.098022
-2676.470703
-2872.549072
-2764.706054
-2343.137207
-1754.901977
-833.333374
166.666671
1019.607849
1764.705932
2460.784423
2882.353027
2460.784423
1921.568603
1127.451049
107.843139
-745.098083
-1529.411743
-2794.117675
-2892.156982
-2607.843261
-2137.254882
-1401.960815
-372.549041
549.019592
1323.529418
2098.039306
2637.254882
2872.549072
2735.294189
2352.941162
1754.901977
852.941162
-117.647064
-990.196105
-1735.294189
-2852.941162
-2892.156982
-2470.588378
-1911.764770
-1147.058837
-98.039215
705.882385
2343.137207
2754.902099
2882.353027
2617.647216
2176.470703
1460.784301
519.607849
-441.176483
-1235.294189
-2039.215698
-2637.254882
-2892.156982
-2813.725585
-2382.353027
-1764.705932
-872.549011
88.235298
901.960815
2470.588378
2833.333496
2892.156982
2509.803955
2049.019531
1294.117675
264.705902
-1519.607910
-2303.921630
-2754.902099
-2911.764648
-2686.274658
-2196.078369
-1490.196166
-529.411804
431.372558
1254.901977
2009.803955
2598.039306
2852.941162
2843.137207
2411.764648
1843.137329
960.784301
0.000000
-1617.647094
-2382.353027
-2803.921630
-2911.764648
-2656.862792
-2166.666748
-1431.372558
627.450988
1411.764770
2196.078369
2676.470703
2862.745117
2686.274658
2284.313720
1686.274536
735.294128
-235.294128
-1107.843139
-1872.549072
-2578.431396
-2843.137207
-2901.960937
-2490.196044
-1901.960815
-1127.451049
941.176513
1705.882324
2421.568603
2803.921630
2892.156982
2568.627441
2107.843261
1372.549072
352.941192
-558.823547
-1343.137329
-2127.450927
-2696.078369
-2901.960937
-2735.294189
-2333.333496
-1715.686279
-774.509826
215.686279
1058.823608
1803.921630
2852.941162
2872.549072
2450.980468
1852.941162
1088.235351
68.627449
-764.705871
-2401.960937
-2794.117675
-2911.764648
-2617.647216
-2137.254882
-1411.764770
-372.549041
1460.784301
2225.490234
2745.098144
2892.156982
2676.470703
2264.705810
1637.254882
705.882385
-294.117645
-1117.647094
-1901.960815
-2578.431396
-2862.745117
-2882.353027
-2470.588378
-1872.549072
-1088.235351
-29.411766
1715.686279
2421.568603
2784.313720
2892.156982
2578.431396
2078.431396
1323.529418
343.137268
-578.431396
-1382.353027
-2186.274658
-2715.686279
-2911.764648
-2705.882324
-2303.921630
-1647.058837
-735.294128
264.705902
1980.392211
2568.627441
2852.941162
2833.333496
2401.960937
1823.529418
1000.000000
-980.392150
-1754.901977
-2470.588378
-2813.725585
-2882.353027
-2558.823486
-2078.431396
-137.254898
725.490234
1500.000000
2205.882324
2725.490234
2852.941162
2205.882324
1480.392211
558.823547
-421.568634
-1264.705932
-2039.215698
-2617.647216
-2735.294189
-2333.333496
-1705.882324
-774.509826
205.882354
1058.823608
1813.725463
2823.529541
2872.549072
2460.784423
1843.137329
1058.823608
58.823532
-754.901977
-2411.764648
-2774.509765
-2901.960937
-2607.843261
-2137.254882
-1392.156860
696.078430
1470.588256
2196.078369
2705.882324
2882.353027
2696.078369
2264.705810
558.823547
-392.156860
-1205.882324
-2000.000000
-2588.235351
-2862.745117
-2892.156982
-1784.313720
-911.764709
98.039215
911.764709
1656.862792
2392.156982
2774.509765
2529.411865
2049.019531
1284.313720
264.705902
-617.647094
-1401.960815
-2205.882324
-2892.156982
-2705.882324
-2225.490234
-1539.215698
-568.627441
411.764709
1225.490234
1990.196166
2598.039306
2862.745117
2352.941162
1764.705932
862.745117
-1137.254882
-1901.960815
-2558.823486
-2872.549072
-2892.156982
-2470.588378
-1892.156860
58.823532
901.960815
1676.470581
2382.353027
2764.706054
2872.549072
2617.647216
1323.529418
274.509796
-617.647094
-1362.745117
-2176.470703
-2725.490234
-2901.960937
-2725.490234
-2313.725585
-1696.078491
-764.705871
235.294128
1078.431396
1852.941162
2500.000000
2833.333496
2852.941162
2509.803955
1137.254882
88.235298
-725.490234
-1519.607910
-2274.509765
-2745.098144
-2892.156982
-2186.274658
-1421.568603
-450.980407
519.607849
1294.117675
2068.627441
2627.450927
2686.274658
2284.313720
1696.078491
784.313720
-186.274520
-1068.627441
-1833.333374
-2872.549072
-2882.353027
-2470.588378
-1843.137329
-1009.803955
-19.607843
1745.098022
2441.176513
2813.725585
2882.353027
2549.019775
2039.215698
1294.117675
-745.098083
-1509.803955
-2294.117675
-2745.098144
-2911.764648
-2686.274658
-2215.686279
-411.764709
519.607849
1284.313720
2117.647216
2647.058837
2882.353027
2764.706054
2343.137207
1754.901977
901.960815
-1098.039184
-1872.549072
-2539.215820
-2862.745117
-2901.960937
-2500.000000
-2000.000000
-137.254898
754.901977
1539.215698
2284.313720
2764.706054
2921.568603
2656.862792
2215.686279
1539.215698
598.039245
-1313.725463
-2098.039306
-2656.862792
-2882.353027
-2774.509765
-2372.549072
-1784.313720
-852.941162
147.058822
990.196105
1725.490234
2421.568603
2794.117675
2892.156982
2568.627441
1215.686279
196.078430
-696.078430
-1460.784301
-2254.902099
-2754.902099
-2901.960937
-2205.882324
-1480.392211
-490.196075
460.784332
1245.098022
2019.607910
2872.549072
2745.098144
2372.549072
1754.901977
843.137268
-127.450981
-990.196105
-2519.607910
-2833.333496
-2901.960937
-2509.803955
-1990.196166
-1176.470581
-147.058822
1666.666748
2382.353027
2774.509765
2892.156982
2617.647216
2176.470703
1441.176513
-627.450988
-1431.372558
-2225.490234
-2735.294189
-2882.353027
-2686.274658
-2284.313720
-549.019592
421.568634
1225.490234
2000.000000
2539.215820
2852.941162
2401.960937
1764.705932
931.372558
-29.411766
-872.549011
-1656.862792
-2382.353027
-2892.156982
-2558.823486
-2058.823486
-1284.313720
-254.901962
676.470581
1431.372558
2725.490234
2882.353027
2676.470703
2215.686279
1539.215698
568.627441
-382.352935
-2098.039306
-2656.862792
-2892.156982
-2745.098144
-2372.549072
-1764.705932
-852.941162
1156.862792
1921.568603
2539.215820
2843.137207
2882.353027
2450.980468
1941.176513
1117.647094
117.647064
-754.901977
-2401.960937
-2784.313720
-2901.960937
-2627.450927
-2156.862792
-1421.568603
-421.568634
1441.176513
2205.882324
2725.490234
2892.156982
2696.078369
2294.117675
549.019592
-382.352935
-1254.901977
-2019.607910
-2607.843261
-2872.549072
-2852.941162
-1735.294189
-803.921569
176.470596
1029.411743
1774.509887
2470.588378
2794.117675
2460.784423
1911.764770
1107.843139
68.627449
-745.098083
-1519.607910
-2294.117675
-2764.706054
-2901.960937
-2686.274658
-1431.372558
-421.568634
529.411804
1313.725463
2088.235351
2647.058837
2872.549072
2754.902099
2362.745117
1774.509887
872.549011
-98.039215
-911.764709
-1676.470581
-2411.764648
-2813.725585
-2911.764648
-2578.431396
-1205.882324
-176.470596
686.274536
1480.392211
2245.098144
2725.490234
2892.156982
2166.666748
1490.196166
500.000000
-382.352935
-1215.686279
-1990.196166
-2588.235351
-2774.509765
-2362.745117
-1745.098022
-843.137268
156.862747
1019.607849
1774.509887
2480.392089
2813.725585
2872.549072
1960.784301
1166.666748
147.058822
-735.294128
-1509.803955
-2284.313720
-2774.509765
-2647.058837
-2166.666748
-1401.960815
-431.372558
519.607849
1323.529418
2088.235351
2656.862792
2852.941162
2774.509765
2343.137207
1735.294189
843.137268
-117.647064
-970.588256
-1725.490234
-2470.588378
-2843.137207
-2490.196044
-2000.000000
-1254.901977
-196.078430
656.862731
1421.568603
2196.078369
2872.549072
2696.078369
2225.490234
1529.411743
558.823547
-392.156860
-1215.686279
-1990.196166
-2627.450927
-2882.353027
-2362.745117
-1764.705932
-852.941162
156.862747
1029.411743
1784.313720
2490.196044
2892.156982
2480.392089
1950.980468
1156.862792
117.647064
-754.901977
-1509.803955
-2784.313720
-2892.156982
-2627.450927
-2156.862792
-1392.156860
-401.960784
1460.784301
2225.490234
2705.882324
2882.353027
2696.078369
2274.509765
1627.451049
705.882385
-264.705902
-1117.647094
-1872.549072
-2872.549072
-2862.745117
-2431.372558
-1843.137329
-970.588256
19.607843
1725.490234
2441.176513
2794.117675
2872.549072
2578.431396
2049.019531
1333.333374
-754.901977
-1549.019653
-2313.725585
-2774.509765
-2911.764648
-2686.274658
-2215.686279
-411.764709
539.215698
1303.921630
2107.843261
2647.058837
2882.353027
2735.294189
2372.549072
1745.098022
882.352966
-88.235298
-941.176513
-1715.686279
-2431.372558
-2901.960937
-2509.803955
-2029.411743
-1225.490234
-176.470596
715.686279
2333.333496
2745.098144
2892.156982
2637.254882
2186.274658
1490.196166
519.607849
-1372.549072
-2176.470703
-2705.882324
-2892.156982
-2715.686279
-2313.725585
-1676.470581
-725.490234
235.294128
1107.843139
2558.823486
2843.137207
2852.941162
2431.372558
1882.353027
1039.215698
9.803922
-1696.078491
-2431.372558
-2813.725585
-2892.156982
-2568.627441
-2137.254882
-1362.745117
-313.725494
617.647094
1392.156860
2735.294189
2872.549072
2696.078369
2254.902099
1617.647094
686.274536
-303.921569
-1147.058837
-1931.372558
-2578.431396
-2813.725585
-2411.764648
-1784.313720
-921.568664
1098.039184
1852.941162
2509.803955
2823.529541
2901.960937
2500.000000
2029.411743
1235.294189
225.490203
-656.862731
-2333.333496
-2784.313720
-2921.568603
-2147.058837
-1401.960815
-392.156860
539.215698
1323.529418
2137.254882
2627.450927
2686.274658
2313.725585
1656.862792
725.490234
-235.294128
-1107.843139
-1872.549072
-2862.745117
-2852.941162
-2431.372558
-1843.137329
-970.588256
39.215686
843.137268
2411.764648
2784.313720
2862.745117
2568.627441
2098.039306
1352.941162
333.333343
-568.627441
-1392.156860
-2166.666748
-2725.490234
-2921.568603
-2715.686279
-2294.117675
-1656.862792
-735.294128
274.509796
1098.039184
2588.235351
2823.529541
2843.137207
2431.372558
1872.549072
1029.411743
0.000000
-1617.647094
-2362.745117
-2774.509765
-2911.764648
-2647.058837
-2156.862792
-274.509796
598.039245
1362.745117
2166.666748
2745.098144
2882.353027
2696.078369
1578.431396
637.254943
-333.333343
-1196.078491
-1931.372558
-2578.431396
-2872.549072
-2372.549072
-1784.313720
-911.764709
78.431373
892.156860
1647.058837
2382.353027
2784.313720
2892.156982
2627.450927
1303.921630
294.117645
-617.647094
-1401.960815
-2205.882324
-2715.686279
-2901.960937
-2715.686279
-2294.117675
-1637.254882
441.176483
1254.901977
2019.607910
2598.039306
2862.745117
2833.333496
2392.156982
833.333374
-147.058822
-1019.607849
-1784.313720
-2470.588378
-2813.725585
-2901.960937
-1921.568603
-1088.235351
-29.411766
794.117675
1558.823608
2313.725585
2764.706054
2901.960937
2666.666748
2205.882324
1519.607910
539.215698
-392.156860
-1235.294189
-2676.470703
-2892.156982
-2764.706054
-2362.745117
-1754.901977
-823.529418
1147.058837
1901.960815
2558.823486
2852.941162
2892.156982
2450.980468
1892.156860
-49.019607
-872.549011
-1656.862792
-2392.156982
-2774.509765
-2911.764648
-2627.450927
-2166.666748
-1411.764770
-392.156860
1450.980468
2215.686279
2715.686279
2892.156982
2686.274658
2245.098144
1607.843139
-460.784332
-1284.313720
-2068.627441
-2656.862792
-2892.156982
-2823.529541
-2401.960937
-774.509826
215.686279
1068.627441
1823.529418
2509.803955
2862.745117
2882.353027
2490.196044
1960.784301
1186.274536
156.862747
-705.882385
-1490.196166
-2274.509765
-2754.902099
-2921.568603
-2705.882324
-2264.705810
-500.000000
401.960784
1225.490234
1970.588256
2558.823486
2852.941162
2833.333496
1745.098022
872.549011
-78.431373
-931.372558
-1696.078491
-2431.372558
-2794.117675
-2519.607910
-2019.607910
-1235.294189
-176.470596
686.274536
1470.588256
2764.706054
2901.960937
2656.862792
2215.686279
1519.607910
529.411804
-421.568634
-2127.450927
-2705.882324
-2872.549072
-2745.098144
-2352.941162
-1735.294189
-813.725524
1186.274536
1921.568603
2558.823486
2843.137207
2872.549072
2460.784423
1911.764770
-49.019607
-882.352966
-1676.470581
-2411.764648
-2803.921630
-2901.960937
-2617.647216
-1313.725463
-245.098037
647.058837
1401.960815
2186.274658
2705.882324
2666.666748
2235.294189
1558.823608
607.843139
-362.745117
-1235.294189
-1970.588256
-2598.039306
-2901.960937
-2882.353027
-2441.176513
-882.352966
137.254898
990.196105
1725.490234
2450.980468
2784.313720
2509.803955
2000.000000
1323.529418
284.313720
-598.039245
-1382.353027
-2186.274658
-2901.960937
-2656.862792
-2235.294189
-1558.823608
-578.431396
401.960784
1215.686279
1980.392211
2588.235351
2823.529541
2343.137207
1735.294189
833.333374
-127.450981
-990.196105
-1754.901977
-2470.588378
-2901.960937
-2470.588378
-1950.980468
-1166.666748
-137.254898
774.509826
1519.607910
2754.902099
2882.353027
2627.450927
2166.666748
1441.176513
470.588256
-500.000000
-2127.450927
-2686.274658
-2892.156982
-2754.902099
-2352.941162
-1735.294189
-823.529418
1186.274536
1960.784301
2549.019775
2833.333496
2843.137207
2441.176513
931.372558
-49.019607
-872.549011
-1627.451049
-2372.549072
-2784.313720
-2901.960937
-2068.627441
-1313.725463
-254.901962
637.254943
1382.353027
2196.078369
2696.078369
2666.666748
2225.490234
1558.823608
627.450988
-323.529418
-1205.882324
-1970.588256
-2892.156982
-2794.117675
-2343.137207
-1754.901977
-862.745117
117.647064
980.392150
1715.686279
2450.980468
2813.725585
2480.392089
1990.196166
1215.686279
186.274520
-666.666687
-1460.784301
-2245.098144
-2921.568603
-2666.666748
-2196.078369
-1490.196166
-480.392150
480.392150
1264.705932
2049.019531
2637.254882
2882.353027
2813.725585
2382.353027
1794.117675
921.568664
-49.019607
-852.941162
-1637.254882
-2372.549072
-2892.156982
-2558.823486
-2078.431396
-1274.509887
-264.705902
617.647094
1411.764770
2735.294189
2892.156982
2676.470703
2225.490234
1578.431396
637.254943
-333.333343
-2058.823486
-2627.450927
-2872.549072
-2823.529541
-2392.156982
-1794.117675
284.313720
1088.235351
1852.941162
2519.607910
2833.333496
2892.156982
2470.588378
1019.607849
9.803922
-764.705871
-1549.019653
-2313.725585
-2774.509765
-2892.156982
-2686.274658
-2205.882324
-1509.803955
568.627441
1352.941162
2147.058837
2666.666748
2872.549072
2715.686279
2313.725585
666.666687
-333.333343
-1186.274536
-1950.980468
-2568.627441
-2843.137207
-2852.941162
-1764.705932
-892.156860
68.627449
892.156860
1656.862792
2372.549072
2764.706054
2882.353027
2627.450927
2176.470703
323.529418
-588.235290
-1372.549072
-2156.862792
-2725.490234
-2901.960937
-2715.686279
-1588.235351
-607.843139
372.549041
1196.078491
1960.784301
2578.431396
2843.137207
2401.960937
1813.725463
941.176513
-58.823532
-892.156860
-1696.078491
-2392.156982
-2892.156982
-2549.019775
-2068.627441
-1264.705932
-254.901962
656.862731
1450.980468
2196.078369
2696.078369
2862.745117
2245.098144
1558.823608
607.843139
-392.156860
-1205.882324
-1970.588256
-2578.431396
-2803.921630
-2392.156982
-1764.705932
-872.549011
147.058822
980.392150
2500.000000
2774.509765
2872.549072
2529.411865
2058.823486
1323.529418
284.313720
-1539.215698
-2284.313720
-2794.117675
-2911.764648
-2686.274658
-2196.078369
-1509.803955
607.843139
1372.549072
2156.862792
2676.470703
2872.549072
2715.686279
2323.529541
656.862731
-313.725494
-1166.666748
-1950.980468
-2588.235351
-2882.353027
-2872.549072
-2441.176513
-1872.549072
-1029.411743
9.803922
794.117675
1578.431396
2333.333496
2764.706054
2892.156982
2647.058837
2196.078369
441.176483
-509.803924
-1313.725463
-2107.843261
-2666.666748
-2882.353027
-2754.902099
-1686.274536
-715.686279
274.509796
1127.451049
1882.353027
2519.607910
2852.941162
2882.353027
2470.588378
1931.372558
1147.058837
127.450981
-764.705871
-1529.411743
-2323.529541
-2774.509765
-2921.568603
-2676.470703
-1431.372558
-411.764709
519.607849
1313.725463
2088.235351
2656.862792
2862.745117
2764.706054
2372.549072
1764.705932
-284.313720
-1137.254882
-1901.960815
-2529.411865
-2843.137207
-2901.960937
-2490.196044
-1931.372558
-1098.039184
-49.019607
1686.274536
2401.960937
2803.921630
2872.549072
2617.647216
2127.450927
1382.353027
-676.470581
-1470.588256
-2235.294189
-2745.098144
-2901.960937
-2696.078369
-2274.509765
-519.607849
431.372558
1225.490234
2009.803955
2607.843261
2872.549072
2343.137207
1745.098022
872.549011
-107.843139
-960.784301
-1754.901977
-2480.392089
-2803.921630
-2882.353027
-2558.823486
-2088.235351
-147.058822
735.294128
1509.803955
2294.117675
2725.490234
2901.960937
2166.666748
1441.176513
470.588256
-480.392150
-1323.529418
-2078.431396
-2666.666748
-2715.686279
-2294.117675
-1656.862792
-715.686279
284.313720
1137.254882
1901.960815
2852.941162
2852.941162
2382.353027
1843.137329
970.588256
0.000000
-686.274536
-1490.196166
-2254.902099
-2754.902099
-2647.058837
-2166.666748
-1460.784301
-480.392150
470.588256
1284.313720
2058.823486
2852.941162
2696.078369
2343.137207
1715.686279
843.137268
-186.274520
-1049.019653
-2568.627441
-2872.549072
-2892.156982
-2470.588378
-1911.764770
-1068.627441
-29.411766
833.333374
1617.647094
2372.549072
2882.353027
2568.627441
2107.843261
1362.745117
343.137268
-549.019592
-1372.549072
-2735.294189
-2911.764648
-2676.470703
-2254.902099
-1588.235351
-637.254943
343.137268
1186.274536
1960.784301
2558.823486
2843.137207
2862.745117
2431.372558
1882.353027
1058.823608
58.823532
-784.313720
-1558.823608
-2803.921630
-2911.764648
-2598.039306
-2127.450927
-1362.745117
-362.745117
549.019592
2225.490234
2735.294189
2862.745117
2666.666748
2254.902099
1617.647094
686.274536
-274.509796
-1127.451049
-1901.960815
-2882.353027
-2852.941162
-2441.176513
-852.941162
156.862747
1009.803955
1784.313720
2490.196044
2803.921630
2872.549072
1970.588256
1147.058837
137.254898
-725.490234
-1519.607910
-2274.509765
-2754.902099
-2647.058837
-2186.274658
-1441.176513
-441.176483
509.803924
1294.117675
2088.235351
2892.156982
2696.078369
2303.921630
1686.274536
774.509826
-205.882354
-1088.235351
-2578.431396
-2882.353027
-2872.549072
-2441.176513
-1872.549072
-1039.215698
1049.019653
1784.313720
2480.392089
2794.117675
2872.549072
2539.215820
2029.411743
88.235298
-754.901977
-1558.823608
-2323.529541
-2764.706054
-2892.156982
-2686.274658
-2205.882324
-1509.803955
-519.607849
1352.941162
2147.058837
2686.274658
2872.549072
2715.686279
2323.529541
1725.490234
-362.745117
-1205.882324
-2000.000000
-2558.823486
-2882.353027
-2882.353027
-2460.784423
-931.372558
49.019607
852.941162
1647.058837
2372.549072
2784.313720
2862.745117
2637.254882
2166.666748
1480.392211
-637.254943
-1421.568603
-2205.882324
-2735.294189
-2892.156982
-2715.686279
-2274.509765
-588.235290
401.960784
1225.490234
1980.392211
2588.235351
2852.941162
2843.137207
2431.372558
1862.745117
1009.803955
-9.803922
-784.313720
-1578.431396
-2333.333496
-2784.313720
-2882.353027
-2676.470703
-2196.078369
-362.745117
568.627441
1362.745117
2166.666748
2696.078369
2882.353027
2715.686279
2343.137207
1725.490234
833.333374
-147.058822
-1029.411743
-1823.529418
-2500.000000
-2833.333496
-2892.156982
-2529.411865
-2058.823486
-117.647064
754.901977
1529.411743
2264.705810
2725.490234
2872.549072
2676.470703
1450.980468
500.000000
-392.156860
-1215.686279
-1990.196166
-2607.843261
-2882.353027
-2862.745117
-2431.372558
-1813.725463
225.490203
1068.627441
1823.529418
2843.137207
2872.549072
2460.784423
1911.764770
1088.235351
58.823532
-764.705871
-2401.960937
-2794.117675
-2901.960937
-2627.450927
-2147.058837
-1431.372558
-411.764709
1431.372558
2205.882324
2715.686279
2872.549072
2696.078369
2284.313720
1627.451049
-431.372558
-1264.705932
-2049.019531
-2637.254882
-2872.549072
-2823.529541
-2411.764648
-794.117675
205.882354
1058.823608
1794.117675
2500.000000
2764.706054
2872.549072
2549.019775
2078.431396
1313.725463
-754.901977
-1539.215698
-2313.725585
-2784.313720
-2892.156982
-2666.666748
-2215.686279
-382.352935
558.823547
1323.529418
2147.058837
2666.666748
2862.745117
2254.902099
1607.843139
686.274536
-294.117645
-1137.254882
-1921.568603
-2588.235351
-2862.745117
-2872.549072
-2441.176513
-921.568664
49.019607
852.941162
1617.647094
2352.941162
2764.706054
2882.353027
2107.843261
1303.921630
303.921569
-588.235290
-1382.353027
-2166.666748
-2725.490234
-2696.078369
-2245.098144
-1558.823608
-588.235290
372.549041
1196.078491
1960.784301
2882.353027
2803.921630
2421.568603
1794.117675
931.372558
-49.019607
-843.137268
-1656.862792
-2392.156982
-2813.725585
-2558.823486
-2049.019531
-1264.705932
-225.490203
637.254943
1411.764770
2205.882324
2882.353027
2656.862792
2215.686279
1558.823608
578.431396
-372.549041
-1196.078491
-2656.862792
-2882.353027
-2764.706054
-2362.745117
-1735.294189
-852.941162
137.254898
1000.000000
1696.078491
2460.784423
2882.353027
2500.000000
2049.019531
147.058822
-715.686279
-1500.000000
-2225.490234
-2735.294189
-2901.960937
-2686.274658
-1519.607910
-529.411804
441.176483
1254.901977
2009.803955
2588.235351
2872.549072
2333.333496
1715.686279
833.333374
-166.666671
-1039.215698
-1794.117675
-2519.607910
-2882.353027
-2460.784423
-1892.156860
-1068.627441
-9.803922
754.901977
1529.411743
2294.117675
2754.902099
2901.960937
2137.254882
1421.568603
431.372558
-519.607849
-1303.921630
-2107.843261
-2666.666748
-2715.686279
-2294.117675
-1637.254882
-705.882385
274.509796
1107.843139
1862.745117
2529.411865
2833.333496
2872.549072
2480.392089
1950.980468
1137.254882
117.647064
-735.294128
-1539.215698
-2284.313720
-2774.509765
-2637.254882
-2137.254882
-1411.764770
-382.352935
549.019592
1323.529418
2117.647216
2666.666748
2872.549072
2774.509765
1656.862792
705.882385
-264.705902
-1127.451049
-1882.353027
-2558.823486
-2862.745117
-2450.980468
-1843.137329
-960.784301
9.803922
794.117675
1578.431396
2333.333496
2901.960937
2598.039306
2117.647216
1372.549072
362.745117
-549.019592
-1333.333374
-2745.098144
-2882.353027
-2686.274658
-2274.509765
-1637.254882
-666.666687
333.333343
1176.470581
1941.176513
2539.215820
2862.745117
2401.960937
1803.921630
960.784301
-29.411766
-872.549011
-1637.254882
-2833.333496
-2911.764648
-2568.627441
-2088.235351
-1294.117675
-245.098037
1549.019653
2303.921630
2735.294189
2892.156982
2666.666748
2196.078369
1529.411743
-568.627441
-1352.941162
-2147.058837
-2696.078369
-2892.156982
-2735.294189
-2303.921630
-1696.078491
-745.098083
235.294128
1911.764770
2549.019775
2843.137207
2882.353027
2460.784423
1892.156860
1088.235351
-970.588256
-1745.098022
-2450.980468
-2823.529541
-2901.960937
-2578.431396
-2098.039306
-1352.941162
-284.313720
607.843139
2254.902099
2735.294189
2892.156982
2676.470703
2235.294189
1588.235351
637.254943
-333.333343
-1176.470581
-1960.784301
-2588.235351
-2872.549072
-2862.745117
-2460.784423
-1882.353027
137.254898
960.784301
1725.490234
2421.568603
2764.706054
2872.549072
2578.431396
2107.843261
1362.745117
343.137268
-568.627441
-1362.745117
-2176.470703
-2705.882324
-2921.568603
-2745.098144
-2303.921630
-1656.862792
392.156860
1205.882324
2000.000000
2529.411865
2862.745117
2852.941162
2431.372558
1882.353027
1068.627441
19.607843
-754.901977
-1558.823608
-2323.529541
-2764.706054
-2627.450927
-2147.058837
-1392.156860
-372.549041
539.215698
1303.921630
2715.686279
2882.353027
2686.274658
2254.902099
1647.058837
705.882385
-274.509796
-2000.000000
-2539.215820
-2882.353027
-2892.156982
-2480.392089
-1892.156860
-1039.215698
1019.607849
1774.509887
2500.000000
2794.117675
2901.960937
2598.039306
2088.235351
1343.137329
333.333343
-598.039245
-1372.549072
-2147.058837
-2715.686279
-2901.960937
-2245.098144
-1588.235351
-617.647094
362.745117
