1666.666748
705.882385
-254.901962
-1137.254882
-1901.960815
-2549.019775
-2862.745117
-2441.176513
-1823.529418
-960.784301
19.607843
823.529418
1598.039184
2313.725585
2754.902099
2882.353027
2637.254882
1382.353027
382.352935
-558.823547
-1333.333374
-2166.666748
-2705.882324
-2892.156982
-2725.490234
-2323.529541
-1686.274536
-754.901977
225.490203
1058.823608
1833.333374
2519.607910
2823.529541
2882.353027
2480.392089
2000.000000
1264.705932
254.901962
-607.843139
-1401.960815
-2186.274658
-2725.490234
-2901.960937
-2235.294189
-1529.411743
-539.215698
411.764709
1215.686279
1960.784301
2578.431396
2764.706054
2343.137207
1735.294189
843.137268
-107.843139
-1000.000000
-1715.686279
-2823.529541
-2901.960937
-2490.196044
-2019.607910
-1186.274536
-156.862747
735.294128
1490.196166
2264.705810
2725.490234
2647.058837
2186.274658
1460.784301
-598.039245
-1372.549072
-2166.666748
-2715.686279
-2921.568603
-2705.882324
-2294.117675
-598.039245
382.352935
1205.882324
1960.784301
2568.627441
2872.549072
2872.549072
1764.705932
911.764709
-68.627449
-911.764709
-1686.274536
-2421.568603
-2774.509765
-2901.960937
-2617.647216
-2137.254882
-1382.353027
-343.137268
568.627441
1362.745117
2156.862792
2666.666748
2872.549072
2715.686279
1598.039184
647.058837
-294.117645
-1176.470581
-1931.372558
-2598.039306
-2862.745117
-2411.764648
-1813.725463
-931.372558
78.431373
941.176513
1676.470581
2372.549072
2745.098144
2872.549072
2607.843261
1294.117675
264.705902
-637.254943
-2284.313720
-2745.098144
-2901.960937
-2666.666748
-2225.490234
-1558.823608
-588.235290
1333.333374
2088.235351
2656.862792
2852.941162
2754.902099
2352.941162
1754.901977
833.333374
-127.450981
-1019.607849
-2549.019775
-2852.941162
-2892.156982
-2480.392089
-1960.784301
-1127.451049
-58.823532
1666.666748
2401.960937
2774.509765
2892.156982
2607.843261
2127.450927
1401.960815
-666.666687
-1470.588256
-2245.098144
-2745.098144
-2882.353027
-2705.882324
-2264.705810
-519.607849
421.568634
1264.705932
2019.607910
2568.627441
2852.941162
2833.333496
2411.764648
1833.333374
960.784301
0.000000
-715.686279
-1509.803955
-2784.313720
-2911.764648
-2647.058837
-2166.666748
-1431.372558
-441.176483
519.607849
2166.666748
2705.882324
2882.353027
2696.078369
2313.725585
1656.862792
754.901977
-1215.686279
-1990.196166
-2607.843261
-2882.353027
-2852.941162
-2411.764648
-1833.333374
196.078430
1039.215698
1813.725463
2480.392089
2813.725585
2882.353027
2490.196044
2019.607910
1264.705932
274.509796
-1558.823608
-2323.529541
-2774.509765
-2911.764648
-2647.058837
-2196.078369
-1500.000000
519.607849
1313.725463
2107.843261
2656.862792
2833.333496
2745.098144
1647.058837
735.294128
-235.294128
-1107.843139
-1862.745117
-2558.823486
-2872.549072
-2441.176513
-1833.333374
-960.784301
19.607843
823.529418
1598.039184
2343.137207
2774.509765
2901.960937
2627.450927
2196.078369
1500.000000
607.843139
-343.137268
-1196.078491
-1970.588256
-2598.039306
-2882.353027
-2862.745117
-2450.980468
-1872.549072
-1029.411743
1049.019653
1803.921630
2480.392089
2823.529541
2892.156982
2500.000000
2068.627441
1313.725463
264.705902
-617.647094
-1411.764770
-2196.078369
-2725.490234
-2892.156982
-2715.686279
-2313.725585
-1656.862792
-696.078430
274.509796
1117.647094
1852.941162
2833.333496
2843.137207
2431.372558
1872.549072
1019.607849
9.803922
-764.705871
-2382.353027
-2784.313720
-2921.568603
-2656.862792
-2156.862792
-1392.156860
-392.156860
1441.176513
2235.294189
2725.490234
2862.745117
2676.470703
2254.902099
1617.647094
-441.176483
-1274.509887
-2029.411743
-2647.058837
-2901.960937
-2803.921630
-2392.156982
-784.313720
205.882354
1068.627441
1843.137329
2490.196044
2794.117675
2441.176513
1892.156860
1098.039184
78.431373
-754.901977
-1539.215698
-2333.333496
-2921.568603
-2617.647216
-2147.058837
-1392.156860
-382.352935
558.823547
1333.333374
2705.882324
2862.745117
2686.274658
2254.902099
1627.451049
725.490234
-254.901962
-1980.392211
-2598.039306
-2892.156982
-2862.745117
-2411.764648
-1843.137329
196.078430
1029.411743
1803.921630
2470.588378
2794.117675
2882.353027
2509.803955
1088.235351
78.431373
-745.098083
-1519.607910
-2284.313720
-2764.706054
-2921.568603
-2166.666748
-1421.568603
-421.568634
529.411804
1294.117675
2068.627441
2656.862792
2872.549072
2764.706054
2362.745117
735.294128
-245.098037
-1098.039184
-1862.745117
-2529.411865
-2843.137207
-2901.960937
-1843.137329
-1000.000000
-39.215686
774.509826
1578.431396
2303.921630
2735.294189
2607.843261
2098.039306
1401.960815
421.568634
-519.607849
-1313.725463
-2107.843261
-2686.274658
-2882.353027
-2764.706054
-2362.745117
-1705.882324
-784.313720
196.078430
1000.000000
1725.490234
2441.176513
2784.313720
2460.784423
1970.588256
1205.882324
166.666671
-715.686279
-1490.196166
-2274.509765
-2911.764648
-2637.254882
-2176.470703
-1450.980468
-441.176483
500.000000
1254.901977
2009.803955
2578.431396
2862.745117
2833.333496
2401.960937
1833.333374
970.588256
-9.803922
-813.725524
-1598.039184
-2343.137207
-2911.764648
-2578.431396
-2088.235351
-1323.529418
-313.725494
617.647094
1372.549072
2166.666748
2696.078369
2901.960937
2264.705810
1598.039184
666.666687
-294.117645
-1156.862792
-1941.176513
-2578.431396
-2813.725585
-2392.156982
-1764.705932
-882.352966
88.235298
901.960815
1656.862792
2803.921630
2872.549072
2519.607910
2049.019531
1303.921630
303.921569
-617.647094
-2264.705810
-2745.098144
-2901.960937
-2696.078369
-2245.098144
-1578.431396
509.803924
1303.921630
2098.039306
2647.058837
2862.745117
2764.706054
2372.549072
754.901977
-205.882354
-1068.627441
-1843.137329
-2519.607910
-2852.941162
-2901.960937
-1882.353027
-1039.215698
9.803922
764.705871
1539.215698
2313.725585
2754.902099
2598.039306
2127.450927
1421.568603
431.372558
-509.803924
-1313.725463
-2715.686279
-2901.960937
-2725.490234
-2294.117675
-1637.254882
-705.882385
1254.901977
2039.215698
2607.843261
2843.137207
2813.725585
2411.764648
1823.529418
-176.470596
-1049.019653
-1843.137329
-2519.607910
-2852.941162
-2901.960937
-2500.000000
-1147.058837
-88.235298
725.490234
1500.000000
2215.686279
2715.686279
2882.353027
2196.078369
1529.411743
549.019592
-411.764709
-1235.294189
-2009.803955
-2607.843261
-2862.745117
-2852.941162
-2421.568603
-813.725524
166.666671
1029.411743
1774.509887
2500.000000
2803.921630
2892.156982
1970.588256
1196.078491
176.470596
-686.274536
-1480.392211
-2254.902099
-2735.294189
-2647.058837
-2225.490234
-1470.588256
-470.588256
470.588256
1274.509887
2068.627441
2617.647216
2862.745117
2803.921630
1686.274536
754.901977
-176.470596
-1058.823608
-1823.529418
-2529.411865
-2823.529541
-2450.980468
-1911.764770
-1058.823608
-9.803922
764.705871
1549.019653
2784.313720
2901.960937
2647.058837
2156.862792
1431.372558
431.372558
-509.803924
-2166.666748
-2705.882324
-2892.156982
-2725.490234
-2303.921630
-1686.274536
-715.686279
284.313720
1127.451049
1872.549072
2862.745117
2843.137207
2421.568603
1843.137329
990.196105
29.411766
-794.117675
-2421.568603
-2803.921630
-2901.960937
-2598.039306
-2137.254882
-1382.353027
-352.941192
1470.588256
2215.686279
2745.098144
2882.353027
2676.470703
2274.509765
1607.843139
-450.980407
-1264.705932
-2058.823486
-2647.058837
-2882.353027
-2803.921630
-2382.353027
-1764.705932
-901.960815
98.039215
901.960815
1666.666748
2392.156982
2872.549072
2519.607910
2068.627441
1303.921630
303.921569
-617.647094
-1392.156860
-2764.706054
-2911.764648
-2676.470703
-2235.294189
-1558.823608
-568.627441
392.156860
2068.627441
2627.450927
2872.549072
2774.509765
2362.745117
1774.509887
892.156860
-1107.843139
-1852.941162
-2539.215820
-2843.137207
-2892.156982
-2470.588378
-1941.176513
-1137.254882
-88.235298
745.098083
2362.745117
2764.706054
2862.745117
2598.039306
2166.666748
1470.588256
460.784332
-1411.764770
-2196.078369
-2725.490234
-2901.960937
-2715.686279
-2294.117675
-1617.647094
-705.882385
284.313720
1127.451049
1901.960815
2529.411865
2833.333496
2872.549072
2450.980468
1921.568603
1147.058837
127.450981
-745.098083
-1509.803955
-2274.509765
-2901.960937
-2637.254882
-2166.666748
-1421.568603
-421.568634
509.803924
1284.313720
2715.686279
2862.745117
2666.666748
2274.509765
1647.058837
735.294128
-235.294128
-1960.784301
-2578.431396
-2862.745117
-2862.745117
-2441.176513
-1843.137329
-990.196105
1039.215698
1803.921630
2500.000000
2803.921630
2852.941162
2549.019775
1176.470581
166.666671
-696.078430
-1470.588256
-2274.509765
-2754.902099
-2892.156982
-2186.274658
-1460.784301
-460.784332
480.392150
1274.509887
2058.823486
2647.058837
2705.882324
2284.313720
1705.882324
794.117675
-186.274520
-1068.627441
-1852.941162
-2852.941162
-2882.353027
-2460.784423
-1872.549072
-1019.607849
19.607843
833.333374
1598.039184
2323.529541
2784.313720
2882.353027
2617.647216
2176.470703
1460.784301
490.196075
-450.980407
-1254.901977
-2029.411743
-2862.745117
-2725.490234
-2333.333496
-1686.274536
-754.901977
215.686279
1058.823608
1823.529418
2490.196044
2823.529541
2872.549072
2470.588378
1970.588256
1176.470581
137.254898
-705.882385
-1490.196166
-2294.117675
-2911.764648
-2627.450927
-1313.725463
-313.725494
607.843139
1382.353027
2156.862792
2715.686279
2852.941162
2235.294189
1558.823608
607.843139
-1303.921630
-2068.627441
-2656.862792
-2901.960937
-2803.921630
-2372.549072
-1754.901977
274.509796
1117.647094
1892.156860
2539.215820
2833.333496
2843.137207
2431.372558
1009.803955
0.000000
-705.882385
-1490.196166
-2274.509765
-2745.098144
-2911.764648
-2666.666748
-2235.294189
-1549.019653
539.215698
1323.529418
2107.843261
2676.470703
2872.549072
2754.902099
2343.137207
715.686279
-254.901962
-1117.647094
-1882.353027
-2519.607910
-2843.137207
-2892.156982
-2480.392089
-1960.784301
-1147.058837
921.568664
1676.470581
2421.568603
2803.921630
2882.353027
2588.235351
2127.450927
245.098037
-617.647094
-1411.764770
-2196.078369
-2725.490234
-2872.549072
-2705.882324
-2284.313720
-1637.254882
-686.274536
313.725494
1147.058837
1892.156860
2519.607910
2813.725585
2872.549072
2480.392089
1941.176513
-9.803922
-813.725524
-1578.431396
-2343.137207
-2784.313720
-2921.568603
-2637.254882
-1372.549072
-343.137268
598.039245
1362.745117
2147.058837
2676.470703
2882.353027
2715.686279
2294.117675
1725.490234
813.725524
-156.862747
-1049.019653
-2568.627441
-2862.745117
-2882.353027
-2450.980468
-960.784301
39.215686
862.745117
1637.254882
2382.353027
2774.509765
2892.156982
2637.254882
2147.058837
1450.980468
470.588256
-470.588256
-1274.509887
-2039.215698
-2637.254882
-2892.156982
-2774.509765
-2372.549072
-774.509826
235.294128
1078.431396
1843.137329
2500.000000
2803.921630
2892.156982
2509.803955
2029.411743
1254.901977
-794.117675
-1598.039184
-2362.745117
-2764.706054
-2892.156982
-2656.862792
-2196.078369
-343.137268
578.431396
1362.745117
2156.862792
2715.686279
2892.156982
2715.686279
1598.039184
647.058837
-313.725494
-1166.666748
-1960.784301
-2578.431396
-2862.745117
-2382.353027
-1774.509887
-882.352966
98.039215
911.764709
1666.666748
2372.549072
2794.117675
2872.549072
2598.039306
1274.509887
264.705902
-607.843139
-1411.764770
-2186.274658
-2735.294189
-2872.549072
-2245.098144
-1539.215698
-558.823547
421.568634
1225.490234
1990.196166
2872.549072
2745.098144
2343.137207
1735.294189
843.137268
-107.843139
-990.196105
-2509.803955
-2823.529541
-2882.353027
-2500.000000
-2019.607910
-1235.294189
-215.686279
1598.039184
2333.333496
2774.509765
2892.156982
2676.470703
2196.078369
1509.803955
-568.627441
-1362.745117
-2196.078369
-2715.686279
-2882.353027
-2705.882324
-2294.117675
-1647.058837
-725.490234
264.705902
1960.784301
2568.627441
2852.941162
2362.745117
1735.294189
872.549011
-98.039215
-911.764709
-1696.078491
-2411.764648
-2901.960937
-2539.215820
-2049.019531
-1235.294189
-196.078430
656.862731
1421.568603
2764.706054
2901.960937
2666.666748
2186.274658
1519.607910
549.019592
-392.156860
-2068.627441
-2617.647216
-2882.353027
-2784.313720
-2392.156982
-1745.098022
-862.745117
107.843139
960.784301
1725.490234
2833.333496
2882.353027
2509.803955
1049.019653
58.823532
-754.901977
-1549.019653
-2313.725585
-2784.313720
-2882.353027
-2147.058837
-1392.156860
-382.352935
549.019592
1323.529418
2117.647216
2686.274658
2686.274658
2264.705810
1647.058837
696.078430
-245.098037
-1117.647094
-1862.745117
-2872.549072
-2882.353027
-2441.176513
-1882.353027
-990.196105
-19.607843
813.725524
1578.431396
2323.529541
2745.098144
2901.960937
2647.058837
2196.078369
1509.803955
509.803924
-431.372558
-1245.098022
-2019.607910
-2617.647216
-2852.941162
-2833.333496
-1696.078491
-784.313720
176.470596
1009.803955
1794.117675
2480.392089
2833.333496
2441.176513
1931.372558
1107.843139
68.627449
-754.901977
-1519.607910
-2284.313720
-2901.960937
-2627.450927
-2147.058837
-1431.372558
-421.568634
529.411804
1313.725463
2705.882324
2872.549072
2686.274658
2284.313720
1637.254882
725.490234
-245.098037
-1098.039184
-1872.549072
-2549.019775
-2882.353027
-2431.372558
-1862.745117
-1000.000000
-49.019607
754.901977
1539.215698
2794.117675
2882.353027
2578.431396
2127.450927
1392.156860
401.960784
-529.411804
-2186.274658
-2735.294189
-2892.156982
-2725.490234
-2284.313720
-1627.451049
431.372558
1235.294189
2019.607910
2617.647216
2862.745117
2803.921630
2382.353027
843.137268
-127.450981
-1019.607849
-1794.117675
-2490.196044
-2833.333496
-2921.568603
-1921.568603
-1107.843139
-68.627449
774.509826
1519.607910
2323.529541
2764.706054
2598.039306
2176.470703
1441.176513
460.784332
-470.588256
-1303.921630
-2078.431396
-2921.568603
-2725.490234
-2303.921630
-1656.862792
-735.294128
294.117645
1990.196166
2568.627441
2862.745117
2833.333496
2411.764648
1852.941162
1000.000000
-970.588256
-1735.294189
-2450.980468
-2823.529541
-2901.960937
-2568.627441
-2068.627441
-137.254898
725.490234
1500.000000
2205.882324
2725.490234
2892.156982
2686.274658
1539.215698
568.627441
-421.568634
-1225.490234
-2019.607910
-2627.450927
-2872.549072
-2843.137207
-2421.568603
-1833.333374
176.470596
1019.607849
1794.117675
2490.196044
2813.725585
2882.353027
2500.000000
2068.627441
1313.725463
284.313720
-588.235290
-1401.960815
-2196.078369
-2725.490234
-2882.353027
-2705.882324
-2303.921630
-1656.862792
431.372558
1215.686279
2000.000000
2529.411865
2843.137207
2843.137207
2431.372558
931.372558
-39.215686
-852.941162
-1656.862792
-2411.764648
-2803.921630
-2911.764648
-2058.823486
-1274.509887
-245.098037
637.254943
1411.764770
2205.882324
2686.274658
2862.745117
2676.470703
2294.117675
1666.666748
725.490234
-245.098037
-1098.039184
-1843.137329
-2539.215820
-2843.137207
-2911.764648
-1852.941162
-1000.000000
-39.215686
784.313720
1549.019653
2284.313720
2745.098144
2598.039306
2147.058837
1421.568603
431.372558
-490.196075
-1303.921630
-2088.235351
-2892.156982
-2705.882324
-2294.117675
-1617.647094
-705.882385
254.901962
1950.980468
2568.627441
2862.745117
2843.137207
2411.764648
1823.529418
1009.803955
-1039.215698
-1833.333374
-2500.000000
-2813.725585
-2901.960937
-2549.019775
-2049.019531
-107.843139
764.705871
1549.019653
2294.117675
2764.706054
2882.353027
2666.666748
2205.882324
1549.019653
588.235290
-372.549041
-1215.686279
-1980.392211
-2598.039306
-2852.941162
-2862.745117
-2431.372558
-1843.137329
176.470596
1019.607849
1764.705932
2480.392089
2803.921630
2901.960937
2529.411865
1147.058837
117.647064
-735.294128
-1529.411743
-2313.725585
-2754.902099
-2901.960937
-2166.666748
-1421.568603
-392.156860
519.607849
1294.117675
2088.235351
2882.353027
2676.470703
2254.902099
1656.862792
745.098083
-196.078430
-1058.823608
-2549.019775
-2872.549072
-2882.353027
-2480.392089
-1901.960815
-1068.627441
-9.803922
1696.078491
2392.156982
2794.117675
2901.960937
2617.647216
2137.254882
1382.353027
-666.666687
-1460.784301
-2245.098144
-2745.098144
-2892.156982
-2696.078369
-2245.098144
-1598.039184
-617.647094
343.137268
2049.019531
2607.843261
2872.549072
2843.137207
2401.960937
1774.509887
960.784301
-1039.215698
-1833.333374
-2500.000000
-2813.725585
-2911.764648
-2509.803955
-1098.039184
-78.431373
745.098083
1490.196166
2264.705810
2764.706054
2892.156982
2137.254882
1431.372558
460.784332
-470.588256
-1303.921630
-2078.431396
-2647.058837
-2715.686279
-2323.529541
-1666.666748
-735.294128
274.509796
1088.235351
1862.745117
2852.941162
2852.941162
2411.764648
1852.941162
990.196105
9.803922
-764.705871
-2392.156982
-2774.509765
-2892.156982
-2617.647216
-2147.058837
-1421.568603
-392.156860
529.411804
1303.921630
2088.235351
2872.549072
2705.882324
2303.921630
588.235290
-372.549041
-1205.882324
-1990.196166
-2598.039306
-2862.745117
-2862.745117
-2431.372558
-1843.137329
-960.784301
1049.019653
1803.921630
2480.392089
2823.529541
2901.960937
2509.803955
2019.607910
68.627449
-745.098083
-1519.607910
-2294.117675
-2764.706054
-2901.960937
-2676.470703
-1441.176513
-460.784332
509.803924
1284.313720
2058.823486
2607.843261
2843.137207
2303.921630
1686.274536
754.901977
-196.078430
-1039.215698
-1852.941162
-2529.411865
-2852.941162
-2882.353027
-2490.196044
-1970.588256
-1166.666748
-127.450981
774.509826
1509.803955
2254.902099
2725.490234
2862.745117
2176.470703
1450.980468
470.588256
-480.392150
-1284.313720
-2078.431396
-2647.058837
-2705.882324
-2313.725585
-1676.470581
-745.098083
245.098037
1078.431396
1833.333374
2490.196044
2803.921630
2862.745117
2470.588378
1970.588256
1205.882324
147.058822
-705.882385
-1490.196166
-2274.509765
-2774.509765
-2647.058837
-2166.666748
-1460.784301
-450.980407
490.196075
1294.117675
2068.627441
2637.254882
2862.745117
2774.509765
2352.941162
1764.705932
911.764709
-58.823532
-921.568664
-1666.666748
-2421.568603
-2794.117675
-2539.215820
-2058.823486
-1235.294189
-205.882354
676.470581
1450.980468
2186.274658
2892.156982
2666.666748
2205.882324
1509.803955
519.607849
-401.960784
-1205.882324
-2666.666748
-2901.960937
-2754.902099
-2372.549072
-1745.098022
-862.745117
1137.254882
1901.960815
2549.019775
2862.745117
2862.745117
2421.568603
1892.156860
-39.215686
-882.352966
-1666.666748
-2411.764648
-2784.313720
-2901.960937
-2637.254882
-1294.117675
-235.294128
647.058837
1421.568603
2196.078369
2715.686279
2882.353027
2215.686279
1529.411743
588.235290
-372.549041
-1225.490234
-2000.000000
-2578.431396
-2833.333496
-2411.764648
-1794.117675
-892.156860
88.235298
892.156860
2441.176513
2794.117675
2901.960937
2539.215820
2058.823486
1303.921630
274.509796
-1539.215698
-2313.725585
-2774.509765
-2901.960937
-2656.862792
-2215.686279
-1509.803955
-529.411804
441.176483
1274.509887
2676.470703
2872.549072
2764.706054
2362.745117
1754.901977
872.549011
-117.647064
-1843.137329
-2519.607910
-2843.137207
-2901.960937
-2470.588378
-1970.588256
-1147.058837
911.764709
1656.862792
2392.156982
2774.509765
2892.156982
2607.843261
2137.254882
254.901962
-627.450988
-1411.764770
-2215.686279
-2715.686279
-2901.960937
-2696.078369
-2294.117675
-1637.254882
-686.274536
1264.705932
2058.823486
2607.843261
2882.353027
2813.725585
2372.549072
1794.117675
921.568664
-49.019607
-872.549011
-1647.058837
-2372.549072
-2784.313720
-2901.960937
-2627.450927
-2156.862792
-1421.568603
-411.764709
1421.568603
2186.274658
2715.686279
2882.353027
2676.470703
2264.705810
1676.470581
-392.156860
-1235.294189
-2029.411743
-2617.647216
-2892.156982
-2803.921630
-2392.156982
-1823.529418
-950.980407
39.215686
1754.901977
2460.784423
2784.313720
2490.196044
1960.784301
1176.470581
137.254898
-725.490234
-1509.803955
-2264.705810
-2892.156982
-2656.862792
-2156.862792
-1450.980468
-441.176483
509.803924
1303.921630
2686.274658
2872.549072
2705.882324
2303.921630
1676.470581
754.901977
-186.274520
-1058.823608
-1833.333374
-2519.607910
-2892.156982
-2441.176513
-1872.549072
-1029.411743
39.215686
833.333374
1607.843139
2784.313720
2882.353027
2558.823486
2117.647216
1343.137329
323.529418
-578.431396
-2245.098144
-2735.294189
-2892.156982
-2686.274658
-2245.098144
-1598.039184
509.803924
1303.921630
2049.019531
2637.254882
2872.549072
2784.313720
2372.549072
764.705871
-205.882354
-1068.627441
-1843.137329
-2519.607910
-2852.941162
-2901.960937
-1882.353027
-1049.019653
0.000000
696.078430
1470.588256
2245.098144
2725.490234
2656.862792
2196.078369
1509.803955
529.411804
-421.568634
-1254.901977
-2019.607910
-2892.156982
-2754.902099
-2352.941162
-1745.098022
-843.137268
156.862747
1009.803955
1784.313720
2480.392089
2813.725585
2460.784423
1941.176513
1127.451049
117.647064
-725.490234
-1490.196166
-2284.313720
-2911.764648
-2627.450927
-2147.058837
-1441.176513
-411.764709
509.803924
1294.117675
2098.039306
2656.862792
2862.745117
2764.706054
2343.137207
1774.509887
862.745117
-78.431373
-931.372558
-1705.882324
-2431.372558
-2911.764648
-2519.607910
-2009.803955
-1215.686279
-176.470596
686.274536
1450.980468
2225.490234
2725.490234
2872.549072
2676.470703
2274.509765
1588.235351
676.470581
-284.313720
-1156.862792
-1911.764770
-2549.019775
-2833.333496
-2421.568603
-1803.921630
-960.784301
19.607843
823.529418
1627.451049
2774.509765
2843.137207
2578.431396
2107.843261
1343.137329
352.941192
-568.627441
-2254.902099
-2764.706054
-2892.156982
-2686.274658
-2245.098144
-1598.039184
490.196075
1303.921630
2068.627441
2598.039306
2843.137207
2784.313720
2382.353027
784.313720
-205.882354
-1058.823608
-1833.333374
-2509.803955
-2823.529541
-2892.156982
-1882.353027
-1049.019653
-9.803922
794.117675
1539.215698
2284.313720
2735.294189
2852.941162
2656.862792
2215.686279
382.352935
-519.607849
-1333.333374
-2098.039306
-2696.078369
-2911.764648
-2754.902099
-1637.254882
-686.274536
294.117645
1147.058837
1892.156860
2519.607910
2843.137207
2431.372558
1852.941162
1000.000000
58.823532
-764.705871
-1558.823608
-2294.117675
-2941.176513
-2607.843261
-2127.450927
-1392.156860
-372.549041
568.627441
1323.529418
2117.647216
2696.078369
2872.549072
2725.490234
2303.921630
1715.686279
-313.725494
-1176.470581
-1921.568603
-2568.627441
-2862.745117
-2882.353027
-2460.784423
-892.156860
88.235298
921.568664
1656.862792
2401.960937
2774.509765
2901.960937
2068.627441
1284.313720
274.509796
-598.039245
-1382.353027
-2176.470703
-2696.078369
-2696.078369
-2254.902099
-1578.431396
-637.254943
372.549041
1186.274536
1931.372558
2578.431396
2862.745117
2862.745117
1784.313720
901.960815
-68.627449
-911.764709
-1666.666748
-2401.960937
-2774.509765
-2549.019775
-2068.627441
-1274.509887
-245.098037
617.647094
1392.156860
2176.470703
2666.666748
2872.549072
2696.078369
2303.921630
1696.078491
745.098083
-176.470596
-1068.627441
-1843.137329
-2519.607910
-2843.137207
-2901.960937
-2480.392089
-1970.588256
-1166.666748
-137.254898
745.098083
1509.803955
2284.313720
2745.098144
2882.353027
2666.666748
2225.490234
1558.823608
617.647094
-313.725494
-1196.078491
-1960.784301
-2598.039306
-2843.137207
-2392.156982
-1784.313720
-892.156860
88.235298
901.960815
1676.470581
2794.117675
2852.941162
2549.019775
2029.411743
1245.098022
235.294128
-627.450988
-1401.960815
-2196.078369
-2725.490234
-2892.156982
-2686.274658
-2284.313720
-529.411804
431.372558
1245.098022
2009.803955
2568.627441
2823.529541
2833.333496
1725.490234
852.941162
-127.450981
-960.784301
-1754.901977
-2490.196044
-2823.529541
-2500.000000
-2039.215698
-1235.294189
-186.274520
696.078430
1480.392211
2225.490234
2892.156982
2647.058837
2215.686279
1539.215698
529.411804
-421.568634
-1254.901977
-2686.274658
-2892.156982
-2735.294189
-2343.137207
-1705.882324
-803.921569
1215.686279
1941.176513
2568.627441
2843.137207
2852.941162
2450.980468
1872.549072
-107.843139
-990.196105
-1745.098022
-2441.176513
-2803.921630
-2882.353027
-2578.431396
-1186.274536
-137.254898
715.686279
1500.000000
2186.274658
2686.274658
2872.549072
2225.490234
1519.607910
578.431396
-392.156860
-1225.490234
-1980.392211
-2607.843261
-2764.706054
-2352.941162
-1754.901977
-833.333374
156.862747
1019.607849
2509.803955
2813.725585
2901.960937
2470.588378
1960.784301
1156.862792
117.647064
-1676.470581
-2401.960937
-2813.725585
-2911.764648
-2617.647216
-2147.058837
-1401.960815
-382.352935
558.823547
1333.333374
2735.294189
2892.156982
2676.470703
2264.705810
1637.254882
686.274536
-274.509796
-2000.000000
-2568.627441
-2852.941162
-2862.745117
-2460.784423
-1882.353027
-1029.411743
1039.215698
1803.921630
2490.196044
2813.725585
2892.156982
2519.607910
2019.607910
1215.686279
196.078430
-637.254943
-2313.725585
-2774.509765
-2911.764648
-2666.666748
-2215.686279
-1500.000000
-588.235290
382.352935
1215.686279
1970.588256
2862.745117
2774.509765
2362.745117
1774.509887
882.352966
-107.843139
-980.392150
-2509.803955
-2843.137207
-2892.156982
-2509.803955
-1990.196166
-1166.666748
-127.450981
1666.666748
2382.353027
2774.509765
2892.156982
2607.843261
2137.254882
1411.764770
431.372558
-519.607849
-1303.921630
-2705.882324
-2892.156982
-2705.882324
-1549.019653
-568.627441
421.568634
1205.882324
2009.803955
2578.431396
2833.333496
2852.941162
2392.156982
1813.725463
941.176513
-29.411766
-852.941162
-1627.451049
-2382.353027
-2803.921630
-2901.960937
-2627.450927
-2147.058837
-1421.568603
-411.764709
500.000000
2147.058837
2676.470703
2882.353027
2725.490234
2333.333496
1735.294189
823.529418
-137.254898
-1009.803955
-1794.117675
-2862.745117
-2911.764648
-2480.392089
-1911.764770
-1107.843139
-58.823532
784.313720
2372.549072
2794.117675
2862.745117
2578.431396
2137.254882
1401.960815
401.960784
-1441.176513
-2225.490234
-2745.098144
-2921.568603
-2715.686279
-2264.705810
-529.411804
441.176483
1254.901977
2009.803955
2588.235351
2843.137207
2813.725585
2392.156982
1823.529418
970.588256
9.803922
-764.705871
-1558.823608
-2323.529541
-2911.764648
-2627.450927
-2117.647216
-1352.941162
-333.333343
578.431396
1362.745117
2725.490234
2882.353027
2676.470703
2235.294189
1598.039184
676.470581
-284.313720
-2029.411743
-2617.647216
-2872.549072
-2843.137207
-2401.960937
-1803.921630
-921.568664
68.627449
882.352966
1656.862792
2362.745117
2745.098144
2901.960937
2617.647216
2147.058837
1401.960815
421.568634
-500.000000
-2137.254882
-2686.274658
-2911.764648
-2735.294189
-2303.921630
-1696.078491
-784.313720
1186.274536
1970.588256
2539.215820
2833.333496
2852.941162
2401.960937
1862.745117
1029.411743
0.000000
-686.274536
-1509.803955
-2254.902099
-2735.294189
-2892.156982
-2676.470703
-2235.294189
-1558.823608
-578.431396
1333.333374
2107.843261
2686.274658
2882.353027
2745.098144
2323.529541
1715.686279
823.529418
-137.254898
-1029.411743
-1794.117675
-2519.607910
-2813.725585
-2901.960937
-2529.411865
-2000.000000
-1284.313720
-264.705902
1539.215698
2294.117675
2754.902099
2892.156982
2666.666748
2196.078369
1509.803955
-568.627441
-1362.745117
-2147.058837
-2686.274658
-2882.353027
-2715.686279
-1598.039184
-627.450988
333.333343
1166.666748
1941.176513
2549.019775
2862.745117
2362.745117
1764.705932
931.372558
-49.019607
-882.352966
-1647.058837
-2401.960937
-2901.960937
-2539.215820
-2078.431396
-1284.313720
-254.901962
637.254943
1401.960815
2735.294189
2892.156982
2686.274658
2215.686279
1539.215698
578.431396
-372.549041
-1215.686279
-1980.392211
-2607.843261
-2774.509765
-2372.549072
-1745.098022
-852.941162
147.058822
990.196105
1725.490234
2813.725585
2882.353027
2490.196044
1990.196166
1186.274536
176.470596
-686.274536
-2323.529541
-2764.706054
-2892.156982
-2656.862792
-2196.078369
-1480.392211
607.843139
1362.745117
2176.470703
2705.882324
2872.549072
2705.882324
2313.725585
617.647094
-343.137268
-1176.470581
-1941.176513
-2558.823486
-2872.549072
-2882.353027
-1784.313720
-911.764709
98.039215
901.960815
1656.862792
2372.549072
2774.509765
2539.215820
2068.627441
1303.921630
284.313720
-617.647094
-1382.353027
-2186.274658
-2725.490234
-2892.156982
-2696.078369
-1549.019653
-558.823547
421.568634
2088.235351
2666.666748
2882.353027
2764.706054
2372.549072
1745.098022
882.352966
-107.843139
-941.176513
-1715.686279
-2450.980468
-2813.725585
-2892.156982
-2539.215820
-2068.627441
-1274.509887
-284.313720
637.254943
1411.764770
2166.666748
2705.882324
2852.941162
2215.686279
1549.019653
607.843139
-362.745117
-1196.078491
-1990.196166
-2598.039306
-2784.313720
-2362.745117
-1764.705932
-882.352966
117.647064
990.196105
1735.294189
2450.980468
2794.117675
2872.549072
1990.196166
1196.078491
166.666671
-1627.451049
-2372.549072
-2764.706054
-2901.960937
-2666.666748
-2166.666748
-1441.176513
647.058837
1411.764770
2186.274658
2696.078369
2872.549072
2696.078369
2284.313720
598.039245
-352.941192
-1225.490234
-1990.196166
-2607.843261
-2872.549072
-2852.941162
-1764.705932
-852.941162
137.254898
980.392150
1705.882324
2431.372558
2774.509765
2862.745117
2549.019775
2107.843261
176.470596
-666.666687
-1460.784301
-2254.902099
-2745.098144
-2892.156982
-2715.686279
-1490.196166
-480.392150
480.392150
1274.509887
2058.823486
2598.039306
2715.686279
2333.333496
1715.686279
794.117675
-147.058822
-1039.215698
-1813.725463
-2519.607910
-2852.941162
-2901.960937
-2500.000000
-1156.862792
-117.647064
764.705871
1558.823608
2294.117675
2735.294189
2607.843261
2147.058837
1450.980468
441.176483
-500.000000
-1254.901977
-2009.803955
-2911.764648
-2745.098144
-2333.333496
-1715.686279
-813.725524
166.666671
1049.019653
2519.607910
2813.725585
2872.549072
2431.372558
1921.568603
1117.647094
117.647064
-754.901977
-1549.019653
-2303.921630
-2921.568603
-2617.647216
-2156.862792
-1401.960815
-392.156860
529.411804
1313.725463
2725.490234
2872.549072
2686.274658
2264.705810
1637.254882
735.294128
-264.705902
-1970.588256
-2588.235351
-2872.549072
-2892.156982
-2441.176513
-1862.745117
-1000.000000
990.196105
1725.490234
2450.980468
2794.117675
2862.745117
2558.823486
2049.019531
1333.333374
313.725494
-598.039245
-1372.549072
-2166.666748
-2715.686279
-2892.156982
-2725.490234
-2294.117675
-1656.862792
-705.882385
1254.901977
2009.803955
2598.039306
2882.353027
2813.725585
2382.353027
1813.725463
950.980407
-19.607843
-843.137268
-1637.254882
-2392.156982
-2794.117675
-2892.156982
-2637.254882
-2147.058837
-1421.568603
-411.764709
1411.764770
2215.686279
2705.882324
2882.353027
2696.078369
2274.509765
1617.647094
-431.372558
-1254.901977
-2049.019531
-2637.254882
-2872.549072
-2823.529541
-2392.156982
-1794.117675
-901.960815
68.627449
1794.117675
2460.784423
2794.117675
2892.156982
2529.411865
2019.607910
1205.882324
215.686279
-676.470581
-1470.588256
-2235.294189
-2764.706054
-2892.156982
-2696.078369
-2254.902099
-1607.843139
-666.666687
333.333343
1166.666748
1941.176513
2558.823486
2794.117675
2372.549072
1794.117675
901.960815
-68.627449
-882.352966
-1676.470581
-2833.333496
-2901.960937
-2529.411865
-2029.411743
-1254.901977
-205.882354
666.666687
2313.725585
2735.294189
2872.549072
2637.254882
2186.274658
1500.000000
617.647094
-333.333343
-1186.274536
-1970.588256
-2901.960937
-2794.117675
-2372.549072
-764.705871
225.490203
1088.235351
1823.529418
2529.411865
2843.137207
2862.745117
1872.549072
1039.215698
19.607843
-784.313720
-1568.627441
-2323.529541
-2774.509765
-2578.431396
-2107.843261
-1333.333374
-313.725494
598.039245
1382.353027
2156.862792
2862.745117
2656.862792
2245.098144
1598.039184
656.862731
-333.333343
-1166.666748
-2627.450927
-2892.156982
-2813.725585
-2401.960937
-1803.921630
-911.764709
1107.843139
1852.941162
2509.803955
2813.725585
2882.353027
2470.588378
1980.392211
0.000000
-696.078430
-1450.980468
-2235.294189
-2764.706054
-2882.353027
-2705.882324
-1470.588256
-480.392150
490.196075
1254.901977
2039.215698
2617.647216
2862.745117
2313.725585
1696.078491
803.921569
-186.274520
-1029.411743
-1803.921630
-2500.000000
-2823.529541
-2892.156982
-2529.411865
-1117.647094
-107.843139
774.509826
1558.823608
2284.313720
2754.902099
2882.353027
2137.254882
1441.176513
431.372558
-490.196075
-1313.725463
-2107.843261
-2666.666748
-2715.686279
-2294.117675
-1637.254882
-696.078430
284.313720
1117.647094
2568.627441
2843.137207
2823.529541
2392.156982
1833.333374
980.392150
19.607843
-794.117675
-1578.431396
-2333.333496
-2784.313720
-2892.156982
-2666.666748
-2196.078369
-1460.784301
-441.176483
500.000000
1225.490234
1990.196166
2568.627441
2852.941162
2813.725585
1705.882324
813.725524
-147.058822
-1019.607849
-1784.313720
-2519.607910
-2843.137207
-2470.588378
-1931.372558
-1117.647094
-78.431373
784.313720
1549.019653
2274.509765
2725.490234
2872.549072
2647.058837
1431.372558
441.176483
-500.000000
-1245.098022
-2019.607910
-2617.647216
-2872.549072
-2352.941162
-1715.686279
-784.313720
176.470596
1049.019653
1803.921630
2500.000000
2794.117675
2882.353027
2549.019775
1186.274536
137.254898
-705.882385
-1490.196166
-2764.706054
-2921.568603
-2676.470703
-2186.274658
-1450.980468
-460.784332
1421.568603
2196.078369
2705.882324
2872.549072
2676.470703
2274.509765
1666.666748
-411.764709
-1245.098022
-2009.803955
-2627.450927
-2882.353027
-2862.745117
-2421.568603
-882.352966
137.254898
1019.607849
1774.509887
2450.980468
2794.117675
2882.353027
2529.411865
2049.019531
1284.313720
274.509796
-637.254943
-1401.960815
-2215.686279
-2725.490234
-2911.764648
-2715.686279
-2274.509765
-1637.254882
-696.078430
294.117645
1990.196166
2617.647216
2872.549072
2852.941162
2401.960937
1833.333374
970.588256
-1029.411743
-1813.725463
-2509.803955
-2843.137207
-2901.960937
-2519.607910
-2009.803955
-58.823532
784.313720
1578.431396
2323.529541
2754.902099
2892.156982
2627.450927
2186.274658
1500.000000
617.647094
-1294.117675
-2088.235351
-2676.470703
-2901.960937
-2803.921630
-2392.156982
-1764.705932
-852.941162
127.450981
990.196105
1715.686279
2441.176513
2784.313720
2872.549072
2578.431396
1176.470581
156.862747
-686.274536
-1500.000000
-2215.686279
-2735.294189
-2892.156982
-2196.078369
-1509.803955
-529.411804
441.176483
1254.901977
2009.803955
2872.549072
2764.706054
2362.745117
1735.294189
833.333374
-156.862747
-1019.607849
-2549.019775
-2843.137207
-2892.156982
-2470.588378
-1941.176513
-1088.235351
-39.215686
1696.078491
2421.568603
2794.117675
2892.156982
2568.627441
2107.843261
1343.137329
362.745117
-568.627441
-1372.549072
-2176.470703
-2715.686279
-2892.156982
-2725.490234
-2313.725585
-1696.078491
-745.098083
235.294128
1941.176513
2549.019775
2833.333496
2852.941162
2431.372558
1872.549072
1029.411743
-1039.215698
-1803.921630
-2500.000000
-2803.921630
-2921.568603
-2558.823486
-2049.019531
-117.647064
745.098083
1490.196166
2254.902099
2715.686279
2892.156982
2156.862792
1441.176513
470.588256
-470.588256
-1284.313720
-2078.431396
-2656.862792
-2715.686279
-2303.921630
-1647.058837
-715.686279
245.098037
1078.431396
1833.333374
2470.588378
2823.529541
2862.745117
1843.137329
1009.803955
-9.803922
-774.509826
-1568.627441
-2343.137207
-2764.706054
-2617.647216
-2107.843261
-1362.745117
-333.333343
598.039245
1352.941162
2137.254882
2882.353027
2686.274658
2245.098144
1588.235351
647.058837
-303.921569
-1156.862792
-1941.176513
-2578.431396
-2862.745117
-2392.156982
-1774.509887
-911.764709
1088.235351
1852.941162
2509.803955
2843.137207
2882.353027
2470.588378
1970.588256
19.607843
-813.725524
-1588.235351
-2333.333496
-2774.509765
-2911.764648
-2656.862792
-1343.137329
-313.725494
598.039245
1382.353027
2156.862792
2676.470703
2882.353027
2235.294189
1578.431396
617.647094
-333.333343
-1176.470581
-1921.568603
-2558.823486
-2833.333496
-2372.549072
-1774.509887
-901.960815
68.627449
892.156860
1637.254882
2352.941162
2764.706054
2892.156982
2058.823486
1323.529418
303.921569
-617.647094
-1401.960815
-2176.470703
-2705.882324
-2676.470703
-2254.902099
-1578.431396
-598.039245
382.352935
1196.078491
2627.450927
2882.353027
2784.313720
2372.549072
1784.313720
911.764709
-39.215686
-1774.509887
-2460.784423
-2813.725585
-2901.960937
-2529.411865
-2039.215698
-1235.294189
843.137268
1607.843139
2333.333496
2774.509765
2901.960937
2656.862792
2166.666748
323.529418
-578.431396
-1352.941162
-2166.666748
-2715.686279
-2882.353027
-2715.686279
-2294.117675
-1637.254882
-715.686279
294.117645
1127.451049
1862.745117
2509.803955
2833.333496
2882.353027
2470.588378
1941.176513
-39.215686
-843.137268
-1656.862792
-2372.549072
-2794.117675
-2882.353027
-2617.647216
-1313.725463
-264.705902
647.058837
1392.156860
2166.666748
2696.078369
2686.274658
2215.686279
1549.019653
607.843139
-372.549041
-1215.686279
-1970.588256
-2892.156982
-2774.509765
-2392.156982
-1784.313720
-872.549011
98.039215
921.568664
2460.784423
2803.921630
2882.353027
2529.411865
2039.215698
1264.705932
225.490203
-627.450988
-1401.960815
-2186.274658
-2901.960937
-2686.274658
-2235.294189
-1539.215698
-568.627441
421.568634
1254.901977
2637.254882
2852.941162
2754.902099
2362.745117
1754.901977
882.352966
-107.843139
-1892.156860
-2539.215820
-2833.333496
-2892.156982
-2460.784423
-1960.784301
-1137.254882
941.176513
1686.274536
2411.764648
2774.509765
2882.353027
2588.235351
2117.647216
1372.549072
372.549041
-529.411804
-2235.294189
-2735.294189
-2901.960937
-2696.078369
-2284.313720
-1607.843139
460.784332
1284.313720
2029.411743
2598.039306
2862.745117
2843.137207
2382.353027
794.117675
-166.666671
-1068.627441
-1833.333374
-2500.000000
-2823.529541
-2882.353027
-1950.980468
-1137.254882
-68.627449
745.098083
1500.000000
2215.686279
2696.078369
2872.549072
2686.274658
2264.705810
568.627441
-401.960784
-1235.294189
-2009.803955
-2617.647216
-2892.156982
-2852.941162
-1745.098022
-843.137268
156.862747
1039.215698
1774.509887
2450.980468
2813.725585
2480.392089
1960.784301
1156.862792
107.843139
-745.098083
-1519.607910
-2284.313720
-2911.764648
-2627.450927
-2166.666748
-1421.568603
-392.156860
539.215698
1303.921630
2088.235351
2647.058837
2843.137207
2284.313720
1666.666748
725.490234
-254.901962
-1088.235351
-1833.333374
-2529.411865
-2872.549072
-2892.156982
-2460.784423
-1941.176513
-1098.039184
-49.019607
735.294128
1539.215698
2323.529541
2764.706054
2882.353027
2137.254882
1401.960815
431.372558
-500.000000
-1264.705932
-2049.019531
-2607.843261
-2735.294189
-2303.921630
-1705.882324
-764.705871
205.882354
1058.823608
1794.117675
2490.196044
2823.529541
2892.156982
2509.803955
1990.196166
1196.078491
176.470596
-686.274536
-1470.588256
-2245.098144
-2735.294189
-2656.862792
-2186.274658
-1441.176513
-460.784332
500.000000
1254.901977
2009.803955
2872.549072
2745.098144
2362.745117
1725.490234
843.137268
-147.058822
-970.588256
-2519.607910
-2833.333496
-2892.156982
-2500.000000
-2039.215698
-1196.078491
852.941162
1607.843139
2343.137207
2745.098144
2872.549072
2617.647216
2176.470703
343.137268
-588.235290
-1362.745117
-2166.666748
-2696.078369
-2901.960937
-2735.294189
-1598.039184
-637.254943
362.745117
1196.078491
1941.176513
2539.215820
2843.137207
2372.549072
1774.509887
921.568664
-58.823532
-872.549011
-1656.862792
-2411.764648
-2803.921630
-2921.568603
-2617.647216
-1254.901977
-225.490203
676.470581
1431.372558
2186.274658
2715.686279
2872.549072
2205.882324
1529.411743
549.019592
-392.156860
-1225.490234
-1980.392211
-2578.431396
-2784.313720
-2382.353027
-1774.509887
-852.941162
147.058822
980.392150
1715.686279
2431.372558
2764.706054
2852.941162
2000.000000
1284.313720
264.705902
-627.450988
-1401.960815
-2186.274658
-2735.294189
-2892.156982
-2715.686279
-2294.117675
-1656.862792
-686.274536
313.725494
1127.451049
1901.960815
2529.411865
2852.941162
2882.353027
1813.725463
960.784301
-29.411766
-862.745117
-1647.058837
-2401.960937
-2794.117675
-2578.431396
-2078.431396
-1274.509887
-264.705902
617.647094
1392.156860
2186.274658
2696.078369
2882.353027
2715.686279
1568.627441
588.235290
-362.745117
-2068.627441
-2656.862792
-2892.156982
-2784.313720
-2382.353027
-1774.509887
-872.549011
1137.254882
1901.960815
2549.019775
2833.333496
2872.549072
2460.784423
1980.392211
-19.607843
-862.745117
-1637.254882
-2392.156982
-2803.921630
-2892.156982
-2637.254882
-1303.921630
-274.509796
647.058837
1392.156860
2196.078369
2705.882324
2656.862792
2225.490234
1558.823608
617.647094
-352.941192
-1215.686279
-1970.588256
-2901.960937
-2803.921630
-2392.156982
-1764.705932
-872.549011
107.843139
960.784301
2519.607910
2813.725585
2872.549072
2490.196044
2000.000000
1303.921630
303.921569
-1519.607910
-2274.509765
-2754.902099
-2882.353027
-2715.686279
-2245.098144
-1549.019653
-588.235290
392.156860
1205.882324
2656.862792
2882.353027
2784.313720
2352.941162
1764.705932
901.960815
-68.627449
-1813.725463
-2490.196044
-2833.333496
-2892.156982
-2529.411865
-2019.607910
-1215.686279
-166.666671
696.078430
1470.588256
2235.294189
2735.294189
2872.549072
2676.470703
2245.098144
1598.039184
666.666687
-303.921569
-2019.607910
-2607.843261
-2892.156982
-2813.725585
-2411.764648
-1813.725463
-921.568664
58.823532
892.156860
1656.862792
2794.117675
2872.549072
2519.607910
2058.823486
1323.529418
323.529418
-598.039245
-2264.705810
-2745.098144
-2901.960937
-2696.078369
-2245.098144
-1607.843139
-637.254943
1303.921630
2078.431396
2647.058837
2852.941162
2745.098144
2382.353027
1774.509887
901.960815
-68.627449
-901.960815
-1705.882324
-2401.960937
-2803.921630
-2911.764648
-2607.843261
-2127.450927
-1362.745117
-323.529418
1500.000000
2205.882324
2735.294189
2882.353027
2666.666748
2264.705810
1637.254882
-421.568634
-1254.901977
-2019.607910
-2617.647216
-2892.156982
-2823.529541
-2401.960937
-823.529418
176.470596
1009.803955
1784.313720
2480.392089
2823.529541
2431.372558
1911.764770
1127.451049
98.039215
-705.882385
-1500.000000
-2225.490234
-2911.764648
-2686.274658
-2215.686279
-1519.607910
-529.411804
431.372558
1215.686279
2686.274658
2882.353027
2764.706054
2352.941162
1735.294189
852.941162
-117.647064
-1872.549072
-2519.607910
-2843.137207
-2892.156982
-2509.803955
-1950.980468
-1137.254882
921.568664
1696.078491
2401.960937
2784.313720
2921.568603
2588.235351
1254.901977
254.901962
-627.450988
-1411.764770
-2196.078369
-2725.490234
-2892.156982
-2225.490234
-1519.607910
-578.431396
392.156860
1205.882324
1980.392211
2578.431396
2754.902099
2333.333496
1735.294189
833.333374
-127.450981
-990.196105
-1735.294189
-2843.137207
-2901.960937
-2490.196044
-1980.392211
-1147.058837
-107.843139
735.294128
1509.803955
2284.313720
2764.706054
2892.156982
2666.666748
2235.294189
1558.823608
607.843139
-352.941192
-1186.274536
-1970.588256
-2862.745117
-2813.725585
-2372.549072
-1774.509887
-862.745117
107.843139
980.392150
2500.000000
2794.117675
2882.353027
2519.607910
2049.019531
1294.117675
274.509796
-607.843139
-1392.156860
-2196.078369
-2735.294189
-2921.568603
-2715.686279
-2274.509765
-1627.451049
-725.490234
254.901962
1117.647094
2588.235351
2833.333496
2843.137207
2431.372558
1823.529418
1009.803955
0.000000
-1647.058837
-2392.156982
-2803.921630
-2901.960937
-2617.647216
-2156.862792
-1401.960815
647.058837
1421.568603
2186.274658
2696.078369
2892.156982
2686.274658
1519.607910
607.843139
-382.352935
-1215.686279
-1990.196166
-2598.039306
-2882.353027
-2843.137207
-2431.372558
-1823.529418
-950.980407
19.607843
823.529418
1607.843139
2323.529541
2754.902099
2862.745117
2627.450927
2196.078369
1480.392211
480.392150
-441.176483
-2156.862792
-2715.686279
-2892.156982
-2715.686279
-2313.725585
-1676.470581
-784.313720
1235.294189
1990.196166
2598.039306
2862.745117
2833.333496
2411.764648
1813.725463
980.392150
0.000000
-686.274536
-2343.137207
-2784.313720
-2911.764648
-2656.862792
-2176.470703
-1480.392211
-480.392150
1392.156860
2186.274658
2686.274658
2862.745117
2686.274658
2284.313720
1647.058837
784.313720
-205.882354
-1098.039184
-2578.431396
-2892.156982
-2882.353027
-1754.901977
-862.745117
127.450981
960.784301
1715.686279
2441.176513
2774.509765
2500.000000
2058.823486
1303.921630
284.313720
-617.647094
-1401.960815
-2186.274658
-2892.156982
-2686.274658
-2215.686279
-1519.607910
-549.019592
392.156860
1225.490234
2637.254882
2862.745117
2754.902099
2362.745117
1735.294189
872.549011
-98.039215
-1813.725463
-2500.000000
-2803.921630
-2901.960937
-2568.627441
-2029.411743
-98.039215
705.882385
1480.392211
2264.705810
2725.490234
2882.353027
2666.666748
1450.980468
490.196075
-441.176483
-1274.509887
-2049.019531
-2637.254882
-2892.156982
-2323.529541
-1676.470581
-754.901977
215.686279
1058.823608
1803.921630
2500.000000
2882.353027
2460.784423
1950.980468
1156.862792
137.254898
-745.098083
-1539.215698
-2784.313720
-2892.156982
-2627.450927
-2166.666748
-1421.568603
-401.960784
519.607849
1303.921630
2068.627441
2637.254882
2872.549072
2794.117675
2352.941162
1735.294189
833.333374
-137.254898
-1009.803955
-1774.509887
-2843.137207
-2882.353027
-2480.392089
-1941.176513
-1107.843139
-49.019607
764.705871
1529.411743
2264.705810
2725.490234
2882.353027
2656.862792
2215.686279
1549.019653
607.843139
-372.549041
-1225.490234
-1970.588256
-2598.039306
-2882.353027
-2882.353027
-1764.705932
-862.745117
117.647064
970.588256
1715.686279
2441.176513
2794.117675
2480.392089
1970.588256
1196.078491
186.274520
-686.274536
-1460.784301
-2225.490234
-2921.568603
-2676.470703
-2196.078369
-1480.392211
-470.588256
490.196075
1264.705932
2666.666748
2852.941162
2696.078369
2333.333496
1696.078491
823.529418
-166.666671
-1019.607849
-1803.921630
-2490.196044
-2901.960937
-2470.588378
-1911.764770
-1078.431396
-29.411766
803.921569
1568.627441
2774.509765
2852.941162
2578.431396
2098.039306
1382.353027
372.549041
-539.215698
-2196.078369
-2735.294189
-2901.960937
-2715.686279
-2284.313720
-1617.647094
450.980407
1245.098022
2019.607910
2578.431396
2862.745117
2803.921630
2392.156982
843.137268
-127.450981
-1000.000000
-1754.901977
-2431.372558
-2833.333496
-2892.156982
-1990.196166
-1156.862792
-156.862747
784.313720
1539.215698
2294.117675
2745.098144
2872.549072
2647.058837
2205.882324
1549.019653
588.235290
-343.137268
-1205.882324
-1970.588256
-2578.431396
-2872.549072
-2872.549072
-1764.705932
-852.941162
127.450981
980.392150
1725.490234
2411.764648
2794.117675
2480.392089
1990.196166
1205.882324
205.882354
-686.274536
-1480.392211
-2264.705810
-2911.764648
-2666.666748
-2176.470703
-1470.588256
-470.588256
480.392150
2156.862792
2705.882324
2872.549072
2686.274658
2284.313720
1666.666748
754.901977
-1205.882324
-1980.392211
-2607.843261
-2901.960937
-2862.745117
-2421.568603
-1833.333374
176.470596
1049.019653
1803.921630
2480.392089
2803.921630
2872.549072
2509.803955
2039.215698
1264.705932
235.294128
-1568.627441
-2333.333496
-2774.509765
-2617.647216
-2117.647216
-1362.745117
-352.941192
588.235290
1362.745117
2147.058837
2882.353027
2666.666748
2264.705810
1637.254882
686.274536
-274.509796
-1137.254882
-2617.647216
-2872.549072
-2823.529541
-2411.764648
-1803.921630
-941.176513
58.823532
1784.313720
2470.588378
2794.117675
2872.549072
2519.607910
2049.019531
1303.921630
274.509796
-617.647094
-1401.960815
-2764.706054
-2892.156982
-2676.470703
-1450.980468
-450.980407
490.196075
1274.509887
2058.823486
2627.450927
2823.529541
2323.529541
1686.274536
784.313720
-196.078430
-1058.823608
-1823.529418
-2509.803955
-2882.353027
-2460.784423
-1911.764770
-1058.823608
0.000000
666.666687
1441.176513
2754.902099
2872.549072
2637.254882
2176.470703
1509.803955
529.411804
-411.764709
-2098.039306
-2666.666748
-2892.156982
-2774.509765
-2352.941162
-1725.490234
303.921569
1156.862792
1901.960815
2509.803955
2784.313720
2872.549072
2431.372558
960.784301
-29.411766
-843.137268
-1637.254882
-2372.549072
-2774.509765
-2892.156982
-2637.254882
-2156.862792
-1421.568603
656.862731
1421.568603
2225.490234
2715.686279
2862.745117
2666.666748
2274.509765
588.235290
-382.352935
-1215.686279
-1990.196166
-2617.647216
-2872.549072
-2862.745117
-1754.901977
-852.941162
137.254898
1019.607849
1774.509887
2480.392089
2813.725585
2882.353027
2519.607910
2049.019531
147.058822
-725.490234
-1500.000000
-2215.686279
-2725.490234
-2911.764648
-2696.078369
-1509.803955
-519.607849
421.568634
1235.294189
2009.803955
2617.647216
2862.745117
2313.725585
1725.490234
823.529418
-156.862747
-1029.411743
-1803.921630
-2500.000000
-2911.764648
-2500.000000
-2039.215698
-1205.882324
-176.470596
686.274536
1441.176513
2225.490234
2725.490234
2862.745117
2676.470703
2254.902099
1617.647094
686.274536
-294.117645
-1147.058837
-1901.960815
-2568.627441
-2823.529541
-2401.960937
-1803.921630
-950.980407
39.215686
852.941162
1627.451049
2372.549072
2764.706054
2872.549072
2617.647216
2166.666748
1431.372558
441.176483
-490.196075
-1284.313720
-2088.235351
-2637.254882
-2735.294189
-2294.117675
-1637.254882
-735.294128
245.098037
1078.431396
1852.941162
2843.137207
2843.137207
2401.960937
1862.745117
1009.803955
9.803922
-764.705871
-2382.353027
-2803.921630
-2911.764648
-2637.254882
-2166.666748
-1401.960815
696.078430
1450.980468
2225.490234
2715.686279
2901.960937
2686.274658
2235.294189
549.019592
-411.764709
-1235.294189
-2009.803955
-2607.843261
-2892.156982
-2833.333496
-1715.686279
-823.529418
176.470596
1029.411743
1784.313720
2490.196044
2823.529541
2441.176513
1911.764770
1088.235351
78.431373
-764.705871
-1549.019653
-2284.313720
-2911.764648
-2617.647216
-2147.058837
-1401.960815
-372.549041
558.823547
2225.490234
2696.078369
2882.353027
2656.862792
2264.705810
1647.058837
735.294128
-254.901962
-1107.843139
-1892.156860
-2529.411865
-2882.353027
-2421.568603
-1833.333374
-980.392150
19.607843
823.529418
2411.764648
2794.117675
2892.156982
2568.627441
2107.843261
1343.137329
323.529418
-1470.588256
-2264.705810
-2764.706054
-2892.156982
-2705.882324
-2225.490234
-1568.627441
519.607849
1303.921630
2107.843261
2656.862792
2882.353027
2725.490234
2343.137207
1735.294189
852.941162
-117.647064
-990.196105
-1735.294189
-2460.784423
-2813.725585
-2901.960937
-2539.215820
-2098.039306
-1294.117675
754.901977
1549.019653
2264.705810
2745.098144
2892.156982
2676.470703
2205.882324
470.588256
-480.392150
-1294.117675
-2078.431396
-2676.470703
-2882.353027
-2794.117675
-1666.666748
-725.490234
274.509796
1107.843139
1862.745117
2490.196044
2843.137207
2392.156982
1852.941162
1019.607849
0.000000
-686.274536
-1470.588256
-2784.313720
-2901.960937
-2686.274658
-2196.078369
-1470.588256
-460.784332
480.392150
2137.254882
2656.862792
2892.156982
2725.490234
2323.529541
1686.274536
774.509826
-1176.470581
-1960.784301
-2578.431396
-2872.549072
-2852.941162
-2450.980468
-1862.745117
127.450981
970.588256
1725.490234
2431.372558
2764.706054
2882.353027
2568.627441
2107.843261
1352.941162
323.529418
-1529.411743
-2294.117675
-2774.509765
-2901.960937
-2686.274658
-2225.490234
-1539.215698
-549.019592
411.764709
1225.490234
1980.392211
2578.431396
2852.941162
2833.333496
2401.960937
1852.941162
990.196105
9.803922
-1676.470581
-2421.568603
-2813.725585
-2911.764648
-2578.431396
-2127.450927
-1352.941162
725.490234
1500.000000
2196.078369
2715.686279
2862.745117
2656.862792
2274.509765
1647.058837
725.490234
-254.901962
-1127.451049
-1872.549072
-2549.019775
-2852.941162
-2911.764648
-2500.000000
-2000.000000
-1274.509887
784.313720
1588.235351
2313.725585
2754.902099
2862.745117
2686.274658
2196.078369
372.549041
-529.411804
-1343.137329
-2117.647216
-2686.274658
-2901.960937
-2754.902099
-1637.254882
-696.078430
294.117645
1127.451049
1872.549072
2519.607910
2843.137207
2401.960937
1852.941162
970.588256
39.215686
-784.313720
-1598.039184
-2794.117675
-2872.549072
-2588.235351
-2117.647216
-1352.941162
-333.333343
598.039245
2235.294189
2705.882324
2901.960937
2676.470703
2274.509765
1617.647094
676.470581
-1274.509887
-2058.823486
-2627.450927
-2882.353027
-2823.529541
-2392.156982
-1803.921630
-911.764709
88.235298
892.156860
1666.666748
2382.353027
2754.902099
2862.745117
2607.843261
2127.450927
1431.372558
431.372558
-1401.960815
-2205.882324
-2725.490234
-2911.764648
-2705.882324
-2284.313720
-1637.254882
470.588256
1274.509887
2019.607910
2578.431396
2852.941162
2784.313720
1696.078491
784.313720
-186.274520
-1019.607849
-1813.725463
-2509.803955
-2833.333496
-2470.588378
-1901.960815
-1058.823608
-29.411766
803.921569
1578.431396
2303.921630
2882.353027
2588.235351
2107.843261
1362.745117
343.137268
-558.823547
-1352.941162
-2745.098144
-2892.156982
-2676.470703
-2245.098144
-1588.235351
-627.450988
352.941192
1176.470581
1931.372558
2539.215820
2852.941162
2852.941162
2441.176513
882.352966
-78.431373
-882.352966
-1696.078491
-2421.568603
-2813.725585
-2901.960937
-2029.411743
-1235.294189
-196.078430
686.274536
1450.980468
2205.882324
2686.274658
2656.862792
2205.882324
1519.607910
539.215698
-401.960784
-1235.294189
-2000.000000
-2882.353027
-2813.725585
-2392.156982
-1784.313720
-901.960815
88.235298
911.764709
1666.666748
2401.960937
2774.509765
2539.215820
2049.019531
1294.117675
-784.313720
-1549.019653
-2323.529541
-2784.313720
-2892.156982
-2676.470703
-2196.078369
-382.352935
549.019592
1333.333374
2117.647216
2666.666748
2882.353027
2745.098144
1647.058837
705.882385
-264.705902
-1147.058837
-1882.353027
-2539.215820
-2862.745117
-2892.156982
-2460.784423
-1901.960815
88.235298
901.960815
1676.470581
2382.353027
2764.706054
2872.549072
2607.843261
1313.725463
313.725494
-578.431396
-1411.764770
-2186.274658
-2715.686279
-2901.960937
-2705.882324
-2284.313720
-1637.254882
-696.078430
274.509796
1117.647094
1872.549072
2519.607910
2843.137207
2882.353027
2490.196044
1039.215698
29.411766
-794.117675
-1598.039184
-2343.137207
-2774.509765
-2892.156982
-2656.862792
-2196.078369
-1460.784301
617.647094
1392.156860
2156.862792
2696.078369
2892.156982
2705.882324
2274.509765
637.254943
-333.333343
-1196.078491
-1950.980468
-2588.235351
-2872.549072
-2872.549072
-1803.921630
-921.568664
68.627449
901.960815
1647.058837
2362.745117
2764.706054
2862.745117
2617.647216
2147.058837
1431.372558
441.176483
-500.000000
-1245.098022
-2039.215698
-2627.450927
-2901.960937
-2823.529541
-2392.156982
-1794.117675
-911.764709
1127.451049
1862.745117
2490.196044
2813.725585
2852.941162
2470.588378
1941.176513
-29.411766
-862.745117
-1647.058837
-2382.353027
-2794.117675
-2892.156982
-2627.450927
-1294.117675
-254.901962
637.254943
1421.568603
2196.078369
2666.666748
2862.745117
2215.686279
1558.823608
607.843139
-382.352935
-1205.882324
-1990.196166
-2598.039306
-2774.509765
-2382.353027
-1774.509887
-862.745117
127.450981
1000.000000
2460.784423
2774.509765
2882.353027
2500.000000
2078.431396
1323.529418
303.921569
-1529.411743
-2323.529541
-2803.921630
-2901.960937
-2666.666748
-2215.686279
-1529.411743
568.627441
1343.137329
2127.450927
2696.078369
2852.941162
2705.882324
2313.725585
1696.078491
794.117675
-176.470596
-1921.568603
-2558.823486
-2862.745117
-2872.549072
-2470.588378
-1901.960815
-1058.823608
-9.803922
764.705871
1539.215698
2313.725585
2754.902099
2872.549072
2696.078369
2225.490234
460.784332
-490.196075
-1294.117675
-2088.235351
-2686.274658
-2882.353027
-2784.313720
-1656.862792
-715.686279
274.509796
1127.451049
1852.941162
2539.215820
2843.137207
2421.568603
1852.941162
1039.215698
0.000000
-705.882385
-1500.000000
-2225.490234
-2725.490234
-2892.156982
-2696.078369
-2303.921630
-1627.451049
-676.470581
313.725494
1166.666748
1911.764770
2539.215820
2823.529541
2401.960937
1823.529418
960.784301
-9.803922
-803.921569
-1578.431396
-2323.529541
-2774.509765
-2911.764648
-2666.666748
-2176.470703
-1450.980468
-450.980407
490.196075
1274.509887
2049.019531
2617.647216
2872.549072
2284.313720
1696.078491
784.313720
-166.666671
-1049.019653
-1833.333374
-2500.000000
-2892.156982
-2490.196044
-1950.980468
-1127.451049
-107.843139
774.509826
1529.411743
2294.117675
2735.294189
2872.549072
2666.666748
2205.882324
1539.215698
539.215698
-421.568634
-1245.098022
-2009.803955
-2627.450927
-2745.098144
-2362.745117
-1745.098022
-843.137268
156.862747
1009.803955
1794.117675
2460.784423
2813.725585
2892.156982
1941.176513
1117.647094
107.843139
-754.901977
-1539.215698
-2294.117675
-2764.706054
-2911.764648
-2666.666748
-2186.274658
-1500.000000
-598.039245
352.941192
1156.862792
1941.176513
2852.941162
2764.706054
2362.745117
1745.098022
892.156860
-39.215686
-882.352966
-2470.588378
-2843.137207
-2862.745117
-2529.411865
-2058.823486
-1215.686279
833.333374
1607.843139
2343.137207
2764.706054
2882.353027
2647.058837
2176.470703
352.941192
-558.823547
-1352.941162
-2137.254882
-2696.078369
-2901.960937
-2764.706054
-1617.647094
-666.666687
323.529418
1156.862792
1882.353027
2539.215820
2833.333496
2852.941162
2421.568603
1901.960815
-49.019607
-872.549011
-1656.862792
-2392.156982
-2784.313720
-2901.960937
-2627.450927
-1294.117675
-264.705902
637.254943
1411.764770
2205.882324
2715.686279
2882.353027
2225.490234
1549.019653
598.039245
-372.549041
-1205.882324
-1970.588256
-2588.235351
-2813.725585
-2382.353027
-1745.098022
-843.137268
137.254898
990.196105
2509.803955
2813.725585
2852.941162
2470.588378
1980.392211
1186.274536
147.058822
-725.490234
-1490.196166
-2274.509765
-2735.294189
-2656.862792
-2186.274658
-1450.980468
-450.980407
490.196075
1274.509887
2696.078369
2852.941162
2705.882324
2303.921630
1696.078491
794.117675
-176.470596
-1911.764770
-2558.823486
-2872.549072
-2892.156982
-2460.784423
-1921.568603
-1078.431396
-39.215686
784.313720
1568.627441
2784.313720
2882.353027
2578.431396
2107.843261
1362.745117
362.745117
-568.627441
-2235.294189
-2754.902099
-2911.764648
-2705.882324
-2264.705810
-1617.647094
-676.470581
1254.901977
2039.215698
2617.647216
2872.549072
2794.117675
2372.549072
1784.313720
931.372558
-49.019607
-882.352966
-1656.862792
-2401.960937
-2774.509765
-2911.764648
-2627.450927
-2147.058837
-1411.764770
-401.960784
1411.764770
2215.686279
2705.882324
2872.549072
2676.470703
2274.509765
1647.058837
-421.568634
-1254.901977
-2039.215698
-2627.450927
-2882.353027
-2813.725585
-2392.156982
-794.117675
196.078430
1039.215698
1794.117675
2480.392089
2813.725585
2441.176513
1892.156860
1107.843139
98.039215
-735.294128
-1519.607910
-2303.921630
-2911.764648
-2637.254882
-2166.666748
-1411.764770
-401.960784
529.411804
1333.333374
2735.294189
2882.353027
2696.078369
2235.294189
1627.451049
745.098083
-235.294128
-1931.372558
-2578.431396
-2862.745117
-2862.745117
-2450.980468
-1852.941162
166.666671
1029.411743
1774.509887
2480.392089
2813.725585
2882.353027
2500.000000
2068.627441
1333.333374
313.725494
-588.235290
-1362.745117
-2186.274658
-2725.490234
-2686.274658
-2245.098144
-1578.431396
-607.843139
372.549041
1205.882324
1941.176513
2872.549072
2774.509765
2352.941162
1754.901977
911.764709
-58.823532
-882.352966
-2470.588378
-2833.333496
-2892.156982
-2539.215820
-2029.411743
-1245.098022
823.529418
1588.235351
2323.529541
2754.902099
2882.353027
2656.862792
2156.862792
333.333343
-558.823547
-1362.745117
-2166.666748
-2696.078369
-2882.353027
-2725.490234
-1578.431396
-617.647094
362.745117
1186.274536
1950.980468
2549.019775
2833.333496
2372.549072
1784.313720
911.764709
-58.823532
-882.352966
-1666.666748
-2411.764648
-2901.960937
-2568.627441
-2058.823486
-1254.901977
-225.490203
637.254943
2313.725585
2774.509765
2882.353027
2647.058837
2215.686279
1519.607910
568.627441
-1323.529418
-2098.039306
-2686.274658
-2892.156982
-2745.098144
-2352.941162
-1725.490234
333.333343
1166.666748
1941.176513
2568.627441
2843.137207
2852.941162
2421.568603
1882.353027
1068.627441
49.019607
-764.705871
-1558.823608
-2323.529541
-2764.706054
-2892.156982
-2666.666748
-2205.882324
-1509.803955
568.627441
1352.941162
2127.450927
2686.274658
2872.549072
2715.686279
2303.921630
666.666687
-333.333343
-1176.470581
-1960.784301
-2558.823486
-2843.137207
-2872.549072
-1784.313720
-911.764709
88.235298
882.352966
1666.666748
2392.156982
2882.353027
2500.000000
2088.235351
1323.529418
313.725494
-588.235290
-1382.353027
-2735.294189
-2892.156982
-2696.078369
-2254.902099
-1588.235351
-617.647094
362.745117
2058.823486
2617.647216
2852.941162
2784.313720
2392.156982
1774.509887
892.156860
-1088.235351
-1862.745117
-2549.019775
-2833.333496
-2892.156982
-2480.392089
-1960.784301
9.803922
784.313720
1549.019653
2303.921630
2745.098144
2872.549072
2137.254882
1411.764770
421.568634
-490.196075
-1294.117675
-2107.843261
-2666.666748
-2715.686279
-2294.117675
-1627.451049
-696.078430
284.313720
1117.647094
1852.941162
2872.549072
2823.529541
2411.764648
1823.529418
980.392150
9.803922
-754.901977
-2392.156982
-2794.117675
-2892.156982
-2617.647216
-2147.058837
-1392.156860
-382.352935
1441.176513
2225.490234
2705.882324
2862.745117
2676.470703
2235.294189
490.196075
-450.980407
-1254.901977
-2029.411743
-2617.647216
-2872.549072
-2794.117675
-1686.274536
-754.901977
225.490203
1049.019653
1813.725463
2500.000000
2794.117675
2450.980468
1941.176513
1147.058837
117.647064
-745.098083
-1519.607910
-2294.117675
-2901.960937
-2627.450927
-2166.666748
-1441.176513
-392.156860
519.607849
1303.921630
2068.627441
2607.843261
2843.137207
2774.509765
2362.745117
1764.705932
901.960815
-78.431373
-911.764709
-1686.274536
-2411.764648
-2901.960937
-2529.411865
-2029.411743
-1235.294189
-196.078430
666.666687
1441.176513
2754.902099
2862.745117
2637.254882
2186.274658
1500.000000
617.647094
-352.941192
-2068.627441
-2637.254882
-2892.156982
-2813.725585
-2372.549072
-1754.901977
284.313720
1117.647094
1872.549072
2519.607910
2813.725585
2872.549072
2470.588378
1049.019653
19.607843
-784.313720
-1578.431396
-2323.529541
-2784.313720
-2901.960937
-2117.647216
-1343.137329
-333.333343
607.843139
1362.745117
2176.470703
2686.274658
2656.862792
2235.294189
1598.039184
637.254943
