-2774.509765
-3098.039306
-3205.882324
-2774.509765
-2225.490234
-78.431373
862.745117
1715.686279
2549.019775
2990.196044
3186.274658
3029.411865
1558.823608
470.588256
-578.431396
-1470.588256
-2352.941162
-2901.960937
-3166.666748
-2529.411865
-1813.725463
-745.098083
333.333343
1264.705932
2088.235351
3147.058837
3205.882324
2686.274658
2039.215698
1107.843139
-29.411766
-960.784301
-2725.490234
-3078.431396
-3205.882324
-2794.117675
-2294.117675
-1421.568603
-254.901962
1745.098022
2558.823486
3000.000000
3196.078369
3058.823486
2470.588378
1745.098022
-529.411804
-1431.372558
-2313.725585
-2892.156982
-3176.470703
-3176.470703
-2627.450927
-852.941162
235.294128
1156.862792
2029.411743
2745.098144
3107.843261
2715.686279
2068.627441
1166.666748
29.411766
-882.352966
-1774.509887
-2598.039306
-3205.882324
-2843.137207
-2352.941162
-1500.000000
-460.784332
607.843139
1460.784301
2950.980468
3176.470703
3117.647216
2529.411865
1813.725463
813.725524
-254.901962
-2176.470703
-2813.725585
-3147.058837
-3205.882324
-2715.686279
-2078.431396
-1137.254882
1166.666748
2009.803955
2754.902099
3098.039306
3225.490234
2764.706054
1245.098022
127.450981
-813.725524
-1725.490234
-2549.019775
-3019.607910
-3205.882324
-2372.549072
-1539.215698
-441.176483
607.843139
1490.196166
2352.941162
2911.764648
3049.019775
2490.196044
1784.313720
754.901977
-313.725494
-1264.705932
-2107.843261
-3137.254882
-3196.078369
-2705.882324
-2019.607910
-1078.431396
78.431373
2000.000000
2715.686279
3078.431396
3166.666748
2803.921630
2284.313720
1460.784301
-813.725524
-1676.470581
-2529.411865
-3000.000000
-3196.078369
-3088.235351
-2529.411865
-539.215698
509.803924
1382.353027
2284.313720
2843.137207
3156.862792
3166.666748
1892.156860
911.764709
-147.058822
-1127.451049
-1990.196166
-2764.706054
-3107.843261
-3215.686279
-2794.117675
-2235.294189
-1352.941162
-196.078430
764.705871
1627.451049
2460.784423
2950.980468
3176.470703
3049.019775
1676.470581
578.431396
-490.196075
-1392.156860
-2254.902099
-2862.745117
-3147.058837
-2607.843261
-1921.568603
-911.764709
215.686279
1166.666748
1980.392211
2745.098144
3068.627441
3225.490234
2774.509765
2235.294189
1372.549072
245.098037
-715.686279
-1568.627441
-2470.588378
-2980.392333
-3196.078369
-2450.980468
-1676.470581
-607.843139
500.000000
1333.333374
2196.078369
2823.529541
3176.470703
2627.450927
1980.392211
1039.215698
-117.647064
-1088.235351
-1960.784301
-2745.098144
-3098.039306
-3225.490234
-2774.509765
-2254.902099
-1401.960815
-274.509796
715.686279
1568.627441
2441.176513
2960.784423
3000.000000
2470.588378
1764.705932
735.294128
-362.745117
-1313.725463
-2166.666748
-3137.254882
-3215.686279
-2627.450927
-1990.196166
-1000.000000
88.235298
990.196105
1813.725463
2637.254882
3049.019775
2764.706054
2284.313720
1441.176513
-852.941162
-1735.294189
-2568.627441
-3029.411865
-3205.882324
-2970.588378
-2431.372558
-392.156860
617.647094
1490.196166
2382.353027
2911.764648
3176.470703
3147.058837
1813.725463
774.509826
-294.117645
-1274.509887
-2098.039306
-2794.117675
-3127.450927
-2705.882324
-2039.215698
-1088.235351
78.431373
990.196105
1833.333374
3058.823486
3186.274658
2764.706054
2264.705810
1450.980468
333.333343
-666.666687
-2509.803955
-2990.196044
-3196.078369
-3098.039306
-2509.803955
-1745.098022
-696.078430
1441.176513
2303.921630
2872.549072
3137.254882
3186.274658
2607.843261
1960.784301
-274.509796
-1215.686279
-2078.431396
-2803.921630
-3127.450927
-3235.294189
-2764.706054
-2147.058837
-1274.509887
-107.843139
852.941162
1725.490234
2549.019775
3009.803955
3196.078369
2990.196044
2460.784423
1696.078491
-598.039245
-1470.588256
-2362.745117
-2931.372558
-3205.882324
-3156.862792
-2578.431396
-754.901977
343.137268
1264.705932
2107.843261
2794.117675
3107.843261
2647.058837
2009.803955
1058.823608
-39.215686
-980.392150
-1823.529418
-2637.254882
-3235.294189
-2803.921630
-2245.098144
-1392.156860
-284.313720
715.686279
1578.431396
2980.392333
3176.470703
3000.000000
2460.784423
1754.901977
725.490234
-352.941192
-2235.294189
-2862.745117
-3156.862792
-3196.078369
-2647.058837
-1980.392211
-1019.607849
98.039215
1009.803955
1901.960815
3107.843261
3205.882324
2735.294189
1196.078491
88.235298
-843.137268
-1715.686279
-2549.019775
-2990.196044
-3205.882324
-2382.353027
-1549.019653
-411.764709
588.235290
1470.588256
2333.333496
2892.156982
3068.627441
2509.803955
1794.117675
764.705871
-294.117645
-1264.705932
-2127.450927
-3156.862792
-3225.490234
-2686.274658
-2039.215698
-1068.627441
98.039215
1000.000000
1803.921630
2598.039306
3019.607910
2803.921630
2284.313720
1480.392211
-813.725524
-1686.274536
-2529.411865
-3000.000000
-3205.882324
-3088.235351
-2490.196044
-539.215698
519.607849
1392.156860
2254.902099
2843.137207
3137.254882
3186.274658
1892.156860
941.176513
-156.862747
-1147.058837
-1990.196166
-2774.509765
-3117.647216
-2764.706054
-2127.450927
-1215.686279
-58.823532
882.352966
1725.490234
2539.215820
3000.000000
3196.078369
3068.627441
2480.392089
1784.313720
725.490234
-362.745117
-1313.725463
-2137.254882
-2823.529541
-3147.058837
-2666.666748
-2009.803955
-1009.803955
137.254898
1098.039184
1950.980468
2686.274658
3068.627441
3196.078369
2794.117675
2313.725585
1441.176513
313.725494
-656.862731
-1558.823608
-2431.372558
-2980.392333
-3196.078369
-2480.392089
-1715.686279
-617.647094
441.176483
1372.549072
2205.882324
2823.529541
3166.666748
2598.039306
1980.392211
990.196105
-88.235298
-1009.803955
-1892.156860
-3137.254882
-3235.294189
-2784.313720
-2225.490234
-1343.137329
-176.470596
1843.137329
2637.254882
3019.607910
3186.274658
2882.353027
2392.156982
1598.039184
-705.882385
-1578.431396
-2470.588378
-2970.588378
-3186.274658
-3098.039306
-2519.607910
-617.647094
470.588256
1382.353027
2205.882324
2803.921630
3107.843261
3176.470703
2705.882324
2049.019531
1098.039184
-1166.666748
-2019.607910
-2794.117675
-3215.686279
-2764.706054
-2098.039306
-1196.078491
-19.607843
901.960815
1745.098022
3049.019775
3176.470703
2872.549072
2372.549072
1549.019653
470.588256
-578.431396
-2431.372558
-2931.372558
-3186.274658
-3107.843261
-2529.411865
-1794.117675
-754.901977
1382.353027
2254.902099
2833.333496
3147.058837
3196.078369
2647.058837
2009.803955
1088.235351
-49.019607
-970.588256
-1833.333374
-2686.274658
-3078.431396
-3205.882324
-2872.549072
-2352.941162
-1539.215698
-421.568634
1647.058837
2490.196044
2950.980468
3186.274658
3068.627441
2490.196044
1754.901977
725.490234
-362.745117
-1313.725463
-2156.862792
-2823.529541
-3137.254882
-3205.882324
-2725.490234
-2078.431396
-1137.254882
29.411766
1941.176513
2705.882324
3049.019775
3196.078369
2784.313720
2303.921630
1460.784301
333.333343
-656.862731
-1539.215698
-2411.764648
-2970.588378
-3196.078369
-3107.843261
-2549.019775
-1823.529418
-794.117675
303.921569
2215.686279
2784.313720
3127.450927
3205.882324
2666.666748
2039.215698
1107.843139
-19.607843
-960.784301
-1823.529418
-3078.431396
-3225.490234
-2813.725585
-2294.117675
-1401.960815
-303.921569
715.686279
2539.215820
3000.000000
3176.470703
2431.372558
1676.470581
607.843139
-480.392150
-1392.156860
-2235.294189
-2872.549072
-3176.470703
-2598.039306
-1931.372558
-921.568664
176.470596
1127.451049
1990.196166
3088.235351
3186.274658
2735.294189
2127.450927
1245.098022
117.647064
-833.333374
-1705.882324
-2558.823486
-3029.411865
-2882.353027
-2343.137207
-1529.411743
-431.372558
607.843139
1470.588256
2362.745117
3147.058837
3058.823486
2509.803955
1794.117675
784.313720
-284.313720
-1274.509887
-2107.843261
-2774.509765
-3147.058837
-2715.686279
-2049.019531
-1088.235351
1215.686279
2068.627441
2754.902099
3078.431396
3196.078369
2735.294189
2205.882324
39.215686
-882.352966
-1745.098022
-2568.627441
-3009.803955
-3235.294189
-2990.196044
-1519.607910
-401.960784
637.254943
1509.803955
2362.745117
2892.156982
3147.058837
2500.000000
1852.941162
843.137268
-235.294128
-1186.274536
-2058.823486
-2754.902099
-3235.294189
-2705.882324
-2088.235351
-1147.058837
0.000000
784.313720
1627.451049
2450.980468
2980.392333
3186.274658
2421.568603
1666.666748
568.627441
-1519.607910
-2392.156982
-2941.176513
-3196.078369
-3147.058837
-2568.627441
-1843.137329
431.372558
1352.941162
2225.490234
2823.529541
3137.254882
3196.078369
2686.274658
990.196105
-107.843139
-1078.431396
-1960.784301
-2745.098144
-3088.235351
-3235.294189
-2186.274658
-1284.313720
-127.450981
852.941162
1715.686279
2568.627441
3186.274658
2872.549072
2392.156982
1578.431396
490.196075
-558.823547
-1460.784301
-2960.784423
-3176.470703
-3098.039306
-2539.215820
-1833.333374
-784.313720
303.921569
2196.078369
2794.117675
3117.647216
3186.274658
2696.078369
2049.019531
1098.039184
-9.803922
-882.352966
-1784.313720
-2588.235351
-3039.215820
-3196.078369
-2941.176513
-2421.568603
-1617.647094
-519.607849
529.411804
2382.353027
2950.980468
3176.470703
3156.862792
2549.019775
1872.549072
911.764709
-1303.921630
-2147.058837
-2803.921630
-3127.450927
-3215.686279
-2735.294189
-2088.235351
88.235298
1019.607849
1892.156860
2676.470703
3068.627441
3205.882324
2852.941162
2343.137207
1539.215698
411.764709
-588.235290
-1480.392211
-2362.745117
-2921.568603
-3166.666748
-3166.666748
-2558.823486
-1911.764770
392.156860
1313.725463
2147.058837
2774.509765
3107.843261
3205.882324
2764.706054
2137.254882
1225.490234
98.039215
-1843.137329
-2696.078369
-3058.823486
-2774.509765
-2274.509765
-1421.568603
-274.509796
715.686279
1558.823608
2431.372558
3186.274658
3029.411865
2441.176513
1666.666748
607.843139
-441.176483
-1382.353027
-2892.156982
-3176.470703
-3166.666748
-2588.235351
-1911.764770
-911.764709
186.274520
1137.254882
1960.784301
2715.686279
3196.078369
2745.098144
2156.862792
1245.098022
127.450981
-813.725524
-1676.470581
-3009.803955
-3186.274658
-2892.156982
-2401.960937
-1568.627441
-460.784332
588.235290
1470.588256
2352.941162
2892.156982
3078.431396
2490.196044
1774.509887
-480.392150
-1401.960815
-2225.490234
-2813.725585
-3147.058837
-3215.686279
-2666.666748
-892.156860
215.686279
1186.274536
2000.000000
2705.882324
3068.627441
3225.490234
2156.862792
1274.509887
166.666671
-803.921569
-1666.666748
-2529.411865
-3000.000000
-2990.196044
-2450.980468
-1666.666748
-558.823547
509.803924
1392.156860
2215.686279
2843.137207
3147.058837
3196.078369
2656.862792
2029.411743
1078.431396
-68.627449
-990.196105
-1852.941162
-2686.274658
-3049.019775
-2794.117675
-2235.294189
-1362.745117
-225.490203
745.098083
1578.431396
2450.980468
3186.274658
2980.392333
2441.176513
1666.666748
558.823547
-480.392150
-1392.156860
-2921.568603
-3196.078369
-3156.862792
-2558.823486
-1901.960815
-911.764709
205.882354
1147.058837
1990.196166
2764.706054
3196.078369
2745.098144
2186.274658
1264.705932
137.254898
-813.725524
-1696.078491
-3078.431396
-3215.686279
-2882.353027
-2392.156982
-1568.627441
-431.372558
1627.451049
2470.588378
2970.588378
3176.470703
3078.431396
2509.803955
1784.313720
-519.607849
-1431.372558
-2313.725585
-2882.353027
-3176.470703
-3186.274658
-2637.254882
-862.745117
254.901962
1186.274536
2000.000000
2705.882324
3058.823486
3196.078369
2774.509765
2274.509765
1460.784301
-843.137268
-1696.078491
-2588.235351
-3029.411865
-3205.882324
-2990.196044
-2431.372558
-421.568634
607.843139
1500.000000
2313.725585
2852.941162
3137.254882
3156.862792
2627.450927
1990.196166
1029.411743
-1264.705932
-2088.235351
-2803.921630
-3137.254882
-3196.078369
-2735.294189
-2137.254882
49.019607
970.588256
1803.921630
2607.843261
3000.000000
3176.470703
3000.000000
2470.588378
1754.901977
705.882385
-382.352935
-1333.333374
-2186.274658
-2823.529541
-3147.058837
-3196.078369
-2715.686279
-2078.431396
127.450981
1068.627441
1960.784301
2715.686279
3068.627441
3196.078369
2774.509765
1303.921630
176.470596
-784.313720
-1647.058837
-2509.803955
-3000.000000
-3196.078369
-2490.196044
-1725.490234
-637.254943
450.980407
1333.333374
2176.470703
2784.313720
3127.450927
3186.274658
2715.686279
2098.039306
1176.470581
49.019607
-833.333374
-1735.294189
-2568.627441
-3029.411865
-3225.490234
-2343.137207
-1500.000000
-450.980407
529.411804
1411.764770
2284.313720
2872.549072
3107.843261
2549.019775
1852.941162
862.745117
-245.098037
-1186.274536
-2009.803955
-3137.254882
-3235.294189
-2725.490234
-2078.431396
-1156.862792
0.000000
774.509826
1627.451049
2450.980468
2960.784423
3176.470703
3049.019775
2480.392089
1813.725463
754.901977
-313.725494
-1274.509887
-2107.843261
-3176.470703
-3205.882324
-2647.058837
-2000.000000
-1107.843139
19.607843
892.156860
2676.470703
3039.215820
3176.470703
2843.137207
2323.529541
1529.411743
431.372558
-598.039245
-1470.588256
-2372.549072
-2901.960937
-3186.274658
-3166.666748
-2558.823486
-1901.960815
-872.549011
205.882354
1166.666748
2774.509765
3147.058837
3196.078369
2735.294189
2098.039306
1235.294189
117.647064
-852.941162
-1745.098022
-2578.431396
-3009.803955
-3205.882324
-2990.196044
-2441.176513
-1666.666748
-558.823547
509.803924
1431.372558
2911.764648
3166.666748
3127.450927
2549.019775
1901.960815
931.372558
-156.862747
-2098.039306
-2794.117675
-3147.058837
-3205.882324
-2754.902099
-2137.254882
-1254.901977
1049.019653
1911.764770
2696.078369
3068.627441
3176.470703
2833.333496
1343.137329
186.274520
-764.705871
-1647.058837
-2500.000000
-2990.196044
-3196.078369
-2480.392089
-1745.098022
-666.666687
421.568634
1352.941162
2186.274658
2823.529541
3176.470703
2617.647216
1960.784301
980.392150
-88.235298
-1039.215698
-1931.372558
-3098.039306
-3225.490234
-2774.509765
-2215.686279
-1352.941162
-156.862747
794.117675
1656.862792
2490.196044
2950.980468
3166.666748
3058.823486
2480.392089
1774.509887
715.686279
-362.745117
-1323.529418
-2166.666748
-3166.666748
-3196.078369
-2617.647216
-1980.392211
-990.196105
117.647064
1039.215698
1911.764770
2715.686279
3058.823486
3186.274658
2784.313720
2284.313720
1470.588256
343.137268
-666.666687
-1549.019653
-2441.176513
-3215.686279
-3068.627441
-2490.196044
-1696.078491
-637.254943
441.176483
1343.137329
2186.274658
2833.333496
3147.058837
2598.039306
1941.176513
980.392150
-117.647064
-1078.431396
-1950.980468
-2725.490234
-3098.039306
-3225.490234
-2803.921630
-2274.509765
-1411.764770
-284.313720
715.686279
1558.823608
2990.196044
3186.274658
3009.803955
2441.176513
1686.274536
647.058837
-431.372558
-2303.921630
-2882.353027
-3176.470703
-3196.078369
-2627.450927
-1990.196166
294.117645
1254.901977
2078.431396
2784.313720
3137.254882
3235.294189
2745.098144
1147.058837
19.607843
-892.156860
-1774.509887
-2588.235351
-3039.215820
-3235.294189
-2362.745117
-1500.000000
-460.784332
578.431396
1470.588256
2313.725585
2882.353027
3088.235351
2500.000000
1882.353027
892.156860
-186.274520
-1137.254882
-2000.000000
-2745.098144
-3117.647216
-3235.294189
-2794.117675
-2254.902099
-1401.960815
-264.705902
715.686279
1578.431396
2460.784423
2990.196044
2990.196044
2450.980468
1686.274536
627.450988
-431.372558
-1372.549072
-2215.686279
-3186.274658
-3186.274658
-2598.039306
-1941.176513
-941.176513
176.470596
1107.843139
1990.196166
2754.902099
3078.431396
3205.882324
2764.706054
2245.098144
1421.568603
303.921569
-686.274536
-1558.823608
-2441.176513
-3186.274658
-3058.823486
-2470.588378
-1676.470581
-568.627441
470.588256
1352.941162
2901.960937
3156.862792
3137.254882
2588.235351
1941.176513
931.372558
-147.058822
-1117.647094
-1970.588256
-2774.509765
-3078.431396
-3215.686279
-2784.313720
-2245.098144
-1372.549072
-215.686279
784.313720
1598.039184
3000.000000
3196.078369
3039.215820
2480.392089
1745.098022
725.490234
-352.941192
-2274.509765
-2882.353027
-3156.862792
-3186.274658
-2627.450927
-1980.392211
284.313720
1215.686279
2029.411743
2764.706054
3078.431396
3196.078369
2774.509765
1147.058837
29.411766
-882.352966
-1745.098022
-2588.235351
-3019.607910
-3205.882324
-2372.549072
-1519.607910
-392.156860
637.254943
1480.392211
2343.137207
2901.960937
3107.843261
2490.196044
1784.313720
745.098083
-303.921569
-1264.705932
-2088.235351
-3147.058837
-3205.882324
-2676.470703
-2039.215698
-1068.627441
88.235298
1980.392211
2745.098144
3088.235351
3245.098144
2764.706054
2225.490234
1372.549072
-892.156860
-1764.705932
-2617.647216
-3029.411865
-3186.274658
-2960.784423
-2401.960937
-372.549041
647.058837
1490.196166
2362.745117
2911.764648
3166.666748
3127.450927
2529.411865
1852.941162
833.333374
-1352.941162
-2225.490234
-2843.137207
-3186.274658
-2617.647216
-1931.372558
-921.568664
147.058822
1098.039184
1950.980468
3098.039306
3156.862792
2754.902099
2186.274658
1333.333374
176.470596
-794.117675
-2617.647216
-3029.411865
-3225.490234
-2941.176513
-2401.960937
-1588.235351
-500.000000
1529.411743
2382.353027
2892.156982
3166.666748
3107.843261
2509.803955
1862.745117
843.137268
-225.490203
-1186.274536
-2029.411743
-2784.313720
-3127.450927
-3215.686279
-2774.509765
-2186.274658
-1313.725463
-147.058822
1862.745117
2666.666748
3049.019775
3205.882324
2852.941162
2343.137207
1529.411743
431.372558
-607.843139
-1500.000000
-2941.176513
-3205.882324
-3117.647216
-1735.294189
-637.254943
421.568634
1343.137329
2186.274658
2823.529541
3137.254882
2588.235351
1941.176513
941.176513
-147.058822
-1107.843139
-1970.588256
-2735.294189
-3225.490234
-2764.706054
-2147.058837
-1254.901977
-98.039215
813.725524
1647.058837
2509.803955
3000.000000
3166.666748
3107.843261
2500.000000
1882.353027
852.941162
-225.490203
-1205.882324
-2049.019531
-2774.509765
-3196.078369
-2715.686279
-2078.431396
-1137.254882
29.411766
941.176513
1794.117675
3058.823486
3186.274658
2803.921630
2333.333496
1490.196166
362.745117
-676.470581
-2500.000000
-2960.784423
-3196.078369
-3107.843261
-2529.411865
-1813.725463
-725.490234
1392.156860
2254.902099
2813.725585
3156.862792
3166.666748
2676.470703
901.960815
-156.862747
-1127.451049
-1990.196166
-2784.313720
-3117.647216
-3225.490234
-2117.647216
-1176.470581
-29.411766
872.549011
1715.686279
2558.823486
3000.000000
2921.568603
2401.960937
1637.254882
539.215698
-509.803924
-1411.764770
-2294.117675
-3196.078369
-3117.647216
-2549.019775
-1882.353027
-862.745117
245.098037
1166.666748
2029.411743
2745.098144
3078.431396
3176.470703
2764.706054
2196.078369
1372.549072
235.294128
-735.294128
-1617.647094
-2480.392089
-2970.588378
-3215.686279
-3068.627441
-1627.451049
-558.823547
539.215698
1401.960815
2264.705810
2872.549072
3147.058837
2558.823486
1892.156860
901.960815
-176.470596
-1117.647094
-1990.196166
-2745.098144
-3235.294189
-2754.902099
-2117.647216
-1215.686279
-78.431373
862.745117
1745.098022
2529.411865
3000.000000
3186.274658
3058.823486
2500.000000
1843.137329
803.921569
-303.921569
-1254.901977
-2107.843261
-2774.509765
-3196.078369
-2696.078369
-2068.627441
-1088.235351
58.823532
950.980407
1794.117675
3049.019775
3196.078369
2794.117675
2294.117675
1431.372558
333.333343
-666.666687
-2519.607910
-3000.000000
-3215.686279
-3058.823486
-2500.000000
-1833.333374
-823.529418
1382.353027
2245.098144
2833.333496
3127.450927
3166.666748
2656.862792
941.176513
-147.058822
-1117.647094
-1980.392211
-2764.706054
-3088.235351
-3225.490234
-2137.254882
-1225.490234
-39.215686
872.549011
1754.901977
2539.215820
2960.784423
2872.549072
2372.549072
1568.627441
460.784332
-588.235290
-1470.588256
-2343.137207
-3196.078369
-3117.647216
-2529.411865
-1813.725463
-745.098083
343.137268
1294.117675
2117.647216
2794.117675
3117.647216
2656.862792
2019.607910
1058.823608
-1215.686279
-2078.431396
-2784.313720
-3098.039306
-3215.686279
-2774.509765
-2186.274658
9.803922
862.745117
1754.901977
2539.215820
2980.392333
3186.274658
3019.607910
1549.019653
431.372558
-578.431396
-1460.784301
-2362.745117
-2921.568603
-3186.274658
-2509.803955
-1803.921630
-745.098083
323.529418
1274.509887
2107.843261
3137.254882
3196.078369
2705.882324
2049.019531
1107.843139
-29.411766
-941.176513
-2725.490234
-3088.235351
-3205.882324
-2813.725585
-2284.313720
-1450.980468
-303.921569
1715.686279
2549.019775
3000.000000
3186.274658
3039.215820
2490.196044
1754.901977
-539.215698
-1441.176513
-2333.333496
-2892.156982
-3166.666748
-3196.078369
-2607.843261
-784.313720
284.313720
1235.294189
2068.627441
2754.902099
3107.843261
2686.274658
2058.823486
1137.254882
0.000000
-784.313720
-1656.862792
-2519.607910
-3215.686279
-2931.372558
-2431.372558
-1588.235351
-529.411804
568.627441
1450.980468
2892.156982
3166.666748
3127.450927
2549.019775
1872.549072
882.352966
-205.882354
-2137.254882
-2803.921630
-3127.450927
-3196.078369
-2745.098144
-2117.647216
-1196.078491
1098.039184
1950.980468
2705.882324
3098.039306
3205.882324
2784.313720
1303.921630
147.058822
-784.313720
-1666.666748
-2509.803955
-2990.196044
-3205.882324
-2421.568603
-1588.235351
-460.784332
568.627441
1441.176513
2313.725585
2862.745117
3078.431396
2500.000000
1882.353027
892.156860
-196.078430
-1147.058837
-2000.000000
-3117.647216
-3205.882324
-2784.313720
-2196.078369
-1323.529418
-147.058822
833.333374
1705.882324
2519.607910
2970.588378
3176.470703
3009.803955
2441.176513
1725.490234
676.470581
-392.156860
-1372.549072
-2166.666748
-3176.470703
-3176.470703
-2598.039306
-1960.784301
-980.392150
107.843139
1058.823608
2764.706054
3078.431396
3205.882324
2735.294189
2186.274658
1323.529418
196.078430
-764.705871
-1637.254882
-2470.588378
-3235.294189
-2960.784423
-2431.372558
-372.549041
627.450988
1519.607910
2372.549072
2892.156982
3117.647216
3137.254882
1764.705932
745.098083
-303.921569
-1264.705932
-2117.647216
-2794.117675
-3137.254882
-2686.274658
-2019.607910
-1049.019653
98.039215
1009.803955
1882.353027
2637.254882
3176.470703
2774.509765
2245.098144
1411.764770
313.725494
-676.470581
-1568.627441
-3000.000000
-3215.686279
-3078.431396
-2509.803955
-1745.098022
-705.882385
1441.176513
2294.117675
2862.745117
3117.647216
3156.862792
2588.235351
1960.784301
-313.725494
-1264.705932
-2127.450927
-2803.921630
-3117.647216
-3225.490234
-2735.294189
-1058.823608
88.235298
990.196105
1843.137329
2627.450927
3000.000000
3176.470703
2352.941162
1549.019653
431.372558
-598.039245
-1470.588256
-2362.745117
-2911.764648
-3088.235351
-2529.411865
-1784.313720
-754.901977
362.745117
1294.117675
2843.137207
3117.647216
3176.470703
2656.862792
2019.607910
1068.627441
-68.627449
-1990.196166
-2754.902099
-3107.843261
-3225.490234
-2784.313720
-2245.098144
-1362.745117
950.980407
1784.313720
2558.823486
2990.196044
3176.470703
2950.980468
2431.372558
1637.254882
549.019592
-490.196075
-2352.941162
-2941.176513
-3186.274658
-2519.607910
-1784.313720
-735.294128
372.549041
1284.313720
2107.843261
2784.313720
3205.882324
2656.862792
2009.803955
1068.627441
-58.823532
-990.196105
-1852.941162
-3098.039306
-3196.078369
-2794.117675
-2254.902099
-1431.372558
-264.705902
725.490234
2500.000000
2950.980468
3186.274658
3058.823486
2490.196044
1784.313720
745.098083
-323.529418
-1284.313720
-2147.058837
-2794.117675
-3156.862792
-3225.490234
-2745.098144
-2088.235351
-1186.274536
-39.215686
872.549011
2686.274658
3058.823486
3196.078369
2833.333496
2362.745117
1529.411743
450.980407
-1588.235351
-2460.784423
-2980.392333
-3215.686279
-3068.627441
-2500.000000
-1843.137329
490.196075
1382.353027
2245.098144
2852.941162
3117.647216
3196.078369
1931.372558
931.372558
-166.666671
-1137.254882
-2000.000000
-2725.490234
-3098.039306
-2803.921630
-2205.882324
-1313.725463
-166.666671
803.921569
1666.666748
2500.000000
3176.470703
2980.392333
2441.176513
1666.666748
598.039245
-450.980407
-1352.941162
-2921.568603
-3166.666748
-3176.470703
-2598.039306
-1950.980468
-950.980407
117.647064
1078.431396
1950.980468
2725.490234
3068.627441
3205.882324
2784.313720
2303.921630
1431.372558
333.333343
-686.274536
-1568.627441
-2980.392333
-3205.882324
-3029.411865
-2480.392089
-1686.274536
-588.235290
480.392150
2323.529541
2882.353027
3166.666748
3166.666748
2578.431396
1921.568603
941.176513
-127.450981
-1098.039184
-1960.784301
-2764.706054
-3098.039306
-3215.686279
-2794.117675
-2264.705810
-1401.960815
-264.705902
705.882385
2549.019775
2970.588378
3166.666748
2990.196044
2470.588378
1705.882324
627.450988
-421.568634
-1352.941162
-2225.490234
-2823.529541
-3156.862792
-3205.882324
-2676.470703
-2019.607910
-1078.431396
78.431373
1000.000000
2715.686279
3068.627441
3196.078369
2784.313720
2284.313720
1470.588256
333.333343
-1696.078491
-2549.019775
-3019.607910
-3215.686279
-3049.019775
-2470.588378
-480.392150
558.823547
1421.568603
2284.313720
2892.156982
3137.254882
3156.862792
1852.941162
882.352966
-225.490203
-1176.470581
-2039.215698
-2774.509765
-3098.039306
-2735.294189
-2098.039306
-1176.470581
-19.607843
901.960815
1764.705932
2558.823486
3196.078369
2823.529541
2333.333496
1509.803955
392.156860
-598.039245
-1470.588256
-2980.392333
-3215.686279
-3088.235351
-2500.000000
-1823.529418
-803.921569
284.313720
1215.686279
2078.431396
2774.509765
3166.666748
2666.666748
2049.019531
-156.862747
-1137.254882
-1990.196166
-2774.509765
-3098.039306
-3225.490234
-2794.117675
-1215.686279
-88.235298
852.941162
1735.294189
2549.019775
2990.196044
3186.274658
2382.353027
1588.235351
480.392150
-549.019592
-1460.784301
-2333.333496
-2892.156982
-3107.843261
-2529.411865
-1813.725463
-784.313720
323.529418
1254.901977
2803.921630
3107.843261
3166.666748
2676.470703
2068.627441
1127.451049
9.803922
-1892.156860
-2696.078369
-3078.431396
-3225.490234
-2833.333496
-2323.529541
-1470.588256
803.921569
1686.274536
2509.803955
2990.196044
3176.470703
3039.215820
2470.588378
509.803924
-529.411804
-1431.372558
-2294.117675
-2882.353027
-3186.274658
-3196.078369
-1862.745117
-833.333374
284.313720
1245.098022
2058.823486
2745.098144
3078.431396
3186.274658
2754.902099
2196.078369
58.823532
-852.941162
-1725.490234
-2578.431396
-3039.215820
-3235.294189
-2980.392333
-1519.607910
-392.156860
637.254943
1500.000000
2294.117675
2872.549072
3107.843261
2500.000000
1911.764770
921.568664
-147.058822
-1117.647094
-2000.000000
-3107.843261
-3215.686279
-2784.313720
-2186.274658
-1284.313720
-156.862747
803.921569
2627.450927
3039.215820
3196.078369
2901.960937
2411.764648
1627.451049
539.215698
-1549.019653
-2411.764648
-2950.980468
-3196.078369
-3137.254882
-2558.823486
-1823.529418
460.784332
1372.549072
2245.098144
2852.941162
3127.450927
3166.666748
1921.568603
970.588256
-107.843139
-1078.431396
-1970.588256
-2774.509765
-3088.235351
-2754.902099
-2166.666748
-1274.509887
-127.450981
852.941162
1735.294189
2539.215820
3186.274658
2862.745117
2362.745117
1578.431396
431.372558
-598.039245
-1460.784301
-2960.784423
-3215.686279
-3088.235351
-2519.607910
-1794.117675
-745.098083
333.333343
1264.705932
2117.647216
2784.313720
3098.039306
3166.666748
2735.294189
2147.058837
1254.901977
127.450981
-823.529418
-1725.490234
-3058.823486
-3215.686279
-2882.353027
-2382.353027
-1549.019653
-421.568634
607.843139
1470.588256
2333.333496
2911.764648
3176.470703
3166.666748
2568.627441
1931.372558
931.372558
-156.862747
-1137.254882
-2009.803955
-3107.843261
-3245.098144
-2754.902099
-2176.470703
-1254.901977
-107.843139
843.137268
2637.254882
3029.411865
3215.686279
2862.745117
2343.137207
1539.215698
421.568634
-588.235290
-1480.392211
-2372.549072
-3196.078369
-3088.235351
-2519.607910
-598.039245
480.392150
1362.745117
2225.490234
2813.725585
3098.039306
3215.686279
1931.372558
950.980407
-117.647064
-1088.235351
-1970.588256
-2745.098144
-3068.627441
-2774.509765
-2137.254882
-1245.098022
-127.450981
833.333374
1696.078491
2539.215820
3000.000000
3186.274658
3068.627441
2490.196044
1764.705932
725.490234
-362.745117
-1303.921630
-2166.666748
-2823.529541
-3156.862792
-2647.058837
-1990.196166
-1000.000000
58.823532
970.588256
1823.529418
2627.450927
3186.274658
2784.313720
2313.725585
1460.784301
343.137268
-656.862731
-1549.019653
-2421.568603
-2931.372558
-3196.078369
-2480.392089
-1735.294189
-647.058837
1460.784301
2313.725585
2862.745117
3147.058837
3166.666748
2598.039306
1960.784301
-274.509796
-1254.901977
-2098.039306
-2823.529541
-3137.254882
-3196.078369
-2774.509765
-1107.843139
58.823532
980.392150
1823.529418
2607.843261
3019.607910
3186.274658
2303.921630
1480.392211
343.137268
-656.862731
-1539.215698
-2401.960937
-2941.176513
-3068.627441
-2480.392089
-1735.294189
-627.450988
431.372558
1352.941162
2882.353027
3147.058837
3176.470703
2627.450927
1980.392211
990.196105
-78.431373
-1990.196166
-2774.509765
-3088.235351
-3215.686279
-2803.921630
-2205.882324
-1362.745117
960.784301
1803.921630
2607.843261
3019.607910
3186.274658
2970.588378
2421.568603
1637.254882
539.215698
-490.196075
-2392.156982
-2931.372558
-3166.666748
-3117.647216
-2578.431396
-1872.549072
-852.941162
254.901962
1215.686279
2068.627441
2735.294189
3078.431396
3186.274658
2754.902099
2196.078369
68.627449
-833.333374
-1735.294189
-2568.627441
-3009.803955
-3235.294189
-3009.803955
-1519.607910
-431.372558
617.647094
1470.588256
2382.353027
2882.353027
3049.019775
2519.607910
1823.529418
784.313720
-294.117645
-1274.509887
-2107.843261
-3166.666748
-3215.686279
-2676.470703
-2000.000000
-1156.862792
-29.411766
911.764709
2686.274658
3039.215820
3196.078369
2833.333496
2313.725585
1490.196166
392.156860
-1647.058837
-2500.000000
-2941.176513
-3196.078369
-3137.254882
-2529.411865
-1794.117675
509.803924
1411.764770
2245.098144
2833.333496
3137.254882
3156.862792
1931.372558
941.176513
-156.862747
-1127.451049
-2000.000000
-2735.294189
-3068.627441
-2774.509765
-2186.274658
-1313.725463
-166.666671
823.529418
1705.882324
2558.823486
3186.274658
2862.745117
2352.941162
1558.823608
470.588256
-568.627441
-1460.784301
-2980.392333
-3215.686279
-3098.039306
-2539.215820
-1823.529418
-774.509826
313.725494
1264.705932
2058.823486
2774.509765
3117.647216
3196.078369
2745.098144
2166.666748
1294.117675
166.666671
-794.117675
-1696.078491
-2549.019775
-3009.803955
-3196.078369
-2401.960937
-1588.235351
-480.392150
539.215698
1421.568603
2284.313720
2872.549072
3107.843261
2509.803955
1833.333374
813.725524
-245.098037
-1205.882324
-2058.823486
-3156.862792
-3205.882324
-2745.098144
-2058.823486
-1107.843139
39.215686
950.980407
1774.509887
2568.627441
3009.803955
2803.921630
2303.921630
1490.196166
372.549041
-617.647094
-1519.607910
-2372.549072
-3205.882324
-3068.627441
-2509.803955
-549.019592
500.000000
1333.333374
2205.882324
2803.921630
3147.058837
3215.686279
1941.176513
970.588256
-107.843139
-1068.627441
-1970.588256
-2745.098144
-3068.627441
-2794.117675
-2166.666748
-1245.098022
-127.450981
843.137268
1686.274536
2509.803955
2980.392333
3196.078369
3019.607910
1578.431396
470.588256
-568.627441
-1480.392211
-2323.529541
-2882.353027
-3147.058837
-2539.215820
-1823.529418
-803.921569
313.725494
1245.098022
2098.039306
2754.902099
3117.647216
3215.686279
2764.706054
1147.058837
19.607843
-882.352966
-1754.901977
-2588.235351
-3019.607910
-3225.490234
-2362.745117
-1509.803955
-382.352935
656.862731
1480.392211
2362.745117
2901.960937
3156.862792
3127.450927
2549.019775
735.294128
-343.137268
-1303.921630
-2166.666748
-2813.725585
-3147.058837
-3215.686279
-2735.294189
-2098.039306
-1176.470581
-29.411766
921.568664
1774.509887
2549.019775
3000.000000
2911.764648
2401.960937
1637.254882
539.215698
-519.607849
-1431.372558
-2303.921630
-2882.353027
-3166.666748
-3215.686279
-1852.941162
-843.137268
284.313720
1245.098022
2098.039306
2774.509765
3088.235351
2715.686279
2088.235351
1166.666748
29.411766
-892.156860
-1745.098022
-2549.019775
-3039.215820
-3205.882324
-2950.980468
-2450.980468
-1647.058837
-549.019592
509.803924
1382.353027
2254.902099
2823.529541
3137.254882
3186.274658
2637.254882
2000.000000
-127.450981
-1107.843139
-1990.196166
-2764.706054
-3088.235351
-3215.686279
-2803.921630
-2235.294189
-1382.353027
-225.490203
745.098083
1588.235351
2450.980468
2941.176513
3156.862792
3078.431396
2470.588378
1813.725463
774.509826
-284.313720
-1264.705932
-2117.647216
-3166.666748
-3205.882324
-2656.862792
-2000.000000
-1137.254882
0.000000
774.509826
2578.431396
3009.803955
3205.882324
2980.392333
2421.568603
1656.862792
558.823547
-490.196075
-1401.960815
-2274.509765
-3166.666748
-3137.254882
-2568.627441
-1872.549072
-872.549011
215.686279
1196.078491
2803.921630
3127.450927
3196.078369
2735.294189
2098.039306
1225.490234
98.039215
-1833.333374
-2656.862792
-3058.823486
-3215.686279
-2862.745117
-2362.745117
-1500.000000
-450.980407
568.627441
1441.176513
2921.568603
3166.666748
3107.843261
2529.411865
1823.529418
823.529418
-245.098037
-2166.666748
-2823.529541
-3137.254882
-3215.686279
-2705.882324
-2078.431396
117.647064
1078.431396
1950.980468
2715.686279
3068.627441
3196.078369
2794.117675
1274.509887
137.254898
-794.117675
-1696.078491
-2539.215820
-2990.196044
-3205.882324
-2401.960937
-1568.627441
-450.980407
558.823547
1431.372558
2294.117675
2843.137207
3088.235351
2500.000000
1901.960815
892.156860
-176.470596
-1117.647094
-1980.392211
-2774.509765
-3098.039306
-3205.882324
-2794.117675
-2245.098144
-1362.745117
-205.882354
764.705871
1627.451049
2460.784423
2950.980468
3009.803955
2450.980468
1676.470581
617.647094
-421.568634
-1362.745117
-2225.490234
-3186.274658
-3156.862792
-2588.235351
-1921.568603
-911.764709
176.470596
1127.451049
1990.196166
2754.902099
3058.823486
3176.470703
2774.509765
2264.705810
1460.784301
333.333343
-666.666687
-1549.019653
-2421.568603
-3205.882324
-3058.823486
-2490.196044
-1735.294189
-647.058837
431.372558
1313.725463
2196.078369
2813.725585
3137.254882
2607.843261
1960.784301
1009.803955
-1274.509887
-2107.843261
-2823.529541
-3137.254882
-3215.686279
-2745.098144
-2107.843261
78.431373
1000.000000
1813.725463
2617.647216
3000.000000
3186.274658
3000.000000
1647.058837
558.823547
-500.000000
-1352.941162
-2215.686279
-2852.941162
-3156.862792
-2607.843261
-1950.980468
-931.372558
176.470596
1107.843139
1941.176513
2715.686279
3196.078369
2754.902099
2156.862792
1284.313720
127.450981
-803.921569
-1686.274536
-3029.411865
-3215.686279
-2901.960937
-2411.764648
-1558.823608
-431.372558
1607.843139
2470.588378
2990.196044
3196.078369
3068.627441
2490.196044
1784.313720
-509.803924
-1421.568603
-2284.313720
-2872.549072
-3166.666748
-3186.274658
-2637.254882
-882.352966
235.294128
1176.470581
2029.411743
2745.098144
3088.235351
3215.686279
2735.294189
2176.470703
1343.137329
205.882354
-745.098083
-1627.451049
-2509.803955
-3000.000000
-3215.686279
-3107.843261
-2539.215820
-656.862731
431.372558
1352.941162
2186.274658
2813.725585
3117.647216
3196.078369
1931.372558
960.784301
-107.843139
-1088.235351
-1970.588256
-2745.098144
-3088.235351
-2784.313720
-2156.862792
-1264.705932
-107.843139
862.745117
1705.882324
3039.215820
3196.078369
2911.764648
2392.156982
1558.823608
460.784332
-568.627441
-2431.372558
-2960.784423
-3205.882324
-3117.647216
-2529.411865
-1784.313720
-754.901977
1411.764770
2254.902099
2852.941162
3147.058837
3186.274658
2656.862792
1990.196166
1039.215698
-88.235298
-1000.000000
-2725.490234
-3078.431396
-3235.294189
-2794.117675
-2294.117675
-1431.372558
-284.313720
1745.098022
2558.823486
3000.000000
3186.274658
3058.823486
2480.392089
1745.098022
725.490234
-352.941192
-1294.117675
-2872.549072
-3156.862792
-3215.686279
-2656.862792
-2009.803955
-1029.411743
147.058822
2019.607910
2735.294189
3098.039306
2725.490234
2107.843261
1176.470581
49.019607
-852.941162
-1735.294189
-2598.039306
-3019.607910
-3205.882324
-2990.196044
-2450.980468
-1686.274536
-558.823547
509.803924
2323.529541
2882.353027
3156.862792
3137.254882
2558.823486
1892.156860
901.960815
-147.058822
-1137.254882
-2019.607910
-3127.450927
-3225.490234
-2774.509765
-2127.450927
-1245.098022
-98.039215
813.725524
2598.039306
3009.803955
3196.078369
2901.960937
2401.960937
1617.647094
549.019592
-1519.607910
-2421.568603
-2950.980468
-3186.274658
-3127.450927
-2529.411865
-686.274536
411.764709
1313.725463
2156.862792
2784.313720
3107.843261
3186.274658
1960.784301
1000.000000
-29.411766
-950.980407
-1813.725463
-2637.254882
-3058.823486
-2803.921630
-2284.313720
-1421.568603
-294.117645
705.882385
1558.823608
2460.784423
2941.176513
3156.862792
3049.019775
1725.490234
656.862731
-392.156860
-1343.137329
-2205.882324
-2852.941162
-3176.470703
-2607.843261
-1941.176513
-931.372558
166.666671
1117.647094
1980.392211
2725.490234
3186.274658
2745.098144
2166.666748
1274.509887
117.647064
-813.725524
-1686.274536
-2568.627441
-3019.607910
-3225.490234
-3019.607910
-2480.392089
-1686.274536
-588.235290
480.392150
1372.549072
2215.686279
2813.725585
3147.058837
2558.823486
1901.960815
941.176513
-127.450981
-1107.843139
-1990.196166
-2764.706054
-3107.843261
-3235.294189
-2147.058837
-1235.294189
-88.235298
823.529418
1676.470581
2500.000000
2941.176513
2990.196044
2421.568603
1696.078491
617.647094
-450.980407
-1352.941162
-2235.294189
-3166.666748
-3176.470703
-1813.725463
-794.117675
313.725494
1264.705932
2098.039306
2784.313720
3127.450927
2696.078369
2049.019531
1127.451049
0.000000
-784.313720
-1627.451049
-2529.411865
-3225.490234
-2960.784423
-2421.568603
-1647.058837
-519.607849
549.019592
1441.176513
2294.117675
2843.137207
3117.647216
3166.666748
2627.450927
1960.784301
1009.803955
-98.039215
-1019.607849
-1931.372558
-2735.294189
-3205.882324
-2784.313720
-1166.666748
-9.803922
872.549011
1735.294189
2539.215820
2960.784423
3196.078369
2372.549072
1558.823608
460.784332
-568.627441
-1470.588256
-2333.333496
-2911.764648
-3107.843261
-2529.411865
-1813.725463
-774.509826
323.529418
1303.921630
2088.235351
2774.509765
3088.235351
3176.470703
2049.019531
1107.843139
-39.215686
-1980.392211
-2764.706054
-3098.039306
-3215.686279
-2784.313720
-2254.902099
-1411.764770
862.745117
1745.098022
2529.411865
2980.392333
3186.274658
3000.000000
2470.588378
539.215698
-509.803924
-1421.568603
-2294.117675
-2882.353027
-3176.470703
-3176.470703
-1882.353027
-872.549011
235.294128
1196.078491
2029.411743
2735.294189
3078.431396
2735.294189
2078.431396
1156.862792
39.215686
-882.352966
-1754.901977
-2607.843261
-3049.019775
-3205.882324
-2970.588378
-1509.803955
-382.352935
647.058837
1519.607910
2372.549072
2882.353027
3156.862792
3156.862792
2539.215820
1901.960815
931.372558
-176.470596
-1147.058837
-1990.196166
-2764.706054
-3098.039306
-3245.098144
-2803.921630
-1254.901977
-98.039215
823.529418
1686.274536
2549.019775
3009.803955
3215.686279
3039.215820
2441.176513
1705.882324
-588.235290
-1470.588256
-2323.529541
-2911.764648
-3176.470703
-3176.470703
-2607.843261
-764.705871
303.921569
1245.098022
2088.235351
2794.117675
3117.647216
3176.470703
2725.490234
2166.666748
1264.705932
127.450981
-823.529418
-1715.686279
-2558.823486
-3019.607910
-3186.274658
-3058.823486
-2450.980468
-1705.882324
-578.431396
500.000000
2274.509765
2852.941162
3137.254882
3176.470703
2656.862792
2009.803955
1058.823608
-1235.294189
-2088.235351
-2794.117675
-3107.843261
-3225.490234
-2774.509765
-2166.666748
19.607843
941.176513
1803.921630
2588.235351
3009.803955
3215.686279
2941.176513
1480.392211
352.941192
-656.862731
-1558.823608
-2421.568603
-2941.176513
-3205.882324
-3117.647216
-2549.019775
-1823.529418
441.176483
1352.941162
2215.686279
2823.529541
3137.254882
3205.882324
2686.274658
2039.215698
1098.039184
-49.019607
-931.372558
-1823.529418
-2647.058837
-3068.627441
-3235.294189
-2911.764648
-2382.353027
-1558.823608
735.294128
1598.039184
2450.980468
2950.980468
3166.666748
3088.235351
2509.803955
568.627441
-460.784332
-1392.156860
-2254.902099
-2862.745117
-3176.470703
-3205.882324
-2666.666748
-2009.803955
-1049.019653
1245.098022
2049.019531
2745.098144
3088.235351
3205.882324
2745.098144
2186.274658
1303.921630
147.058822
-803.921569
-1696.078491
-2539.215820
-3019.607910
-3215.686279
-3049.019775
-2480.392089
-1735.294189
-647.058837
1509.803955
2333.333496
2892.156982
3156.862792
3137.254882
2568.627441
1921.568603
931.372558
-137.254898
-1127.451049
-2813.725585
-3127.450927
-3225.490234
-2058.823486
-1107.843139
39.215686
960.784301
1813.725463
2627.450927
3029.411865
2794.117675
2303.921630
1480.392211
372.549041
-647.058837
-1519.607910
-2401.960937
-3205.882324
-3068.627441
-2490.196044
-1735.294189
-666.666687
431.372558
1362.745117
2862.745117
3147.058837
2539.215820
1833.333374
833.333374
-245.098037
-1205.882324
-2058.823486
-2784.313720
-3215.686279
-2715.686279
-2058.823486
-1107.843139
58.823532
960.784301
1794.117675
2607.843261
3009.803955
3196.078369
2892.156982
2401.960937
1598.039184
519.607849
-539.215698
-1431.372558
-2323.529541
-2901.960937
-3127.450927
-2558.823486
-1852.941162
-813.725524
284.313720
1245.098022
2068.627441
2764.706054
3078.431396
3186.274658
2754.902099
2186.274658
1333.333374
176.470596
-803.921569
-1676.470581
-2519.607910
-3009.803955
-2941.176513
-2392.156982
-1598.039184
-490.196075
558.823547
1421.568603
2303.921630
3137.254882
3107.843261
2509.803955
1862.745117
823.529418
-264.705902
-1205.882324
-2803.921630
-3147.058837
-3215.686279
-2715.686279
-2068.627441
-1098.039184
1156.862792
2009.803955
2745.098144
3078.431396
3176.470703
2784.313720
2235.294189
107.843139
-852.941162
-1735.294189
-2588.235351
-3039.215820
-3215.686279
-2980.392333
-1529.411743
-382.352935
637.254943
1509.803955
2372.549072
2882.353027
3166.666748
3127.450927
2558.823486
1921.568603
901.960815
-176.470596
-1127.451049
-1980.392211
-2764.706054
-3107.843261
-3225.490234
-2784.313720
-1235.294189
-88.235298
843.137268
1715.686279
2539.215820
3000.000000
3176.470703
2421.568603
1666.666748
598.039245
-460.784332
-1401.960815
-2264.705810
-2843.137207
-3176.470703
-2607.843261
-1921.568603
-921.568664
196.078430
1117.647094
2784.313720
3117.647216
3196.078369
2735.294189
2127.450927
1264.705932
137.254898
-1852.941162
-2686.274658
-3068.627441
-3235.294189
-2862.745117
-2362.745117
-1500.000000
725.490234
1578.431396
2450.980468
2941.176513
3166.666748
3098.039306
2519.607910
686.274536
-392.156860
-1352.941162
-2205.882324
-2833.333496
-3166.666748
-3235.294189
-1941.176513
-931.372558
176.470596
1098.039184
1941.176513
2715.686279
3039.215820
3176.470703
2774.509765
2264.705810
147.058822
-813.725524
-1676.470581
-2509.803955
-3019.607910
-3205.882324
-3049.019775
-1598.039184
-480.392150
558.823547
1431.372558
2313.725585
2901.960937
3098.039306
2539.215820
1862.745117
862.745117
-215.686279
-1205.882324
-2058.823486
-3156.862792
-3225.490234
-2725.490234
-2058.823486
-1147.058837
-29.411766
911.764709
2705.882324
3049.019775
3176.470703
2813.725585
2323.529541
1519.607910
401.960784
-598.039245
-1480.392211
-2382.353027
-3196.078369
-3098.039306
-2529.411865
-1794.117675
-745.098083
333.333343
1264.705932
2843.137207
3127.450927
3176.470703
2686.274658
2039.215698
1107.843139
-19.607843
-1960.784301
-2745.098144
-3088.235351
-3215.686279
-2803.921630
-2254.902099
-1392.156860
-274.509796
686.274536
1568.627441
3029.411865
3176.470703
3009.803955
2450.980468
1696.078491
637.254943
-411.764709
-2303.921630
-2892.156982
-3176.470703
-3205.882324
-2627.450927
-1941.176513
323.529418
1274.509887
2088.235351
2803.921630
3098.039306
3186.274658
2725.490234
1107.843139
-9.803922
-892.156860
-1745.098022
-2588.235351
-3019.607910
-3196.078369
-2352.941162
-1500.000000
-450.980407
549.019592
1441.176513
2303.921630
2862.745117
3098.039306
2519.607910
1862.745117
843.137268
-215.686279
-1196.078491
-2058.823486
-3147.058837
-3235.294189
-2745.098144
-2068.627441
-1156.862792
-9.803922
872.549011
1696.078491
2509.803955
2960.784423
3205.882324
3000.000000
2470.588378
1774.509887
764.705871
-323.529418
-1284.313720
-2147.058837
-3176.470703
-3215.686279
-2676.470703
-2009.803955
-1049.019653
88.235298
990.196105
2725.490234
3078.431396
3186.274658
2774.509765
2274.509765
1441.176513
333.333343
-686.274536
-1558.823608
-2421.568603
-2950.980468
-3205.882324
-3088.235351
-2549.019775
-1833.333374
-803.921569
313.725494
1264.705932
2823.529541
3137.254882
3186.274658
2666.666748
2019.607910
1098.039184
-9.803922
-1921.568603
-2725.490234
-3215.686279
-2784.313720
-2205.882324
-1294.117675
-196.078430
764.705871
1627.451049
3029.411865
3215.686279
2921.568603
2411.764648
1637.254882
578.431396
-500.000000
-2323.529541
-2872.549072
-3156.862792
-3166.666748
-2607.843261
-1941.176513
343.137268
1294.117675
2107.843261
2813.725585
3098.039306
3205.882324
2735.294189
2117.647216
1225.490234
78.431373
-833.333374
-2676.470703
-3029.411865
-3215.686279
-2882.353027
-2372.549072
-1539.215698
735.294128
1598.039184
2431.372558
2950.980468
3176.470703
3088.235351
2500.000000
696.078430
-362.745117
-1313.725463
-2156.862792
-2813.725585
-3147.058837
-3205.882324
-1980.392211
-1000.000000
68.627449
990.196105
1843.137329
2607.843261
3019.607910
2794.117675
2294.117675
1441.176513
303.921569
-686.274536
-1539.215698
-2441.176513
-2970.588378
-3205.882324
-3068.627441
-2509.803955
-1823.529418
-754.901977
323.529418
1284.313720
2098.039306
2745.098144
3107.843261
2705.882324
2058.823486
1107.843139
-39.215686
-950.980407
-1813.725463
-2637.254882
-3205.882324
-2803.921630
-2284.313720
-1421.568603
-303.921569
715.686279
1588.235351
2431.372558
2941.176513
3156.862792
3088.235351
2509.803955
1803.921630
-470.588256
-1401.960815
-2254.902099
-2862.745117
-3176.470703
-3225.490234
-2656.862792
-911.764709
205.882354
1147.058837
2000.000000
2705.882324
3058.823486
3176.470703
2215.686279
1343.137329
215.686279
-754.901977
-1637.254882
-2441.176513
-2990.196044
-2980.392333
-2431.372558
-1656.862792
-539.215698
529.411804
1401.960815
2264.705810
2852.941162
3147.058837
3186.274658
2647.058837
1990.196166
1039.215698
-88.235298
-1009.803955
-1892.156860
-2715.686279
-3078.431396
-2794.117675
-2245.098144
-1343.137329
-186.274520
774.509826
1617.647094
2460.784423
2970.588378
3186.274658
3068.627441
1656.862792
578.431396
-490.196075
-1401.960815
-2235.294189
-2852.941162
-3137.254882
-3205.882324
-2656.862792
-2009.803955
-1019.607849
147.058822
1078.431396
1921.568603
2705.882324
3058.823486
3196.078369
2784.313720
2303.921630
1470.588256
333.333343
-676.470581
-1539.215698
-2441.176513
-2941.176513
-3215.686279
-2500.000000
-1803.921630
-725.490234
362.745117
1294.117675
2127.450927
2794.117675
3117.647216
3176.470703
2745.098144
1058.823608
-78.431373
-990.196105
-1823.529418
-2666.666748
-3068.627441
-3235.294189
-2274.509765
-1411.764770
-294.117645
735.294128
1568.627441
2441.176513
2941.176513
2990.196044
2441.176513
1696.078491
617.647094
-441.176483
-1372.549072
-2215.686279
-3196.078369
-3186.274658
-2607.843261
-1941.176513
-911.764709
176.470596
1117.647094
1970.588256
2754.902099
3088.235351
2754.902099
2176.470703
1323.529418
156.862747
-803.921569
-1676.470581
-2509.803955
-3225.490234
-2941.176513
-2401.960937
-1598.039184
-490.196075
549.019592
2401.960937
2911.764648
3127.450927
3127.450927
2519.607910
1882.353027
872.549011
-1333.333374
-2196.078369
-2813.725585
-3176.470703
-3215.686279
-2735.294189
-2078.431396
166.666671
1068.627441
1960.784301
2725.490234
3068.627441
3196.078369
2764.706054
2274.509765
1441.176513
313.725494
-705.882385
-1568.627441
-2441.176513
-2980.392333
-3215.686279
-3098.039306
-2519.607910
-1813.725463
-754.901977
333.333343
1274.509887
2833.333496
3147.058837
3196.078369
2666.666748
2049.019531
1117.647094
0.000000
-1833.333374
-2656.862792
-3049.019775
-3196.078369
-2892.156982
-2372.549072
-1578.431396
745.098083
1598.039184
2421.568603
2941.176513
3186.274658
3068.627441
2519.607910
598.039245
-450.980407
-1392.156860
-2235.294189
-2843.137207
-3156.862792
-3205.882324
-1950.980468
-931.372558
156.862747
1117.647094
1960.784301
2735.294189
3196.078369
2735.294189
2156.862792
1284.313720
147.058822
-803.921569
-1705.882324
-3039.215820
-3205.882324
-2284.313720
-1441.176513
-313.725494
725.490234
2539.215820
2990.196044
3156.862792
3000.000000
2500.000000
1852.941162
813.725524
-1362.745117
-2205.882324
-2852.941162
-3156.862792
-3196.078369
-2686.274658
-2019.607910
-1078.431396
78.431373
990.196105
1843.137329
2637.254882
3019.607910
3215.686279
2892.156982
2392.156982
1558.823608
490.196075
-558.823547
-1460.784301
-2323.529541
-3176.470703
-3107.843261
-2529.411865
-1823.529418
-764.705871
333.333343
1254.901977
2098.039306
2784.313720
3098.039306
2705.882324
2058.823486
1156.862792
19.607843
-892.156860
-1774.509887
-2598.039306
-3225.490234
-2852.941162
-2362.745117
-1519.607910
-411.764709
607.843139
1480.392211
2941.176513
3166.666748
3088.235351
2519.607910
1784.313720
745.098083
-333.333343
-1284.313720
-2137.254882
-2794.117675
-3196.078369
-2676.470703
-1980.392211
-1019.607849
117.647064
1049.019653
1931.372558
3078.431396
3205.882324
2774.509765
2215.686279
1333.333374
176.470596
-794.117675
-2627.450927
-3019.607910
-3205.882324
-2911.764648
-2411.764648
-1598.039184
-500.000000
460.784332
1392.156860
2254.902099
3147.058837
3147.058837
2598.039306
1960.784301
1000.000000
-58.823532
-1000.000000
-2745.098144
-3098.039306
-3225.490234
-2823.529541
-2313.725585
-1450.980468
-343.137268
1715.686279
2558.823486
3000.000000
3205.882324
3049.019775
2460.784423
1754.901977
725.490234
-343.137268
-1303.921630
-2137.254882
-2823.529541
-3137.254882
-3205.882324
-2725.490234
-2068.627441
-1147.058837
-9.803922
1892.156860
2686.274658
3049.019775
3205.882324
2833.333496
2323.529541
1509.803955
401.960784
-598.039245
-1500.000000
-2323.529541
-2892.156982
-3186.274658
-3196.078369
-2617.647216
-1960.784301
-950.980407
117.647064
2049.019531
2745.098144
3098.039306
3196.078369
2754.902099
2205.882324
1352.941162
-931.372558
-1803.921630
-2627.450927
-3029.411865
-3235.294189
-2931.372558
-2421.568603
-343.137268
676.470581
1549.019653
2411.764648
2941.176513
3176.470703
2470.588378
1735.294189
686.274536
-372.549041
-1303.921630
-2186.274658
-2843.137207
-3176.470703
-2627.450927
-1960.784301
-1000.000000
58.823532
960.784301
1803.921630
3058.823486
3186.274658
2813.725585
2284.313720
1470.588256
362.745117
-666.666687
-1529.411743
-2421.568603
-2950.980468
-3068.627441
-2490.196044
-1745.098022
-676.470581
392.156860
1303.921630
2137.254882
3176.470703
3156.862792
2647.058837
1990.196166
1049.019653
-88.235298
-1000.000000
-2725.490234
-3068.627441
-3235.294189
-2803.921630
-2284.313720
-1431.372558
-274.509796
1745.098022
2558.823486
3019.607910
3196.078369
3000.000000
2480.392089
1745.098022
735.294128
-333.333343
-1284.313720
-2862.745117
-3166.666748
-3196.078369
-1921.568603
-892.156860
176.470596
1127.451049
1980.392211
2745.098144
3107.843261
2745.098144
2127.450927
1254.901977
117.647064
-833.333374
-1705.882324
-2568.627441
-3225.490234
-2882.353027
-2392.156982
-1549.019653
-421.568634
598.039245
1450.980468
2323.529541
2882.353027
3166.666748
2500.000000
1872.549072
892.156860
-176.470596
-1127.451049
-1990.196166
-2794.117675
-3215.686279
-2725.490234
-2107.843261
-1186.274536
-29.411766
892.156860
1745.098022
3049.019775
3205.882324
2852.941162
2343.137207
1529.411743
411.764709
-598.039245
-2460.784423
-2970.588378
-3186.274658
-3068.627441
-2509.803955
-1784.313720
-754.901977
333.333343
1284.313720
2107.843261
3137.254882
3225.490234
2705.882324
2019.607910
1088.235351
-58.823532
-990.196105
-2745.098144
-3107.843261
-3186.274658
-2794.117675
-2264.705810
-1401.960815
892.156860
1745.098022
2529.411865
3000.000000
3166.666748
3068.627441
2490.196044
519.607849
-490.196075
-1421.568603
-2264.705810
-2882.353027
-3186.274658
-3186.274658
-2647.058837
-1980.392211
-990.196105
1235.294189
2058.823486
2774.509765
3098.039306
3196.078369
2764.706054
2176.470703
58.823532
-862.745117
-1735.294189
-2588.235351
-3019.607910
-3205.882324
-2970.588378
-1539.215698
-392.156860
637.254943
1509.803955
2343.137207
2892.156982
3147.058837
2519.607910
1813.725463
774.509826
-313.725494
-1264.705932
-2117.647216
-2813.725585
-3127.450927
-3205.882324
-2745.098144
-2127.450927
-1215.686279
-49.019607
862.745117
1725.490234
2558.823486
3000.000000
2941.176513
2401.960937
1627.451049
529.411804
-509.803924
-1401.960815
-2264.705810
-3186.274658
-3176.470703
-2568.627441
-1882.353027
-872.549011
225.490203
2127.450927
2803.921630
3098.039306
3205.882324
2735.294189
2147.058837
1245.098022
-1019.607849
-1921.568603
-2715.686279
-3078.431396
-3225.490234
-2813.725585
-2294.117675
-196.078430
794.117675
1656.862792
2519.607910
2960.784423
3166.666748
3049.019775
1647.058837
539.215698
-509.803924
-1421.568603
-2284.313720
-2882.353027
-3176.470703
-2549.019775
-1892.156860
-882.352966
225.490203
1176.470581
2009.803955
3107.843261
3205.882324
2715.686279
2137.254882
1235.294189
78.431373
-1872.549072
-2676.470703
-3068.627441
-2774.509765
-2264.705810
-1411.764770
-264.705902
745.098083
1578.431396
2441.176513
3186.274658
3019.607910
2500.000000
1784.313720
754.901977
-313.725494
-1284.313720
-2872.549072
-3156.862792
-3186.274658
-2666.666748
-2019.607910
-1039.215698
107.843139
2029.411743
2764.706054
3058.823486
3196.078369
2774.509765
2205.882324
1343.137329
196.078430
-754.901977
-1647.058837
-2480.392089
-3019.607910
-3196.078369
-3068.627441
-2500.000000
-1843.137329
-774.509826
303.921569
2215.686279
2823.529541
3137.254882
3176.470703
2647.058837
2039.215698
1117.647094
-1176.470581
-2019.607910
-2784.313720
-3117.647216
-3235.294189
-2764.706054
-1186.274536
-39.215686
901.960815
1735.294189
2588.235351
3009.803955
3186.274658
2343.137207
1529.411743
392.156860
-598.039245
-1490.196166
-2382.353027
-2941.176513
-3078.431396
-2490.196044
-1774.509887
-725.490234
372.549041
1294.117675
2127.450927
3117.647216
3176.470703
2656.862792
2019.607910
1078.431396
-68.627449
-990.196105
-2725.490234
-3107.843261
-3225.490234
-2794.117675
-2274.509765
-1431.372558
-264.705902
705.882385
1558.823608
2431.372558
2970.588378
3176.470703
3107.843261
1725.490234
666.666687
-392.156860
-1343.137329
-2205.882324
-2833.333496
-3147.058837
-2627.450927
-1941.176513
-970.588256
127.450981
1107.843139
1921.568603
2705.882324
3196.078369
2735.294189
2186.274658
1303.921630
166.666671
-764.705871
-1656.862792
-3049.019775
-3235.294189
-2960.784423
-2421.568603
-1607.843139
-490.196075
549.019592
1441.176513
2284.313720
2872.549072
3156.862792
3166.666748
2607.843261
862.745117
-225.490203
-1176.470581
-2049.019531
-2784.313720
-3117.647216
-3215.686279
-2068.627441
-1166.666748
-9.803922
882.352966
1725.490234
2549.019775
3009.803955
2843.137207
2343.137207
294.117645
-705.882385
-1588.235351
-2450.980468
-2970.588378
-3196.078369
-3137.254882
-1725.490234
-637.254943
450.980407
1362.745117
2215.686279
2813.725585
3127.450927
3176.470703
2696.078369
2068.627441
-127.450981
-1088.235351
-1970.588256
-3117.647216
-3245.098144
-2774.509765
-1137.254882
19.607843
921.568664
2666.666748
3039.215820
3176.470703
2823.529541
2343.137207
1509.803955
392.156860
-1627.451049
-2509.803955
-2990.196044
-3205.882324
-3058.823486
-2500.000000
-1833.333374
-774.509826
313.725494
1284.313720
2813.725585
3107.843261
3176.470703
2656.862792
2039.215698
1117.647094
-9.803922
-901.960815
-1784.313720
-2588.235351
-3235.294189
-2843.137207
-2333.333496
-1480.392211
-333.333343
666.666687
1549.019653
2980.392333
3156.862792
3029.411865
2460.784423
1735.294189
656.862731
-431.372558
-1352.941162
-2215.686279
-2843.137207
-3166.666748
-3215.686279
-2686.274658
-2019.607910
205.882354
1147.058837
2009.803955
2745.098144
3098.039306
3205.882324
2137.254882
1245.098022
156.862747
-803.921569
-1696.078491
-2549.019775
-3009.803955
-3215.686279
-3019.607910
-2460.784423
-1696.078491
-607.843139
450.980407
1362.745117
2901.960937
3166.666748
3166.666748
2558.823486
1921.568603
970.588256
-127.450981
-2058.823486
-2774.509765
-3107.843261
-3215.686279
-2784.313720
-2156.862792
-1264.705932
1019.607849
1892.156860
2715.686279
3049.019775
3176.470703
2813.725585
1382.353027
245.098037
-715.686279
-1568.627441
-2460.784423
-2980.392333
-3205.882324
-3098.039306
-2509.803955
-1803.921630
529.411804
1401.960815
2264.705810
2843.137207
3137.254882
3176.470703
2656.862792
1990.196166
1039.215698
-78.431373
-1000.000000
-1823.529418
-2656.862792
-3058.823486
-3225.490234
-2892.156982
-2382.353027
-254.901962
705.882385
1558.823608
2421.568603
2931.372558
3166.666748
3098.039306
1725.490234
676.470581
-372.549041
-1333.333374
-2186.274658
-2843.137207
-3137.254882
-2647.058837
-1960.784301
-980.392150
107.843139
1068.627441
1911.764770
2754.902099
3039.215820
3205.882324
2803.921630
2323.529541
1470.588256
352.941192
-637.254943
-1529.411743
-2421.568603
-2941.176513
-3215.686279
-3107.843261
-2509.803955
-1813.725463
-784.313720
323.529418
1254.901977
2823.529541
3107.843261
3196.078369
2686.274658
2039.215698
1088.235351
-68.627449
-1970.588256
-2774.509765
-3107.843261
-3225.490234
-2794.117675
-2254.902099
-98.039215
813.725524
1705.882324
2529.411865
2970.588378
3156.862792
3009.803955
1588.235351
470.588256
-558.823547
-1460.784301
-2333.333496
-2901.960937
-3176.470703
-2549.019775
-1862.745117
-803.921569
303.921569
1274.509887
2068.627441
2764.706054
3088.235351
3186.274658
2764.706054
1156.862792
0.000000
-774.509826
-1627.451049
-2500.000000
-2960.784423
-3215.686279
-2470.588378
-1696.078491
-578.431396
460.784332
1362.745117
2235.294189
2833.333496
3147.058837
2578.431396
1911.764770
931.372558
-127.450981
-1107.843139
-1970.588256
-2774.509765
-3078.431396
-3254.902099
-2147.058837
-1254.901977
-107.843139
843.137268
1735.294189
2549.019775
3019.607910
3166.666748
2990.196044
2460.784423
441.176483
-578.431396
-1470.588256
-2362.745117
-2911.764648
-3176.470703
-3166.666748
-1803.921630
-764.705871
343.137268
1294.117675
2117.647216
2794.117675
3107.843261
2637.254882
2009.803955
1088.235351
-58.823532
-990.196105
-1843.137329
-2656.862792
-3049.019775
-3205.882324
-2862.745117
-1382.353027
-245.098037
735.294128
1588.235351
2450.980468
2960.784423
3186.274658
2441.176513
1686.274536
607.843139
-460.784332
-1382.353027
-2245.098144
-2852.941162
-3186.274658
-2568.627441
-1901.960815
-901.960815
186.274520
1127.451049
2784.313720
3098.039306
3205.882324
2735.294189
2156.862792
1274.509887
147.058822
-813.725524
-1705.882324
-2539.215820
-2980.392333
-2921.568603
-2411.764648
-1578.431396
-460.784332
588.235290
1441.176513
2950.980468
3186.274658
3098.039306
2509.803955
1833.333374
803.921569
-303.921569
-2196.078369
-2843.137207
-3147.058837
-3225.490234
-2715.686279
-2039.215698
-1088.235351
1215.686279
2058.823486
2754.902099
3098.039306
3205.882324
2754.902099
2196.078369
1362.745117
235.294128
-764.705871
-2588.235351
-3019.607910
-3235.294189
-2980.392333
-2431.372558
-1637.254882
-529.411804
509.803924
1392.156860
2274.509765
2852.941162
3156.862792
3186.274658
2627.450927
2000.000000
1137.254882
9.803922
-872.549011
-1745.098022
-2568.627441
-3029.411865
-3215.686279
-3019.607910
-2460.784423
-1647.058837
637.254943
1500.000000
2313.725585
2882.353027
3147.058837
3137.254882
2588.235351
1941.176513
960.784301
-98.039215
-1039.215698
-1931.372558
-2735.294189
-3068.627441
-3205.882324
-2794.117675
-2284.313720
-137.254898
823.529418
1686.274536
2519.607910
2990.196044
3205.882324
3009.803955
1598.039184
519.607849
-519.607849
-1441.176513
-2333.333496
-2882.353027
-3166.666748
-2549.019775
-1852.941162
-813.725524
294.117645
1225.490234
2058.823486
3117.647216
3176.470703
2676.470703
2058.823486
1156.862792
-9.803922
-872.549011
-2656.862792
-3058.823486
-3225.490234
-2872.549072
-2372.549072
-1549.019653
-431.372558
1656.862792
2500.000000
2931.372558
3186.274658
3088.235351
2519.607910
1833.333374
-460.784332
-1392.156860
-2235.294189
-2852.941162
-3176.470703
-3225.490234
-2686.274658
-921.568664
176.470596
1117.647094
1960.784301
2735.294189
3088.235351
2754.902099
2137.254882
1274.509887
147.058822
-803.921569
-1696.078491
-2549.019775
-3225.490234
-2901.960937
-2411.764648
-1578.431396
-470.588256
568.627441
1441.176513
2941.176513
3137.254882
3058.823486
2509.803955
1794.117675
803.921569
-264.705902
-2186.274658
-2823.529541
-3156.862792
-3235.294189
-2705.882324
-2039.215698
186.274520
1137.254882
1980.392211
2735.294189
3039.215820
3186.274658
2764.706054
1274.509887
127.450981
-823.529418
-1696.078491
-2549.019775
-2990.196044
-3235.294189
-2392.156982
-1558.823608
-480.392150
578.431396
1441.176513
2313.725585
2882.353027
3088.235351
2519.607910
1833.333374
813.725524
-264.705902
-1215.686279
-2078.431396
-3166.666748
-3215.686279
-2696.078369
-2039.215698
-1088.235351
68.627449
1960.784301
2725.490234
3049.019775
3196.078369
2774.509765
2294.117675
1470.588256
-862.745117
-1745.098022
-2578.431396
-3029.411865
-3215.686279
-2990.196044
-2460.784423
-421.568634
607.843139
1500.000000
2323.529541
2872.549072
3137.254882
3166.666748
2598.039306
1970.588256
1009.803955
-1274.509887
-2098.039306
-2803.921630
-3127.450927
-3215.686279
-2754.902099
-2147.058837
29.411766
960.784301
1813.725463
2607.843261
3000.000000
3186.274658
2970.588378
1568.627441
431.372558
-607.843139
-1490.196166
-2362.745117
-2941.176513
-3225.490234
-2509.803955
-1803.921630
-735.294128
362.745117
1284.313720
2137.254882
3137.254882
3176.470703
2656.862792
2019.607910
1068.627441
-88.235298
-980.392150
-2745.098144
-3098.039306
-3215.686279
-2794.117675
-2274.509765
-1441.176513
-284.313720
1774.509887
