-803.921569
294.117645
1235.294189
2058.823486
2784.313720
3205.882324
2725.490234
2049.019531
1137.254882
-9.803922
-872.549011
-1735.294189
-2568.627441
-3058.823486
-3225.490234
-2960.784423
-2431.372558
-1627.451049
-529.411804
529.411804
1392.156860
2274.509765
2862.745117
3107.843261
2558.823486
1901.960815
882.352966
-205.882354
-1186.274536
-2039.215698
-2813.725585
-3147.058837
-3245.098144
-2784.313720
-2186.274658
-1294.117675
1009.803955
1882.353027
2617.647216
3068.627441
3215.686279
2833.333496
2343.137207
225.490203
-745.098083
-1598.039184
-2441.176513
-3000.000000
-3235.294189
-3127.450927
-1754.901977
-666.666687
431.372558
1343.137329
2196.078369
2803.921630
3127.450927
2656.862792
1990.196166
-294.117645
-1235.294189
-2107.843261
-2803.921630
-3137.254882
-3215.686279
-2754.902099
-1098.039184
39.215686
970.588256
1823.529418
2617.647216
3029.411865
3196.078369
2921.568603
2411.764648
1627.451049
539.215698
-519.607849
-1421.568603
-2323.529541
-2901.960937
-3196.078369
-3225.490234
-2647.058837
-862.745117
245.098037
1205.882324
2039.215698
2764.706054
3088.235351
3196.078369
2745.098144
2225.490234
1343.137329
-931.372558
-1803.921630
-2656.862792
-3078.431396
-3225.490234
-2921.568603
-2392.156982
-313.725494
715.686279
1588.235351
2431.372558
2950.980468
3156.862792
3088.235351
2509.803955
1813.725463
774.509826
-274.509796
-1225.490234
-2088.235351
-2803.921630
-3137.254882
-3225.490234
-2774.509765
-2137.254882
29.411766
941.176513
1803.921630
2607.843261
3058.823486
3225.490234
2911.764648
1480.392211
352.941192
-656.862731
-1549.019653
-2411.764648
-2970.588378
-3225.490234
-2500.000000
-1813.725463
-754.901977
343.137268
1274.509887
2117.647216
3176.470703
3176.470703
2696.078369
2029.411743
1088.235351
-29.411766
-980.392150
-2745.098144
-3107.843261
-3215.686279
-2813.725585
-2294.117675
-1411.764770
-264.705902
715.686279
1568.627441
2441.176513
3186.274658
2990.196044
2431.372558
1676.470581
647.058837
-441.176483
-1372.549072
-2911.764648
-3196.078369
-3176.470703
-2627.450927
-1941.176513
-950.980407
117.647064
2049.019531
2794.117675
3127.450927
3205.882324
2754.902099
2166.666748
1303.921630
-950.980407
-1803.921630
-2637.254882
-3058.823486
-3215.686279
-2303.921630
-1441.176513
-274.509796
705.882385
2539.215820
3000.000000
3176.470703
3078.431396
2509.803955
1803.921630
774.509826
-303.921569
-1294.117675
-2156.862792
-2794.117675
-3147.058837
-3215.686279
-2754.902099
-2166.666748
-1215.686279
-68.627449
872.549011
2647.058837
3029.411865
3225.490234
2882.353027
2372.549072
1568.627441
431.372558
-598.039245
-1450.980468
-2352.941162
-2941.176513
-3215.686279
-3147.058837
-2578.431396
-1931.372558
-911.764709
186.274520
1156.862792
2009.803955
2764.706054
3107.843261
3186.274658
2754.902099
2235.294189
1401.960815
-882.352966
-1774.509887
-2598.039306
-3039.215820
-3235.294189
-2980.392333
-2441.176513
-382.352935
647.058837
1519.607910
2392.156982
2901.960937
3176.470703
2509.803955
1833.333374
754.901977
-313.725494
-1274.509887
-2137.254882
-2803.921630
-3215.686279
-2666.666748
-2019.607910
-1058.823608
88.235298
1009.803955
1892.156860
3088.235351
3225.490234
2764.706054
2254.902099
1411.764770
294.117645
-696.078430
-2549.019775
-3019.607910
-3215.686279
-3049.019775
-2470.588378
-1696.078491
-627.450988
450.980407
1343.137329
2205.882324
3166.666748
3166.666748
2598.039306
1960.784301
1000.000000
-29.411766
-980.392150
-1852.941162
-2686.274658
-3088.235351
-2803.921630
-2254.902099
-1392.156860
-264.705902
725.490234
1588.235351
2431.372558
3196.078369
2990.196044
2460.784423
1705.882324
617.647094
-431.372558
-1372.549072
-2901.960937
-3186.274658
-3205.882324
-2598.039306
-1950.980468
-950.980407
156.862747
1107.843139
1960.784301
2715.686279
3215.686279
2764.706054
2186.274658
1294.117675
166.666671
-813.725524
-1705.882324
-3068.627441
-3225.490234
-2901.960937
-2401.960937
-1598.039184
-441.176483
568.627441
1441.176513
2313.725585
2872.549072
3205.882324
3176.470703
2627.450927
1970.588256
1009.803955
-117.647064
-1107.843139
-1970.588256
-2764.706054
-3107.843261
-3215.686279
-2186.274658
-1254.901977
-107.843139
872.549011
1715.686279
2529.411865
2990.196044
2882.353027
2372.549072
1549.019653
450.980407
-588.235290
-1470.588256
-2343.137207
-3196.078369
-3117.647216
-2529.411865
-1823.529418
-764.705871
333.333343
1264.705932
2088.235351
2764.706054
3117.647216
2715.686279
2029.411743
1098.039184
-1166.666748
-2029.411743
-2774.509765
-3117.647216
-3225.490234
-2794.117675
-2196.078369
-1303.921630
-166.666671
803.921569
2637.254882
3049.019775
3205.882324
2941.176513
2411.764648
1617.647094
529.411804
-1549.019653
-2411.764648
-2950.980468
-3205.882324
-3107.843261
-2549.019775
-1843.137329
460.784332
1362.745117
2245.098144
2833.333496
3156.862792
3186.274658
2676.470703
2029.411743
1098.039184
-29.411766
-1980.392211
-2774.509765
-3107.843261
-3235.294189
-2803.921630
-2264.705810
-1392.156860
-245.098037
715.686279
1588.235351
2460.784423
2970.588378
3196.078369
3088.235351
2519.607910
617.647094
-431.372558
-1372.549072
-2225.490234
-2852.941162
-3176.470703
-3205.882324
-1941.176513
-911.764709
156.862747
1107.843139
1990.196166
2754.902099
3196.078369
2745.098144
2147.058837
1284.313720
156.862747
-794.117675
-1705.882324
-3039.215820
-3245.098144
-2921.568603
-2411.764648
-1598.039184
-490.196075
558.823547
2401.960937
2950.980468
3205.882324
3107.843261
2539.215820
1862.745117
843.137268
-1352.941162
-2205.882324
-2843.137207
-3176.470703
-3225.490234
-2715.686279
-941.176513
137.254898
1098.039184
1970.588256
2715.686279
3098.039306
3205.882324
2794.117675
2284.313720
1431.372558
333.333343
-696.078430
-1558.823608
-2421.568603
-2960.784423
-3205.882324
-3107.843261
-2539.215820
-1823.529418
-764.705871
313.725494
1264.705932
2833.333496
3176.470703
3196.078369
2686.274658
2019.607910
1107.843139
-19.607843
-1970.588256
-2764.706054
-3117.647216
-3235.294189
-2803.921630
-2274.509765
-1431.372558
852.941162
1745.098022
2578.431396
3039.215820
3205.882324
3009.803955
1568.627441
441.176483
-607.843139
-1480.392211
-2352.941162
-2901.960937
-3186.274658
-2549.019775
-1813.725463
-735.294128
362.745117
1284.313720
2147.058837
2784.313720
3186.274658
2676.470703
2029.411743
1078.431396
-68.627449
-1000.000000
-1833.333374
-2656.862792
-3068.627441
-3225.490234
-2901.960937
-2362.745117
-1578.431396
745.098083
1607.843139
2450.980468
2960.784423
3196.078369
3117.647216
2519.607910
598.039245
-450.980407
-1382.353027
-2235.294189
-2852.941162
-3176.470703
-3235.294189
-1931.372558
-921.568664
176.470596
1117.647094
1980.392211
2725.490234
3078.431396
2754.902099
2176.470703
1313.725463
166.666671
-803.921569
-1676.470581
-2539.215820
-3019.607910
-3205.882324
-3049.019775
-1607.843139
-509.803924
549.019592
1431.372558
2294.117675
2852.941162
3176.470703
2558.823486
1872.549072
852.941162
-235.294128
-1215.686279
-2068.627441
-2803.921630
-3215.686279
-2745.098144
-2088.235351
-1156.862792
0.000000
774.509826
1617.647094
2490.196044
2980.392333
3176.470703
3058.823486
2500.000000
1852.941162
813.725524
-235.294128
-1225.490234
-2078.431396
-2784.313720
-3225.490234
-2705.882324
-2058.823486
-1107.843139
19.607843
941.176513
1803.921630
2598.039306
3029.411865
3205.882324
2950.980468
2460.784423
1627.451049
539.215698
-500.000000
-1362.745117
-2225.490234
-2852.941162
-3166.666748
-2598.039306
-1921.568603
-941.176513
147.058822
1098.039184
1970.588256
3098.039306
3196.078369
2764.706054
2186.274658
1284.313720
166.666671
-794.117675
-1696.078491
-2539.215820
-3009.803955
-2901.960937
-2411.764648
-1607.843139
-470.588256
578.431396
1460.784301
2343.137207
3186.274658
3088.235351
2529.411865
1852.941162
813.725524
-294.117645
-1254.901977
-2107.843261
-2784.313720
-3156.862792
-2696.078369
-2049.019531
-1088.235351
78.431373
980.392150
1833.333374
2617.647216
3196.078369
2784.313720
2274.509765
1460.784301
352.941192
-666.666687
-1529.411743
-3039.215820
-3215.686279
-3029.411865
-2480.392089
-1715.686279
-617.647094
1490.196166
2343.137207
2892.156982
3186.274658
3156.862792
2578.431396
1950.980468
-362.745117
-1303.921630
-2156.862792
-2823.529541
-3147.058837
-3205.882324
-2754.902099
-1049.019653
88.235298
1009.803955
1882.353027
2666.666748
3068.627441
3205.882324
2852.941162
2352.941162
1519.607910
401.960784
-627.450988
-1509.803955
-2372.549072
-2931.372558
-3215.686279
-3166.666748
-2549.019775
-735.294128
362.745117
1313.725463
2176.470703
2803.921630
3117.647216
3196.078369
2039.215698
1068.627441
-68.627449
-1000.000000
-1833.333374
-2666.666748
-3049.019775
-3254.902099
-2941.176513
-2392.156982
-303.921569
705.882385
1578.431396
2460.784423
2960.784423
3186.274658
3058.823486
1715.686279
647.058837
-411.764709
-1343.137329
-2225.490234
-2852.941162
-3186.274658
-2617.647216
-1950.980468
-950.980407
137.254898
1088.235351
1970.588256
3098.039306
3196.078369
2754.902099
2196.078369
1343.137329
186.274520
-774.509826
-2598.039306
-3049.019775
-3245.098144
-2970.588378
-2460.784423
-1637.254882
-539.215698
1568.627441
2441.176513
2941.176513
3196.078369
3068.627441
2529.411865
1833.333374
803.921569
-303.921569
-1274.509887
-2872.549072
-3166.666748
-3215.686279
-1970.588256
-980.392150
117.647064
1107.843139
1950.980468
2705.882324
3078.431396
2754.902099
2196.078369
1323.529418
176.470596
-784.313720
-1647.058837
-2519.607910
-3205.882324
-2980.392333
-2411.764648
-1607.843139
-490.196075
558.823547
1441.176513
2931.372558
3186.274658
3107.843261
2549.019775
1833.333374
803.921569
-264.705902
-2186.274658
-2843.137207
-3166.666748
-3215.686279
-2715.686279
-2068.627441
166.666671
1117.647094
1980.392211
2705.882324
3098.039306
3215.686279
2813.725585
1294.117675
147.058822
-813.725524
-1676.470581
-2539.215820
-3029.411865
-3215.686279
-2411.764648
-1588.235351
-460.784332
568.627441
1450.980468
2333.333496
2882.353027
3166.666748
3166.666748
2588.235351
1911.764770
941.176513
-147.058822
-1117.647094
-1970.588256
-2784.313720
-3117.647216
-3225.490234
-2794.117675
-2264.705810
-1372.549072
911.764709
1764.705932
2568.627441
3019.607910
3196.078369
2970.588378
2450.980468
441.176483
-588.235290
-1480.392211
-2352.941162
-2921.568603
-3205.882324
-3166.666748
-1803.921630
-735.294128
352.941192
1294.117675
2147.058837
2774.509765
3117.647216
3205.882324
2754.902099
2127.450927
-49.019607
-950.980407
-1823.529418
-2656.862792
-3245.098144
-2843.137207
-2313.725585
-1470.588256
-303.921569
705.882385
2529.411865
3009.803955
3186.274658
3068.627441
2470.588378
1715.686279
637.254943
-1470.588256
-2362.745117
-2911.764648
-3215.686279
-3166.666748
-2578.431396
-1892.156860
-872.549011
215.686279
1166.666748
2009.803955
2754.902099
3078.431396
3205.882324
2794.117675
2254.902099
1392.156860
254.901962
-1764.705932
-2598.039306
-3039.215820
-3205.882324
-2990.196044
-2460.784423
-1647.058837
656.862731
1519.607910
2372.549072
2901.960937
3186.274658
3127.450927
2568.627441
1892.156860
892.156860
-176.470596
-1147.058837
-2029.411743
-2774.509765
-3147.058837
-3235.294189
-2803.921630
-2205.882324
-1323.529418
970.588256
1843.137329
2637.254882
3039.215820
3215.686279
2882.353027
2401.960937
1607.843139
490.196075
-568.627441
-1450.980468
-2313.725585
-2892.156982
-3127.450927
-2539.215820
-1852.941162
-813.725524
313.725494
1254.901977
2088.235351
3127.450927
3186.274658
2696.078369
2058.823486
1147.058837
-9.803922
-872.549011
-2676.470703
-3088.235351
-3235.294189
-2852.941162
-2343.137207
-1509.803955
-382.352935
1656.862792
2500.000000
2960.784423
3205.882324
3068.627441
2509.803955
1803.921630
794.117675
-303.921569
-1284.313720
-2862.745117
-3176.470703
-3215.686279
-2686.274658
-2019.607910
-1088.235351
78.431373
2000.000000
2735.294189
3078.431396
3215.686279
2784.313720
2313.725585
1480.392211
343.137268
-666.666687
-1558.823608
-2421.568603
-2931.372558
-3215.686279
-3117.647216
-2539.215820
-1852.941162
-774.509826
333.333343
1245.098022
2068.627441
2784.313720
3196.078369
2676.470703
2058.823486
1137.254882
-29.411766
-941.176513
-1813.725463
-3088.235351
-3215.686279
-2813.725585
-2294.117675
-1431.372558
-274.509796
715.686279
2539.215820
3009.803955
3205.882324
3029.411865
2450.980468
1715.686279
627.450988
-421.568634
-1362.745117
-2245.098144
-2843.137207
-3176.470703
-3215.686279
-2686.274658
-2049.019531
-1107.843139
78.431373
1000.000000
2696.078369
3088.235351
3205.882324
2794.117675
2294.117675
1460.784301
333.333343
-1705.882324
-2568.627441
-3039.215820
-3245.098144
-3049.019775
-2470.588378
-1696.078491
627.450988
1480.392211
2343.137207
2882.353027
3176.470703
3156.862792
1794.117675
764.705871
-313.725494
-1264.705932
-2117.647216
-2823.529541
-3147.058837
-3215.686279
-2754.902099
-2117.647216
-1225.490234
-49.019607
843.137268
1705.882324
3039.215820
3196.078369
2862.745117
2392.156982
1588.235351
460.784332
-568.627441
-2450.980468
-2990.196044
-3215.686279
-3098.039306
-2558.823486
-1843.137329
500.000000
1323.529418
2176.470703
2784.313720
3127.450927
3205.882324
2705.882324
2088.235351
1176.470581
39.215686
-882.352966
-2686.274658
-3078.431396
-3235.294189
-2852.941162
-2343.137207
-1480.392211
833.333374
1696.078491
2500.000000
2960.784423
3186.274658
3068.627441
2490.196044
598.039245
-450.980407
-1372.549072
-2264.705810
-2862.745117
-3196.078369
-3205.882324
-1921.568603
-901.960815
186.274520
1147.058837
1970.588256
2745.098144
3107.843261
3166.666748
2784.313720
2245.098144
147.058822
-823.529418
-1686.274536
-2549.019775
-3029.411865
-3235.294189
-3019.607910
-1578.431396
-441.176483
607.843139
1480.392211
2352.941162
2901.960937
3186.274658
2539.215820
1803.921630
803.921569
-294.117645
-1264.705932
-2117.647216
-2823.529541
-3215.686279
-2686.274658
-2039.215698
-1058.823608
98.039215
1000.000000
2715.686279
3068.627441
3196.078369
2794.117675
2294.117675
1450.980468
323.529418
-1705.882324
-2568.627441
-3019.607910
-3225.490234
-3029.411865
-2480.392089
-1696.078491
607.843139
1470.588256
2333.333496
2892.156982
3186.274658
3156.862792
2568.627441
1911.764770
931.372558
-156.862747
-1127.451049
-1990.196166
-2764.706054
-3117.647216
-3225.490234
-2803.921630
-2235.294189
-1362.745117
-225.490203
774.509826
1637.254882
3019.607910
3215.686279
2980.392333
2431.372558
1656.862792
578.431396
-490.196075
-2382.353027
-2950.980468
-3215.686279
-3176.470703
-2568.627441
-1901.960815
-892.156860
1303.921630
2176.470703
2803.921630
3127.450927
3205.882324
2725.490234
2107.843261
-88.235298
-1009.803955
-1901.960815
-2705.882324
-3107.843261
-3235.294189
-2833.333496
-2323.529541
-1490.196166
-323.529418
1715.686279
2500.000000
2970.588378
2970.588378
2450.980468
1666.666748
578.431396
-500.000000
-1362.745117
-2235.294189
-3186.274658
-3166.666748
-2588.235351
-1921.568603
-921.568664
156.862747
1127.451049
2754.902099
3107.843261
3196.078369
2754.902099
2166.666748
1294.117675
147.058822
-1843.137329
-2666.666748
-3058.823486
-3225.490234
-2872.549072
-2372.549072
-1549.019653
-441.176483
598.039245
1490.196166
2960.784423
3215.686279
3078.431396
2509.803955
1823.529418
794.117675
-303.921569
-2225.490234
-2882.353027
-3186.274658
-3225.490234
-2676.470703
-2029.411743
205.882354
1156.862792
1990.196166
2745.098144
3098.039306
3215.686279
2774.509765
1235.294189
107.843139
-852.941162
-1754.901977
-2588.235351
-3019.607910
-3225.490234
-2372.549072
-1529.411743
-401.960784
607.843139
1500.000000
2303.921630
2852.941162
3107.843261
2539.215820
1843.137329
823.529418
-245.098037
-1205.882324
-2058.823486
-3156.862792
-3225.490234
-2735.294189
-2088.235351
-1127.451049
19.607843
1931.372558
2725.490234
3078.431396
3196.078369
2813.725585
2313.725585
1441.176513
303.921569
-686.274536
-1578.431396
-2450.980468
-3196.078369
-3049.019775
-2500.000000
-1774.509887
-725.490234
362.745117
2245.098144
2843.137207
3147.058837
3215.686279
2676.470703
2078.431396
1107.843139
-1196.078491
-2058.823486
-2794.117675
-3117.647216
-3205.882324
-2803.921630
-2186.274658
0.000000
745.098083
1627.451049
2470.588378
2960.784423
3186.274658
3058.823486
2500.000000
1872.549072
833.333374
-1362.745117
-2235.294189
-2843.137207
-3166.666748
-3225.490234
-2696.078369
-2058.823486
186.274520
1137.254882
2019.607910
2754.902099
3098.039306
3215.686279
2794.117675
1294.117675
137.254898
-813.725524
-1686.274536
-2558.823486
-3019.607910
-3215.686279
-2401.960937
-1578.431396
-460.784332
588.235290
1460.784301
2343.137207
3166.666748
3107.843261
2519.607910
1843.137329
803.921569
-254.901962
-1254.901977
-2833.333496
-3166.666748
-3235.294189
-2686.274658
-2039.215698
-1088.235351
78.431373
1990.196166
2725.490234
3078.431396
3225.490234
2784.313720
2254.902099
1392.156860
303.921569
-696.078430
-1578.431396
-3000.000000
-3254.902099
-3088.235351
-2539.215820
-568.627441
480.392150
1382.353027
2245.098144
2833.333496
3156.862792
2588.235351
1931.372558
960.784301
-147.058822
-1107.843139
-1990.196166
-2774.509765
-3235.294189
-2745.098144
-2156.862792
-1235.294189
-98.039215
843.137268
1715.686279
3029.411865
3196.078369
2911.764648
2382.353027
1598.039184
509.803924
-549.019592
-1441.176513
-2323.529541
-2901.960937
-3196.078369
-3215.686279
-2607.843261
-1950.980468
313.725494
1254.901977
2107.843261
2794.117675
3137.254882
3176.470703
2029.411743
1078.431396
-19.607843
-950.980407
-1823.529418
-2627.450927
-3058.823486
-2813.725585
-2264.705810
-1421.568603
-294.117645
705.882385
1568.627441
2460.784423
3176.470703
2990.196044
2480.392089
1705.882324
666.666687
-431.372558
-1352.941162
-2225.490234
-2852.941162
-3176.470703
-2598.039306
-1921.568603
-941.176513
176.470596
1127.451049
1960.784301
2754.902099
3215.686279
2764.706054
2196.078369
1303.921630
196.078430
-784.313720
-1647.058837
-2500.000000
-2970.588378
-3205.882324
-2480.392089
-1696.078491
-598.039245
460.784332
1372.549072
2215.686279
2813.725585
3166.666748
3196.078369
2715.686279
2039.215698
1098.039184
-19.607843
-921.568664
-1794.117675
-2647.058837
-3068.627441
-3235.294189
-2303.921630
-1450.980468
-313.725494
686.274536
1568.627441
2421.568603
2960.784423
3049.019775
2500.000000
1803.921630
784.313720
-323.529418
-1303.921630
-2147.058837
-3176.470703
-3205.882324
-2676.470703
-2019.607910
-1058.823608
68.627449
990.196105
1843.137329
2656.862792
3039.215820
2794.117675
2284.313720
1431.372558
313.725494
-676.470581
-1549.019653
-2431.372558
-3225.490234
-3068.627441
-2490.196044
-1705.882324
-617.647094
431.372558
1362.745117
2205.882324
2843.137207
3166.666748
3196.078369
2696.078369
2058.823486
1137.254882
9.803922
-862.745117
-1754.901977
-2578.431396
-3215.686279
-2862.745117
-2372.549072
-1529.411743
-382.352935
617.647094
1509.803955
2352.941162
2911.764648
3186.274658
2490.196044
1774.509887
764.705871
-333.333343
-1313.725463
-2156.862792
-2813.725585
-3205.882324
-2686.274658
-1980.392211
-990.196105
98.039215
990.196105
1833.333374
3098.039306
3235.294189
2803.921630
2254.902099
1450.980468
323.529418
-647.058837
-2500.000000
-2980.392333
-3186.274658
-3098.039306
-2539.215820
-1803.921630
-774.509826
333.333343
1284.313720
2107.843261
3156.862792
3196.078369
2696.078369
2068.627441
1137.254882
-19.607843
-941.176513
-2725.490234
-3088.235351
-3235.294189
-2833.333496
-2294.117675
-1450.980468
-303.921569
696.078430
1568.627441
2441.176513
2960.784423
3186.274658
3078.431396
2509.803955
1823.529418
813.725524
-264.705902
-1235.294189
-2078.431396
-2803.921630
-3147.058837
-3235.294189
-2774.509765
-2156.862792
-1235.294189
1049.019653
1921.568603
2735.294189
3088.235351
3215.686279
2803.921630
1323.529418
205.882354
-745.098083
-1598.039184
-2470.588378
-2960.784423
-3235.294189
-2441.176513
-1627.451049
-529.411804
539.215698
1441.176513
2284.313720
2882.353027
3137.254882
3156.862792
2637.254882
872.549011
-215.686279
-1176.470581
-2029.411743
-2794.117675
-3147.058837
-3235.294189
-2127.450927
-1176.470581
-19.607843
901.960815
1754.901977
2598.039306
3029.411865
2852.941162
2343.137207
1539.215698
421.568634
-617.647094
-1490.196166
-2352.941162
-2931.372558
-3205.882324
-3166.666748
-2578.431396
-1872.549072
-843.137268
245.098037
1147.058837
1990.196166
2764.706054
3107.843261
2725.490234
2107.843261
1205.882324
78.431373
-833.333374
-1725.490234
-2578.431396
-3225.490234
-2882.353027
-2362.745117
-1539.215698
-411.764709
617.647094
1480.392211
2333.333496
2931.372558
3205.882324
3166.666748
2578.431396
1911.764770
921.568664
-166.666671
-1127.451049
-1990.196166
-2784.313720
-3215.686279
-2754.902099
-2147.058837
-1245.098022
-78.431373
843.137268
1705.882324
2529.411865
3000.000000
3176.470703
2450.980468
1666.666748
578.431396
-490.196075
-1401.960815
-2254.902099
-2882.353027
-3166.666748
-2568.627441
-1901.960815
-892.156860
205.882354
1176.470581
2029.411743
3127.450927
3196.078369
2745.098144
2137.254882
1235.294189
78.431373
-833.333374
-2656.862792
-3098.039306
-3235.294189
-2892.156982
-2382.353027
-1558.823608
764.705871
1617.647094
2450.980468
2970.588378
3196.078369
3088.235351
2509.803955
607.843139
-470.588256
-1392.156860
-2245.098144
-2862.745117
-3176.470703
-3225.490234
-1950.980468
-941.176513
196.078430
1137.254882
1980.392211
2735.294189
3078.431396
3196.078369
2784.313720
2284.313720
107.843139
-833.333374
-1725.490234
-3058.823486
-3205.882324
-2852.941162
-2372.549072
-1539.215698
-421.568634
627.450988
2450.980468
2970.588378
3205.882324
3098.039306
2529.411865
1823.529418
774.509826
-1382.353027
-2264.705810
-2862.745117
-3147.058837
-3205.882324
-2686.274658
-2019.607910
-1078.431396
88.235298
1000.000000
1852.941162
2607.843261
3039.215820
3196.078369
2911.764648
2401.960937
1598.039184
519.607849
-1568.627441
-2470.588378
-2980.392333
-3205.882324
-3127.450927
-2539.215820
-1823.529418
490.196075
1421.568603
2254.902099
2843.137207
3147.058837
3186.274658
2676.470703
2049.019531
1117.647094
-19.607843
-950.980407
-1803.921630
-2666.666748
-3019.607910
-3215.686279
-2921.568603
-2401.960937
-1578.431396
696.078430
1568.627441
2980.392333
3186.274658
3009.803955
2441.176513
1696.078491
656.862731
-431.372558
-2323.529541
-2911.764648
-3215.686279
-2539.215820
-1833.333374
-803.921569
294.117645
1264.705932
2088.235351
2774.509765
3186.274658
2676.470703
2078.431396
1137.254882
0.000000
-794.117675
-1656.862792
-3058.823486
-3215.686279
-2950.980468
-2421.568603
-1607.843139
-519.607849
568.627441
1411.764770
2284.313720
2872.549072
3117.647216
2558.823486
1882.353027
872.549011
-205.882354
-1196.078491
-2039.215698
-3176.470703
-3254.902099
-2745.098144
-2098.039306
-1186.274536
-49.019607
833.333374
2676.470703
3058.823486
3196.078369
2852.941162
2343.137207
1558.823608
450.980407
-1578.431396
-2470.588378
-2990.196044
-3215.686279
-3098.039306
-2529.411865
-1794.117675
-735.294128
362.745117
1303.921630
2862.745117
3166.666748
3166.666748
2627.450927
1990.196166
1049.019653
-88.235298
-1990.196166
-2794.117675
-3137.254882
-3254.902099
-2803.921630
-2225.490234
-98.039215
833.333374
1705.882324
2558.823486
3009.803955
3205.882324
3000.000000
1637.254882
539.215698
-490.196075
-1401.960815
-2274.509765
-2882.353027
-3186.274658
-3215.686279
-2647.058837
-1980.392211
284.313720
1205.882324
2049.019531
2764.706054
3117.647216
3205.882324
2725.490234
1156.862792
19.607843
-892.156860
-1735.294189
-2598.039306
-3029.411865
-3225.490234
-2372.549072
-1549.019653
-421.568634
617.647094
1480.392211
2333.333496
2911.764648
3039.215820
2509.803955
1803.921630
764.705871
-313.725494
-1264.705932
-2117.647216
-2794.117675
-3137.254882
-3235.294189
-2049.019531
-1068.627441
78.431373
1990.196166
2754.902099
3098.039306
3196.078369
2774.509765
2284.313720
1450.980468
-843.137268
-1725.490234
-2568.627441
-3019.607910
-3215.686279
-3039.215820
-2470.588378
-431.372558
598.039245
1500.000000
2284.313720
2872.549072
3186.274658
3186.274658
1872.549072
882.352966
-196.078430
-1166.666748
-2019.607910
-2784.313720
-3127.450927
-3225.490234
-2803.921630
-2215.686279
-58.823532
862.745117
1754.901977
2598.039306
2990.196044
3205.882324
3000.000000
1617.647094
558.823547
-519.607849
-1411.764770
-2294.117675
-2882.353027
-3186.274658
-3205.882324
-2627.450927
-1980.392211
303.921569
1245.098022
2078.431396
2754.902099
3098.039306
3205.882324
2774.509765
1147.058837
19.607843
-872.549011
-1735.294189
-2588.235351
-3039.215820
-3225.490234
-2980.392333
-2431.372558
-1647.058837
-529.411804
529.411804
1421.568603
2274.509765
2852.941162
3147.058837
3166.666748
2647.058837
892.156860
-196.078430
-1127.451049
-2009.803955
-2754.902099
-3117.647216
-3235.294189
-2137.254882
-1215.686279
-78.431373
852.941162
1754.901977
2558.823486
3000.000000
3215.686279
3058.823486
2480.392089
1774.509887
725.490234
-352.941192
-1294.117675
-2137.254882
-2823.529541
-3147.058837
-3205.882324
-2000.000000
-1107.843139
49.019607
911.764709
1794.117675
2607.843261
3000.000000
2892.156982
2392.156982
1578.431396
480.392150
-568.627441
-1470.588256
-2343.137207
-3205.882324
-3107.843261
-2539.215820
-1813.725463
-764.705871
333.333343
1284.313720
2107.843261
2794.117675
3127.450927
2676.470703
2049.019531
1078.431396
-58.823532
-980.392150
-1852.941162
-2656.862792
-3235.294189
-2794.117675
-2274.509765
-1411.764770
-254.901962
735.294128
1598.039184
2450.980468
2950.980468
3186.274658
3088.235351
2500.000000
1882.353027
892.156860
-196.078430
-1147.058837
-2000.000000
-2725.490234
-3098.039306
-3205.882324
-2813.725585
-1323.529418
-147.058822
803.921569
1666.666748
2500.000000
2941.176513
3186.274658
2460.784423
1676.470581
607.843139
-460.784332
-1382.353027
-2245.098144
-2872.549072
-3176.470703
-2578.431396
-1921.568603
-901.960815
176.470596
1117.647094
1970.588256
3127.450927
3225.490234
2774.509765
2186.274658
1284.313720
147.058822
-794.117675
-2627.450927
-3039.215820
-3215.686279
-2941.176513
-2401.960937
-1588.235351
725.490234
1578.431396
2441.176513
2941.176513
3205.882324
3107.843261
2509.803955
578.431396
-490.196075
-1401.960815
-2254.902099
-2882.353027
-3137.254882
-3225.490234
-1901.960815
-911.764709
196.078430
1127.451049
1950.980468
2705.882324
3098.039306
2754.902099
2196.078369
1323.529418
166.666671
-794.117675
-1666.666748
-2539.215820
-3019.607910
-3205.882324
-3049.019775
-1607.843139
-490.196075
558.823547
1450.980468
2294.117675
2872.549072
3176.470703
2549.019775
1862.745117
852.941162
-235.294128
-1205.882324
-2058.823486
-2794.117675
-3235.294189
-2725.490234
-2098.039306
-1147.058837
19.607843
911.764709
1764.705932
2558.823486
3000.000000
3176.470703
2431.372558
1617.647094
539.215698
-509.803924
-1401.960815
-2284.313720
-2892.156982
-3147.058837
-2578.431396
-1901.960815
-872.549011
225.490203
1186.274536
2784.313720
3127.450927
3205.882324
2735.294189
2137.254882
1254.901977
98.039215
-1862.745117
-2656.862792
-3078.431396
-3235.294189
-2872.549072
-2372.549072
-1529.411743
-382.352935
647.058837
1519.607910
2950.980468
3176.470703
3068.627441
2509.803955
1784.313720
774.509826
-313.725494
-2235.294189
-2852.941162
-3196.078369
-3235.294189
-2696.078369
-2049.019531
-1078.431396
1225.490234
2049.019531
2754.902099
3107.843261
3225.490234
2784.313720
2205.882324
1362.745117
186.274520
-774.509826
-1627.451049
-2500.000000
-2990.196044
-3205.882324
-3127.450927
-2549.019775
-1833.333374
-784.313720
323.529418
1264.705932
2098.039306
2784.313720
3117.647216
3205.882324
2774.509765
1147.058837
19.607843
-901.960815
-1784.313720
-2617.647216
-3029.411865
-3205.882324
-2323.529541
-1490.196166
-333.333343
676.470581
1529.411743
2382.353027
2931.372558
3186.274658
3127.450927
2539.215820
676.470581
-382.352935
-1333.333374
-2196.078369
-2833.333496
-3166.666748
-3235.294189
-1980.392211
-990.196105
117.647064
1078.431396
1921.568603
2725.490234
3068.627441
3215.686279
2803.921630
2313.725585
1470.588256
362.745117
-676.470581
-1539.215698
-2421.568603
-2980.392333
-3225.490234
-3137.254882
-1745.098022
-686.274536
411.764709
1323.529418
2166.666748
2803.921630
3117.647216
3205.882324
2725.490234
2098.039306
-88.235298
-1029.411743
-1911.764770
-3127.450927
-3245.098144
-2803.921630
-2245.098144
-1362.745117
-196.078430
794.117675
2578.431396
3000.000000
3186.274658
3039.215820
2480.392089
1735.294189
686.274536
-1460.784301
-2343.137207
-2911.764648
-3205.882324
-3176.470703
-2598.039306
-1950.980468
333.333343
1294.117675
2127.450927
2784.313720
3156.862792
3205.882324
2764.706054
2137.254882
1294.117675
147.058822
-1862.745117
-2696.078369
-3088.235351
-2803.921630
-2245.098144
-1401.960815
-245.098037
735.294128
1598.039184
2441.176513
3205.882324
3000.000000
2549.019775
1764.705932
725.490234
-343.137268
-1303.921630
-2882.353027
-3176.470703
-3205.882324
-2666.666748
-2000.000000
-1117.647094
58.823532
970.588256
1813.725463
2637.254882
3196.078369
2803.921630
2294.117675
1460.784301
343.137268
-666.666687
-1558.823608
-3039.215820
-3225.490234
-3049.019775
-2480.392089
-1725.490234
-666.666687
431.372558
2303.921630
2852.941162
3156.862792
3166.666748
2588.235351
1941.176513
970.588256
-107.843139
-1078.431396
-1990.196166
-2754.902099
-3107.843261
-3254.902099
-2813.725585
-2284.313720
-1382.353027
-254.901962
735.294128
2558.823486
3019.607910
3196.078369
3019.607910
2450.980468
1705.882324
656.862731
-431.372558
-1372.549072
-2215.686279
-3186.274658
-3196.078369
-2627.450927
-803.921569
294.117645
1254.901977
2068.627441
2794.117675
3156.862792
3205.882324
2088.235351
1107.843139
-19.607843
-941.176513
-1803.921630
-2637.254882
-3058.823486
-3225.490234
-2921.568603
-2411.764648
-303.921569
696.078430
1539.215698
2421.568603
2950.980468
3215.686279
3098.039306
1745.098022
715.686279
-372.549041
-1313.725463
-2147.058837
-2833.333496
-3156.862792
-2637.254882
-1970.588256
-1000.000000
49.019607
941.176513
1803.921630
2637.254882
3196.078369
2794.117675
2303.921630
1460.784301
352.941192
-656.862731
-1529.411743
-2411.764648
-2960.784423
-3186.274658
-3127.450927
-2539.215820
-1843.137329
480.392150
1372.549072
2186.274658
2833.333496
3166.666748
3205.882324
2686.274658
941.176513
-147.058822
-1107.843139
-1950.980468
-2745.098144
-3107.843261
-3254.902099
-2176.470703
-1264.705932
-117.647064
852.941162
1715.686279
2558.823486
3029.411865
2852.941162
2352.941162
1529.411743
421.568634
-598.039245
-1500.000000
-2294.117675
-2901.960937
-3196.078369
-3205.882324
-1862.745117
-833.333374
284.313720
1235.294189
2078.431396
2764.706054
3098.039306
2715.686279
2068.627441
1156.862792
0.000000
-794.117675
-1656.862792
-2519.607910
-2990.196044
-3225.490234
-3088.235351
-1627.451049
-519.607849
558.823547
1441.176513
2294.117675
2852.941162
3147.058837
3166.666748
2627.450927
1980.392211
1019.607849
-127.450981
-1078.431396
-1990.196166
-2784.313720
-3225.490234
-2774.509765
-2166.666748
-1254.901977
-117.647064
852.941162
1725.490234
2549.019775
3000.000000
3215.686279
3049.019775
2480.392089
1774.509887
745.098083
-313.725494
-1274.509887
-2137.254882
-2823.529541
-3235.294189
-2686.274658
-2000.000000
-1147.058837
9.803922
872.549011
1725.490234
3078.431396
3245.098144
2882.353027
2382.353027
1558.823608
460.784332
-558.823547
-1460.784301
-2323.529541
-2911.764648
-3186.274658
-3166.666748
-2578.431396
-1911.764770
-911.764709
205.882354
1147.058837
2019.607910
3127.450927
3196.078369
2754.902099
2166.666748
1284.313720
166.666671
-813.725524
-2647.058837
-3058.823486
-3235.294189
-2901.960937
-2382.353027
-1568.627441
-431.372558
617.647094
1480.392211
2352.941162
2931.372558
3176.470703
3166.666748
2578.431396
1921.568603
931.372558
-147.058822
-1088.235351
-2803.921630
-3147.058837
-3235.294189
-2794.117675
-2156.862792
-1235.294189
-88.235298
1882.353027
2676.470703
3068.627441
3225.490234
2843.137207
2352.941162
294.117645
-705.882385
-1588.235351
-2470.588378
-3009.803955
-3215.686279
-3107.843261
-1676.470581
-578.431396
509.803924
1392.156860
2245.098144
2862.745117
3156.862792
2588.235351
1931.372558
931.372558
-166.666671
-1117.647094
-2000.000000
-2715.686279
-3235.294189
-2774.509765
-2196.078369
-1294.117675
-156.862747
843.137268
1676.470581
2529.411865
2990.196044
3196.078369
3049.019775
2460.784423
1725.490234
666.666687
-411.764709
-1343.137329
-2215.686279
-2852.941162
-3186.274658
-2627.450927
-1960.784301
-950.980407
147.058822
1058.823608
1911.764770
2696.078369
3068.627441
3205.882324
2803.921630
2323.529541
1490.196166
362.745117
-656.862731
-1558.823608
-2421.568603
-2990.196044
-3058.823486
-2490.196044
-1745.098022
-666.666687
450.980407
1333.333374
2196.078369
3156.862792
3176.470703
2637.254882
2019.607910
1019.607849
-107.843139
-1088.235351
-2784.313720
-3107.843261
-3215.686279
-2784.313720
-2166.666748
-1274.509887
1039.215698
1901.960815
2725.490234
3039.215820
3215.686279
2823.529541
2333.333496
205.882354
-774.509826
-1647.058837
-2490.196044
-3009.803955
-3235.294189
-3078.431396
-1637.254882
-529.411804
529.411804
1411.764770
2274.509765
2833.333496
3166.666748
3205.882324
2656.862792
1980.392211
-225.490203
-1205.882324
-2058.823486
-3166.666748
-3235.294189
-2725.490234
-2088.235351
-1137.254882
0.000000
774.509826
2578.431396
3009.803955
3245.098144
2990.196044
2450.980468
1666.666748
578.431396
-1509.803955
-2401.960937
-2931.372558
-3196.078369
-3166.666748
-2578.431396
-1862.745117
-823.529418
274.509796
1215.686279
2823.529541
3147.058837
3196.078369
2715.686279
2078.431396
1176.470581
29.411766
-1911.764770
-2705.882324
-3088.235351
-3245.098144
-2813.725585
-2313.725585
-1480.392211
-313.725494
705.882385
1549.019653
2411.764648
2921.568603
3176.470703
3137.254882
2549.019775
1852.941162
872.549011
-225.490203
-2156.862792
-2843.137207
-3156.862792
-3225.490234
-2715.686279
-2098.039306
-1196.078491
-49.019607
882.352966
1764.705932
3049.019775
3205.882324
2862.745117
2362.745117
1529.411743
411.764709
-607.843139
-2480.392089
-2980.392333
-3196.078369
-3107.843261
-2529.411865
-1803.921630
-745.098083
1392.156860
2284.313720
2852.941162
3156.862792
3186.274658
2647.058837
2009.803955
1058.823608
-58.823532
-1009.803955
-2774.509765
-3137.254882
-3245.098144
-2127.450927
-1215.686279
-58.823532
872.549011
1735.294189
2549.019775
2990.196044
2882.353027
2382.353027
1568.627441
450.980407
-568.627441
-1470.588256
-2362.745117
-3205.882324
-3107.843261
-2529.411865
-1803.921630
-715.686279
352.941192
1303.921630
2823.529541
3156.862792
3225.490234
2666.666748
2000.000000
1166.666748
19.607843
-892.156860
-1764.705932
-2617.647216
-3235.294189
-2833.333496
-2343.137207
-205.882354
764.705871
1607.843139
2470.588378
2960.784423
3176.470703
3049.019775
1686.274536
588.235290
-470.588256
-1392.156860
-2264.705810
-2843.137207
-3186.274658
-2588.235351
-1911.764770
-911.764709
196.078430
1137.254882
1970.588256
2735.294189
3225.490234
2764.706054
2147.058837
1264.705932
137.254898
-813.725524
-1676.470581
-2539.215820
-3000.000000
-3215.686279
-2460.784423
-1656.862792
-549.019592
500.000000
1333.333374
2196.078369
2833.333496
3156.862792
2627.450927
1960.784301
1009.803955
-117.647064
-1088.235351
-1980.392211
-2754.902099
-3117.647216
-3254.902099
-2823.529541
-2254.902099
-1392.156860
-254.901962
725.490234
1617.647094
2450.980468
2941.176513
2980.392333
2441.176513
1676.470581
588.235290
-450.980407
-1382.353027
-2235.294189
-2852.941162
-3176.470703
-3225.490234
-1941.176513
-921.568664
176.470596
1117.647094
1950.980468
2735.294189
3088.235351
2735.294189
2137.254882
1274.509887
156.862747
-823.529418
-1715.686279
-2549.019775
-3245.098144
-2921.568603
-2421.568603
-1598.039184
-480.392150
558.823547
1441.176513
2284.313720
2882.353027
3196.078369
2529.411865
1843.137329
833.333374
-264.705902
-1196.078491
-2068.627441
-2803.921630
-3117.647216
-3225.490234
-2774.509765
-1156.862792
29.411766
911.764709
1754.901977
2578.431396
3009.803955
3186.274658
2970.588378
2450.980468
1666.666748
568.627441
-490.196075
-1392.156860
-2264.705810
-2862.745117
-3147.058837
-2578.431396
-1872.549072
-882.352966
245.098037
1147.058837
2000.000000
2705.882324
3078.431396
3205.882324
2774.509765
2294.117675
1460.784301
323.529418
-666.666687
-1558.823608
-2431.372558
-2980.392333
-3049.019775
-2490.196044
-1715.686279
-647.058837
421.568634
1333.333374
2196.078369
3186.274658
3156.862792
2588.235351
1931.372558
970.588256
-127.450981
-1088.235351
-1980.392211
-2754.902099
-3098.039306
-2774.509765
-2186.274658
-1274.509887
-137.254898
843.137268
1715.686279
2529.411865
3019.607910
3205.882324
3000.000000
1647.058837
578.431396
-490.196075
-1411.764770
-2264.705810
-2862.745117
-3176.470703
-2588.235351
-1901.960815
-872.549011
205.882354
1156.862792
1990.196166
2745.098144
3225.490234
2735.294189
2127.450927
1245.098022
107.843139
-862.745117
-1725.490234
-3068.627441
-3225.490234
-2901.960937
-2392.156982
-1529.411743
-382.352935
1666.666748
2539.215820
3009.803955
3215.686279
3058.823486
2490.196044
1735.294189
-519.607849
-1441.176513
-2333.333496
-2911.764648
-3215.686279
-3205.882324
-2627.450927
-823.529418
303.921569
1264.705932
2098.039306
2794.117675
3127.450927
3205.882324
2735.294189
2166.666748
1303.921630
-970.588256
-1852.941162
-2676.470703
-3058.823486
-3235.294189
-2872.549072
-2372.549072
-1549.019653
-431.372558
627.450988
2441.176513
2960.784423
3196.078369
3058.823486
2500.000000
1872.549072
872.549011
-205.882354
-1186.274536
-2049.019531
-2794.117675
-3127.450927
-3225.490234
-2803.921630
-2196.078369
-19.607843
901.960815
1754.901977
2568.627441
3000.000000
3205.882324
3058.823486
2480.392089
1745.098022
715.686279
-1441.176513
-2323.529541
-2911.764648
-3176.470703
-3186.274658
-2617.647216
-1980.392211
343.137268
1284.313720
2088.235351
2774.509765
3107.843261
3205.882324
2754.902099
1107.843139
-29.411766
-950.980407
-1823.529418
-2647.058837
-3058.823486
-3235.294189
-2303.921630
-1470.588256
-294.117645
696.078430
1558.823608
2421.568603
2911.764648
3196.078369
3098.039306
2539.215820
715.686279
-372.549041
-1294.117675
-2166.666748
-2852.941162
-3176.470703
-3225.490234
-2725.490234
-2078.431396
-1147.058837
0.000000
774.509826
1627.451049
2470.588378
2960.784423
3186.274658
3078.431396
2509.803955
598.039245
-460.784332
-1392.156860
-2264.705810
-2882.353027
-3156.862792
-3215.686279
-2666.666748
-2000.000000
-1107.843139
1196.078491
2029.411743
2754.902099
3107.843261
3215.686279
2784.313720
2205.882324
78.431373
-843.137268
-1725.490234
-2578.431396
-3019.607910
-3205.882324
-3009.803955
-1549.019653
-431.372558
617.647094
1470.588256
2343.137207
2892.156982
3186.274658
3156.862792
2607.843261
1960.784301
-323.529418
-1294.117675
-2147.058837
-3176.470703
-3215.686279
-2696.078369
-2019.607910
-1058.823608
78.431373
1009.803955
1872.549072
2676.470703
3049.019775
3205.882324
2872.549072
2411.764648
1568.627441
-764.705871
-1627.451049
-2480.392089
-3215.686279
-3000.000000
-2490.196044
-1754.901977
-666.666687
431.372558
1333.333374
2872.549072
3186.274658
3166.666748
2617.647216
1941.176513
980.392150
-98.039215
-2039.215698
-2784.313720
-3117.647216
-3235.294189
-2764.706054
-2215.686279
-1323.529418
-176.470596
784.313720
1676.470581
3019.607910
3205.882324
2950.980468
2441.176513
1647.058837
549.019592
-490.196075
-2382.353027
-2931.372558
-3205.882324
-3147.058837
-2568.627441
-1892.156860
-911.764709
1313.725463
2166.666748
2823.529541
3156.862792
3205.882324
2705.882324
2068.627441
1147.058837
39.215686
-892.156860
-1754.901977
-2607.843261
-3058.823486
-2843.137207
-2323.529541
-1470.588256
-343.137268
676.470581
1549.019653
2401.960937
3186.274658
3088.235351
2490.196044
1754.901977
725.490234
-352.941192
-1313.725463
-2852.941162
-3176.470703
-3205.882324
-2627.450927
-1980.392211
-1000.000000
68.627449
960.784301
1823.529418
2637.254882
3196.078369
2833.333496
2313.725585
1460.784301
352.941192
-656.862731
-1539.215698
-3019.607910
-3225.490234
-3039.215820
-2500.000000
-1823.529418
-754.901977
333.333343
2254.902099
2843.137207
3156.862792
3186.274658
2666.666748
2019.607910
1127.451049
-19.607843
-921.568664
-1813.725463
-3088.235351
-3245.098144
-2813.725585
-1323.529418
-147.058822
823.529418
1656.862792
2529.411865
2980.392333
3186.274658
2431.372558
1617.647094
509.803924
-509.803924
-1421.568603
-2303.921630
-2892.156982
-3127.450927
-2558.823486
-1872.549072
-843.137268
274.509796
1215.686279
2058.823486
2774.509765
3098.039306
3205.882324
2774.509765
2196.078369
1352.941162
225.490203
-754.901977
-1617.647094
-2480.392089
-2980.392333
-3215.686279
-3078.431396
-2509.803955
-568.627441
509.803924
1392.156860
2235.294189
2823.529541
3176.470703
3186.274658
1931.372558
911.764709
-156.862747
-1137.254882
-2000.000000
-2725.490234
-3088.235351
-2803.921630
-2186.274658
-1294.117675
-137.254898
833.333374
1676.470581
2529.411865
3205.882324
2911.764648
2382.353027
1578.431396
490.196075
-549.019592
-1441.176513
-2333.333496
-2911.764648
-3186.274658
-2539.215820
-1823.529418
-774.509826
313.725494
1225.490234
2088.235351
2784.313720
3205.882324
2705.882324
2068.627441
1127.451049
-9.803922
-862.745117
-1774.509887
-2598.039306
-3039.215820
-3235.294189
-2950.980468
-2441.176513
-1637.254882
-529.411804
529.411804
1431.372558
2284.313720
2882.353027
3147.058837
2539.215820
1862.745117
872.549011
-186.274520
-1166.666748
-2039.215698
-2784.313720
-3137.254882
-3235.294189
-2088.235351
-1137.254882
-9.803922
862.745117
1725.490234
2558.823486
3000.000000
2970.588378
2441.176513
1627.451049
549.019592
-509.803924
-1421.568603
-2274.509765
-3196.078369
-3147.058837
-2578.431396
-1882.353027
-852.941162
235.294128
1196.078491
2009.803955
2764.706054
3107.843261
3225.490234
2764.706054
2225.490234
1333.333374
196.078430
-754.901977
-1627.451049
-2490.196044
-3205.882324
-2980.392333
-2450.980468
-1637.254882
-539.215698
509.803924
1401.960815
2264.705810
2843.137207
3166.666748
3186.274658
2666.666748
2009.803955
1068.627441
-78.431373
-1009.803955
-1921.568603
-2725.490234
-3215.686279
-2794.117675
-2205.882324
-1343.137329
-147.058822
823.529418
1676.470581
2509.803955
2960.784423
3196.078369
2441.176513
1627.451049
529.411804
-519.607849
-1431.372558
-2294.117675
-2901.960937
-3137.254882
-2549.019775
-1862.745117
-823.529418
284.313720
1225.490234
2058.823486
2745.098144
3088.235351
3205.882324
2774.509765
2196.078369
1323.529418
215.686279
-764.705871
-1637.254882
-2509.803955
-3009.803955
-2970.588378
-2441.176513
-1627.451049
-529.411804
519.607849
1392.156860
2284.313720
2882.353027
3137.254882
3166.666748
1882.353027
882.352966
-196.078430
-1156.862792
-2019.607910
-2774.509765
-3117.647216
-2774.509765
-2127.450927
-1245.098022
-88.235298
852.941162
1686.274536
2558.823486
3196.078369
2882.353027
2382.353027
1578.431396
460.784332
-558.823547
-1460.784301
-2333.333496
-2931.372558
-3196.078369
-2529.411865
-1823.529418
-745.098083
323.529418
1245.098022
2088.235351
2764.706054
3137.254882
3215.686279
2745.098144
1127.451049
0.000000
-784.313720
-1656.862792
-2519.607910
-3009.803955
-3215.686279
-2431.372558
-1617.647094
-500.000000
480.392150
1372.549072
2215.686279
2833.333496
3166.666748
2598.039306
1960.784301
950.980407
-117.647064
-1107.843139
-2000.000000
-2715.686279
-3088.235351
-3235.294189
-2823.529541
-2303.921630
-1431.372558
-294.117645
1745.098022
2549.019775
2990.196044
3196.078369
3000.000000
2470.588378
1754.901977
705.882385
-352.941192
-1303.921630
-2882.353027
-3205.882324
-3225.490234
-2656.862792
-1970.588256
-1019.607849
117.647064
1058.823608
1931.372558
2735.294189
3078.431396
3225.490234
2794.117675
2264.705810
1450.980468
362.745117
-647.058837
-1549.019653
-3000.000000
-3205.882324
-3098.039306
-2529.411865
-1823.529418
-764.705871
323.529418
2254.902099
2823.529541
3147.058837
3205.882324
2686.274658
2058.823486
1107.843139
0.000000
-774.509826
-1656.862792
-2519.607910
-3000.000000
-3215.686279
-3098.039306
-2529.411865
-1813.725463
-745.098083
333.333343
2245.098144
2823.529541
3176.470703
3186.274658
2686.274658
2039.215698
1088.235351
-58.823532
-980.392150
-1852.941162
-3107.843261
-3235.294189
-2813.725585
-2294.117675
-1421.568603
-264.705902
735.294128
2549.019775
2990.196044
3215.686279
3009.803955
2460.784423
1676.470581
627.450988
-1480.392211
-2343.137207
-2921.568603
-3205.882324
-3176.470703
-2607.843261
-1901.960815
372.549041
1294.117675
2156.862792
2813.725585
3156.862792
3196.078369
2019.607910
1088.235351
-49.019607
-980.392150
-1843.137329
-2656.862792
-3058.823486
-2813.725585
-2245.098144
-1392.156860
-294.117645
735.294128
1598.039184
2460.784423
3186.274658
3000.000000
2500.000000
1823.529418
794.117675
-284.313720
-1235.294189
-2833.333496
-3176.470703
-3235.294189
-2705.882324
-2049.019531
-1088.235351
68.627449
970.588256
1813.725463
2627.450927
3235.294189
2813.725585
2303.921630
1441.176513
343.137268
-686.274536
-1549.019653
-3000.000000
-3205.882324
-3088.235351
-2509.803955
-1803.921630
-735.294128
362.745117
2235.294189
2852.941162
3176.470703
3186.274658
2656.862792
2029.411743
1058.823608
-49.019607
-980.392150
-1852.941162
-3117.647216
-3245.098144
-2803.921630
-1294.117675
-137.254898
843.137268
1705.882324
2519.607910
2980.392333
3215.686279
3029.411865
2460.784423
1705.882324
637.254943
-441.176483
-1382.353027
-2225.490234
-3205.882324
-3166.666748
-2598.039306
-803.921569
303.921569
1254.901977
2078.431396
2754.902099
3117.647216
3225.490234
2078.431396
1127.451049
0.000000
-764.705871
-1617.647094
-2500.000000
-2960.784423
-3215.686279
-3117.647216
-2568.627441
-1823.529418
-745.098083
333.333343
1264.705932
2843.137207
3156.862792
3186.274658
2666.666748
2058.823486
1107.843139
-58.823532
-1990.196166
-2754.902099
-3137.254882
-3225.490234
-2803.921630
-2235.294189
-1372.549072
-235.294128
745.098083
1598.039184
2421.568603
2931.372558
3186.274658
3068.627441
2509.803955
1813.725463
764.705871
-313.725494
-2235.294189
-2852.941162
-3166.666748
-3225.490234
-2696.078369
-2039.215698
-1058.823608
1215.686279
2058.823486
2774.509765
3127.450927
3205.882324
2764.706054
1166.666748
29.411766
-882.352966
-1784.313720
-2607.843261
-3019.607910
-3225.490234
-2343.137207
-1500.000000
-441.176483
578.431396
1460.784301
2323.529541
2892.156982
3176.470703
3186.274658
2598.039306
803.921569
-254.901962
-1215.686279
-2078.431396
-2803.921630
-3137.254882
-3235.294189
-2078.431396
-1117.647094
49.019607
941.176513
1794.117675
2588.235351
3019.607910
2823.529541
2303.921630
1490.196166
362.745117
-647.058837
-1539.215698
-2450.980468
-3215.686279
-3068.627441
-2490.196044
-1735.294189
-656.862731
421.568634
1343.137329
2176.470703
2794.117675
3137.254882
3196.078369
2715.686279
2068.627441
1137.254882
-19.607843
-911.764709
-1794.117675
-2637.254882
-3225.490234
-2823.529541
-2313.725585
-1460.784301
-323.529418
676.470581
1558.823608
2411.764648
2931.372558
3176.470703
3107.843261
2519.607910
1843.137329
843.137268
-225.490203
-1205.882324
-2029.411743
-2784.313720
-3215.686279
-2735.294189
-2068.627441
-1147.058837
29.411766
931.372558
1784.313720
2617.647216
3029.411865
3225.490234
2323.529541
1490.196166
362.745117
-647.058837
-1519.607910
-2421.568603
-2950.980468
-3098.039306
-2509.803955
-1774.509887
-735.294128
372.549041
1294.117675
2137.254882
2794.117675
3156.862792
3225.490234
2735.294189
2107.843261
1186.274536
49.019607
-852.941162
-1735.294189
-2588.235351
-3049.019775
-2872.549072
-2411.764648
-1539.215698
-411.764709
627.450988
1480.392211
2343.137207
3176.470703
3098.039306
2529.411865
1823.529418
794.117675
-313.725494
-1254.901977
-2107.843261
-2813.725585
-3147.058837
-3215.686279
-2764.706054
-2147.058837
-1245.098022
-98.039215
794.117675
1705.882324
2549.019775
3205.882324
2872.549072
2401.960937
1607.843139
509.803924
-558.823547
-1441.176513
-2960.784423
-3225.490234
-3127.450927
-2509.803955
-1833.333374
-813.725524
313.725494
1245.098022
2058.823486
2784.313720
3127.450927
3225.490234
2754.902099
2196.078369
1323.529418
196.078430
-774.509826
-1647.058837
-3058.823486
-3215.686279
-2960.784423
-2411.764648
-1617.647094
-509.803924
539.215698
1421.568603
2284.313720
2852.941162
3088.235351
2539.215820
1852.941162
-431.372558
-1362.745117
-2225.490234
-2852.941162
-3186.274658
-3215.686279
-2686.274658
-911.764709
166.666671
1147.058837
1970.588256
2764.706054
3058.823486
3205.882324
2166.666748
1274.509887
156.862747
-813.725524
-1686.274536
-2568.627441
-3029.411865
-2892.156982
-2372.549072
-1558.823608
-450.980407
588.235290
1460.784301
2333.333496
2882.353027
3196.078369
3166.666748
1843.137329
823.529418
-274.509796
-1245.098022
-2088.235351
-2813.725585
-3156.862792
-3235.294189
-2794.117675
-2147.058837
-1215.686279
-88.235298
843.137268
1696.078491
2519.607910
2990.196044
3205.882324
3058.823486
1607.843139
490.196075
-529.411804
-1441.176513
-2333.333496
-2911.764648
-3196.078369
-2558.823486
-1833.333374
-794.117675
313.725494
1245.098022
2088.235351
2794.117675
3117.647216
3196.078369
2764.706054
2166.666748
1264.705932
127.450981
-823.529418
-1705.882324
-2558.823486
-3019.607910
-3215.686279
-2411.764648
-1568.627441
-431.372558
617.647094
1480.392211
2352.941162
2892.156982
3176.470703
3156.862792
2588.235351
1941.176513
931.372558
-156.862747
-1137.254882
-1990.196166
-2774.509765
-3127.450927
-3225.490234
-2156.862792
-1235.294189
-49.019607
843.137268
1715.686279
2549.019775
3009.803955
3186.274658
3009.803955
2450.980468
490.196075
-539.215698
-1441.176513
-2333.333496
-2911.764648
-3196.078369
-3196.078369
-1843.137329
-803.921569
323.529418
1254.901977
2088.235351
2803.921630
3088.235351
3196.078369
2735.294189
2147.058837
1294.117675
117.647064
-833.333374
-1705.882324
-2578.431396
-3019.607910
-3235.294189
-2401.960937
-1568.627441
-421.568634
607.843139
1490.196166
2362.745117
2911.764648
3186.274658
3156.862792
2588.235351
1921.568603
931.372558
-156.862747
-1147.058837
-2009.803955
-2784.313720
-3117.647216
-3225.490234
-2147.058837
-1215.686279
-68.627449
862.745117
1705.882324
2539.215820
2990.196044
2872.549072
2352.941162
1558.823608
470.588256
-578.431396
-1480.392211
-2362.745117
-3225.490234
-3098.039306
-2539.215820
-1813.725463
-774.509826
343.137268
2235.294189
2843.137207
3147.058837
3215.686279
2686.274658
2049.019531
1127.451049
-1147.058837
-2009.803955
-2784.313720
-3127.450927
-3235.294189
-2823.529541
-2225.490234
-68.627449
872.549011
1735.294189
2568.627441
2990.196044
3215.686279
3009.803955
2470.588378
1686.274536
607.843139
-1490.196166
-2362.745117
-2941.176513
-3205.882324
-3147.058837
-2578.431396
-1892.156860
-833.333374
245.098037
1176.470581
2019.607910
2754.902099
3107.843261
3225.490234
2794.117675
2215.686279
1333.333374
205.882354
-1813.725463
-2627.450927
-3058.823486
-3215.686279
-2901.960937
-2421.568603
-1588.235351
715.686279
1598.039184
2441.176513
2980.392333
3196.078369
3078.431396
2480.392089
1803.921630
774.509826
-303.921569
-1254.901977
-2127.450927
-2823.529541
-3166.666748
-3225.490234
-2764.706054
-2147.058837
-1254.901977
1049.019653
1921.568603
2696.078369
3098.039306
3225.490234
2843.137207
2294.117675
1490.196166
362.745117
-647.058837
-1519.607910
-2401.960937
-2960.784423
-3225.490234
-3127.450927
-2568.627441
-1872.549072
-843.137268
245.098037
1205.882324
2049.019531
3156.862792
3186.274658
2745.098144
2107.843261
1186.274536
29.411766
-862.745117
-2705.882324
-3107.843261
-3245.098144
-2833.333496
-2333.333496
-1500.000000
-450.980407
1598.039184
2460.784423
2970.588378
3205.882324
3068.627441
2519.607910
1803.921630
784.313720
-303.921569
-1274.509887
-2862.745117
-3196.078369
-3205.882324
-1911.764770
-941.176513
156.862747
1127.451049
1990.196166
2754.902099
3058.823486
2754.902099
2186.274658
1284.313720
156.862747
-803.921569
-1686.274536
-2558.823486
-3225.490234
-2901.960937
-2382.353027
-1558.823608
-441.176483
588.235290
1460.784301
2921.568603
3186.274658
3088.235351
2529.411865
1852.941162
803.921569
-284.313720
-2196.078369
-2852.941162
-3166.666748
-3205.882324
-2705.882324
-2029.411743
-1088.235351
88.235298
980.392150
1843.137329
3068.627441
3196.078369
2794.117675
2274.509765
1460.784301
323.529418
-676.470581
-2509.803955
-2980.392333
-3196.078369
-3068.627441
-2519.607910
-1705.882324
588.235290
1460.784301
2333.333496
2862.745117
3166.666748
3156.862792
2607.843261
794.117675
-294.117645
-1245.098022
-2098.039306
-2823.529541
-3147.058837
-3225.490234
-2774.509765
-2156.862792
-1264.705932
1029.411743
1921.568603
2705.882324
3068.627441
3215.686279
2823.529541
2313.725585
186.274520
-774.509826
-1647.058837
-2490.196044
-3019.607910
-3225.490234
-3088.235351
-1656.862792
-539.215698
529.411804
1401.960815
2264.705810
2872.549072
3147.058837
2568.627441
1911.764770
921.568664
-156.862747
-1137.254882
-2000.000000
-2754.902099
-3107.843261
-3235.294189
-2813.725585
-2313.725585
-1441.176513
-284.313720
1735.294189
2578.431396
2990.196044
3196.078369
3009.803955
2460.784423
1715.686279
-656.862731
-1519.607910
-2392.156982
-2960.784423
-3196.078369
-3147.058837
-2568.627441
-715.686279
401.960784
1303.921630
2137.254882
2803.921630
3137.254882
3215.686279
2764.706054
2156.862792
1235.294189
-1039.215698
-1960.784301
-2735.294189
-3225.490234
-2784.313720
-2186.274658
-1294.117675
-137.254898
833.333374
1715.686279
3039.215820
3205.882324
2882.353027
2372.549072
1578.431396
490.196075
-549.019592
-2382.353027
-2970.588378
-3205.882324
-3127.450927
-2558.823486
-1843.137329
-774.509826
294.117645
1235.294189
2098.039306
3156.862792
3205.882324
2705.882324
2039.215698
1127.451049
-19.607843
-921.568664
-2705.882324
-3098.039306
-3225.490234
-2833.333496
-2323.529541
-1480.392211
843.137268
1676.470581
2549.019775
3000.000000
3215.686279
3078.431396
2509.803955
598.039245
-460.784332
-1372.549072
-2235.294189
-2852.941162
-3186.274658
-3215.686279
-2666.666748
-2009.803955
-1029.411743
127.450981
1068.627441
1941.176513
2725.490234
3205.882324
2754.902099
2166.666748
1313.725463
156.862747
-813.725524
-1666.666748
-3049.019775
-3225.490234
-2950.980468
-2431.372558
-1598.039184
-480.392150
1578.431396
2450.980468
2970.588378
3196.078369
3078.431396
2500.000000
1872.549072
-382.352935
-1323.529418
-2186.274658
-2823.529541
-3166.666748
-3245.098144
-2725.490234
-2107.843261
-1107.843139
39.215686
1931.372558
2754.902099
3068.627441
3215.686279
2774.509765
2264.705810
1460.784301
-823.529418
-1715.686279
-2578.431396
-3029.411865
-3235.294189
-3019.607910
-2470.588378
-450.980407
588.235290
1450.980468
2323.529541
2911.764648
3176.470703
3166.666748
2607.843261
1941.176513
970.588256
-117.647064
-1117.647094
-1980.392211
-3137.254882
-3225.490234
-2803.921630
-2166.666748
-9.803922
911.764709
1745.098022
2558.823486
2990.196044
3215.686279
3000.000000
1617.647094
549.019592
-500.000000
-1362.745117
-2245.098144
-2862.745117
-3176.470703
-2617.647216
-1950.980468
-960.784301
137.254898
1107.843139
1960.784301
3127.450927
3196.078369
2784.313720
2186.274658
1303.921630
166.666671
-794.117675
-2637.254882
-3049.019775
-3225.490234
-2931.372558
-2411.764648
-1617.647094
-480.392150
1549.019653
2431.372558
2960.784423
3186.274658
3117.647216
2539.215820
1843.137329
-470.588256
-1392.156860
-2284.313720
-2872.549072
-3196.078369
-3196.078369
-2696.078369
-931.372558
176.470596
1137.254882
1980.392211
2745.098144
3098.039306
3225.490234
2784.313720
2284.313720
1431.372558
303.921569
-686.274536
-1588.235351
-3019.607910
-3215.686279
-3029.411865
-2480.392089
-1705.882324
-598.039245
480.392150
2333.333496
2892.156982
3186.274658
3186.274658
2607.843261
1950.980468
950.980407
-1245.098022
-2078.431396
-2784.313720
-3137.254882
-3245.098144
-2774.509765
-2176.470703
-1284.313720
-137.254898
852.941162
2666.666748
3058.823486
3225.490234
2882.353027
2382.353027
1588.235351
480.392150
-568.627441
-1450.980468
-2343.137207
-3186.274658
-3127.450927
-2549.019775
-647.058837
431.372558
1333.333374
2176.470703
2803.921630
3137.254882
3215.686279
1950.980468
1000.000000
-29.411766
-950.980407
-1813.725463
-2656.862792
-3078.431396
-3215.686279
-2862.745117
-2362.745117
-254.901962
725.490234
1588.235351
2441.176513
2950.980468
3196.078369
3088.235351
1676.470581
607.843139
-450.980407
-1352.941162
-2245.098144
-2862.745117
-3176.470703
-2617.647216
-1931.372558
-931.372558
186.274520
1127.451049
1970.588256
2725.490234
3215.686279
2764.706054
2186.274658
1284.313720
147.058822
-813.725524
-1676.470581
-2529.411865
-3019.607910
-3225.490234
-2411.764648
-1598.039184
-460.784332
617.647094
1450.980468
2333.333496
2872.549072
3147.058837
3176.470703
2647.058837
862.745117
-225.490203
-1176.470581
-2029.411743
-2784.313720
-3156.862792
-3235.294189
-2088.235351
-1176.470581
9.803922
843.137268
1705.882324
2549.019775
3009.803955
3176.470703
3000.000000
2500.000000
666.666687
-401.960784
-1343.137329
-2225.490234
-2843.137207
-3156.862792
-3215.686279
-1941.176513
-960.784301
137.254898
1098.039184
1960.784301
2725.490234
3078.431396
2745.098144
2176.470703
1323.529418
166.666671
-803.921569
-1647.058837
-2529.411865
-3225.490234
-2950.980468
-2421.568603
-1607.843139
-509.803924
558.823547
1411.764770
2294.117675
2872.549072
3176.470703
3205.882324
2627.450927
1970.588256
990.196105
-58.823532
-980.392150
-1852.941162
-2666.666748
-3215.686279
-2803.921630
-2235.294189
-1372.549072
-225.490203
745.098083
1617.647094
3000.000000
3196.078369
3068.627441
2490.196044
1764.705932
725.490234
-343.137268
-1303.921630
-2137.254882
-2803.921630
-3215.686279
-2676.470703
-2009.803955
264.705902
1205.882324
2019.607910
2764.706054
3088.235351
3235.294189
2774.509765
2235.294189
1362.745117
196.078430
-745.098083
-2588.235351
-3039.215820
-3235.294189
-3000.000000
-2480.392089
-1696.078491
598.039245
1450.980468
2343.137207
2892.156982
3156.862792
3166.666748
2588.235351
813.725524
-284.313720
-1254.901977
-2098.039306
-2794.117675
-3147.058837
-3225.490234
-2774.509765
-2156.862792
-1264.705932
1058.823608
1911.764770
2686.274658
3049.019775
3215.686279
2843.137207
2323.529541
215.686279
-735.294128
-1637.254882
-2500.000000
-2970.588378
-3215.686279
-3117.647216
-1715.686279
-617.647094
470.588256
1372.549072
2196.078369
2833.333496
3137.254882
2607.843261
1970.588256
990.196105
-98.039215
-1019.607849
-1901.960815
-2696.078369
-3078.431396
-3235.294189
-2823.529541
-1343.137329
-186.274520
784.313720
1666.666748
2509.803955
3009.803955
3205.882324
2401.960937
1627.451049
539.215698
-509.803924
-1401.960815
-2284.313720
-2872.549072
-3166.666748
-2549.019775
-1892.156860
-882.352966
235.294128
1186.274536
2794.117675
3107.843261
3205.882324
2725.490234
2107.843261
1186.274536
29.411766
-892.156860
-1774.509887
-2588.235351
-3039.215820
-2882.353027
-2362.745117
-1519.607910
-372.549041
617.647094
1480.392211
2980.392333
3176.470703
3068.627441
2500.000000
1852.941162
843.137268
-245.098037
-2156.862792
-2843.137207
-3156.862792
-3235.294189
-2745.098144
-2098.039306
-1166.666748
1147.058837
2009.803955
2745.098144
3098.039306
3196.078369
2784.313720
2254.902099
1421.568603
313.725494
-686.274536
-2529.411865
-3009.803955
-3225.490234
-3068.627441
-2490.196044
-1725.490234
-647.058837
1490.196166
2362.745117
2882.353027
3156.862792
3127.450927
2588.235351
1901.960815
921.568664
-166.666671
-1147.058837
-2000.000000
-2725.490234
-3088.235351
-3235.294189
-2833.333496
-2313.725585
-1441.176513
-284.313720
1754.901977
2578.431396
3019.607910
3196.078369
3009.803955
2450.980468
1676.470581
-607.843139
-1500.000000
-2323.529541
-2882.353027
-3186.274658
-3186.274658
-2588.235351
-1960.784301
-931.372558
156.862747
1117.647094
1950.980468
2715.686279
3088.235351
3205.882324
2803.921630
2284.313720
1450.980468
-862.745117
-1745.098022
-2588.235351
-3039.215820
-3225.490234
-2990.196044
-2460.784423
-421.568634
617.647094
1500.000000
2294.117675
2872.549072
3176.470703
3176.470703
2627.450927
2000.000000
1117.647094
-1166.666748
-2049.019531
-2784.313720
-3137.254882
-3215.686279
-2764.706054
-2196.078369
0.000000
754.901977
1607.843139
2470.588378
3000.000000
3215.686279
3098.039306
2529.411865
1862.745117
852.941162
-225.490203
-1196.078491
-2058.823486
-2794.117675
-3137.254882
-3235.294189
-2774.509765
-2186.274658
-9.803922
901.960815
1735.294189
2568.627441
3009.803955
3196.078369
3019.607910
1558.823608
460.784332
-568.627441
-1460.784301
-2343.137207
-2911.764648
-3196.078369
-2549.019775
-1833.333374
-794.117675
323.529418
1274.509887
2098.039306
3156.862792
3215.686279
2715.686279
2078.431396
1127.451049
-19.607843
-931.372558
-2735.294189
-3088.235351
-3235.294189
-2833.333496
-2303.921630
-1441.176513
-303.921569
1725.490234
2549.019775
3000.000000
3196.078369
3058.823486
2519.607910
1803.921630
-509.803924
-1431.372558
-2323.529541
-2892.156982
-3196.078369
-3186.274658
-2637.254882
-862.745117
284.313720
1225.490234
2049.019531
2754.902099
3098.039306
2745.098144
2107.843261
1215.686279
68.627449
-872.549011
-1715.686279
-2578.431396
-3215.686279
-2872.549072
-2382.353027
-1549.019653
-401.960784
607.843139
1490.196166
2950.980468
3205.882324
3068.627441
2529.411865
1823.529418
774.509826
-303.921569
-2225.490234
-2862.745117
-3166.666748
-3215.686279
-2686.274658
-2019.607910
-1029.411743
107.843139
1029.411743
1911.764770
3107.843261
3225.490234
2764.706054
1176.470581
58.823532
-852.941162
-1715.686279
-2578.431396
-3029.411865
-3205.882324
-2333.333496
-1490.196166
-372.549041
656.862731
1500.000000
2303.921630
2892.156982
3107.843261
2519.607910
1843.137329
813.725524
-254.901962
-1235.294189
-2068.627441
-2784.313720
-3137.254882
-3215.686279
-2078.431396
-1117.647094
39.215686
941.176513
1813.725463
2607.843261
3039.215820
2823.529541
2303.921630
1441.176513
-833.333374
-1715.686279
-2558.823486
-3009.803955
-3225.490234
-3039.215820
-2470.588378
-441.176483
598.039245
1480.392211
2362.745117
