-156.862747
1852.941162
2627.450927
3029.411865
3205.882324
2264.705810
1431.372558
274.509796
-696.078430
-1568.627441
-2441.176513
-2980.392333
-3029.411865
-2480.392089
-1696.078491
-578.431396
470.588256
1372.549072
2892.156982
3147.058837
3186.274658
2617.647216
1941.176513
950.980407
-98.039215
-2029.411743
-2803.921630
-3107.843261
-3235.294189
-2803.921630
-2186.274658
-1343.137329
970.588256
1852.941162
2637.254882
3029.411865
3215.686279
2862.745117
2382.353027
1549.019653
470.588256
-588.235290
-1480.392211
-2362.745117
-2921.568603
-3205.882324
-3166.666748
-2588.235351
-1892.156860
-911.764709
1323.529418
2166.666748
2823.529541
3127.450927
3186.274658
2735.294189
2058.823486
1156.862792
9.803922
-843.137268
-2647.058837
-3058.823486
-3215.686279
-2852.941162
-1431.372558
-254.901962
715.686279
1568.627441
2421.568603
2941.176513
3009.803955
2460.784423
1647.058837
617.647094
-431.372558
-1372.549072
-2215.686279
-3176.470703
-3196.078369
-2617.647216
-1931.372558
-931.372558
166.666671
1117.647094
2764.706054
3098.039306
3225.490234
2764.706054
2176.470703
1333.333374
156.862747
-1843.137329
-2666.666748
-3049.019775
-3225.490234
-2872.549072
-2392.156982
-274.509796
715.686279
1549.019653
2450.980468
2921.568603
3176.470703
3127.450927
1725.490234
676.470581
-401.960784
-1333.333374
-2215.686279
-2852.941162
-3166.666748
-2627.450927
-1960.784301
-970.588256
127.450981
1088.235351
1921.568603
2696.078369
3225.490234
2764.706054
2176.470703
1303.921630
196.078430
-745.098083
-1598.039184
-3019.607910
-3205.882324
-3009.803955
-2431.372558
-1676.470581
-549.019592
1539.215698
2372.549072
2921.568603
3176.470703
3137.254882
2568.627441
1862.745117
-401.960784
-1352.941162
-2215.686279
-2813.725585
-3156.862792
-3205.882324
-2725.490234
-970.588256
117.647064
1078.431396
1950.980468
2705.882324
3098.039306
3215.686279
2176.470703
1313.725463
186.274520
-794.117675
-1686.274536
-2519.607910
-3019.607910
-2950.980468
-2450.980468
-1617.647094
-519.607849
529.411804
1401.960815
2931.372558
3156.862792
3127.450927
2529.411865
1872.549072
852.941162
-225.490203
-2137.254882
-2803.921630
-3137.254882
-3235.294189
-2774.509765
-2107.843261
-1147.058837
1137.254882
2009.803955
2735.294189
3068.627441
3186.274658
2764.706054
2264.705810
1421.568603
303.921569
-656.862731
-1578.431396
-2441.176513
-2960.784423
-3205.882324
-3098.039306
-2529.411865
-1794.117675
-745.098083
1392.156860
2254.902099
2872.549072
3166.666748
3166.666748
2627.450927
1990.196166
1058.823608
-78.431373
-1009.803955
-1901.960815
-2725.490234
-3088.235351
-3205.882324
-2823.529541
-2323.529541
-1460.784301
-333.333343
1715.686279
2549.019775
3009.803955
3205.882324
3019.607910
2441.176513
1696.078491
627.450988
-441.176483
-1362.745117
-2245.098144
-2852.941162
-3156.862792
-3205.882324
-2676.470703
-2019.607910
-1078.431396
78.431373
1970.588256
2725.490234
3078.431396
3225.490234
2774.509765
2254.902099
1411.764770
-882.352966
-1764.705932
-2607.843261
-3039.215820
-3205.882324
-2941.176513
-2411.764648
-1617.647094
-490.196075
558.823547
2382.353027
2911.764648
3186.274658
2470.588378
1735.294189
696.078430
-362.745117
-1333.333374
-2186.274658
-2852.941162
-3186.274658
-2627.450927
-1970.588256
-970.588256
107.843139
1068.627441
1931.372558
3107.843261
3196.078369
2745.098144
2176.470703
1313.725463
166.666671
-813.725524
-2617.647216
-3049.019775
-3225.490234
-2931.372558
-2411.764648
-1578.431396
735.294128
1607.843139
2450.980468
2950.980468
3166.666748
3068.627441
2490.196044
627.450988
-441.176483
-1372.549072
-2254.902099
-2862.745117
-3166.666748
-3215.686279
-1931.372558
-941.176513
166.666671
1117.647094
1970.588256
2745.098144
3058.823486
3205.882324
2754.902099
2264.705810
1431.372558
313.725494
-666.666687
-1549.019653
-2441.176513
-2960.784423
-3196.078369
-3098.039306
-1725.490234
-647.058837
411.764709
1333.333374
2196.078369
2813.725585
3137.254882
2598.039306
1950.980468
1000.000000
-58.823532
-1000.000000
-1843.137329
-2637.254882
-3245.098144
-2813.725585
-2284.313720
-1431.372558
-274.509796
735.294128
1588.235351
2431.372558
2931.372558
3166.666748
2450.980468
1705.882324
627.450988
-1509.803955
-2362.745117
-2921.568603
-3186.274658
-3156.862792
-2578.431396
-1911.764770
392.156860
1313.725463
2176.470703
2794.117675
3137.254882
3205.882324
2725.490234
1049.019653
-68.627449
-1009.803955
-1882.353027
-2715.686279
-3068.627441
-3225.490234
-2215.686279
-1333.333374
-196.078430
784.313720
1647.058837
2509.803955
3176.470703
2941.176513
2411.764648
1637.254882
568.627441
-509.803924
-1401.960815
-2931.372558
-3186.274658
-3166.666748
-2558.823486
-1852.941162
-852.941162
254.901962
2166.666748
2803.921630
3127.450927
3186.274658
2705.882324
2078.431396
1186.274536
29.411766
-882.352966
-1764.705932
-2617.647216
-3019.607910
-3215.686279
-2960.784423
-2431.372558
-1617.647094
-509.803924
529.411804
2382.353027
2921.568603
3176.470703
3147.058837
2568.627441
1901.960815
892.156860
-1313.725463
-2156.862792
-2813.725585
-3156.862792
-3205.882324
-2725.490234
-2088.235351
-1147.058837
19.607843
892.156860
2666.666748
3019.607910
3215.686279
2235.294189
1392.156860
284.313720
-725.490234
-1588.235351
-2460.784423
-2970.588378
-3009.803955
-2460.784423
-1666.666748
-558.823547
500.000000
1343.137329
2186.274658
3166.666748
3166.666748
2588.235351
1931.372558
960.784301
-88.235298
-1029.411743
-2774.509765
-3117.647216
-3215.686279
-2784.313720
-2196.078369
-1323.529418
-156.862747
1843.137329
2647.058837
3029.411865
3225.490234
2862.745117
2352.941162
294.117645
-725.490234
-1578.431396
-2460.784423
-2960.784423
-3196.078369
-3098.039306
-1696.078491
-607.843139
480.392150
1372.549072
2215.686279
2823.529541
3127.450927
2588.235351
1901.960815
931.372558
-156.862747
-1117.647094
-1980.392211
-2745.098144
-3235.294189
-2754.902099
-2147.058837
-1264.705932
-107.843139
882.352966
2666.666748
3039.215820
3196.078369
2852.941162
2352.941162
1539.215698
431.372558
-1617.647094
-2470.588378
-2980.392333
-3205.882324
-3078.431396
-2509.803955
-1774.509887
539.215698
1431.372558
2294.117675
2872.549072
3137.254882
3176.470703
2627.450927
1970.588256
1019.607849
-88.235298
-2019.607910
-2764.706054
-3117.647216
-3225.490234
-2823.529541
-2225.490234
-1343.137329
-176.470596
803.921569
1656.862792
2509.803955
3000.000000
3205.882324
3078.431396
2500.000000
696.078430
-362.745117
-1313.725463
-2166.666748
-2833.333496
-3127.450927
-3215.686279
-2705.882324
-2088.235351
-1127.451049
29.411766
941.176513
1794.117675
2627.450927
3019.607910
3196.078369
2941.176513
2421.568603
392.156860
-607.843139
-1509.803955
-2372.549072
-2950.980468
-3176.470703
-3156.862792
-1803.921630
-754.901977
352.941192
1303.921630
2117.647216
2764.706054
3078.431396
3176.470703
2735.294189
2137.254882
-39.215686
-960.784301
-1833.333374
-2647.058837
-3215.686279
-2774.509765
-2294.117675
-1421.568603
-284.313720
715.686279
2529.411865
2941.176513
3205.882324
3009.803955
2460.784423
1705.882324
627.450988
-1480.392211
-2362.745117
-2921.568603
-3176.470703
-3166.666748
-2588.235351
-1882.353027
-882.352966
215.686279
1166.666748
2745.098144
3117.647216
3196.078369
2745.098144
2127.450927
1245.098022
117.647064
-843.137268
-1745.098022
-2578.431396
-3029.411865
-3215.686279
-2970.588378
-2460.784423
-1666.666748
686.274536
1529.411743
2411.764648
2901.960937
3166.666748
3107.843261
2519.607910
1852.941162
833.333374
-264.705902
-1215.686279
-2078.431396
-2794.117675
-3137.254882
-3254.902099
-2794.117675
-2147.058837
-1245.098022
1049.019653
1911.764770
2686.274658
3049.019775
3196.078369
2803.921630
2333.333496
1500.000000
470.588256
-578.431396
-1450.980468
-2343.137207
-2892.156982
-3176.470703
-3186.274658
-2607.843261
-1960.784301
-921.568664
1284.313720
2127.450927
2813.725585
3127.450927
3205.882324
2754.902099
2117.647216
1225.490234
88.235298
-823.529418
-1696.078491
-2568.627441
-3019.607910
-3215.686279
-3029.411865
-2460.784423
-1705.882324
-578.431396
1500.000000
2303.921630
2872.549072
3147.058837
3147.058837
2627.450927
1980.392211
-274.509796
-1254.901977
-2088.235351
-2813.725585
-3137.254882
-3205.882324
-2774.509765
-1107.843139
49.019607
941.176513
1813.725463
2598.039306
3000.000000
3156.862792
3029.411865
2450.980468
1696.078491
647.058837
-441.176483
-1392.156860
-2235.294189
-2852.941162
-3156.862792
-3196.078369
-2705.882324
-950.980407
156.862747
1107.843139
1960.784301
2745.098144
3088.235351
3215.686279
2784.313720
2274.509765
1431.372558
-852.941162
-1735.294189
-2588.235351
-3225.490234
-2872.549072
-2372.549072
-1539.215698
-401.960784
598.039245
1490.196166
2950.980468
3156.862792
3088.235351
2519.607910
1813.725463
784.313720
-303.921569
-2225.490234
-2843.137207
-3166.666748
-3215.686279
-2676.470703
-2049.019531
-1068.627441
78.431373
1000.000000
1813.725463
2627.450927
3029.411865
3205.882324
2892.156982
2382.353027
1588.235351
500.000000
-500.000000
-2323.529541
-2901.960937
-3205.882324
-3176.470703
-2627.450927
-1970.588256
-980.392150
1264.705932
2088.235351
2764.706054
3098.039306
3186.274658
2754.902099
2186.274658
-9.803922
-852.941162
-1735.294189
-2568.627441
-3039.215820
-3235.294189
-2980.392333
-1529.411743
-392.156860
627.450988
1519.607910
2362.745117
2901.960937
3088.235351
2509.803955
1784.313720
754.901977
-323.529418
-1284.313720
-2147.058837
-3176.470703
-3196.078369
-2676.470703
-2029.411743
-1068.627441
88.235298
1009.803955
2754.902099
3088.235351
3196.078369
2794.117675
2245.098144
1392.156860
235.294128
-1745.098022
-2588.235351
-3009.803955
-3205.882324
-2980.392333
-2441.176513
-1647.058837
656.862731
1539.215698
2392.156982
2911.764648
3186.274658
3117.647216
1745.098022
686.274536
-382.352935
-1343.137329
-2186.274658
-2833.333496
-3147.058837
-2647.058837
-1970.588256
-980.392150
117.647064
1058.823608
1931.372558
2696.078369
3196.078369
2754.902099
2196.078369
1323.529418
176.470596
-745.098083
-1627.451049
-2519.607910
-3019.607910
-3205.882324
-3088.235351
-2509.803955
-1764.705932
-686.274536
411.764709
1303.921630
2147.058837
2794.117675
3205.882324
2647.058837
2000.000000
1147.058837
19.607843
-892.156860
-1764.705932
-3078.431396
-3254.902099
-2852.941162
-2343.137207
-1509.803955
-372.549041
627.450988
2470.588378
2960.784423
3166.666748
3078.431396
2490.196044
1764.705932
754.901977
-313.725494
-1274.509887
-2127.450927
-2803.921630
-3147.058837
-3215.686279
-2764.706054
-2137.254882
-1205.882324
-68.627449
862.745117
2647.058837
3039.215820
3205.882324
2852.941162
2343.137207
1558.823608
460.784332
-588.235290
-1480.392211
-2372.549072
-3205.882324
-3078.431396
-2519.607910
-637.254943
460.784332
1372.549072
2196.078369
2823.529541
3147.058837
3205.882324
1921.568603
941.176513
-117.647064
-1098.039184
-1970.588256
-2735.294189
-3098.039306
-2764.706054
-2176.470703
-1264.705932
-107.843139
833.333374
1735.294189
2539.215820
3186.274658
2862.745117
2372.549072
1539.215698
450.980407
-588.235290
-1470.588256
-2950.980468
-3215.686279
-3117.647216
-2529.411865
-1813.725463
-745.098083
1411.764770
2254.902099
2833.333496
3127.450927
3166.666748
2647.058837
2009.803955
-186.274520
-1176.470581
-2019.607910
-2784.313720
-3107.843261
-3235.294189
-2764.706054
-1186.274536
-19.607843
911.764709
1764.705932
2578.431396
3009.803955
3186.274658
2970.588378
2441.176513
1676.470581
-627.450988
-1509.803955
-2382.353027
-3235.294189
-3058.823486
-2490.196044
-1774.509887
-715.686279
382.352935
1323.529418
2833.333496
3137.254882
3186.274658
2647.058837
2000.000000
1137.254882
0.000000
-1813.725463
-2656.862792
-3019.607910
-3215.686279
-2921.568603
-2392.156982
-1558.823608
725.490234
1607.843139
2470.588378
2960.784423
3176.470703
3068.627441
2519.607910
647.058837
-441.176483
-1362.745117
-2235.294189
-2852.941162
-3166.666748
-3205.882324
-2676.470703
-2029.411743
-1039.215698
98.039215
1000.000000
1813.725463
2637.254882
3019.607910
3186.274658
2911.764648
2401.960937
343.137268
-676.470581
-1539.215698
-2401.960937
-2950.980468
-3166.666748
-3147.058837
-1774.509887
-715.686279
382.352935
1303.921630
2137.254882
2784.313720
3117.647216
3186.274658
2745.098144
2117.647216
-88.235298
-990.196105
-1862.745117
-3088.235351
-3225.490234
-2823.529541
-2274.509765
-1411.764770
-254.901962
745.098083
2529.411865
2970.588378
3205.882324
3029.411865
2441.176513
1676.470581
598.039245
-1500.000000
-2294.117675
-2872.549072
-3176.470703
-3176.470703
-2647.058837
-1960.784301
-1000.000000
68.627449
980.392150
2725.490234
3058.823486
3176.470703
2794.117675
2294.117675
1470.588256
343.137268
-1686.274536
-2558.823486
-3039.215820
-2882.353027
-2392.156982
-1568.627441
-421.568634
617.647094
1480.392211
2343.137207
3186.274658
3088.235351
2509.803955
1784.313720
764.705871
-303.921569
-1254.901977
-2872.549072
-3166.666748
-3225.490234
-2686.274658
-2009.803955
-1088.235351
68.627449
1000.000000
1813.725463
2627.450927
3196.078369
2803.921630
2294.117675
1480.392211
333.333343
-666.666687
-1558.823608
-2411.764648
-2980.392333
-3205.882324
-3088.235351
-2509.803955
-1823.529418
-774.509826
303.921569
2235.294189
2813.725585
3137.254882
3196.078369
2656.862792
2039.215698
1107.843139
-29.411766
-960.784301
-1843.137329
-2666.666748
-3068.627441
-3225.490234
-2901.960937
-2372.549072
-1549.019653
-441.176483
607.843139
2480.392089
2960.784423
3166.666748
3068.627441
2490.196044
1794.117675
764.705871
-313.725494
-1264.705932
-2107.843261
-2784.313720
-3147.058837
-3215.686279
-2754.902099
-2156.862792
-1225.490234
-98.039215
843.137268
2627.450927
3029.411865
3215.686279
2892.156982
2372.549072
1588.235351
480.392150
-1558.823608
-2441.176513
-2960.784423
-3186.274658
-3088.235351
-2519.607910
-1813.725463
500.000000
1343.137329
2196.078369
2813.725585
3137.254882
3215.686279
1950.980468
1000.000000
-49.019607
-960.784301
-1833.333374
-2637.254882
-3078.431396
-2803.921630
-2284.313720
-1431.372558
-294.117645
725.490234
1578.431396
2421.568603
3196.078369
3009.803955
2480.392089
1705.882324
637.254943
-401.960784
-1352.941162
-2901.960937
-3176.470703
-3186.274658
-2617.647216
-1941.176513
-931.372558
166.666671
1107.843139
1960.784301
2735.294189
3078.431396
3196.078369
2754.902099
2274.509765
1421.568603
313.725494
-696.078430
-1558.823608
-3000.000000
-3225.490234
-3107.843261
-2500.000000
-1843.137329
-794.117675
284.313720
2225.490234
2833.333496
3147.058837
3186.274658
2686.274658
2049.019531
1137.254882
-9.803922
-872.549011
-1754.901977
-2598.039306
-3009.803955
-3215.686279
-3009.803955
-2460.784423
-1647.058837
-568.627441
509.803924
2333.333496
2882.353027
3186.274658
3137.254882
2588.235351
1911.764770
911.764709
-1303.921630
-2156.862792
-2823.529541
-3137.254882
-3215.686279
-2735.294189
-2098.039306
107.843139
1039.215698
1950.980468
2696.078369
3068.627441
3205.882324
2186.274658
1313.725463
186.274520
-794.117675
-1686.274536
-2529.411865
-3000.000000
-3009.803955
-2460.784423
-1647.058837
-549.019592
509.803924
1392.156860
2235.294189
3156.862792
3166.666748
2568.627441
1892.156860
921.568664
-127.450981
-1117.647094
-2794.117675
-3098.039306
-3235.294189
-2764.706054
-2166.666748
-1245.098022
-98.039215
1843.137329
2627.450927
3000.000000
3196.078369
2980.392333
2431.372558
411.764709
-617.647094
-1500.000000
-2294.117675
-2901.960937
-3205.882324
-3166.666748
-1843.137329
-803.921569
313.725494
1254.901977
2078.431396
2774.509765
3078.431396
2715.686279
2068.627441
1137.254882
-19.607843
-931.372558
-1823.529418
-2647.058837
-3205.882324
-2823.529541
-2303.921630
-1441.176513
-284.313720
715.686279
1549.019653
2411.764648
2931.372558
3166.666748
2480.392089
1725.490234
676.470581
-411.764709
-1313.725463
-2166.666748
-2833.333496
-3156.862792
-3215.686279
-2696.078369
-2039.215698
-1078.431396
68.627449
990.196105
1813.725463
3049.019775
3186.274658
2784.313720
2284.313720
1450.980468
333.333343
-686.274536
-2529.411865
-3000.000000
-3215.686279
-3078.431396
-2519.607910
-1784.313720
519.607849
1411.764770
2274.509765
2862.745117
3127.450927
3186.274658
2627.450927
901.960815
-186.274520
-1147.058837
-2009.803955
-2774.509765
-3107.843261
-3235.294189
-2156.862792
-1196.078491
-58.823532
872.549011
1735.294189
2549.019775
3009.803955
2882.353027
2382.353027
1558.823608
470.588256
-568.627441
-1470.588256
-2323.529541
-3225.490234
-3117.647216
-2539.215820
-1803.921630
-774.509826
333.333343
2205.882324
2803.921630
3137.254882
3176.470703
2676.470703
2049.019531
1107.843139
-1166.666748
-2049.019531
-2784.313720
-3117.647216
-3205.882324
-2784.313720
-2166.666748
-9.803922
843.137268
1715.686279
2529.411865
2980.392333
3176.470703
2990.196044
2431.372558
1696.078491
617.647094
-441.176483
-1372.549072
-2245.098144
-2862.745117
-3156.862792
-3215.686279
-2686.274658
-2029.411743
225.490203
1196.078491
2039.215698
2754.902099
3078.431396
3215.686279
2764.706054
1245.098022
107.843139
-862.745117
-1715.686279
-2568.627441
-3019.607910
-3235.294189
-2352.941162
-1519.607910
-401.960784
637.254943
1490.196166
2372.549072
3176.470703
3078.431396
2500.000000
1843.137329
843.137268
-225.490203
-1196.078491
-2813.725585
-3137.254882
-3254.902099
-2735.294189
-2088.235351
-1156.862792
-9.803922
1921.568603
2686.274658
3078.431396
3205.882324
2803.921630
2352.941162
1500.000000
-725.490234
-1598.039184
-2460.784423
-2960.784423
-3196.078369
-3088.235351
-2529.411865
-588.235290
470.588256
1392.156860
2245.098144
2852.941162
3156.862792
2568.627441
1901.960815
960.784301
-127.450981
-1107.843139
-1990.196166
-2774.509765
-3245.098144
-2774.509765
-2147.058837
-1245.098022
-137.254898
852.941162
1745.098022
3039.215820
3196.078369
2862.745117
2352.941162
1529.411743
431.372558
-598.039245
-2441.176513
-2950.980468
-3215.686279
-3088.235351
-2529.411865
-1774.509887
529.411804
1411.764770
2254.902099
2843.137207
3127.450927
3166.666748
2647.058837
892.156860
-156.862747
-1117.647094
-1970.588256
-2764.706054
-3098.039306
-3235.294189
-2156.862792
-1254.901977
-127.450981
833.333374
1745.098022
2539.215820
2980.392333
2862.745117
2362.745117
1588.235351
441.176483
-578.431396
-1470.588256
-2362.745117
-3196.078369
-3107.843261
-2519.607910
-1813.725463
-764.705871
333.333343
2215.686279
2823.529541
3127.450927
3196.078369
2666.666748
2019.607910
1088.235351
-1235.294189
-2068.627441
-2803.921630
-3098.039306
-3235.294189
-2794.117675
-2176.470703
0.000000
784.313720
1656.862792
2490.196044
2970.588378
3186.274658
3039.215820
1647.058837
568.627441
-500.000000
-1343.137329
-2205.882324
-2852.941162
-3156.862792
-3225.490234
-2705.882324
-2049.019531
-1088.235351
58.823532
980.392150
1823.529418
2637.254882
3029.411865
3205.882324
2882.353027
1441.176513
303.921569
-686.274536
-1588.235351
-2460.784423
-2950.980468
-3215.686279
-2460.784423
-1686.274536
-607.843139
480.392150
1382.353027
2245.098144
2823.529541
3166.666748
3205.882324
2686.274658
941.176513
-137.254898
-1127.451049
-2794.117675
-3127.450927
-3235.294189
-2764.706054
-2176.470703
-1274.509887
-117.647064
1882.353027
2666.666748
3078.431396
3186.274658
2843.137207
2323.529541
1509.803955
-794.117675
-1666.666748
-2519.607910
-3000.000000
-3196.078369
-3098.039306
-2539.215820
-627.450988
450.980407
1362.745117
2215.686279
2813.725585
3137.254882
3176.470703
2696.078369
2078.431396
1117.647094
-1137.254882
-2009.803955
-2774.509765
-3225.490234
-2735.294189
-2137.254882
-1235.294189
-58.823532
872.549011
1754.901977
3009.803955
3205.882324
2872.549072
2352.941162
1549.019653
470.588256
-568.627441
-2450.980468
-2980.392333
-3205.882324
-3117.647216
-2519.607910
-1803.921630
-774.509826
1401.960815
2245.098144
2823.529541
3156.862792
3186.274658
2656.862792
892.156860
-166.666671
-1156.862792
-2029.411743
-2784.313720
-3137.254882
-3225.490234
-2117.647216
-1205.882324
-29.411766
901.960815
1764.705932
2549.019775
2990.196044
2872.549072
2372.549072
1558.823608
431.372558
-588.235290
-1480.392211
-2343.137207
-2941.176513
-3196.078369
-3166.666748
-1784.313720
-715.686279
392.156860
1303.921630
2137.254882
2784.313720
3098.039306
3186.274658
2745.098144
2127.450927
1235.294189
78.431373
-833.333374
-1735.294189
-2558.823486
-3245.098144
-2882.353027
-2362.745117
-1558.823608
-411.764709
617.647094
1460.784301
2333.333496
2882.353027
3176.470703
3147.058837
2588.235351
1901.960815
931.372558
-147.058822
-1088.235351
-1980.392211
-2754.902099
-3205.882324
-2784.313720
-2156.862792
-1235.294189
-98.039215
833.333374
1686.274536
3029.411865
3205.882324
2872.549072
2352.941162
1549.019653
460.784332
-578.431396
-2421.568603
-2950.980468
-3186.274658
-3127.450927
-2549.019775
-1823.529418
460.784332
1372.549072
2245.098144
2813.725585
3166.666748
3196.078369
2696.078369
970.588256
-98.039215
-1058.823608
-1921.568603
-2715.686279
-3088.235351
-3254.902099
-2205.882324
-1323.529418
-186.274520
784.313720
1656.862792
2480.392089
2980.392333
3196.078369
3058.823486
2480.392089
529.411804
-509.803924
-1421.568603
-2294.117675
-3186.274658
-3156.862792
-2558.823486
-1843.137329
-833.333374
284.313720
2186.274658
2813.725585
3176.470703
3176.470703
2696.078369
2088.235351
1176.470581
-1127.451049
-1970.588256
-2784.313720
-3098.039306
-3245.098144
-2803.921630
-2264.705810
-1382.353027
-254.901962
715.686279
2558.823486
3000.000000
3196.078369
3049.019775
2460.784423
1745.098022
705.882385
-362.745117
-1343.137329
-2176.470703
-2833.333496
-3156.862792
-3225.490234
-2735.294189
-2107.843261
127.450981
1098.039184
1960.784301
2715.686279
3078.431396
3215.686279
2764.706054
2294.117675
1431.372558
303.921569
-1715.686279
-2558.823486
-3000.000000
-3186.274658
-3058.823486
-2509.803955
-1745.098022
-696.078430
392.156860
1303.921630
2147.058837
2764.706054
3088.235351
3186.274658
2735.294189
1049.019653
-39.215686
-980.392150
-1852.941162
-2656.862792
-3088.235351
-3225.490234
-2274.509765
-1411.764770
-274.509796
705.882385
1607.843139
2450.980468
3196.078369
3000.000000
2509.803955
1764.705932
725.490234
-362.745117
-1303.921630
-2892.156982
-3166.666748
-3215.686279
-2656.862792
-1980.392211
-1000.000000
58.823532
1970.588256
2735.294189
3088.235351
3196.078369
2774.509765
2274.509765
1421.568603
-852.941162
-1715.686279
-2588.235351
-3058.823486
-3235.294189
-2980.392333
-2441.176513
-401.960784
647.058837
1509.803955
2372.549072
2911.764648
3166.666748
2519.607910
1794.117675
764.705871
-313.725494
-1274.509887
-2107.843261
-2813.725585
-3205.882324
-2676.470703
-2009.803955
-1049.019653
88.235298
980.392150
1843.137329
3058.823486
3205.882324
2794.117675
2284.313720
1450.980468
333.333343
-666.666687
-2529.411865
-3019.607910
-3215.686279
-3039.215820
-2490.196044
-1725.490234
-627.450988
1470.588256
2343.137207
2901.960937
3147.058837
3176.470703
2588.235351
764.705871
-294.117645
-1245.098022
-2098.039306
-2813.725585
-3156.862792
-3186.274658
-2049.019531
-1088.235351
78.431373
990.196105
1833.333374
2617.647216
3029.411865
2813.725585
2264.705810
1431.372558
313.725494
-686.274536
-1558.823608
-2441.176513
-3186.274658
-3039.215820
-2470.588378
-1696.078491
-588.235290
470.588256
1372.549072
2215.686279
2803.921630
3117.647216
3196.078369
2676.470703
2058.823486
1137.254882
-9.803922
-892.156860
-1774.509887
-2568.627441
-3225.490234
-2852.941162
-2343.137207
-1519.607910
-372.549041
617.647094
1480.392211
2960.784423
3147.058837
3068.627441
2480.392089
1784.313720
764.705871
-313.725494
-2235.294189
-2852.941162
-3166.666748
-3225.490234
-2686.274658
-2019.607910
196.078430
1147.058837
2000.000000
2715.686279
3068.627441
3186.274658
2784.313720
1323.529418
176.470596
-794.117675
-1656.862792
-2519.607910
-3000.000000
-3186.274658
-2450.980468
-1656.862792
-588.235290
490.196075
1382.353027
2225.490234
2843.137207
3127.450927
2568.627441
1901.960815
931.372558
-147.058822
-1127.451049
-1960.784301
-3117.647216
-3235.294189
-2764.706054
-2156.862792
-1225.490234
-78.431373
1882.353027
2686.274658
3039.215820
3166.666748
2833.333496
2323.529541
1500.000000
-735.294128
-1607.843139
-2470.588378
-2980.392333
-3225.490234
-3088.235351
-2500.000000
-656.862731
441.176483
1372.549072
2205.882324
2823.529541
3147.058837
3156.862792
2666.666748
2049.019531
1107.843139
-29.411766
-960.784301
-1823.529418
-2656.862792
-3039.215820
-3225.490234
-2892.156982
-2372.549072
-303.921569
696.078430
1549.019653
2411.764648
2921.568603
3205.882324
3137.254882
1725.490234
705.882385
-392.156860
-1333.333374
-2186.274658
-2833.333496
-3147.058837
-2647.058837
-1980.392211
-980.392150
98.039215
1029.411743
1892.156860
3107.843261
3196.078369
2764.706054
2235.294189
1372.549072
235.294128
-745.098083
-2549.019775
-2990.196044
-3215.686279
-3019.607910
-2480.392089
-1696.078491
-598.039245
1490.196166
2352.941162
2901.960937
3186.274658
3147.058837
2549.019775
1872.549072
-362.745117
-1323.529418
-2186.274658
-2823.529541
-3156.862792
-3225.490234
-2715.686279
-2058.823486
-1107.843139
58.823532
950.980407
1803.921630
2588.235351
3039.215820
3205.882324
2921.568603
2411.764648
1637.254882
-676.470581
-1549.019653
-2450.980468
-2960.784423
-3186.274658
-3098.039306
-2529.411865
-666.666687
431.372558
1333.333374
2205.882324
2803.921630
3147.058837
2607.843261
1941.176513
1000.000000
-58.823532
-1000.000000
-1833.333374
-2647.058837
-3225.490234
-2823.529541
-2313.725585
-1450.980468
-313.725494
705.882385
1568.627441
2990.196044
3176.470703
3058.823486
2480.392089
1745.098022
686.274536
-362.745117
-2294.117675
-2882.353027
-3176.470703
-3156.862792
-2637.254882
-1970.588256
-1000.000000
1196.078491
2039.215698
2745.098144
3107.843261
3225.490234
2784.313720
1156.862792
29.411766
-892.156860
-1764.705932
-2607.843261
-3029.411865
-3235.294189
-2333.333496
-1490.196166
-352.941192
647.058837
1529.411743
2372.549072
2921.568603
3068.627441
2500.000000
1813.725463
794.117675
-294.117645
-1254.901977
-2117.647216
-3176.470703
-3196.078369
-2696.078369
-2049.019531
-1098.039184
58.823532
950.980407
2696.078369
3049.019775
3186.274658
2813.725585
2323.529541
1490.196166
362.745117
-656.862731
-1519.607910
-2411.764648
-2941.176513
-3215.686279
-3107.843261
-2539.215820
-1823.529418
-774.509826
303.921569
1245.098022
2813.725585
3137.254882
3186.274658
2686.274658
2049.019531
1127.451049
9.803922
-1862.745117
-2676.470703
-3078.431396
-3235.294189
-2823.529541
-2333.333496
-215.686279
764.705871
1637.254882
2490.196044
2970.588378
3196.078369
3058.823486
1676.470581
578.431396
-500.000000
-1352.941162
-2205.882324
-2852.941162
-3166.666748
-2588.235351
-1921.568603
-931.372558
156.862747
1117.647094
1960.784301
2735.294189
3186.274658
2735.294189
2156.862792
1284.313720
127.450981
-803.921569
-1666.666748
-2529.411865
-3009.803955
-3205.882324
-3039.215820
-2480.392089
-1686.274536
-598.039245
470.588256
1362.745117
2235.294189
2803.921630
3156.862792
2568.627441
1901.960815
941.176513
-156.862747
-1107.843139
-1980.392211
-3137.254882
-3225.490234
-2764.706054
-2147.058837
-1245.098022
-78.431373
843.137268
1705.882324
2529.411865
3000.000000
3166.666748
3058.823486
2509.803955
1774.509887
715.686279
-343.137268
-1303.921630
-2156.862792
-3176.470703
-3205.882324
-2637.254882
-2009.803955
-1019.607849
137.254898
1078.431396
1941.176513
2725.490234
3058.823486
3186.274658
2764.706054
2284.313720
1460.784301
343.137268
-676.470581
-1558.823608
-2421.568603
-2960.784423
-3205.882324
-3117.647216
-1705.882324
-617.647094
450.980407
1343.137329
2225.490234
2852.941162
3147.058837
2578.431396
1901.960815
970.588256
-117.647064
-1088.235351
-1980.392211
-2735.294189
-3215.686279
-2754.902099
-2156.862792
-1254.901977
-98.039215
852.941162
1705.882324
2529.411865
3000.000000
3205.882324
2411.764648
1666.666748
549.019592
-500.000000
-1352.941162
-2205.882324
-2843.137207
-3196.078369
-2607.843261
-1960.784301
-941.176513
166.666671
1098.039184
1941.176513
3107.843261
3196.078369
2725.490234
2127.450927
1264.705932
147.058822
-823.529418
-2627.450927
-3039.215820
-3205.882324
-2921.568603
-2411.764648
-1578.431396
725.490234
1598.039184
2441.176513
2970.588378
3186.274658
3058.823486
2490.196044
627.450988
-431.372558
-1382.353027
-2225.490234
-2843.137207
-3147.058837
-3215.686279
-1931.372558
-960.784301
137.254898
1098.039184
1960.784301
2745.098144
3058.823486
3205.882324
2784.313720
2284.313720
1450.980468
303.921569
-666.666687
-1568.627441
-2441.176513
-2960.784423
-3166.666748
-3098.039306
-1705.882324
-607.843139
460.784332
1362.745117
2215.686279
2833.333496
3147.058837
2588.235351
1921.568603
950.980407
-137.254898
-1098.039184
-1980.392211
-2774.509765
-3225.490234
-2784.313720
-2156.862792
-1274.509887
-127.450981
843.137268
2647.058837
3039.215820
3205.882324
2882.353027
2382.353027
1568.627441
490.196075
-1549.019653
-2460.784423
-2970.588378
-3196.078369
-3107.843261
-2549.019775
-1823.529418
-754.901977
333.333343
1274.509887
2833.333496
3166.666748
3205.882324
2696.078369
2019.607910
1117.647094
-29.411766
-1960.784301
-2735.294189
-3088.235351
-3225.490234
-2794.117675
-2264.705810
-1411.764770
862.745117
1745.098022
2558.823486
3009.803955
3205.882324
3019.607910
2431.372558
1676.470581
627.450988
-431.372558
-1382.353027
-2235.294189
-2862.745117
-3147.058837
-3215.686279
-2686.274658
-2009.803955
-1078.431396
1215.686279
2088.235351
2774.509765
3098.039306
3205.882324
2745.098144
2176.470703
1303.921630
186.274520
-794.117675
-1666.666748
-2519.607910
-3019.607910
-3225.490234
-3058.823486
-2509.803955
-1715.686279
-656.862731
1490.196166
2333.333496
2901.960937
3166.666748
3156.862792
2598.039306
1921.568603
941.176513
-127.450981
-1098.039184
-2823.529541
-3127.450927
-3205.882324
-2764.706054
-2156.862792
-1264.705932
-88.235298
1852.941162
2656.862792
3049.019775
3186.274658
2882.353027
2382.353027
1549.019653
460.784332
-568.627441
-1460.784301
-2970.588378
-3186.274658
-3098.039306
-1715.686279
-647.058837
441.176483
1362.745117
2215.686279
2813.725585
3137.254882
2588.235351
1921.568603
980.392150
-88.235298
-1029.411743
-1941.176513
-2735.294189
-3215.686279
-2764.706054
-2186.274658
-1303.921630
-147.058822
803.921569
1676.470581
2990.196044
3215.686279
2921.568603
2411.764648
1617.647094
509.803924
-509.803924
-2401.960937
-2941.176513
-3166.666748
-3156.862792
-2568.627441
-1862.745117
441.176483
1343.137329
2196.078369
2813.725585
3147.058837
3215.686279
2735.294189
980.392150
-88.235298
-1019.607849
-1901.960815
-2705.882324
-3078.431396
-3215.686279
-2225.490234
-1333.333374
-176.470596
794.117675
1656.862792
2509.803955
2990.196044
2941.176513
2392.156982
1627.451049
549.019592
-519.607849
-1411.764770
-2294.117675
-3196.078369
-3147.058837
-2568.627441
-1892.156860
-872.549011
235.294128
1186.274536
2019.607910
2764.706054
3078.431396
2745.098144
2127.450927
1225.490234
88.235298
-833.333374
-1715.686279
-2568.627441
-3215.686279
-2901.960937
-2382.353027
-1568.627441
-411.764709
598.039245
2460.784423
2950.980468
3186.274658
3078.431396
2500.000000
1862.745117
833.333374
-1352.941162
-2196.078369
-2843.137207
-3137.254882
-3225.490234
-2725.490234
-2058.823486
-1088.235351
68.627449
980.392150
2705.882324
3049.019775
3225.490234
2803.921630
2313.725585
1460.784301
352.941192
-1666.666748
-2519.607910
-3009.803955
-3205.882324
-3058.823486
-2460.784423
-1696.078491
598.039245
1450.980468
2313.725585
2882.353027
3176.470703
3156.862792
2588.235351
1921.568603
960.784301
-127.450981
-1078.431396
-1990.196166
-2764.706054
-3098.039306
-3215.686279
-2794.117675
-2264.705810
-1411.764770
892.156860
1754.901977
2549.019775
3000.000000
3156.862792
3029.411865
2480.392089
519.607849
-500.000000
-1382.353027
-2225.490234
-2843.137207
-3166.666748
-3225.490234
-1931.372558
-931.372558
176.470596
1098.039184
1990.196166
2745.098144
3196.078369
2754.902099
2186.274658
1303.921630
156.862747
-794.117675
-1676.470581
-3049.019775
-3215.686279
-2911.764648
-2401.960937
-1588.235351
-431.372558
598.039245
2450.980468
2921.568603
3166.666748
3088.235351
2539.215820
1852.941162
843.137268
-1372.549072
-2225.490234
-2843.137207
-3166.666748
-3196.078369
-2686.274658
-2029.411743
196.078430
1147.058837
1990.196166
2725.490234
3078.431396
3186.274658
2147.058837
1245.098022
88.235298
-803.921569
-1686.274536
-2549.019775
-3019.607910
-2901.960937
-2392.156982
-1598.039184
-480.392150
578.431396
1460.784301
2323.529541
3176.470703
3107.843261
2549.019775
1823.529418
803.921569
-264.705902
-1235.294189
-2833.333496
-3166.666748
-3205.882324
-2686.274658
-2029.411743
-1068.627441
1225.490234
2049.019531
2764.706054
3107.843261
3215.686279
2764.706054
2176.470703
19.607843
-872.549011
-1735.294189
-2568.627441
-3009.803955
-3196.078369
-2980.392333
-1519.607910
-382.352935
637.254943
1500.000000
2294.117675
2843.137207
3156.862792
2558.823486
1833.333374
813.725524
-264.705902
-1254.901977
-2078.431396
-2803.921630
-3215.686279
-2725.490234
-2088.235351
-1127.451049
29.411766
941.176513
2696.078369
3049.019775
3225.490234
2823.529541
2313.725585
1480.392211
352.941192
-1686.274536
-2539.215820
-3009.803955
-3215.686279
-3039.215820
-2460.784423
-1705.882324
607.843139
1490.196166
2362.745117
2911.764648
3166.666748
3166.666748
2539.215820
1882.353027
882.352966
-196.078430
-2127.450927
-2794.117675
-3147.058837
-3235.294189
-2764.706054
-2137.254882
-1215.686279
1078.431396
1941.176513
2745.098144
3068.627441
3205.882324
2764.706054
2274.509765
1460.784301
362.745117
-656.862731
-1539.215698
-2431.372558
-2960.784423
-3215.686279
-3107.843261
-2539.215820
-1843.137329
-745.098083
1411.764770
2254.902099
2843.137207
3137.254882
3205.882324
2666.666748
2019.607910
1058.823608
-58.823532
-980.392150
-1852.941162
-2686.274658
-3068.627441
-3215.686279
-2852.941162
-2362.745117
-1529.411743
-382.352935
1676.470581
2500.000000
2931.372558
3176.470703
3088.235351
2509.803955
1813.725463
764.705871
-323.529418
-1264.705932
-2852.941162
-3147.058837
-3186.274658
-2666.666748
-2029.411743
-1049.019653
98.039215
1000.000000
1833.333374
2627.450927
3068.627441
3196.078369
2901.960937
2411.764648
1627.451049
519.607849
-529.411804
-1441.176513
-2931.372558
-3196.078369
-3156.862792
-2549.019775
-1862.745117
-823.529418
284.313720
2196.078369
2813.725585
3156.862792
3186.274658
2696.078369
2068.627441
1147.058837
-1127.451049
-2000.000000
-2715.686279
-3078.431396
-3225.490234
-2813.725585
-2294.117675
-166.666671
833.333374
1715.686279
2558.823486
3000.000000
3205.882324
3058.823486
2490.196044
1754.901977
764.705871
-1411.764770
-2264.705810
-2852.941162
-3166.666748
-3205.882324
-2617.647216
-1960.784301
274.509796
1205.882324
2068.627441
2794.117675
3088.235351
3205.882324
2068.627441
1117.647094
-9.803922
-852.941162
-1764.705932
-2588.235351
-3058.823486
-2843.137207
-2333.333496
-1490.196166
-382.352935
656.862731
1519.607910
2392.156982
3186.274658
3039.215820
2480.392089
1774.509887
696.078430
-333.333343
-1303.921630
-2862.745117
-3186.274658
-3205.882324
-2656.862792
-1970.588256
-990.196105
107.843139
1078.431396
1950.980468
2715.686279
3205.882324
2774.509765
2186.274658
9.803922
-833.333374
-1696.078491
-2558.823486
-3019.607910
-3205.882324
-3009.803955
-1539.215698
-411.764709
588.235290
1460.784301
2343.137207
2882.353027
3156.862792
2519.607910
1823.529418
823.529418
-254.901962
-1215.686279
-2088.235351
-2794.117675
-3127.450927
-3235.294189
-2764.706054
-1117.647094
29.411766
970.588256
1813.725463
2617.647216
3029.411865
3205.882324
2911.764648
2392.156982
1598.039184
529.411804
-529.411804
-1441.176513
-2323.529541
-2901.960937
-3166.666748
-3186.274658
-2588.235351
-794.117675
303.921569
1235.294189
2058.823486
2764.706054
3107.843261
3225.490234
2058.823486
1117.647094
-19.607843
-921.568664
-1813.725463
-2607.843261
-3049.019775
-2833.333496
-2313.725585
-1431.372558
-294.117645
705.882385
1558.823608
2411.764648
2921.568603
3186.274658
3107.843261
2549.019775
1833.333374
813.725524
-254.901962
-1225.490234
-2088.235351
-2833.333496
-3137.254882
-2705.882324
-2058.823486
-1107.843139
68.627449
970.588256
1833.333374
2607.843261
3029.411865
3186.274658
2882.353027
1460.784301
313.725494
-696.078430
-1549.019653
-3019.607910
-3205.882324
-3068.627441
-2500.000000
-1764.705932
-715.686279
1431.372558
2274.509765
2852.941162
3137.254882
3176.470703
2666.666748
2000.000000
1098.039184
-19.607843
-941.176513
-1813.725463
-3098.039306
-3215.686279
-2823.529541
-2303.921630
-1460.784301
-323.529418
1715.686279
2539.215820
2980.392333
3196.078369
3009.803955
2441.176513
1715.686279
-598.039245
-1490.196166
-2382.353027
-2960.784423
-3166.666748
-3137.254882
-2549.019775
-735.294128
372.549041
1294.117675
2147.058837
2764.706054
3088.235351
3205.882324
2735.294189
2137.254882
1225.490234
127.450981
-862.745117
-1745.098022
-2568.627441
-3019.607910
-3235.294189
-3029.411865
-2441.176513
-421.568634
627.450988
1500.000000
2303.921630
2882.353027
3166.666748
3176.470703
1852.941162
852.941162
-215.686279
-1205.882324
-2049.019531
-2784.313720
-3127.450927
-2735.294189
-2068.627441
-1147.058837
0.000000
803.921569
1627.451049
2490.196044
2960.784423
3205.882324
3068.627441
2500.000000
1852.941162
803.921569
-294.117645
-1245.098022
-2098.039306
-2794.117675
-3127.450927
-2696.078369
-2058.823486
-1127.451049
39.215686
950.980407
1774.509887
2607.843261
3215.686279
2794.117675
2313.725585
1490.196166
372.549041
-617.647094
-1500.000000
-2960.784423
-3205.882324
-3107.843261
-2539.215820
-1813.725463
-774.509826
1401.960815
2264.705810
2843.137207
3137.254882
3186.274658
2647.058837
2029.411743
-186.274520
-1166.666748
-2019.607910
-2794.117675
-3117.647216
-3196.078369
-2784.313720
-1186.274536
-9.803922
862.745117
1725.490234
2558.823486
3009.803955
3186.274658
2372.549072
1568.627441
450.980407
-558.823547
-1460.784301
-2323.529541
-2911.764648
-3127.450927
-2509.803955
-1813.725463
-774.509826
313.725494
1245.098022
2813.725585
3117.647216
3186.274658
2696.078369
2068.627441
1098.039184
-19.607843
-1941.176513
-2735.294189
-3117.647216
-3215.686279
-2794.117675
-2264.705810
-1362.745117
911.764709
1745.098022
2549.019775
3000.000000
3176.470703
3039.215820
2490.196044
549.019592
-509.803924
-1411.764770
-2294.117675
-2882.353027
-3196.078369
-3205.882324
-2656.862792
-1970.588256
-1000.000000
1196.078491
2029.411743
2764.706054
3078.431396
3176.470703
2745.098144
2196.078369
1343.137329
196.078430
-764.705871
-2588.235351
-3049.019775
-3235.294189
-2980.392333
-2441.176513
-1627.451049
-529.411804
529.411804
1421.568603
2254.902099
2833.333496
3156.862792
3186.274658
2666.666748
1980.392211
-254.901962
-1215.686279
-2068.627441
-2774.509765
-3107.843261
-3225.490234
-2794.117675
-1147.058837
9.803922
862.745117
1725.490234
2549.019775
2990.196044
2852.941162
2343.137207
1568.627441
441.176483
-588.235290
-1500.000000
-2313.725585
-3196.078369
-3127.450927
-2568.627441
-1882.353027
-862.745117
264.705902
1205.882324
2039.215698
2745.098144
3088.235351
2715.686279
2098.039306
1186.274536
49.019607
-852.941162
-1745.098022
-2568.627441
-3215.686279
-2852.941162
-2372.549072
-1539.215698
-411.764709
627.450988
1490.196166
2960.784423
3186.274658
3098.039306
2529.411865
1784.313720
754.901977
-303.921569
-2225.490234
-2852.941162
-3156.862792
-3215.686279
-2666.666748
-2009.803955
-1029.411743
1215.686279
2068.627441
2774.509765
3127.450927
3235.294189
2745.098144
1156.862792
29.411766
-892.156860
-1774.509887
-2607.843261
-3009.803955
-3235.294189
-2333.333496
-1500.000000
-431.372558
598.039245
1450.980468
2333.333496
2892.156982
3078.431396
2519.607910
1823.529418
803.921569
-284.313720
-1254.901977
-2098.039306
-3166.666748
-3205.882324
-2715.686279
-2058.823486
-1078.431396
68.627449
970.588256
1843.137329
2607.843261
3029.411865
3186.274658
2882.353027
2382.353027
1598.039184
470.588256
-539.215698
-1441.176513
-2333.333496
-3196.078369
-3117.647216
-2529.411865
-1823.529418
-735.294128
333.333343
1284.313720
2117.647216
2774.509765
3117.647216
3186.274658
2735.294189
2127.450927
-49.019607
-950.980407
-1823.529418
-2647.058837
-3058.823486
-3225.490234
-2921.568603
-1450.980468
-313.725494
686.274536
1568.627441
2411.764648
2901.960937
3166.666748
2480.392089
1735.294189
666.666687
-421.568634
-1352.941162
-2205.882324
-2862.745117
-3166.666748
-2607.843261
-1950.980468
-931.372558
196.078430
1137.254882
1970.588256
2754.902099
3058.823486
3186.274658
2764.706054
2264.705810
1431.372558
323.529418
-676.470581
-1549.019653
-2421.568603
-2970.588378
-3058.823486
-2480.392089
-1725.490234
-627.450988
441.176483
1352.941162
2186.274658
2813.725585
3137.254882
3205.882324
2715.686279
2058.823486
1137.254882
9.803922
-862.745117
-1735.294189
-2578.431396
-3049.019775
-2852.941162
-2352.941162
-1529.411743
-362.745117
637.254943
1519.607910
2352.941162
2911.764648
3166.666748
3127.450927
1784.313720
754.901977
-323.529418
-1264.705932
-2137.254882
-2833.333496
-3156.862792
-2666.666748
-1990.196166
-990.196105
88.235298
980.392150
1843.137329
2637.254882
3205.882324
2794.117675
2274.509765
1411.764770
294.117645
-715.686279
-1578.431396
-2450.980468
-2980.392333
-3196.078369
-3098.039306
-2519.607910
-1813.725463
-754.901977
352.941192
1284.313720
2147.058837
2774.509765
3127.450927
3205.882324
2735.294189
1127.451049
-9.803922
-882.352966
-1764.705932
-2588.235351
-3009.803955
-3215.686279
-2343.137207
-1509.803955
-352.941192
656.862731
1509.803955
2382.353027
2941.176513
3029.411865
2470.588378
1745.098022
705.882385
-343.137268
-1313.725463
-2166.666748
-3186.274658
-3205.882324
-2637.254882
-1950.980468
-1000.000000
78.431373
1009.803955
1862.745117
2666.666748
3049.019775
3196.078369
2852.941162
2362.745117
1529.411743
392.156860
-578.431396
-1500.000000
-2333.333496
-3186.274658
-3107.843261
-2539.215820
-1852.941162
-784.313720
333.333343
1264.705932
2823.529541
3156.862792
3196.078369
2686.274658
2029.411743
1098.039184
-39.215686
-1980.392211
-2745.098144
-3088.235351
-3205.882324
-2794.117675
-2254.902099
-1372.549072
-215.686279
764.705871
1578.431396
2441.176513
2950.980468
3176.470703
3107.843261
2490.196044
1813.725463
784.313720
-323.529418
-1274.509887
-2137.254882
-2803.921630
-3205.882324
-2666.666748
-2019.607910
-1058.823608
98.039215
1000.000000
1813.725463
3039.215820
3215.686279
2794.117675
2284.313720
1460.784301
352.941192
-647.058837
-2500.000000
-2960.784423
-3196.078369
-3107.843261
-2519.607910
-1794.117675
490.196075
1411.764770
2264.705810
2843.137207
3137.254882
3147.058837
2666.666748
941.176513
-147.058822
-1107.843139
-1970.588256
-2754.902099
-3098.039306
-3235.294189
-2166.666748
-1264.705932
-107.843139
872.549011
1735.294189
2568.627441
3000.000000
2941.176513
2392.156982
1607.843139
549.019592
-529.411804
-1421.568603
-2274.509765
-2901.960937
-3186.274658
-3196.078369
-1872.549072
-852.941162
264.705902
1186.274536
2039.215698
2764.706054
3137.254882
2715.686279
2088.235351
1186.274536
-1127.451049
-2000.000000
-2754.902099
-3078.431396
-3225.490234
-2833.333496
-2303.921630
-176.470596
794.117675
1656.862792
2509.803955
2990.196044
3166.666748
3039.215820
1637.254882
549.019592
-509.803924
-1392.156860
-2254.902099
-2872.549072
-3166.666748
-2588.235351
-1911.764770
-892.156860
205.882354
1147.058837
2009.803955
3098.039306
3176.470703
2725.490234
2147.058837
1254.901977
137.254898
-803.921569
-2637.254882
-3078.431396
-3225.490234
-2911.764648
-2382.353027
-1568.627441
-450.980407
1617.647094
2460.784423
2931.372558
3176.470703
3078.431396
2500.000000
1862.745117
-421.568634
-1362.745117
-2225.490234
-2843.137207
-3156.862792
-3205.882324
-2676.470703
-960.784301
147.058822
1107.843139
1960.784301
2705.882324
3049.019775
2754.902099
2196.078369
1323.529418
166.666671
-803.921569
-1676.470581
-2529.411865
-3215.686279
-2892.156982
-2401.960937
-1578.431396
-460.784332
588.235290
1460.784301
2941.176513
3166.666748
3107.843261
2529.411865
1803.921630
784.313720
-303.921569
-2225.490234
-2843.137207
-3156.862792
-3205.882324
-2656.862792
-2019.607910
215.686279
1147.058837
1980.392211
2735.294189
3068.627441
3176.470703
2764.706054
1245.098022
117.647064
-833.333374
-1715.686279
-2558.823486
-2980.392333
-3215.686279
-2980.392333
-2460.784423
-1647.058837
647.058837
1509.803955
2372.549072
2911.764648
3156.862792
3117.647216
2558.823486
725.490234
-333.333343
-1313.725463
-2156.862792
-2823.529541
-3127.450927
-3235.294189
-2000.000000
-1127.451049
39.215686
950.980407
1794.117675
2598.039306
2990.196044
2833.333496
2313.725585
1470.588256
352.941192
-676.470581
-1519.607910
-2372.549072
-2960.784423
-3186.274658
-3137.254882
-2558.823486
-1862.745117
-784.313720
294.117645
1235.294189
2107.843261
2754.902099
3098.039306
2715.686279
2078.431396
1117.647094
9.803922
-833.333374
-1745.098022
-2578.431396
-3235.294189
-2843.137207
-2333.333496
-1519.607910
-372.549041
607.843139
1490.196166
2362.745117
2921.568603
3176.470703
2490.196044
1813.725463
754.901977
-323.529418
-1284.313720
-2127.450927
-2803.921630
-3215.686279
-2676.470703
-2019.607910
-1088.235351
68.627449
980.392150
1823.529418
2607.843261
3019.607910
3205.882324
2901.960937
2382.353027
1568.627441
480.392150
-568.627441
-1450.980468
-2352.941162
-2892.156982
-3098.039306
-2549.019775
-1843.137329
-803.921569
294.117645
1254.901977
2078.431396
2735.294189
3117.647216
3225.490234
2049.019531
1107.843139
-29.411766
-950.980407
-1823.529418
-2647.058837
-3039.215820
-2803.921630
-2303.921630
-1431.372558
-303.921569
705.882385
1568.627441
2411.764648
2921.568603
3176.470703
3098.039306
2539.215820
1852.941162
813.725524
-274.509796
-1225.490234
-2068.627441
-2794.117675
-3156.862792
-2686.274658
-2019.607910
-1068.627441
88.235298
980.392150
1833.333374
2637.254882
3196.078369
2794.117675
2284.313720
1441.176513
303.921569
-696.078430
-1549.019653
-3009.803955
-3215.686279
-3029.411865
-2460.784423
-1715.686279
-617.647094
1500.000000
2274.509765
2852.941162
3156.862792
3186.274658
2588.235351
1960.784301
-284.313720
-1254.901977
-2098.039306
-2794.117675
-3147.058837
-3215.686279
-2784.313720
-1107.843139
39.215686
960.784301
1813.725463
2607.843261
3019.607910
3196.078369
2911.764648
2401.960937
1617.647094
-696.078430
-1549.019653
-2431.372558
-3205.882324
-3058.823486
-2500.000000
-1803.921630
-725.490234
362.745117
1303.921630
2833.333496
3127.450927
3186.274658
2666.666748
2009.803955
1049.019653
-98.039215
-1980.392211
-2754.902099
-3107.843261
-3215.686279
-2774.509765
-2235.294189
-1352.941162
950.980407
1774.509887
2607.843261
3019.607910
3196.078369
2960.784423
2411.764648
1627.451049
549.019592
-500.000000
-1352.941162
-2225.490234
-2852.941162
-3186.274658
-3205.882324
-2686.274658
-1990.196166
-1039.215698
1245.098022
2078.431396
2745.098144
3107.843261
3196.078369
2764.706054
2196.078369
49.019607
-872.549011
-2656.862792
-3088.235351
-3225.490234
-2274.509765
-1421.568603
-264.705902
725.490234
1578.431396
2441.176513
2931.372558
3029.411865
2450.980468
1725.490234
637.254943
-441.176483
-1362.745117
-2225.490234
-3186.274658
-3176.470703
-2598.039306
-1960.784301
-931.372558
166.666671
1137.254882
2754.902099
3107.843261
3186.274658
2754.902099
2186.274658
1254.901977
156.862747
-794.117675
-1696.078491
-2519.607910
-3205.882324
-2921.568603
-2411.764648
-1588.235351
-431.372558
607.843139
1470.588256
2931.372558
3176.470703
3098.039306
2529.411865
1843.137329
803.921569
-264.705902
-2186.274658
-2843.137207
-3166.666748
-3215.686279
-2725.490234
-2058.823486
156.862747
1117.647094
1950.980468
2705.882324
3049.019775
3215.686279
2784.313720
1294.117675
137.254898
-823.529418
-1686.274536
-2558.823486
-2990.196044
-3225.490234
-2392.156982
-1578.431396
-441.176483
617.647094
1460.784301
2323.529541
2862.745117
3147.058837
3166.666748
2598.039306
1960.784301
960.784301
-107.843139
-1088.235351
-1970.588256
-2745.098144
-3098.039306
-3225.490234
-2196.078369
-1303.921630
-137.254898
852.941162
1715.686279
2509.803955
2980.392333
2882.353027
2401.960937
1598.039184
509.803924
-549.019592
-1431.372558
-2313.725585
-3186.274658
-3117.647216
-2549.019775
-1852.941162
-813.725524
323.529418
2186.274658
2803.921630
3147.058837
3176.470703
2715.686279
2107.843261
1137.254882
-1137.254882
-2000.000000
-2745.098144
-3078.431396
-3225.490234
-2803.921630
-2294.117675
-176.470596
803.921569
1676.470581
2490.196044
2960.784423
3176.470703
3049.019775
2480.392089
1774.509887
735.294128
-352.941192
-1313.725463
-2147.058837
-2823.529541
-3137.254882
-3235.294189
-2705.882324
-2098.039306
107.843139
1058.823608
1950.980468
2735.294189
3049.019775
3196.078369
2784.313720
1343.137329
186.274520
-774.509826
-1637.254882
-2509.803955
-2990.196044
-3215.686279
-2441.176513
-1627.451049
-519.607849
549.019592
1421.568603
2303.921630
3166.666748
3078.431396
2558.823486
1872.549072
911.764709
-205.882354
-1186.274536
-2813.725585
-3137.254882
-3235.294189
-2745.098144
-2117.647216
-1176.470581
-29.411766
1901.960815
2705.882324
3049.019775
3205.882324
2784.313720
2323.529541
1480.392211
352.941192
-666.666687
-1539.215698
-3009.803955
-3205.882324
-3039.215820
-2490.196044
-1725.490234
-666.666687
421.568634
2303.921630
2852.941162
3127.450927
3166.666748
2598.039306
1960.784301
1009.803955
-137.254898
-1098.039184
-1970.588256
-2745.098144
-3117.647216
-3235.294189
-2794.117675
-2235.294189
-1352.941162
-215.686279
784.313720
2588.235351
3009.803955
3186.274658
2950.980468
2411.764648
1647.058837
568.627441
-490.196075
-1401.960815
-2274.509765
-3196.078369
-3186.274658
-2578.431396
-1882.353027
-892.156860
196.078430
1156.862792
2794.117675
3098.039306
3196.078369
2745.098144
2147.058837
1274.509887
127.450981
-823.529418
-1696.078491
-2539.215820
-3225.490234
-2882.353027
-2372.549072
-303.921569
686.274536
1568.627441
2441.176513
2950.980468
3166.666748
3068.627441
1705.882324
627.450988
-441.176483
-1343.137329
-2215.686279
-2852.941162
-3176.470703
-2598.039306
-1931.372558
-931.372558
137.254898
1107.843139
1960.784301
2764.706054
3196.078369
2745.098144
2166.666748
1294.117675
137.254898
-803.921569
-1676.470581
-3058.823486
-3235.294189
-2882.353027
-2392.156982
-1568.627441
-441.176483
1627.451049
2470.588378
2970.588378
3186.274658
3068.627441
2509.803955
1774.509887
-509.803924
-1401.960815
-2294.117675
-2882.353027
-3166.666748
-3196.078369
-2647.058837
-843.137268
264.705902
1205.882324
2039.215698
2774.509765
3088.235351
3186.274658
2764.706054
2205.882324
1313.725463
176.470596
-774.509826
-1617.647094
-2500.000000
-2980.392333
-3196.078369
-3117.647216
-2519.607910
-607.843139
460.784332
1362.745117
2225.490234
2833.333496
3127.450927
3186.274658
1931.372558
941.176513
-147.058822
-1098.039184
-1980.392211
-2764.706054
-3098.039306
-2754.902099
-2156.862792
-1264.705932
-117.647064
843.137268
1715.686279
3019.607910
3186.274658
2872.549072
2382.353027
1588.235351
470.588256
-568.627441
-2450.980468
-2950.980468
-3196.078369
-3137.254882
-2539.215820
-1823.529418
-803.921569
1411.764770
2254.902099
2833.333496
3107.843261
3176.470703
2666.666748
2009.803955
1068.627441
-58.823532
-1009.803955
-1901.960815
-2696.078369
-3058.823486
-3215.686279
-2843.137207
-2343.137207
-1480.392211
-323.529418
1715.686279
2539.215820
2980.392333
3196.078369
2990.196044
2431.372558
1705.882324
647.058837
-431.372558
-1372.549072
-2205.882324
-2852.941162
-3156.862792
-2588.235351
-1911.764770
-931.372558
176.470596
1107.843139
1970.588256
2764.706054
3176.470703
2745.098144
2166.666748
1284.313720
147.058822
-813.725524
-1686.274536
-3058.823486
-3225.490234
-2911.764648
-2392.156982
-1578.431396
-450.980407
578.431396
2450.980468
2921.568603
3156.862792
3088.235351
2529.411865
1833.333374
803.921569
-284.313720
-1235.294189
-2078.431396
-3176.470703
-3215.686279
-2696.078369
-2058.823486
-1088.235351
68.627449
950.980407
2705.882324
3078.431396
3196.078369
2784.313720
2303.921630
1460.784301
362.745117
-647.058837
-1529.411743
-2401.960937
-2941.176513
-3186.274658
-3117.647216
-2549.019775
-1833.333374
-794.117675
333.333343
1254.901977
2843.137207
3156.862792
3186.274658
2676.470703
2058.823486
1117.647094
9.803922
-1892.156860
-2696.078369
-3068.627441
-3245.098144
-2833.333496
-2352.941162
-215.686279
745.098083
1607.843139
2460.784423
2970.588378
3186.274658
3078.431396
1647.058837
578.431396
-509.803924
-1401.960815
-2264.705810
-2862.745117
-3137.254882
-3215.686279
-2637.254882
-1990.196166
274.509796
1205.882324
2029.411743
2754.902099
3107.843261
3235.294189
2754.902099
1166.666748
9.803922
-852.941162
-1696.078491
-2568.627441
-3029.411865
-3205.882324
-2372.549072
-1539.215698
-401.960784
607.843139
1470.588256
2323.529541
2911.764648
3058.823486
2490.196044
1794.117675
764.705871
-313.725494
-1284.313720
-2127.450927
-2813.725585
-3117.647216
-3215.686279
-2029.411743
-1049.019653
98.039215
1009.803955
1882.353027
2666.666748
3019.607910
2774.509765
2225.490234
1401.960815
254.901962
-705.882385
-1598.039184
-2441.176513
-3205.882324
-3019.607910
-2480.392089
-1686.274536
-558.823547
500.000000
2274.509765
2843.137207
3137.254882
3225.490234
2637.254882
1980.392211
1009.803955
-1245.098022
-2078.431396
-2794.117675
-3117.647216
-3235.294189
-2764.706054
-2176.470703
29.411766
921.568664
1794.117675
2607.843261
3009.803955
3215.686279
2941.176513
1480.392211
382.352935
-647.058837
-1529.411743
-2431.372558
-2960.784423
-3205.882324
-2500.000000
-1803.921630
-745.098083
333.333343
1254.901977
2107.843261
3156.862792
3186.274658
2676.470703
2029.411743
1098.039184
-39.215686
-960.784301
-1813.725463
-2656.862792
-3058.823486
-3235.294189
-2294.117675
-1421.568603
-284.313720
705.882385
1598.039184
2421.568603
3186.274658
3009.803955
2470.588378
1715.686279
637.254943
-411.764709
-1343.137329
-2911.764648
-3166.666748
-3176.470703
-2588.235351
-1941.176513
-911.764709
176.470596
2078.431396
2774.509765
3107.843261
3215.686279
2754.902099
2176.470703
1294.117675
-990.196105
-1852.941162
-2676.470703
-3039.215820
-3225.490234
-2843.137207
-1382.353027
-254.901962
735.294128
1588.235351
2450.980468
2931.372558
3186.274658
2431.372558
1676.470581
617.647094
-441.176483
-1382.353027
-2225.490234
-2852.941162
-3196.078369
-2607.843261
-1911.764770
-911.764709
156.862747
1137.254882
1960.784301
2725.490234
3068.627441
3215.686279
2147.058837
1284.313720
147.058822
-813.725524
-1686.274536
-2539.215820
-3029.411865
-2921.568603
-2401.960937
-1578.431396
-431.372558
588.235290
1431.372558
2323.529541
3176.470703
3088.235351
2480.392089
1803.921630
784.313720
-264.705902
-1215.686279
-2813.725585
-3147.058837
-3215.686279
-2745.098144
-2029.411743
-1068.627441
58.823532
970.588256
1813.725463
2627.450927
3205.882324
2803.921630
2284.313720
1441.176513
333.333343
-676.470581
-1549.019653
-2970.588378
-3215.686279
-3049.019775
-2500.000000
-1803.921630
-745.098083
1372.549072
2245.098144
2843.137207
3156.862792
3186.274658
2666.666748
1990.196166
-225.490203
-1196.078491
-2049.019531
-2774.509765
-3098.039306
-3215.686279
-2764.706054
-1205.882324
-49.019607
872.549011
1735.294189
2549.019775
2990.196044
3186.274658
2352.941162
1549.019653
441.176483
-588.235290
-1480.392211
-2352.941162
-2911.764648
-3098.039306
-2529.411865
-1794.117675
-754.901977
343.137268
1284.313720
2843.137207
3147.058837
3186.274658
2647.058837
2019.607910
1078.431396
-19.607843
-970.588256
-1843.137329
-2666.666748
-3068.627441
-2803.921630
-2294.117675
-1411.764770
-254.901962
745.098083
1568.627441
2990.196044
3186.274658
3000.000000
2490.196044
1754.901977
696.078430
-362.745117
-2274.509765
-2862.745117
-3176.470703
-3205.882324
-2666.666748
-1990.196166
-1009.803955
1264.705932
2107.843261
2794.117675
3107.843261
3205.882324
2745.098144
2117.647216
1205.882324
78.431373
-852.941162
-2647.058837
-3029.411865
-3225.490234
-2901.960937
-2411.764648
-1578.431396
-431.372558
1617.647094
2470.588378
2970.588378
3186.274658
3068.627441
2480.392089
1774.509887
725.490234
-323.529418
-1294.117675
-2147.058837
-2813.725585
-3137.254882
-3215.686279
-2735.294189
-2098.039306
-1176.470581
-19.607843
1911.764770
2686.274658
3049.019775
3186.274658
2803.921630
2303.921630
1509.803955
382.352935
-647.058837
-1509.803955
-2392.156982
-2970.588378
-3196.078369
-3147.058837
-2549.019775
-1901.960815
-852.941162
254.901962
2166.666748
2784.313720
3107.843261
3215.686279
2686.274658
2107.843261
1196.078491
-1127.451049
-1980.392211
-2784.313720
-3098.039306
-3205.882324
-2784.313720
-2264.705810
-1382.353027
-254.901962
745.098083
1578.431396
2450.980468
2960.784423
3009.803955
2480.392089
1715.686279
647.058837
-401.960784
-1333.333374
-2225.490234
-3186.274658
-3166.666748
-2588.235351
-1941.176513
-931.372558
147.058822
1117.647094
2764.706054
3098.039306
3186.274658
2754.902099
2196.078369
1343.137329
186.274520
-784.313720
-1656.862792
-2539.215820
-3000.000000
-3196.078369
-3107.843261
-2509.803955
-1813.725463
-735.294128
372.549041
1284.313720
2813.725585
3137.254882
3176.470703
2647.058837
2029.411743
1088.235351
-29.411766
-1970.588256
-2754.902099
-3098.039306
-3225.490234
-2803.921630
-2284.313720
-1421.568603
882.352966
1745.098022
2539.215820
3019.607910
3215.686279
3000.000000
2490.196044
1764.705932
715.686279
-372.549041
-2254.902099
-2882.353027
-3147.058837
-3205.882324
-2666.666748
-2009.803955
-1058.823608
1235.294189
2078.431396
2764.706054
3127.450927
3196.078369
2764.706054
1147.058837
19.607843
-882.352966
-1764.705932
-2607.843261
-2990.196044
-3215.686279
-2343.137207
-1519.607910
-362.745117
637.254943
1500.000000
2303.921630
2872.549072
3107.843261
2529.411865
1794.117675
784.313720
-274.509796
-1245.098022
-2088.235351
-2794.117675
-3137.254882
-3215.686279
-2049.019531
-1088.235351
68.627449
980.392150
1803.921630
2588.235351
3029.411865
2794.117675
2264.705810
1470.588256
313.725494
-656.862731
-1558.823608
-2431.372558
-3205.882324
-3039.215820
-2490.196044
-1725.490234
-627.450988
460.784332
1362.745117
2196.078369
2823.529541
3117.647216
3196.078369
2696.078369
2049.019531
1127.451049
-19.607843
-892.156860
-1784.313720
-2617.647216
-3215.686279
-2813.725585
-2313.725585
-1460.784301
-313.725494
715.686279
1549.019653
2950.980468
3176.470703
3039.215820
2480.392089
1764.705932
696.078430
-352.941192
-2274.509765
-2862.745117
-3176.470703
-3205.882324
-2647.058837
-1990.196166
284.313720
1225.490234
2039.215698
2754.902099
3068.627441
3186.274658
2754.902099
1176.470581
29.411766
-882.352966
-1754.901977
-2607.843261
-3029.411865
-3235.294189
-2333.333496
-1500.000000
-450.980407
558.823547
1421.568603
2313.725585
2872.549072
3117.647216
2509.803955
1843.137329
823.529418
-264.705902
-1215.686279
-2098.039306
-3176.470703
-3235.294189
-2715.686279
-2078.431396
-1107.843139
39.215686
1960.784301
2725.490234
3058.823486
3196.078369
2774.509765
2274.509765
1460.784301
-833.333374
-1705.882324
-2558.823486
-3019.607910
-3225.490234
-2990.196044
-2460.784423
-460.784332
598.039245
1470.588256
2333.333496
2892.156982
3166.666748
3117.647216
2558.823486
1921.568603
941.176513
-147.058822
-1098.039184
-2000.000000
-2715.686279
-3088.235351
-3235.294189
-2833.333496
-2294.117675
-1411.764770
-284.313720
705.882385
2539.215820
3000.000000
3205.882324
3068.627441
2470.588378
1784.313720
735.294128
-1411.764770
-2274.509765
-2901.960937
-3147.058837
-3205.882324
-2627.450927
-1980.392211
274.509796
1235.294189
2068.627441
2784.313720
3088.235351
3225.490234
2754.902099
1166.666748
19.607843
-892.156860
-1754.901977
-2588.235351
-3039.215820
-3235.294189
-2950.980468
-2441.176513
-1637.254882
676.470581
1529.411743
2441.176513
2960.784423
3156.862792
3107.843261
2490.196044
1833.333374
813.725524
-284.313720
-1235.294189
-2088.235351
-2784.313720
-3147.058837
-3225.490234
-2784.313720
-2176.470703
-1264.705932
1029.411743
1921.568603
2715.686279
3068.627441
3196.078369
2803.921630
2303.921630
1490.196166
362.745117
-647.058837
-1539.215698
-2401.960937
-2950.980468
-3196.078369
-3147.058837
-2568.627441
-1882.353027
-852.941162
254.901962
1205.882324
2039.215698
2774.509765
3098.039306
3186.274658
2754.902099
1196.078491
68.627449
-833.333374
-1735.294189
-2558.823486
-3029.411865
-3235.294189
-2372.549072
-1549.019653
-411.764709
588.235290
1470.588256
2352.941162
3176.470703
3088.235351
2519.607910
1833.333374
803.921569
-284.313720
-1225.490234
-2833.333496
-3166.666748
-3235.294189
-2696.078369
-2049.019531
-1098.039184
49.019607
1950.980468
2705.882324
3078.431396
3186.274658
2764.706054
2303.921630
1441.176513
-852.941162
-1754.901977
-2558.823486
-3039.215820
-3245.098144
-2970.588378
-2441.176513
-411.764709
627.450988
1470.588256
2352.941162
2901.960937
3176.470703
2509.803955
1784.313720
764.705871
-313.725494
-1274.509887
-2107.843261
-2813.725585
-3186.274658
-2656.862792
-2009.803955
-1029.411743
147.058822
1049.019653
1921.568603
3098.039306
3215.686279
2774.509765
2205.882324
1333.333374
186.274520
-764.705871
-2588.235351
-3029.411865
-3205.882324
-2960.784423
-2431.372558
-1607.843139
696.078430
1549.019653
2401.960937
2950.980468
3196.078369
3107.843261
2519.607910
686.274536
-401.960784
-1323.529418
-2196.078369
-2813.725585
-3166.666748
-3235.294189
-1960.784301
-1000.000000
68.627449
970.588256
1813.725463
2617.647216
3039.215820
2774.509765
2274.509765
1441.176513
294.117645
-696.078430
-1549.019653
-2411.764648
-2950.980468
-3196.078369
-3117.647216
