2558.823486
2980.392333
3176.470703
2980.392333
2431.372558
1676.470581
617.647094
-460.784332
-1392.156860
-2254.902099
-2862.745117
-3156.862792
-3235.294189
-2686.274658
-2000.000000
-1127.451049
9.803922
872.549011
1725.490234
2549.019775
2990.196044
3186.274658
3029.411865
2480.392089
1686.274536
637.254943
-441.176483
-1372.549072
-2235.294189
-2862.745117
-3156.862792
-3205.882324
-1921.568603
-931.372558
176.470596
1127.451049
2009.803955
2735.294189
3058.823486
3176.470703
2774.509765
2284.313720
176.470596
-794.117675
-1647.058837
-2549.019775
-3225.490234
-2941.176513
-2411.764648
-1607.843139
-500.000000
500.000000
1333.333374
2166.666748
2794.117675
3137.254882
2588.235351
1950.980468
970.588256
-107.843139
-1088.235351
-1970.588256
-2745.098144
-3235.294189
-2794.117675
-2147.058837
-1254.901977
-117.647064
862.745117
2637.254882
3029.411865
3166.666748
2843.137207
2372.549072
1558.823608
460.784332
-1588.235351
-2470.588378
-3000.000000
-3215.686279
-3117.647216
-2539.215820
-1823.529418
470.588256
1372.549072
2215.686279
2833.333496
3098.039306
3196.078369
2676.470703
2049.019531
1117.647094
0.000000
-1823.529418
-2617.647216
-3049.019775
-3205.882324
-2294.117675
-1431.372558
-294.117645
705.882385
1568.627441
2431.372558
2950.980468
3186.274658
3088.235351
2519.607910
647.058837
-401.960784
-1333.333374
-2186.274658
-2833.333496
-3166.666748
-3205.882324
-2715.686279
-2039.215698
-1078.431396
78.431373
970.588256
1862.745117
2637.254882
3049.019775
3196.078369
2901.960937
2372.549072
1588.235351
480.392150
-568.627441
-2431.372558
-2950.980468
-3196.078369
-3107.843261
-2539.215820
-1843.137329
-794.117675
1392.156860
2245.098144
2823.529541
3137.254882
3196.078369
2686.274658
2039.215698
1088.235351
-88.235298
-1000.000000
-2725.490234
-3098.039306
-3225.490234
-2833.333496
-2313.725585
-1480.392211
-333.333343
1715.686279
2539.215820
2970.588378
3186.274658
3009.803955
2460.784423
1705.882324
617.647094
-441.176483
-1362.745117
-2921.568603
-3166.666748
-3176.470703
-2598.039306
-1941.176513
-931.372558
176.470596
1117.647094
1990.196166
2725.490234
3049.019775
3186.274658
2784.313720
2264.705810
1421.568603
303.921569
-696.078430
-2529.411865
-3000.000000
-3196.078369
-3078.431396
-2519.607910
-1794.117675
-705.882385
1441.176513
2323.529541
2852.941162
3147.058837
3137.254882
2598.039306
1970.588256
1009.803955
-117.647064
-1107.843139
-2794.117675
-3156.862792
-3225.490234
-2068.627441
-1117.647094
19.607843
911.764709
1774.509887
2598.039306
3000.000000
3196.078369
3039.215820
2460.784423
1715.686279
-568.627441
-1460.784301
-2333.333496
-2911.764648
-3196.078369
-3176.470703
-1813.725463
-774.509826
303.921569
1264.705932
2088.235351
2784.313720
3088.235351
2686.274658
2039.215698
1117.647094
-19.607843
-941.176513
-1813.725463
-2617.647216
-3225.490234
-2803.921630
-2274.509765
-1441.176513
-303.921569
696.078430
1568.627441
2980.392333
3176.470703
3029.411865
2450.980468
1725.490234
647.058837
-392.156860
-2284.313720
-2901.960937
-3176.470703
-3186.274658
-2617.647216
-1960.784301
303.921569
1264.705932
2098.039306
2764.706054
3078.431396
3166.666748
2745.098144
1176.470581
39.215686
-872.549011
-1725.490234
-2568.627441
-3019.607910
-3215.686279
-2970.588378
-2441.176513
-1637.254882
-500.000000
431.372558
1362.745117
2215.686279
3166.666748
3166.666748
2588.235351
1911.764770
941.176513
-137.254898
-1117.647094
-1970.588256
-2774.509765
-3078.431396
-3235.294189
-2784.313720
-2254.902099
-1411.764770
-235.294128
745.098083
1588.235351
2421.568603
3196.078369
3000.000000
2500.000000
1833.333374
794.117675
-284.313720
-1245.098022
-2843.137207
-3156.862792
-3196.078369
-2696.078369
-2029.411743
-1078.431396
68.627449
980.392150
1833.333374
2647.058837
3019.607910
3176.470703
2882.353027
2411.764648
1617.647094
529.411804
-519.607849
-1411.764770
-2941.176513
-3196.078369
-3127.450927
-2568.627441
-1882.353027
-862.745117
235.294128
2156.862792
2794.117675
3137.254882
3186.274658
2696.078369
2088.235351
1215.686279
58.823532
-872.549011
-1735.294189
-2568.627441
-3009.803955
-3196.078369
-2362.745117
-1519.607910
-392.156860
627.450988
1500.000000
2274.509765
2862.745117
3137.254882
2549.019775
1852.941162
843.137268
-245.098037
-1186.274536
-2058.823486
-3137.254882
-3205.882324
-2705.882324
-2078.431396
-1127.451049
0.000000
784.313720
2598.039306
2990.196044
3196.078369
2970.588378
2431.372558
1666.666748
578.431396
-1509.803955
-2411.764648
-2950.980468
-3166.666748
-3137.254882
-2549.019775
-1872.549072
421.568634
1352.941162
2196.078369
2803.921630
3127.450927
3205.882324
1941.176513
970.588256
-98.039215
-1039.215698
-1921.568603
-2725.490234
-3078.431396
-2784.313720
-2215.686279
-1303.921630
-176.470596
803.921569
1637.254882
2490.196044
3205.882324
2931.372558
2411.764648
1607.843139
519.607849
-509.803924
-1411.764770
-2931.372558
-3176.470703
-3147.058837
-2549.019775
-1892.156860
-882.352966
245.098037
1166.666748
2000.000000
2715.686279
3186.274658
2764.706054
2196.078369
49.019607
-862.745117
-1735.294189
-2578.431396
-3029.411865
-3225.490234
-3000.000000
-1607.843139
-490.196075
539.215698
1441.176513
2323.529541
2852.941162
3137.254882
2539.215820
1843.137329
852.941162
-254.901962
-1205.882324
-2058.823486
-2784.313720
-3205.882324
-2715.686279
-2049.019531
-1107.843139
49.019607
950.980407
1745.098022
2568.627441
3009.803955
3196.078369
2950.980468
2431.372558
1656.862792
568.627441
-490.196075
-1411.764770
-2264.705810
-2852.941162
-3166.666748
-2588.235351
-1892.156860
-862.745117
225.490203
1147.058837
1990.196166
2754.902099
3078.431396
3205.882324
2098.039306
1196.078491
98.039215
-823.529418
-1705.882324
-2568.627441
-3019.607910
-2921.568603
-2392.156982
-1558.823608
-450.980407
578.431396
1450.980468
2303.921630
3196.078369
3068.627441
2500.000000
1872.549072
892.156860
-166.666671
-1147.058837
-2000.000000
-2745.098144
-3107.843261
-3205.882324
-2794.117675
-2264.705810
-1392.156860
-274.509796
715.686279
1578.431396
2460.784423
3186.274658
2990.196044
2460.784423
1715.686279
627.450988
-421.568634
-1362.745117
-2911.764648
-3176.470703
-3186.274658
-2607.843261
-1921.568603
-911.764709
176.470596
1107.843139
1970.588256
2754.902099
3196.078369
2735.294189
2156.862792
1274.509887
147.058822
-823.529418
-1676.470581
-3039.215820
-3225.490234
-2931.372558
-2372.549072
-1568.627441
-441.176483
607.843139
1470.588256
2352.941162
2901.960937
3078.431396
2509.803955
1813.725463
-509.803924
-1401.960815
-2294.117675
-2882.353027
-3166.666748
-3186.274658
-2647.058837
-882.352966
215.686279
1186.274536
2019.607910
2745.098144
3088.235351
3186.274658
2774.509765
2235.294189
1333.333374
-941.176513
-1823.529418
-2686.274658
-3049.019775
-3205.882324
-2872.549072
-2392.156982
-313.725494
686.274536
1558.823608
2392.156982
2950.980468
3186.274658
3117.647216
2519.607910
1862.745117
823.529418
-254.901962
-1235.294189
-2078.431396
-2803.921630
-3147.058837
-3245.098144
-2754.902099
-2166.666748
-1294.117675
-107.843139
862.745117
2647.058837
3019.607910
3176.470703
2892.156982
2372.549072
1598.039184
490.196075
-1558.823608
-2450.980468
-2990.196044
-3215.686279
-3107.843261
-2500.000000
-1882.353027
401.960784
1313.725463
2176.470703
2813.725585
3088.235351
3196.078369
2705.882324
1029.411743
-107.843139
-1078.431396
-1970.588256
-2764.706054
-3107.843261
-3235.294189
-2794.117675
-2274.509765
-1421.568603
872.549011
1754.901977
2539.215820
3000.000000
3186.274658
3019.607910
2490.196044
1745.098022
715.686279
-372.549041
-1313.725463
-2166.666748
-2813.725585
-3147.058837
-3215.686279
-2764.706054
-2088.235351
-1176.470581
1107.843139
1980.392211
2774.509765
3078.431396
3196.078369
2774.509765
2235.294189
107.843139
-852.941162
-1705.882324
-2578.431396
-3029.411865
-3235.294189
-2980.392333
-2441.176513
-1647.058837
-549.019592
480.392150
1382.353027
2245.098144
2852.941162
3156.862792
3186.274658
2676.470703
2019.607910
-205.882354
-1176.470581
-2029.411743
-2794.117675
-3117.647216
-3245.098144
-2784.313720
-1176.470581
-39.215686
892.156860
1764.705932
2558.823486
3019.607910
2843.137207
2362.745117
1549.019653
431.372558
-588.235290
-1470.588256
-2362.745117
-3215.686279
-3107.843261
-2529.411865
-1774.509887
-754.901977
343.137268
1303.921630
2843.137207
3147.058837
3186.274658
2666.666748
2000.000000
1196.078491
39.215686
-1872.549072
-2696.078369
-3068.627441
-3215.686279
-2833.333496
-2313.725585
-1470.588256
823.529418
1666.666748
2539.215820
2990.196044
3196.078369
3009.803955
1578.431396
480.392150
-558.823547
-1441.176513
-2323.529541
-2901.960937
-3166.666748
-2519.607910
-1813.725463
-764.705871
313.725494
1245.098022
2078.431396
2774.509765
3176.470703
2696.078369
2068.627441
1147.058837
0.000000
-784.313720
-1637.254882
-3049.019775
-3215.686279
-2950.980468
-2421.568603
-1637.254882
-519.607849
529.411804
1411.764770
2254.902099
2823.529541
3137.254882
3176.470703
2666.666748
2000.000000
1147.058837
19.607843
-872.549011
-1764.705932
-3049.019775
-3225.490234
-2852.941162
-2343.137207
-1509.803955
-411.764709
627.450988
2470.588378
2960.784423
3176.470703
3058.823486
2480.392089
1813.725463
774.509826
-294.117645
-1264.705932
-2107.843261
-2803.921630
-3137.254882
-3225.490234
-2764.706054
-2127.450927
-1215.686279
-78.431373
872.549011
2627.450927
3049.019775
3215.686279
2843.137207
2362.745117
1558.823608
450.980407
-1588.235351
-2450.980468
-2970.588378
-3196.078369
-3098.039306
-2529.411865
-1803.921630
480.392150
1401.960815
2254.902099
2843.137207
3127.450927
3205.882324
1901.960815
921.568664
-147.058822
-1098.039184
-1990.196166
-2774.509765
-3107.843261
-2774.509765
-2117.647216
-1215.686279
-78.431373
872.549011
1715.686279
2549.019775
3196.078369
2852.941162
2362.745117
1539.215698
421.568634
-578.431396
-1490.196166
-2362.745117
-2931.372558
-3186.274658
-3147.058837
-2568.627441
-1862.745117
-833.333374
264.705902
1186.274536
2029.411743
2735.294189
3196.078369
2715.686279
2068.627441
1166.666748
19.607843
-872.549011
-1735.294189
-3078.431396
-3245.098144
-2872.549072
-2352.941162
-1500.000000
-460.784332
558.823547
1431.372558
2294.117675
2872.549072
3088.235351
2519.607910
1823.529418
-431.372558
-1362.745117
-2225.490234
-2852.941162
-3186.274658
-3205.882324
-2676.470703
-921.568664
156.862747
1137.254882
1960.784301
2745.098144
3078.431396
3196.078369
2137.254882
1284.313720
137.254898
-823.529418
-1696.078491
-2539.215820
-3019.607910
-3215.686279
-3039.215820
-2480.392089
-1705.882324
-578.431396
460.784332
1372.549072
2215.686279
2813.725585
3117.647216
3205.882324
1921.568603
931.372558
-137.254898
-1137.254882
-1980.392211
-2774.509765
-3088.235351
-2774.509765
-2137.254882
-1215.686279
-78.431373
862.745117
1715.686279
2539.215820
3000.000000
3147.058837
3039.215820
2490.196044
1803.921630
745.098083
-333.333343
-1274.509887
-2117.647216
-2803.921630
-3127.450927
-2676.470703
-2019.607910
-1058.823608
68.627449
960.784301
1813.725463
2627.450927
3176.470703
2784.313720
2313.725585
1450.980468
352.941192
-637.254943
-1519.607910
-2990.196044
-3196.078369
-3098.039306
-2519.607910
-1774.509887
-715.686279
1411.764770
2303.921630
2843.137207
3117.647216
3166.666748
2617.647216
1980.392211
-254.901962
-1225.490234
-2058.823486
-2803.921630
-3127.450927
-3225.490234
-2794.117675
-1137.254882
19.607843
911.764709
1764.705932
2588.235351
3000.000000
3186.274658
2382.353027
1607.843139
500.000000
-460.784332
-1392.156860
-2245.098144
-2852.941162
-3176.470703
-2588.235351
-1921.568603
-921.568664
176.470596
1127.451049
1960.784301
2745.098144
3058.823486
3205.882324
2813.725585
2274.509765
1441.176513
294.117645
-705.882385
-1568.627441
-2450.980468
-2970.588378
-3049.019775
-2470.588378
-1715.686279
-617.647094
460.784332
1362.745117
2205.882324
2803.921630
3117.647216
3186.274658
2676.470703
2039.215698
1127.451049
-9.803922
-892.156860
-1754.901977
-2588.235351
-3019.607910
-2833.333496
-2323.529541
-1509.803955
-362.745117
656.862731
1509.803955
2372.549072
3196.078369
3058.823486
2480.392089
1784.313720
754.901977
-294.117645
-1284.313720
-2852.941162
-3156.862792
-3225.490234
-2686.274658
-2000.000000
-1117.647094
1176.470581
2009.803955
2764.706054
3068.627441
3176.470703
2754.902099
2235.294189
98.039215
-813.725524
-1676.470581
-2558.823486
-3009.803955
-3215.686279
-3039.215820
-1588.235351
-460.784332
578.431396
1460.784301
2323.529541
2911.764648
3176.470703
2529.411865
1833.333374
794.117675
-294.117645
-1245.098022
-2098.039306
-2794.117675
-3205.882324
-2676.470703
-2039.215698
-1088.235351
49.019607
980.392150
2705.882324
3039.215820
3186.274658
2803.921630
2303.921630
1460.784301
362.745117
-1666.666748
-2529.411865
-3009.803955
-3196.078369
-3029.411865
-2460.784423
-1715.686279
607.843139
1480.392211
2333.333496
2892.156982
3166.666748
3137.254882
2568.627441
1911.764770
921.568664
-166.666671
-2117.647216
-2803.921630
-3156.862792
-2705.882324
-2039.215698
-1068.627441
78.431373
980.392150
1843.137329
2607.843261
3196.078369
2794.117675
2264.705810
1431.372558
303.921569
-696.078430
-1558.823608
-3000.000000
-3196.078369
-3088.235351
-2500.000000
-1843.137329
-823.529418
264.705902
2137.254882
2774.509765
3137.254882
3186.274658
2696.078369
2088.235351
1186.274536
49.019607
-872.549011
-1745.098022
-2568.627441
-3019.607910
-3215.686279
-2990.196044
-2460.784423
-1676.470581
-578.431396
490.196075
2362.745117
2901.960937
3176.470703
3137.254882
2588.235351
1901.960815
911.764709
-1294.117675
-2147.058837
-2794.117675
-3127.450927
-3235.294189
-2764.706054
-2117.647216
68.627449
990.196105
1833.333374
2647.058837
3058.823486
3215.686279
2872.549072
2372.549072
1588.235351
480.392150
-1568.627441
-2460.784423
-2970.588378
-3196.078369
-3107.843261
-2519.607910
-1813.725463
509.803924
1362.745117
2254.902099
2852.941162
3156.862792
3215.686279
1872.549072
941.176513
-156.862747
-1137.254882
-1980.392211
-2774.509765
-3088.235351
-2754.902099
-2147.058837
-1245.098022
-107.843139
852.941162
1754.901977
2549.019775
3186.274658
2843.137207
2372.549072
1558.823608
460.784332
-568.627441
-1470.588256
-2343.137207
-2911.764648
-3186.274658
-3166.666748
-2588.235351
-1892.156860
401.960784
1284.313720
2127.450927
2803.921630
3107.843261
3196.078369
2715.686279
1019.607849
-107.843139
-1078.431396
-1931.372558
-2735.294189
-3078.431396
-3225.490234
-2176.470703
-1294.117675
-127.450981
852.941162
1705.882324
2519.607910
3019.607910
2892.156982
2411.764648
1598.039184
529.411804
-539.215698
-1441.176513
-2303.921630
-2862.745117
-3186.274658
-3196.078369
-1843.137329
-803.921569
294.117645
1264.705932
2098.039306
2774.509765
3117.647216
3186.274658
2745.098144
2166.666748
1284.313720
166.666671
-813.725524
-1705.882324
-2558.823486
-3000.000000
-3205.882324
-3078.431396
-1627.451049
-529.411804
509.803924
1392.156860
2245.098144
2823.529541
3147.058837
3176.470703
2686.274658
2009.803955
1058.823608
-68.627449
-960.784301
-1843.137329
-3078.431396
-3215.686279
-2784.313720
-2264.705810
-1392.156860
-264.705902
1745.098022
2549.019775
2990.196044
3186.274658
2990.196044
2441.176513
1676.470581
-617.647094
-1529.411743
-2392.156982
-2950.980468
-3176.470703
-3147.058837
-2558.823486
-725.490234
362.745117
1303.921630
2127.450927
2794.117675
3107.843261
3205.882324
2009.803955
1068.627441
-68.627449
-1009.803955
-1921.568603
-2705.882324
-3088.235351
-2784.313720
-2264.705810
-1372.549072
-225.490203
774.509826
1627.451049
2990.196044
3215.686279
3009.803955
2460.784423
1686.274536
598.039245
-450.980407
-2303.921630
-2892.156982
-3176.470703
-3186.274658
-2598.039306
-1960.784301
-941.176513
137.254898
1098.039184
1950.980468
3098.039306
3215.686279
2774.509765
2196.078369
1323.529418
186.274520
-745.098083
-2588.235351
-3039.215820
-3215.686279
-2950.980468
-2441.176513
-1647.058837
-568.627441
1519.607910
2392.156982
2911.764648
3176.470703
3127.450927
2578.431396
1862.745117
852.941162
-245.098037
-1176.470581
-2813.725585
-3147.058837
-3196.078369
-2754.902099
-2127.450927
-1215.686279
-49.019607
1892.156860
2656.862792
3029.411865
3186.274658
2843.137207
2333.333496
1509.803955
401.960784
-617.647094
-1480.392211
-2372.549072
-2941.176513
-3196.078369
-3127.450927
-2578.431396
-1872.549072
-862.745117
235.294128
2156.862792
2784.313720
3098.039306
3176.470703
2715.686279
2107.843261
1245.098022
107.843139
-872.549011
-1725.490234
-3098.039306
-3264.706054
-2882.353027
-2382.353027
-1568.627441
-431.372558
588.235290
2450.980468
2950.980468
3166.666748
3068.627441
2509.803955
1813.725463
794.117675
-1392.156860
-2264.705810
-2862.745117
-3186.274658
-3186.274658
-2666.666748
-2000.000000
-1107.843139
29.411766
960.784301
1823.529418
2607.843261
3019.607910
3215.686279
2941.176513
2392.156982
1617.647094
529.411804
-509.803924
-1411.764770
-2294.117675
-3186.274658
-3107.843261
-2539.215820
-1862.745117
-852.941162
284.313720
1215.686279
2823.529541
3166.666748
3205.882324
2705.882324
2058.823486
1147.058837
19.607843
-1941.176513
-2735.294189
-3088.235351
-3235.294189
-2794.117675
-2284.313720
-1431.372558
872.549011
1735.294189
2539.215820
3019.607910
3196.078369
3000.000000
2490.196044
1754.901977
735.294128
-362.745117
-2254.902099
-2872.549072
-3166.666748
-3205.882324
-2656.862792
-1990.196166
-1019.607849
1254.901977
2098.039306
2774.509765
3107.843261
3196.078369
2725.490234
1117.647094
9.803922
-872.549011
-1745.098022
-2568.627441
-3019.607910
-3186.274658
-2362.745117
-1529.411743
-352.941192
637.254943
1490.196166
2362.745117
2911.764648
3166.666748
3147.058837
2549.019775
754.901977
-352.941192
-1284.313720
-2137.254882
-2823.529541
-3127.450927
-3225.490234
-2009.803955
-1049.019653
98.039215
1009.803955
1862.745117
2686.274658
3049.019775
2754.902099
2245.098144
1411.764770
284.313720
-686.274536
-1568.627441
-2470.588378
-3215.686279
-3019.607910
-2450.980468
-1686.274536
-598.039245
500.000000
1323.529418
2156.862792
2784.313720
3098.039306
2627.450927
1990.196166
1009.803955
-107.843139
-1058.823608
-1950.980468
-2735.294189
-3235.294189
-2754.902099
-2186.274658
-1284.313720
-127.450981
843.137268
1686.274536
2509.803955
2980.392333
3166.666748
3029.411865
2470.588378
1705.882324
656.862731
-421.568634
-1372.549072
-2205.882324
-2862.745117
-3166.666748
-2578.431396
-1941.176513
-911.764709
176.470596
1147.058837
1990.196166
2725.490234
3049.019775
3196.078369
2784.313720
2264.705810
1421.568603
313.725494
-686.274536
-1549.019653
-2401.960937
-2950.980468
-3068.627441
-2470.588378
-1715.686279
-637.254943
450.980407
1352.941162
2186.274658
2823.529541
3147.058837
3176.470703
2666.666748
2049.019531
1127.451049
19.607843
-882.352966
-1794.117675
-2617.647216
-3039.215820
-2833.333496
-2333.333496
-1460.784301
-362.745117
656.862731
1509.803955
2372.549072
3176.470703
3078.431396
2490.196044
1754.901977
705.882385
-352.941192
-1303.921630
-2176.470703
-2813.725585
-3147.058837
-3235.294189
-2745.098144
-2098.039306
-1186.274536
-9.803922
852.941162
1735.294189
2558.823486
3196.078369
2852.941162
2362.745117
1529.411743
421.568634
-598.039245
-1500.000000
-2941.176513
-3196.078369
-3117.647216
-2539.215820
-1852.941162
-813.725524
264.705902
1205.882324
2049.019531
2754.902099
3098.039306
3205.882324
2735.294189
2176.470703
1333.333374
196.078430
-764.705871
-1627.451049
-3009.803955
-3205.882324
-2970.588378
-2431.372558
-1637.254882
-519.607849
519.607849
1382.353027
2264.705810
2833.333496
3127.450927
2558.823486
1892.156860
911.764709
-166.666671
-1107.843139
-2019.607910
-3127.450927
-3205.882324
-2764.706054
-2137.254882
-1235.294189
-78.431373
833.333374
2637.254882
3029.411865
3215.686279
2862.745117
2343.137207
1549.019653
431.372558
-568.627441
-1470.588256
-2343.137207
-2921.568603
-3186.274658
-3147.058837
-2568.627441
-1911.764770
-911.764709
186.274520
1137.254882
1980.392211
2745.098144
3068.627441
2754.902099
2156.862792
1254.901977
107.843139
-843.137268
-1715.686279
-2578.431396
-3215.686279
-2862.745117
-2352.941162
-1509.803955
-382.352935
647.058837
1509.803955
2931.372558
3176.470703
3088.235351
2519.607910
1784.313720
764.705871
-294.117645
-2235.294189
-2833.333496
-3147.058837
-3196.078369
-2696.078369
-2029.411743
-1078.431396
98.039215
990.196105
1823.529418
3058.823486
3196.078369
2803.921630
2294.117675
1441.176513
303.921569
-686.274536
-2549.019775
-3009.803955
-3215.686279
-3049.019775
-2480.392089
-1745.098022
568.627441
1450.980468
2294.117675
2862.745117
3156.862792
3186.274658
2598.039306
843.137268
-254.901962
-1196.078491
-2068.627441
-2784.313720
-3117.647216
-3225.490234
-2078.431396
-1117.647094
29.411766
931.372558
1803.921630
2598.039306
2990.196044
2843.137207
2343.137207
1529.411743
392.156860
-627.450988
-1490.196166
-2352.941162
-3205.882324
-3088.235351
-2519.607910
-1794.117675
-705.882385
372.549041
2245.098144
2833.333496
3147.058837
3186.274658
2666.666748
2000.000000
1166.666748
-1107.843139
-2009.803955
-2784.313720
-3098.039306
-3225.490234
-2784.313720
-2225.490234
-78.431373
852.941162
1696.078491
2519.607910
2970.588378
3196.078369
3029.411865
2480.392089
1725.490234
666.666687
-421.568634
-1352.941162
-2205.882324
-2852.941162
-3166.666748
-3235.294189
-2705.882324
-2029.411743
235.294128
1166.666748
2009.803955
2725.490234
3078.431396
3176.470703
2754.902099
2225.490234
1392.156860
235.294128
-1764.705932
-2607.843261
-3039.215820
-3225.490234
-2950.980468
-2431.372558
-1617.647094
686.274536
1529.411743
2382.353027
2921.568603
3156.862792
3117.647216
2549.019775
1872.549072
862.745117
-225.490203
-1186.274536
-2058.823486
-2794.117675
-3147.058837
-3235.294189
-2794.117675
-2176.470703
-1303.921630
-156.862747
823.529418
1686.274536
3019.607910
3186.274658
2872.549072
2382.353027
1607.843139
490.196075
-549.019592
-2401.960937
-2931.372558
-3215.686279
-3147.058837
-2588.235351
-1872.549072
-843.137268
1362.745117
2225.490234
2823.529541
3127.450927
3186.274658
2676.470703
2049.019531
1107.843139
-9.803922
-901.960815
-2686.274658
-3088.235351
-3225.490234
-2872.549072
-2362.745117
-1509.803955
-392.156860
1676.470581
2509.803955
2960.784423
3196.078369
3029.411865
2460.784423
1745.098022
725.490234
-372.549041
-1313.725463
-2882.353027
-3166.666748
-3215.686279
-1862.745117
-872.549011
205.882354
1156.862792
2029.411743
2764.706054
3098.039306
2735.294189
2127.450927
1254.901977
107.843139
-843.137268
-1715.686279
-2558.823486
-3039.215820
-3196.078369
-3009.803955
-1558.823608
-421.568634
598.039245
1480.392211
2352.941162
2901.960937
3166.666748
2509.803955
1794.117675
745.098083
-313.725494
-1284.313720
-2137.254882
-2823.529541
-3205.882324
-2656.862792
-2000.000000
-1127.451049
19.607843
911.764709
1764.705932
3058.823486
3205.882324
2823.529541
2303.921630
1480.392211
392.156860
-617.647094
-1509.803955
-2382.353027
-2911.764648
-3078.431396
-2509.803955
-1754.901977
-715.686279
362.745117
1303.921630
2166.666748
3147.058837
3156.862792
2627.450927
1990.196166
1058.823608
-78.431373
-1000.000000
-2725.490234
-3098.039306
-3215.686279
-2803.921630
-2284.313720
-1441.176513
872.549011
1705.882324
2549.019775
3009.803955
3235.294189
3019.607910
2450.980468
490.196075
-558.823547
-1460.784301
-2303.921630
-2911.764648
-3176.470703
-3196.078369
-1833.333374
-813.725524
284.313720
1254.901977
2068.627441
2774.509765
3088.235351
2705.882324
2058.823486
1127.451049
0.000000
-745.098083
-1617.647094
-2490.196044
-3215.686279
-2990.196044
-2441.176513
-1676.470581
-558.823547
500.000000
1333.333374
2186.274658
2803.921630
3107.843261
3186.274658
2696.078369
2078.431396
1147.058837
29.411766
-901.960815
-1774.509887
-2598.039306
-3235.294189
-2852.941162
-2333.333496
-1500.000000
-480.392150
578.431396
1450.980468
2970.588378
3137.254882
3098.039306
2519.607910
1833.333374
813.725524
-245.098037
-2176.470703
-2813.725585
-3147.058837
-3205.882324
-2745.098144
-2078.431396
-1137.254882
19.607843
901.960815
1774.509887
3068.627441
3205.882324
2833.333496
2333.333496
1529.411743
392.156860
-607.843139
-2460.784423
-2970.588378
-3186.274658
-3088.235351
-2519.607910
-1774.509887
519.607849
1392.156860
2274.509765
2833.333496
3137.254882
3186.274658
2627.450927
911.764709
-147.058822
-1156.862792
-2000.000000
-2735.294189
-3088.235351
-3235.294189
-2803.921630
-2264.705810
-1411.764770
872.549011
1715.686279
2529.411865
3000.000000
3186.274658
3058.823486
2480.392089
558.823547
-509.803924
-1401.960815
-2284.313720
-2882.353027
-3137.254882
-3205.882324
-1892.156860
-872.549011
235.294128
1176.470581
2009.803955
2745.098144
3078.431396
2715.686279
2127.450927
1196.078491
98.039215
-823.529418
-1705.882324
-2539.215820
-3205.882324
-2911.764648
-2392.156982
-1588.235351
-421.568634
607.843139
2421.568603
2980.392333
3205.882324
3098.039306
2519.607910
1823.529418
803.921569
-1392.156860
-2245.098144
-2843.137207
-3156.862792
-3205.882324
-2686.274658
-2009.803955
235.294128
1186.274536
2029.411743
2745.098144
3107.843261
3215.686279
2754.902099
1205.882324
68.627449
-862.745117
-1735.294189
-2598.039306
-3009.803955
-3225.490234
-2382.353027
-1549.019653
-421.568634
598.039245
1480.392211
2372.549072
3186.274658
3039.215820
2490.196044
1794.117675
774.509826
-303.921569
-1284.313720
-2843.137207
-3147.058837
-3235.294189
-2686.274658
-2019.607910
-1068.627441
49.019607
1980.392211
2754.902099
3078.431396
3196.078369
2764.706054
2254.902099
1441.176513
-843.137268
-1725.490234
-2549.019775
-3019.607910
-3225.490234
-3019.607910
-1578.431396
-421.568634
588.235290
1490.196166
2362.745117
2901.960937
3156.862792
2500.000000
1852.941162
882.352966
-186.274520
-1176.470581
-2029.411743
-2774.509765
-3205.882324
-2764.706054
-2107.843261
-1186.274536
-19.607843
872.549011
1745.098022
2558.823486
2990.196044
3205.882324
2352.941162
1529.411743
431.372558
-598.039245
-1470.588256
-2362.745117
-2911.764648
-3088.235351
-2509.803955
-1794.117675
-715.686279
362.745117
1284.313720
2147.058837
3117.647216
3156.862792
2656.862792
2000.000000
1127.451049
9.803922
-843.137268
-2647.058837
-3039.215820
-3215.686279
-2882.353027
-2362.745117
-1539.215698
-411.764709
607.843139
1480.392211
2323.529541
3186.274658
3058.823486
2500.000000
1882.353027
843.137268
-245.098037
-1186.274536
-2823.529541
-3156.862792
-3205.882324
-2725.490234
-2019.607910
-1137.254882
0.000000
794.117675
1627.451049
2480.392089
2980.392333
3166.666748
3039.215820
2490.196044
1774.509887
745.098083
-313.725494
-1284.313720
-2843.137207
-3166.666748
-3215.686279
-2686.274658
-2029.411743
-1039.215698
107.843139
1058.823608
1950.980468
2705.882324
3205.882324
2735.294189
2205.882324
1323.529418
176.470596
-774.509826
-1647.058837
-3039.215820
-3245.098144
-2950.980468
-2431.372558
-1627.451049
-529.411804
519.607849
2372.549072
2931.372558
3196.078369
3127.450927
2529.411865
1872.549072
892.156860
-166.666671
-1156.862792
-2009.803955
-3147.058837
-3196.078369
-2784.313720
-2127.450927
-1225.490234
-78.431373
862.745117
2676.470703
3058.823486
3215.686279
2843.137207
2362.745117
1568.627441
470.588256
-588.235290
-1450.980468
-2343.137207
-3205.882324
-3117.647216
-2539.215820
-647.058837
421.568634
1343.137329
2196.078369
2823.529541
3137.254882
3196.078369
1950.980468
970.588256
-98.039215
-1019.607849
-1911.764770
-2676.470703
-3078.431396
-3254.902099
-2833.333496
-2313.725585
-205.882354
784.313720
1627.451049
2470.588378
2950.980468
3186.274658
3068.627441
1647.058837
558.823547
-500.000000
-1343.137329
-2205.882324
-2852.941162
-3166.666748
-2637.254882
-1950.980468
-941.176513
166.666671
1098.039184
1931.372558
2705.882324
3225.490234
2764.706054
2156.862792
1294.117675
166.666671
-794.117675
-1686.274536
-3049.019775
-3225.490234
-2901.960937
-2411.764648
-1578.431396
-431.372558
1607.843139
2470.588378
2950.980468
3215.686279
3088.235351
2480.392089
1774.509887
-490.196075
-1401.960815
-2264.705810
-2852.941162
-3176.470703
-3215.686279
-2676.470703
-911.764709
176.470596
1098.039184
1980.392211
2745.098144
3098.039306
3205.882324
2156.862792
1274.509887
147.058822
-813.725524
-1705.882324
-2539.215820
-3000.000000
-3009.803955
-2441.176513
-1647.058837
-558.823547
519.607849
1392.156860
2901.960937
3156.862792
3117.647216
2529.411865
1882.353027
882.352966
-176.470596
-2107.843261
-2784.313720
-3127.450927
-3215.686279
-2764.706054
-2147.058837
-1245.098022
-107.843139
852.941162
1725.490234
3049.019775
3215.686279
2862.745117
2362.745117
1539.215698
450.980407
-578.431396
-2401.960937
-2980.392333
-3205.882324
-3088.235351
-2549.019775
-1823.529418
-754.901977
1382.353027
2264.705810
2833.333496
3166.666748
3196.078369
2656.862792
2000.000000
1147.058837
0.000000
-745.098083
-1617.647094
-2470.588378
-2990.196044
-3205.882324
-3068.627441
-2529.411865
-1735.294189
-676.470581
382.352935
1333.333374
2176.470703
2794.117675
3117.647216
3205.882324
2715.686279
2068.627441
1147.058837
49.019607
-843.137268
-1735.294189
-2578.431396
-3029.411865
-3215.686279
-2352.941162
-1519.607910
-392.156860
627.450988
1470.588256
2323.529541
2872.549072
3088.235351
2529.411865
1784.313720
774.509826
-323.529418
-1274.509887
-2098.039306
-2784.313720
-3127.450927
-3225.490234
-2049.019531
-1088.235351
58.823532
970.588256
1823.529418
2607.843261
3019.607910
2803.921630
2303.921630
1450.980468
343.137268
-666.666687
-1549.019653
-2411.764648
-3205.882324
-3058.823486
-2470.588378
-1735.294189
-676.470581
421.568634
2284.313720
2833.333496
3147.058837
3186.274658
2627.450927
1990.196166
1019.607849
-1245.098022
-2098.039306
-3156.862792
-3205.882324
-2715.686279
-2049.019531
-1107.843139
49.019607
941.176513
2705.882324
3078.431396
3215.686279
2784.313720
2303.921630
1470.588256
343.137268
-647.058837
-1549.019653
-2421.568603
-2941.176513
-3186.274658
-3127.450927
-2558.823486
-1862.745117
460.784332
1372.549072
2215.686279
2823.529541
3117.647216
3215.686279
2676.470703
2039.215698
1098.039184
-9.803922
-892.156860
-1764.705932
-2598.039306
-3029.411865
-3225.490234
-2990.196044
-2450.980468
-1666.666748
-558.823547
519.607849
1392.156860
2254.902099
2843.137207
3147.058837
3176.470703
1921.568603
931.372558
-147.058822
-1117.647094
-1980.392211
-2764.706054
-3078.431396
-2784.313720
-2147.058837
-1254.901977
-117.647064
843.137268
1725.490234
3019.607910
3186.274658
2843.137207
2372.549072
1568.627441
450.980407
-558.823547
-2431.372558
-2950.980468
-3196.078369
-3127.450927
-2558.823486
-1833.333374
-794.117675
1382.353027
2264.705810
2843.137207
3117.647216
3166.666748
2656.862792
2000.000000
1147.058837
19.607843
-872.549011
-2666.666748
-3058.823486
-3235.294189
-2843.137207
-1392.156860
-245.098037
745.098083
1558.823608
2431.372558
2970.588378
3000.000000
2490.196044
1774.509887
745.098083
-323.529418
-1294.117675
-2166.666748
-3176.470703
-3205.882324
-2686.274658
-2009.803955
-1029.411743
107.843139
1068.627441
2764.706054
3088.235351
3196.078369
2735.294189
2186.274658
1313.725463
147.058822
-1813.725463
-2647.058837
-3039.215820
-3225.490234
-2901.960937
-2382.353027
-1558.823608
-450.980407
539.215698
1450.980468
2941.176513
3156.862792
3058.823486
2509.803955
1823.529418
823.529418
-245.098037
-2156.862792
-2813.725585
-3147.058837
-3215.686279
-2735.294189
-2088.235351
-1147.058837
9.803922
862.745117
1705.882324
2539.215820
3009.803955
3186.274658
3000.000000
2490.196044
1794.117675
705.882385
-372.549041
-2274.509765
-2882.353027
-3166.666748
-3205.882324
-2637.254882
-2000.000000
-1117.647094
1176.470581
2019.607910
2735.294189
3068.627441
3205.882324
2764.706054
2196.078369
1352.941162
225.490203
-725.490234
-1617.647094
-2480.392089
-2980.392333
-3205.882324
-3088.235351
-2509.803955
-1803.921630
-725.490234
1421.568603
2303.921630
2862.745117
3137.254882
3156.862792
2607.843261
1950.980468
1009.803955
-127.450981
-1088.235351
-1970.588256
-2754.902099
-3098.039306
-3205.882324
-2813.725585
-2284.313720
-1421.568603
-264.705902
1745.098022
2578.431396
3000.000000
3186.274658
3039.215820
2490.196044
1715.686279
686.274536
-382.352935
-1333.333374
-2872.549072
-3166.666748
-3205.882324
-2627.450927
-1980.392211
-950.980407
98.039215
1990.196166
2735.294189
3088.235351
3205.882324
2784.313720
2205.882324
1343.137329
-911.764709
-1784.313720
-2617.647216
-3039.215820
-3205.882324
-2911.764648
-1441.176513
-323.529418
676.470581
1549.019653
2421.568603
2941.176513
3196.078369
2490.196044
1735.294189
656.862731
-411.764709
-1343.137329
-2205.882324
-2833.333496
-3186.274658
-2598.039306
-1960.784301
-950.980407
127.450981
1058.823608
1931.372558
3088.235351
3176.470703
2754.902099
2176.470703
1323.529418
196.078430
-784.313720
-2578.431396
-3029.411865
-3225.490234
-2990.196044
-2441.176513
-1607.843139
676.470581
1539.215698
2401.960937
2921.568603
3166.666748
3078.431396
2529.411865
715.686279
-362.745117
-1303.921630
-2166.666748
-2823.529541
-3156.862792
-3225.490234
-1980.392211
-980.392150
127.450981
1078.431396
1931.372558
2725.490234
3078.431396
3196.078369
2784.313720
2284.313720
176.470596
-784.313720
-1637.254882
-2509.803955
-3000.000000
-3196.078369
-3107.843261
-1696.078491
-627.450988
441.176483
1362.745117
2225.490234
2823.529541
3137.254882
2588.235351
1921.568603
970.588256
-137.254898
-1107.843139
-1990.196166
-2754.902099
-3235.294189
-2784.313720
-2137.254882
-1225.490234
-88.235298
852.941162
1715.686279
2539.215820
2990.196044
3196.078369
3019.607910
2470.588378
1725.490234
666.666687
-411.764709
-1352.941162
-2196.078369
-2852.941162
-3147.058837
-3196.078369
-2725.490234
-990.196105
98.039215
1009.803955
1882.353027
2666.666748
3049.019775
3196.078369
2264.705810
1411.764770
274.509796
-705.882385
-1568.627441
-2470.588378
-2990.196044
-3029.411865
-2470.588378
-1686.274536
-598.039245
480.392150
1362.745117
2882.353027
3166.666748
3166.666748
2588.235351
1931.372558
931.372558
-156.862747
-2098.039306
-2794.117675
-3137.254882
-3215.686279
-2774.509765
-2147.058837
-1245.098022
1049.019653
1931.372558
2696.078369
3058.823486
3176.470703
2794.117675
2323.529541
1460.784301
352.941192
-637.254943
-2509.803955
-2960.784423
-3196.078369
-3068.627441
-2509.803955
-1774.509887
-705.882385
1450.980468
2313.725585
2862.745117
3176.470703
3156.862792
2607.843261
1941.176513
990.196105
-78.431373
-1039.215698
-1921.568603
-2725.490234
-3078.431396
-3215.686279
-2803.921630
-2313.725585
-1460.784301
-323.529418
1715.686279
2558.823486
2980.392333
3205.882324
3009.803955
2460.784423
1686.274536
607.843139
-450.980407
-1401.960815
-2921.568603
-3166.666748
-3176.470703
-2588.235351
-1931.372558
-931.372558
196.078430
2088.235351
2774.509765
3088.235351
3196.078369
2754.902099
2166.666748
1274.509887
137.254898
-823.529418
-1686.274536
-2578.431396
-3009.803955
-3205.882324
-2990.196044
-2460.784423
-1676.470581
-607.843139
470.588256
1382.353027
2245.098144
2843.137207
3156.862792
2578.431396
1931.372558
950.980407
-127.450981
-1088.235351
-1960.784301
-3127.450927
-3225.490234
-2774.509765
-2166.666748
-1264.705932
-137.254898
862.745117
2627.450927
2980.392333
3196.078369
2872.549072
2392.156982
1598.039184
470.588256
-1598.039184
-2460.784423
-3000.000000
-3205.882324
-3127.450927
-2539.215820
-1862.745117
-843.137268
284.313720
1225.490234
2803.921630
3107.843261
3205.882324
2696.078369
2058.823486
1176.470581
39.215686
-1911.764770
-2705.882324
-3078.431396
-3235.294189
-2833.333496
-2294.117675
-176.470596
794.117675
1656.862792
2519.607910
2960.784423
3176.470703
3019.607910
1617.647094
558.823547
-480.392150
-1401.960815
-2254.902099
-2862.745117
-3156.862792
-2578.431396
-1862.745117
-852.941162
235.294128
1176.470581
2049.019531
2764.706054
3196.078369
2735.294189
2068.627441
1225.490234
78.431373
-833.333374
-1715.686279
-2568.627441
-3019.607910
-3205.882324
-2362.745117
-1549.019653
-411.764709
1637.254882
2470.588378
2960.784423
3176.470703
3049.019775
2500.000000
1852.941162
-431.372558
-1382.353027
-2235.294189
-2862.745117
-3166.666748
-3205.882324
-2656.862792
-921.568664
186.274520
1147.058837
1980.392211
2745.098144
3039.215820
3186.274658
2147.058837
1254.901977
127.450981
-833.333374
-1705.882324
-2549.019775
-3029.411865
-2892.156982
-2392.156982
-1558.823608
-431.372558
607.843139
1470.588256
2950.980468
3186.274658
3088.235351
2529.411865
1794.117675
803.921569
-294.117645
-2225.490234
-2843.137207
-3166.666748
-3196.078369
-2705.882324
-2039.215698
-1078.431396
1215.686279
2068.627441
2784.313720
3117.647216
3215.686279
2764.706054
2156.862792
1313.725463
147.058822
-803.921569
-1686.274536
-2558.823486
-3019.607910
-3205.882324
-3029.411865
-2470.588378
-1715.686279
-607.843139
1500.000000
2303.921630
2862.745117
3156.862792
3176.470703
2598.039306
1970.588256
1009.803955
-127.450981
-1098.039184
-2803.921630
-3147.058837
-3215.686279
-2754.902099
-2176.470703
-1294.117675
-127.450981
1872.549072
2637.254882
3039.215820
3196.078369
2852.941162
2352.941162
1539.215698
421.568634
-588.235290
-1480.392211
-2980.392333
-3196.078369
-3088.235351
-1656.862792
-568.627441
490.196075
1362.745117
2245.098144
2823.529541
3137.254882
2558.823486
1901.960815
921.568664
-147.058822
-1117.647094
-2000.000000
-2735.294189
-3215.686279
-2784.313720
-2186.274658
-1303.921630
-137.254898
843.137268
1676.470581
3019.607910
3205.882324
2941.176513
2401.960937
1607.843139
529.411804
-529.411804
-2411.764648
-2931.372558
-3196.078369
-3117.647216
-2568.627441
-1862.745117
-813.725524
303.921569
1225.490234
2058.823486
2754.902099
3098.039306
3176.470703
2019.607910
1147.058837
19.607843
-882.352966
-1735.294189
-2578.431396
-3049.019775
-2852.941162
-2343.137207
-1509.803955
-392.156860
637.254943
1509.803955
2362.745117
2892.156982
3166.666748
3137.254882
2558.823486
1892.156860
901.960815
-156.862747
-1156.862792
-1990.196166
-2774.509765
-3098.039306
-3235.294189
-2784.313720
-2245.098144
-78.431373
852.941162
1715.686279
2549.019775
2990.196044
3196.078369
2990.196044
1578.431396
480.392150
-558.823547
-1441.176513
-2313.725585
-2911.764648
-3176.470703
-2549.019775
-1813.725463
-774.509826
323.529418
1254.901977
2088.235351
2794.117675
3196.078369
2676.470703
2058.823486
1117.647094
-29.411766
-911.764709
-1774.509887
-3078.431396
-3235.294189
-2833.333496
-2303.921630
-1460.784301
-343.137268
1735.294189
2549.019775
2950.980468
3166.666748
2990.196044
2460.784423
1696.078491
-598.039245
-1490.196166
-2382.353027
-2950.980468
-3215.686279
-3156.862792
-2558.823486
-754.901977
362.745117
1303.921630
2127.450927
2774.509765
3088.235351
3176.470703
2735.294189
2127.450927
1245.098022
127.450981
-852.941162
-1705.882324
-2558.823486
-3019.607910
-3205.882324
-3039.215820
-1549.019653
-431.372558
607.843139
1470.588256
2343.137207
2911.764648
3156.862792
3137.254882
2578.431396
1921.568603
921.568664
-147.058822
-1117.647094
-1980.392211
-2774.509765
-3098.039306
-3235.294189
-2794.117675
-1235.294189
-107.843139
882.352966
1735.294189
2549.019775
3000.000000
3186.274658
2411.764648
1617.647094
539.215698
-509.803924
-1441.176513
-2284.313720
-2901.960937
-3147.058837
-2578.431396
-1882.353027
-852.941162
264.705902
1205.882324
2823.529541
3127.450927
3215.686279
2696.078369
2078.431396
1166.666748
29.411766
-1892.156860
-2705.882324
-3058.823486
-3205.882324
-2823.529541
-2333.333496
-1460.784301
833.333374
1696.078491
2549.019775
3000.000000
3205.882324
3078.431396
2509.803955
578.431396
-480.392150
-1392.156860
-2254.902099
-2852.941162
-3176.470703
-3215.686279
-2656.862792
-1990.196166
-1029.411743
117.647064
1078.431396
1941.176513
2725.490234
3078.431396
3186.274658
2823.529541
2294.117675
1421.568603
303.921569
-715.686279
-2549.019775
-3019.607910
-3215.686279
-3039.215820
-1617.647094
-480.392150
549.019592
1431.372558
2323.529541
2872.549072
3117.647216
2509.803955
1833.333374
813.725524
-264.705902
-1215.686279
-2098.039306
-3137.254882
-3205.882324
-2715.686279
-2039.215698
-1098.039184
39.215686
960.784301
2705.882324
3058.823486
3215.686279
2784.313720
2284.313720
1460.784301
362.745117
-637.254943
-1539.215698
-2411.764648
-3176.470703
-3068.627441
-2509.803955
-1735.294189
-666.666687
411.764709
1333.333374
2892.156982
3196.078369
3166.666748
2607.843261
1931.372558
990.196105
-78.431373
-2019.607910
-2764.706054
-3117.647216
-3225.490234
-2794.117675
-2254.902099
-78.431373
833.333374
1715.686279
2549.019775
3000.000000
3186.274658
3049.019775
1647.058837
558.823547
-509.803924
-1411.764770
-2284.313720
-2882.353027
-3156.862792
-3176.470703
-2637.254882
-2000.000000
-1078.431396
58.823532
990.196105
1833.333374
2637.254882
3029.411865
3196.078369
2872.549072
2372.549072
1578.431396
490.196075
-519.607849
-2401.960937
-2950.980468
-3196.078369
-3137.254882
-2558.823486
-1872.549072
-862.745117
1362.745117
2196.078369
2833.333496
3156.862792
3166.666748
2666.666748
2019.607910
1107.843139
-29.411766
-960.784301
-2725.490234
-3098.039306
-2784.313720
-2205.882324
-1323.529418
-176.470596
794.117675
1647.058837
2509.803955
3000.000000
3205.882324
3088.235351
2509.803955
1803.921630
784.313720
-284.313720
-1245.098022
-2823.529541
-3166.666748
-3205.882324
-2696.078369
-2039.215698
-1078.431396
49.019607
1950.980468
2715.686279
3088.235351
3205.882324
2764.706054
2254.902099
1450.980468
323.529418
-676.470581
-1549.019653
-2450.980468
-2980.392333
-3215.686279
-3098.039306
-2558.823486
-1833.333374
-794.117675
333.333343
2196.078369
2823.529541
3137.254882
3176.470703
2696.078369
2068.627441
1127.451049
9.803922
-852.941162
-1715.686279
-2568.627441
-3029.411865
-3235.294189
-2980.392333
-2460.784423
-1627.451049
-529.411804
529.411804
2382.353027
2941.176513
3156.862792
3127.450927
2519.607910
1901.960815
882.352966
-1313.725463
-2166.666748
-2833.333496
-3186.274658
-3215.686279
-2696.078369
-980.392150
88.235298
1009.803955
1892.156860
2696.078369
3068.627441
3205.882324
2235.294189
1362.745117
235.294128
-764.705871
-1617.647094
-2480.392089
-2970.588378
-2990.196044
-2450.980468
-1666.666748
-578.431396
480.392150
1382.353027
2245.098144
3147.058837
3137.254882
2568.627441
1931.372558
921.568664
-156.862747
-1127.451049
-2784.313720
-3156.862792
-3235.294189
-2764.706054
-2137.254882
-1235.294189
1078.431396
1931.372558
2696.078369
3049.019775
3196.078369
2803.921630
2294.117675
186.274520
-774.509826
-1627.451049
-2509.803955
-2990.196044
-3196.078369
-3068.627441
-1647.058837
-549.019592
519.607849
1411.764770
2245.098144
2833.333496
3137.254882
2568.627441
1931.372558
931.372558
-176.470596
-1127.451049
-2009.803955
-2754.902099
-3215.686279
-2764.706054
-2166.666748
-1254.901977
-88.235298
843.137268
2617.647216
3009.803955
3196.078369
2901.960937
2421.568603
1617.647094
519.607849
-1558.823608
-2441.176513
-2990.196044
-3176.470703
-3107.843261
-2539.215820
-1843.137329
490.196075
1382.353027
2205.882324
2813.725585
3127.450927
3186.274658
2696.078369
2049.019531
1117.647094
-19.607843
-950.980407
-1794.117675
-2627.450927
-3039.215820
-3225.490234
-2921.568603
-2401.960937
-1578.431396
715.686279
1588.235351
2431.372558
2941.176513
3166.666748
3068.627441
2490.196044
617.647094
-450.980407
-1343.137329
-2205.882324
-2843.137207
-3156.862792
-3205.882324
-1911.764770
-921.568664
156.862747
1147.058837
1990.196166
2745.098144
3205.882324
2764.706054
2176.470703
1303.921630
166.666671
-803.921569
-1676.470581
-3068.627441
-3215.686279
-2901.960937
-2392.156982
-1598.039184
-500.000000
490.196075
1392.156860
2284.313720
2852.941162
3137.254882
3176.470703
2647.058837
2019.607910
-176.470596
-1156.862792
-2009.803955
-2764.706054
-3107.843261
-3235.294189
-2823.529541
-1215.686279
-58.823532
862.745117
1735.294189
2568.627441
3029.411865
2833.333496
2362.745117
1529.411743
431.372558
-598.039245
-1500.000000
-2303.921630
-3176.470703
-3137.254882
-2549.019775
-1852.941162
-823.529418
254.901962
1196.078491
2049.019531
2784.313720
3098.039306
2696.078369
2078.431396
1186.274536
39.215686
-872.549011
-1735.294189
-2588.235351
-3225.490234
-2872.549072
-2401.960937
-1558.823608
-421.568634
598.039245
1470.588256
3000.000000
3186.274658
3147.058837
2558.823486
1892.156860
872.549011
-205.882354
-2127.450927
-2803.921630
-3127.450927
-3235.294189
-2764.706054
-2117.647216
-1205.882324
-39.215686
892.156860
1715.686279
3039.215820
3205.882324
2872.549072
2382.353027
1558.823608
450.980407
-558.823547
-2431.372558
-2980.392333
-3205.882324
-3088.235351
-2519.607910
-1852.941162
-784.313720
1372.549072
2235.294189
2833.333496
3147.058837
3176.470703
2676.470703
2029.411743
1088.235351
-49.019607
-950.980407
-2745.098144
-3078.431396
-3225.490234
-2794.117675
-2313.725585
-1460.784301
-343.137268
1696.078491
2509.803955
2970.588378
3186.274658
3029.411865
2470.588378
470.588256
-539.215698
-1441.176513
-2333.333496
-2911.764648
-3186.274658
-3166.666748
-1813.725463
-735.294128
362.745117
1264.705932
2107.843261
2774.509765
3088.235351
2656.862792
2019.607910
1058.823608
-49.019607
-960.784301
-1803.921630
-2647.058837
-3225.490234
-2813.725585
-2313.725585
-1460.784301
-323.529418
696.078430
1539.215698
2401.960937
2901.960937
3166.666748
2480.392089
1715.686279
666.666687
-1460.784301
-2343.137207
-2882.353027
-3166.666748
-3176.470703
-2607.843261
-1950.980468
323.529418
1254.901977
2098.039306
2754.902099
3098.039306
3205.882324
2754.902099
1166.666748
29.411766
-911.764709
-1794.117675
-2588.235351
-3029.411865
-3215.686279
-2931.372558
-2431.372558
-1598.039184
705.882385
1568.627441
2441.176513
3196.078369
3009.803955
2460.784423
1696.078491
627.450988
-431.372558
-1352.941162
-2852.941162
-3147.058837
-3225.490234
-2637.254882
-1960.784301
-970.588256
137.254898
1078.431396
1941.176513
2754.902099
3186.274658
2745.098144
2196.078369
1284.313720
176.470596
-774.509826
-1647.058837
-3029.411865
-3235.294189
-2960.784423
-2431.372558
-1617.647094
-500.000000
480.392150
2333.333496
2882.353027
3186.274658
3156.862792
2578.431396
1901.960815
921.568664
-1274.509887
-2117.647216
-2794.117675
-3147.058837
-3235.294189
-2764.706054
-2127.450927
-1225.490234
-58.823532
862.745117
1754.901977
2539.215820
3000.000000
3166.666748
3049.019775
2490.196044
1754.901977
-549.019592
-1421.568603
-2313.725585
-3196.078369
-3127.450927
-2568.627441
-1852.941162
-803.921569
284.313720
1235.294189
2813.725585
3127.450927
3196.078369
2686.274658
2009.803955
1137.254882
-9.803922
-1911.764770
-2696.078369
-3058.823486
-3215.686279
-2823.529541
-2313.725585
-1470.588256
-333.333343
696.078430
1549.019653
3000.000000
3196.078369
3078.431396
2529.411865
1823.529418
784.313720
-323.529418
-2245.098144
-2852.941162
-3147.058837
-3205.882324
-2705.882324
-1990.196166
-1068.627441
1205.882324
2068.627441
2774.509765
3098.039306
3205.882324
2764.706054
1176.470581
58.823532
-862.745117
-1745.098022
-2598.039306
-3029.411865
-3205.882324
-2980.392333
-2441.176513
-1637.254882
-529.411804
549.019592
1421.568603
2284.313720
2852.941162
3127.450927
3156.862792
2637.254882
1970.588256
1009.803955
-88.235298
-1029.411743
-2784.313720
-3117.647216
-3215.686279
-2784.313720
-2205.882324
-1303.921630
-156.862747
1843.137329
2637.254882
3039.215820
3166.666748
2872.549072
2392.156982
294.117645
-676.470581
-1558.823608
-2450.980468
-2960.784423
-3205.882324
-3088.235351
-1686.274536
-588.235290
490.196075
1372.549072
2215.686279
2833.333496
3117.647216
2568.627441
1941.176513
931.372558
-166.666671
-1107.843139
-2000.000000
-2725.490234
-3088.235351
-3225.490234
-2794.117675
-1323.529418
-156.862747
833.333374
1676.470581
2509.803955
2970.588378
3186.274658
2411.764648
1598.039184
490.196075
-1549.019653
-2421.568603
-2950.980468
-3205.882324
-3117.647216
-2549.019775
-1852.941162
480.392150
1372.549072
2235.294189
2843.137207
3166.666748
3215.686279
2696.078369
960.784301
-117.647064
-1088.235351
-1950.980468
-2745.098144
-3098.039306
-3225.490234
-2166.666748
-1254.901977
-147.058822
823.529418
1705.882324
2529.411865
3196.078369
2852.941162
2382.353027
1568.627441
490.196075
-529.411804
-1460.784301
-2970.588378
-3215.686279
-3137.254882
-2549.019775
-1882.353027
-813.725524
284.313720
2196.078369
2823.529541
3137.254882
3186.274658
2686.274658
1990.196166
1127.451049
0.000000
-784.313720
-1666.666748
-2529.411865
-3009.803955
-3205.882324
-3039.215820
-2490.196044
-1686.274536
-627.450988
441.176483
2313.725585
2882.353027
3186.274658
3147.058837
2617.647216
1970.588256
970.588256
-1264.705932
-2127.450927
-2813.725585
-3127.450927
-3235.294189
-2754.902099
-2078.431396
39.215686
980.392150
1803.921630
2627.450927
3019.607910
3186.274658
2921.568603
2421.568603
1627.451049
539.215698
-519.607849
-1411.764770
-2284.313720
-2872.549072
-3166.666748
-3205.882324
-2656.862792
-1970.588256
294.117645
1235.294189
2088.235351
2774.509765
3107.843261
3176.470703
2725.490234
2156.862792
1294.117675
156.862747
-813.725524
-1705.882324
-2529.411865
-3019.607910
-3215.686279
-3039.215820
-2470.588378
-1696.078491
607.843139
1480.392211
2372.549072
2901.960937
3137.254882
3156.862792
2549.019775
1931.372558
901.960815
-166.666671
-2107.843261
-2784.313720
-3117.647216
-2686.274658
-2009.803955
-1078.431396
58.823532
980.392150
1823.529418
2637.254882
3176.470703
2784.313720
2313.725585
1470.588256
333.333343
-666.666687
-1549.019653
-3009.803955
-3205.882324
-3078.431396
-2480.392089
-1725.490234
-647.058837
421.568634
2303.921630
2872.549072
3147.058837
3156.862792
2598.039306
1950.980468
1019.607849
-88.235298
-1039.215698
-1921.568603
-2715.686279
-3068.627441
-3215.686279
-2784.313720
-2294.117675
-1450.980468
-284.313720
696.078430
2519.607910
3009.803955
3196.078369
3029.411865
2441.176513
1696.078491
656.862731
-411.764709
-1352.941162
-2215.686279
-3176.470703
-3176.470703
-2627.450927
-862.745117
254.901962
1176.470581
2019.607910
2754.902099
3088.235351
3205.882324
2029.411743
1176.470581
49.019607
-843.137268
-1745.098022
-2558.823486
-3009.803955
-2892.156982
-2372.549072
-1519.607910
-421.568634
627.450988
1470.588256
2323.529541
3166.666748
3098.039306
2509.803955
1813.725463
774.509826
-274.509796
-1235.294189
-2088.235351
-2784.313720
-3137.254882
-2715.686279
-2039.215698
-1068.627441
88.235298
980.392150
1843.137329
2637.254882
3235.294189
2774.509765
2264.705810
1441.176513
352.941192
-676.470581
-1519.607910
-2411.764648
-2931.372558
-3205.882324
-3107.843261
-2539.215820
-1882.353027
-803.921569
313.725494
1245.098022
2078.431396
2774.509765
3186.274658
2735.294189
2039.215698
1127.451049
-9.803922
-872.549011
-1745.098022
-3039.215820
-3225.490234
-2872.549072
-2382.353027
-1519.607910
-421.568634
607.843139
1490.196166
2352.941162
2892.156982
3176.470703
3127.450927
2549.019775
1901.960815
931.372558
-147.058822
-1137.254882
-1990.196166
-3107.843261
-3225.490234
-2764.706054
-2117.647216
-1235.294189
-98.039215
823.529418
2627.450927
3029.411865
3196.078369
2862.745117
2382.353027
1568.627441
480.392150
-558.823547
-1470.588256
-2333.333496
-2901.960937
-3166.666748
-3186.274658
-2607.843261
-1950.980468
-931.372558
166.666671
1137.254882
2764.706054
3088.235351
3205.882324
2745.098144
2127.450927
1264.705932
117.647064
-803.921569
-1686.274536
-2578.431396
-3009.803955
-3215.686279
-3000.000000
-2500.000000
-1813.725463
-774.509826
343.137268
1274.509887
2843.137207
3107.843261
3147.058837
2676.470703
1990.196166
1098.039184
-39.215686
-1970.588256
-2745.098144
-3088.235351
-3235.294189
-2784.313720
-2254.902099
-1411.764770
882.352966
1745.098022
2558.823486
3009.803955
3176.470703
2990.196044
1549.019653
480.392150
-568.627441
-1460.784301
-2343.137207
-2921.568603
-3196.078369
-2529.411865
-1843.137329
-784.313720
343.137268
1264.705932
2117.647216
2774.509765
3186.274658
2696.078369
2009.803955
1117.647094
-9.803922
-872.549011
-1754.901977
-3068.627441
-3215.686279
-2843.137207
-2313.725585
-1490.196166
-343.137268
647.058837
1490.196166
2382.353027
2931.372558
3049.019775
2480.392089
1774.509887
-529.411804
-1411.764770
-2284.313720
-2901.960937
-3186.274658
-3186.274658
-2617.647216
-852.941162
264.705902
1215.686279
2039.215698
2774.509765
3068.627441
3196.078369
2774.509765
2196.078369
1343.137329
-960.784301
-1833.333374
-2686.274658
-3068.627441
-3225.490234
-2901.960937
-2392.156982
-303.921569
696.078430
1588.235351
2421.568603
2941.176513
3176.470703
3078.431396
1715.686279
656.862731
-431.372558
-1362.745117
-2215.686279
-2852.941162
-3166.666748
-2588.235351
-1960.784301
-911.764709
186.274520
1107.843139
1980.392211
3107.843261
3196.078369
2764.706054
2098.039306
1264.705932
147.058822
-794.117675
-2656.862792
-3029.411865
-3235.294189
-2892.156982
-2411.764648
-1568.627441
-411.764709
1598.039184
2450.980468
2970.588378
3176.470703
3078.431396
2500.000000
1892.156860
-401.960784
-1343.137329
-2215.686279
-2833.333496
-3166.666748
-3196.078369
-1960.784301
-960.784301
147.058822
1078.431396
1950.980468
2705.882324
3049.019775
3196.078369
2803.921630
2303.921630
1490.196166
313.725494
-666.666687
-1558.823608
-2421.568603
-2970.588378
-3205.882324
-3107.843261
-2529.411865
-1852.941162
-794.117675
333.333343
2225.490234
2823.529541
3137.254882
3166.666748
2676.470703
2058.823486
1137.254882
-1156.862792
-2039.215698
-2774.509765
-3127.450927
-3205.882324
-2784.313720
-2205.882324
-1313.725463
-147.058822
823.529418
2607.843261
3019.607910
3186.274658
2941.176513
2431.372558
1588.235351
480.392150
-539.215698
-1441.176513
-2333.333496
-2921.568603
-3186.274658
-3186.274658
-2588.235351
-1921.568603
-921.568664
166.666671
1137.254882
2774.509765
3098.039306
3205.882324
2754.902099
2166.666748
1313.725463
166.666671
-803.921569
-1676.470581
-2549.019775
-3009.803955
-3225.490234
-3058.823486
-1588.235351
-460.784332
578.431396
1460.784301
2323.529541
2882.353027
3166.666748
2529.411865
1823.529418
794.117675
-294.117645
-1264.705932
-2127.450927
-2823.529541
-3215.686279
-2666.666748
-1990.196166
-1039.215698
107.843139
1068.627441
1931.372558
2705.882324
3039.215820
3176.470703
2205.882324
1313.725463
186.274520
-794.117675
-1656.862792
-2529.411865
-3009.803955
-3215.686279
-3049.019775
-2470.588378
-1696.078491
-637.254943
460.784332
1372.549072
2225.490234
2813.725585
3147.058837
3186.274658
2676.470703
2049.019531
1147.058837
19.607843
-882.352966
-1764.705932
-2588.235351
-3029.411865
-2833.333496
-2323.529541
-1480.392211
-333.333343
666.666687
1519.607910
2392.156982
2941.176513
3176.470703
3098.039306
1754.901977
705.882385
-372.549041
-1303.921630
-2147.058837
-2813.725585
-3127.450927
-2656.862792
-2000.000000
-1078.431396
68.627449
990.196105
1813.725463
2637.254882
3215.686279
2794.117675
2274.509765
1450.980468
313.725494
-647.058837
-1539.215698
-3009.803955
-3205.882324
-3058.823486
-2480.392089
-1725.490234
-647.058837
1441.176513
2313.725585
2892.156982
3176.470703
3186.274658
2617.647216
1941.176513
-323.529418
-1274.509887
-2117.647216
-2803.921630
-3137.254882
-3245.098144
-2764.706054
-1078.431396
68.627449
1000.000000
1803.921630
2598.039306
3000.000000
3176.470703
2382.353027
1558.823608
470.588256
-568.627441
-1441.176513
-2333.333496
-2901.960937
-3107.843261
-2549.019775
-1852.941162
-784.313720
333.333343
1245.098022
2078.431396
2784.313720
3107.843261
3205.882324
2754.902099
2147.058837
1294.117675
137.254898
-813.725524
-1696.078491
-2549.019775
-3019.607910
-2921.568603
-2421.568603
-1598.039184
-490.196075
568.627441
1441.176513
2313.725585
2882.353027
3137.254882
3147.058837
2607.843261
1950.980468
990.196105
-68.627449
-1000.000000
-1843.137329
-2666.666748
-3049.019775
-2803.921630
-2294.117675
-1401.960815
-274.509796
725.490234
1578.431396
2441.176513
3186.274658
2990.196044
2460.784423
1686.274536
617.647094
-421.568634
-1362.745117
-2892.156982
-3205.882324
-3176.470703
-2588.235351
-1931.372558
-931.372558
1313.725463
2147.058837
2813.725585
3147.058837
3186.274658
2725.490234
2049.019531
-98.039215
-1029.411743
-1911.764770
-2725.490234
-3088.235351
-3235.294189
-2823.529541
-1323.529418
-176.470596
803.921569
1676.470581
2509.803955
3000.000000
3156.862792
3088.235351
2490.196044
1833.333374
794.117675
-294.117645
-1264.705932
-2127.450927
-2794.117675
-3156.862792
-3205.882324
-2745.098144
-1058.823608
49.019607
970.588256
1813.725463
2607.843261
3019.607910
3186.274658
2901.960937
2411.764648
1617.647094
-696.078430
-1549.019653
-2431.372558
-2950.980468
-3205.882324
-3117.647216
-2568.627441
-647.058837
431.372558
1343.137329
2196.078369
2813.725585
3166.666748
3205.882324
1960.784301
980.392150
-98.039215
-1029.411743
-1941.176513
-2715.686279
-3098.039306
-2784.313720
-2215.686279
-1352.941162
-166.666671
813.725524
1666.666748
3029.411865
3215.686279
2921.568603
2392.156982
1588.235351
509.803924
-539.215698
-2401.960937
-2941.176513
-3215.686279
-3127.450927
-2568.627441
-1901.960815
-843.137268
1343.137329
2205.882324
2823.529541
3156.862792
3205.882324
2696.078369
1990.196166
1107.843139
-9.803922
-892.156860
-2666.666748
-3049.019775
-3235.294189
-2852.941162
-2343.137207
-1509.803955
-352.941192
1676.470581
2509.803955
3000.000000
3186.274658
3068.627441
2500.000000
1882.353027
-421.568634
-1352.941162
-2235.294189
-2852.941162
-3166.666748
-3215.686279
-2676.470703
-2000.000000
-1156.862792
-9.803922
882.352966
1725.490234
2568.627441
3039.215820
3196.078369
3019.607910
2441.176513
1666.666748
-607.843139
-1490.196166
-2382.353027
-2960.784423
-3205.882324
-3137.254882
-2539.215820
-1892.156860
-852.941162
264.705902
2176.470703
2803.921630
3098.039306
3196.078369
2715.686279
2107.843261
1196.078491
-1088.235351
-1960.784301
-2764.706054
-3117.647216
-3235.294189
-2784.313720
-2264.705810
-1401.960815
-264.705902
735.294128
1607.843139
2470.588378
2970.588378
3205.882324
3039.215820
2490.196044
1823.529418
764.705871
-303.921569
-1254.901977
-2117.647216
-3166.666748
-3235.294189
-2686.274658
-1990.196166
-1068.627441
98.039215
1000.000000
2705.882324
3068.627441
3215.686279
2813.725585
2294.117675
1460.784301
352.941192
-1656.862792
-2509.803955
-3009.803955
-3225.490234
-3068.627441
-2480.392089
-1715.686279
578.431396
1460.784301
2323.529541
2892.156982
3166.666748
3137.254882
1833.333374
764.705871
-303.921569
-1264.705932
-2107.843261
-2833.333496
-3156.862792
-2656.862792
-1990.196166
-1029.411743
107.843139
1088.235351
1950.980468
2715.686279
3205.882324
2764.706054
2215.686279
1323.529418
186.274520
-774.509826
-1647.058837
-3029.411865
-3205.882324
-2941.176513
-2431.372558
-1617.647094
-500.000000
1519.607910
2372.549072
2872.549072
3137.254882
3127.450927
2588.235351
1931.372558
-382.352935
-1313.725463
-2166.666748
-2843.137207
-3137.254882
-3205.882324
-2715.686279
-970.588256
117.647064
1078.431396
1921.568603
2696.078369
3098.039306
3186.274658
2186.274658
1323.529418
196.078430
-754.901977
-1627.451049
-2500.000000
-2970.588378
-3039.215820
-2490.196044
-1705.882324
-637.254943
450.980407
1362.745117
2872.549072
3166.666748
3176.470703
2607.843261
1970.588256
990.196105
-98.039215
-2009.803955
-2774.509765
-3176.470703
-3245.098144
-2784.313720
-2215.686279
-1362.745117
950.980407
1784.313720
2598.039306
3000.000000
3186.274658
2980.392333
2441.176513
441.176483
-598.039245
-1480.392211
-2372.549072
-2921.568603
-3186.274658
-3186.274658
-2578.431396
-1941.176513
-911.764709
1323.529418
2176.470703
2774.509765
3127.450927
3166.666748
2725.490234
2127.450927
-78.431373
-1029.411743
-1892.156860
-2715.686279
-3078.431396
-3245.098144
-2803.921630
-2333.333496
-1470.588256
-313.725494
696.078430
1568.627441
2421.568603
2931.372558
3176.470703
3078.431396
2519.607910
1843.137329
-431.372558
-1362.745117
-2225.490234
-2862.745117
-3176.470703
-3196.078369
-2686.274658
-950.980407
127.450981
1098.039184
1970.588256
2696.078369
3068.627441
2774.509765
2186.274658
1303.921630
156.862747
-803.921569
-1656.862792
-2549.019775
-3225.490234
-2931.372558
-2411.764648
-1588.235351
-480.392150
558.823547
1441.176513
2931.372558
3166.666748
3088.235351
2509.803955
1862.745117
813.725524
-254.901962
-2205.882324
-2843.137207
-3166.666748
-3196.078369
-2725.490234
-2029.411743
196.078430
1098.039184
1941.176513
2725.490234
3098.039306
3147.058837
2794.117675
1303.921630
176.470596
-784.313720
-1647.058837
-2519.607910
-2980.392333
-3215.686279
-2421.568603
-1617.647094
-539.215698
529.411804
1431.372558
2264.705810
2843.137207
3137.254882
2549.019775
1911.764770
901.960815
-176.470596
-1137.254882
-2019.607910
-3137.254882
-3235.294189
-2764.706054
-2078.431396
-1225.490234
-68.627449
1892.156860
2647.058837
3058.823486
3205.882324
2823.529541
2362.745117
1509.803955
-764.705871
-1666.666748
-2509.803955
-3000.000000
-3186.274658
-3088.235351
-2519.607910
-607.843139
460.784332
1362.745117
2215.686279
2813.725585
3137.254882
3205.882324
2676.470703
2009.803955
1098.039184
-1196.078491
-2039.215698
-2784.313720
-3117.647216
-3225.490234
-2774.509765
-2186.274658
-39.215686
892.156860
1735.294189
2578.431396
3029.411865
3225.490234
2960.784423
2431.372558
1637.254882
578.431396
-480.392150
-1392.156860
-2264.705810
-2882.353027
-3166.666748
-3186.274658
-2647.058837
-1990.196166
-1029.411743
137.254898
1098.039184
1970.588256
2725.490234
3058.823486
3176.470703
2205.882324
1323.529418
186.274520
-803.921569
-1676.470581
-2539.215820
-2990.196044
-2941.176513
-2411.764648
-1578.431396
-470.588256
588.235290
1460.784301
2911.764648
3156.862792
3107.843261
2529.411865
1892.156860
843.137268
-264.705902
-2186.274658
-2843.137207
-3147.058837
-3205.882324
-2725.490234
-2039.215698
-1127.451049
1166.666748
1990.196166
2735.294189
3098.039306
3196.078369
2774.509765
2245.098144
1382.353027
235.294128
-715.686279
-1607.843139
-2470.588378
-3000.000000
-3215.686279
-3107.843261
-2539.215820
-1823.529418
-784.313720
1421.568603
2245.098144
2823.529541
3117.647216
3176.470703
2705.882324
2000.000000
1166.666748
29.411766
-901.960815
-2686.274658
-3078.431396
-3235.294189
-2862.745117
-2323.529541
-1480.392211
-352.941192
1705.882324
2529.411865
2990.196044
3196.078369
3009.803955
2470.588378
1705.882324
