637.254943
-421.568634
-1352.941162
-2215.686279
-2852.941162
-3176.470703
-3235.294189
-2696.078369
-2039.215698
-1049.019653
78.431373
1990.196166
2774.509765
3078.431396
3196.078369
2774.509765
2245.098144
1411.764770
-862.745117
-1754.901977
-2617.647216
-3049.019775
-3235.294189
-2950.980468
-1500.000000
-470.588256
578.431396
1441.176513
2343.137207
2901.960937
3176.470703
2509.803955
1862.745117
813.725524
-254.901962
-1215.686279
-2068.627441
-2803.921630
-3147.058837
-3215.686279
-2764.706054
-1117.647094
9.803922
852.941162
1725.490234
2539.215820
3000.000000
3176.470703
2441.176513
1607.843139
558.823547
-519.607849
-1401.960815
-2284.313720
-2872.549072
-3196.078369
-3205.882324
-2637.254882
-1980.392211
274.509796
1196.078491
2039.215698
2774.509765
3078.431396
3205.882324
2000.000000
1264.705932
117.647064
-843.137268
-1715.686279
-2578.431396
-3029.411865
-2892.156982
-2352.941162
-1529.411743
-392.156860
607.843139
1490.196166
2352.941162
2911.764648
3176.470703
3127.450927
1794.117675
745.098083
-313.725494
-1284.313720
-2127.450927
-2813.725585
-3147.058837
-3205.882324
-2754.902099
-2088.235351
-1196.078491
1098.039184
1931.372558
2715.686279
3058.823486
3205.882324
2803.921630
1303.921630
176.470596
-803.921569
-1647.058837
-2509.803955
-3009.803955
-3215.686279
-2441.176513
-1607.843139
-500.000000
460.784332
1352.941162
2225.490234
2833.333496
3137.254882
2588.235351
1941.176513
911.764709
-127.450981
-1117.647094
-1990.196166
-2784.313720
-3117.647216
-3225.490234
-2117.647216
-1254.901977
-98.039215
833.333374
1725.490234
2529.411865
2980.392333
2882.353027
2392.156982
1558.823608
-715.686279
-1607.843139
-2480.392089
-2970.588378
-3205.882324
-3078.431396
-2519.607910
-568.627441
480.392150
1372.549072
2245.098144
2823.529541
3186.274658
3186.274658
1950.980468
950.980407
-147.058822
-1127.451049
-2000.000000
-2735.294189
-3078.431396
-3245.098144
-2803.921630
-2323.529541
-1460.784301
-303.921569
715.686279
1578.431396
2411.764648
2921.568603
3156.862792
3078.431396
1725.490234
686.274536
-382.352935
-1333.333374
-2196.078369
-2823.529541
-3156.862792
-3225.490234
-2696.078369
-2019.607910
156.862747
1147.058837
1960.784301
2735.294189
3068.627441
3156.862792
2803.921630
1313.725463
127.450981
-823.529418
-1705.882324
-2549.019775
-3029.411865
-3225.490234
-2401.960937
-1578.431396
-450.980407
558.823547
1460.784301
2323.529541
3186.274658
3107.843261
2519.607910
1882.353027
813.725524
-254.901962
-1235.294189
-2843.137207
-3166.666748
-3215.686279
-2696.078369
-2019.607910
-1127.451049
19.607843
1921.568603
2696.078369
3088.235351
3205.882324
2823.529541
2323.529541
1470.588256
-823.529418
-1715.686279
-2568.627441
-3019.607910
-3196.078369
-3019.607910
-2490.196044
-450.980407
558.823547
1421.568603
2284.313720
2862.745117
3156.862792
2509.803955
1862.745117
813.725524
-264.705902
-1215.686279
-2088.235351
-2794.117675
-3215.686279
-2705.882324
-2009.803955
-1088.235351
39.215686
950.980407
1813.725463
3088.235351
3196.078369
2794.117675
2294.117675
1460.784301
343.137268
-676.470581
-2509.803955
-2980.392333
-3205.882324
-3078.431396
-2490.196044
-1735.294189
-637.254943
431.372558
1352.941162
2166.666748
2823.529541
3137.254882
3186.274658
1941.176513
980.392150
-117.647064
-1078.431396
-1970.588256
-2725.490234
-3088.235351
-2764.706054
-2147.058837
-1294.117675
-117.647064
843.137268
1686.274536
2519.607910
3245.098144
2872.549072
2382.353027
1568.627441
470.588256
-549.019592
-1421.568603
-2941.176513
-3205.882324
-3117.647216
-2549.019775
-1852.941162
-823.529418
303.921569
1225.490234
2088.235351
2754.902099
3215.686279
2676.470703
2019.607910
1137.254882
19.607843
-901.960815
-1754.901977
-3068.627441
-3225.490234
-2862.745117
-2362.745117
-1519.607910
-401.960784
1647.058837
2490.196044
2960.784423
3196.078369
3058.823486
2490.196044
1764.705932
-519.607849
-1441.176513
-2303.921630
-2882.353027
-3176.470703
-3156.862792
-2627.450927
-1960.784301
-960.784301
137.254898
2049.019531
2745.098144
3088.235351
3215.686279
2784.313720
2196.078369
1333.333374
-970.588256
-1833.333374
-2676.470703
-3058.823486
-3205.882324
-2892.156982
-2362.745117
-264.705902
715.686279
1568.627441
2450.980468
2970.588378
3186.274658
3058.823486
2500.000000
1901.960815
892.156860
-1343.137329
-2176.470703
-2794.117675
-3156.862792
-3225.490234
-2725.490234
-2058.823486
137.254898
1078.431396
1950.980468
2715.686279
3098.039306
3225.490234
2794.117675
2294.117675
1411.764770
313.725494
-1705.882324
-2558.823486
-3049.019775
-2882.353027
-2372.549072
-1558.823608
-450.980407
588.235290
1450.980468
2313.725585
3186.274658
3068.627441
2509.803955
1872.549072
852.941162
-235.294128
-1215.686279
-2068.627441
-2784.313720
-3127.450927
-2725.490234
-2029.411743
-1137.254882
19.607843
892.156860
1764.705932
2578.431396
3196.078369
2803.921630
2362.745117
1500.000000
509.803924
-529.411804
-1411.764770
-2911.764648
-3205.882324
-3127.450927
-2558.823486
-1901.960815
-872.549011
235.294128
2147.058837
2784.313720
3147.058837
3215.686279
2735.294189
2147.058837
1235.294189
78.431373
-843.137268
-1715.686279
-3068.627441
-3235.294189
-2862.745117
-1401.960815
-264.705902
696.078430
1558.823608
2411.764648
2931.372558
3176.470703
2470.588378
1696.078491
656.862731
-421.568634
-1352.941162
-2215.686279
-2852.941162
-3176.470703
-2617.647216
-1960.784301
-931.372558
176.470596
1098.039184
1950.980468
3117.647216
3196.078369
2764.706054
2117.647216
1264.705932
137.254898
-833.333374
-2647.058837
-3049.019775
-3215.686279
-2901.960937
-2392.156982
-1549.019653
745.098083
1568.627441
2460.784423
2980.392333
3205.882324
3049.019775
2500.000000
715.686279
-382.352935
-1313.725463
-2186.274658
-2813.725585
-3147.058837
-3225.490234
-2735.294189
-2029.411743
-1098.039184
29.411766
950.980407
1794.117675
2598.039306
3225.490234
2833.333496
2313.725585
1480.392211
372.549041
-637.254943
-1529.411743
-3009.803955
-3196.078369
-3078.431396
-2500.000000
-1852.941162
-784.313720
1401.960815
2225.490234
2813.725585
3127.450927
3205.882324
2686.274658
1990.196166
-225.490203
-1166.666748
-2039.215698
-2784.313720
-3127.450927
-3215.686279
-2784.313720
-2205.882324
-1323.529418
-147.058822
1823.529418
2656.862792
3078.431396
3205.882324
2901.960937
2362.745117
1558.823608
-715.686279
-1607.843139
-2470.588378
-2980.392333
-3196.078369
-3107.843261
-2519.607910
-578.431396
490.196075
1382.353027
2245.098144
2852.941162
3166.666748
3196.078369
2666.666748
1990.196166
1049.019653
-68.627449
-980.392150
-1862.745117
-2686.274658
-3049.019775
-3235.294189
-2862.745117
-2352.941162
-254.901962
725.490234
1598.039184
2450.980468
2941.176513
3166.666748
3078.431396
2519.607910
1833.333374
784.313720
-303.921569
-1294.117675
-2137.254882
-2843.137207
-3156.862792
-3225.490234
-2725.490234
-2107.843261
88.235298
980.392150
1833.333374
2627.450927
3039.215820
3166.666748
2882.353027
2382.353027
1578.431396
509.803924
-549.019592
-1421.568603
-2303.921630
-2882.353027
-3127.450927
-2549.019775
-1892.156860
-843.137268
264.705902
1196.078491
2813.725585
3127.450927
3156.862792
2715.686279
2049.019531
1205.882324
68.627449
-1892.156860
-2656.862792
-3078.431396
-3225.490234
-2862.745117
-2343.137207
-1500.000000
735.294128
1598.039184
2431.372558
2970.588378
3176.470703
3078.431396
2500.000000
1901.960815
901.960815
-176.470596
-2107.843261
-2794.117675
-3156.862792
-3205.882324
-2764.706054
-2068.627441
-1225.490234
1068.627441
1950.980468
2735.294189
3078.431396
3196.078369
2794.117675
2254.902099
1441.176513
313.725494
-686.274536
-1588.235351
-2450.980468
-2970.588378
-3215.686279
-3117.647216
-2539.215820
-1823.529418
-774.509826
343.137268
1284.313720
2107.843261
3137.254882
3186.274658
2705.882324
2019.607910
1088.235351
-49.019607
-950.980407
-2715.686279
-3078.431396
-3245.098144
-2813.725585
-2323.529541
-1460.784301
-313.725494
1705.882324
2549.019775
3000.000000
3186.274658
3068.627441
2500.000000
1833.333374
-480.392150
-1401.960815
-2264.705810
-2872.549072
-3196.078369
-3196.078369
-2666.666748
-911.764709
196.078430
1127.451049
1980.392211
2745.098144
3088.235351
2754.902099
2156.862792
1303.921630
147.058822
-813.725524
-1696.078491
-2539.215820
-3225.490234
-2931.372558
-2431.372558
-1568.627441
-470.588256
578.431396
1480.392211
2950.980468
3156.862792
3107.843261
2519.607910
1852.941162
794.117675
-294.117645
-1254.901977
-2098.039306
-2813.725585
-3205.882324
-2696.078369
-2000.000000
-1156.862792
-29.411766
911.764709
1754.901977
3039.215820
3225.490234
2823.529541
2343.137207
1519.607910
421.568634
-588.235290
-2470.588378
-2990.196044
-3205.882324
-3068.627441
-2509.803955
-1803.921630
-754.901977
1411.764770
2254.902099
2843.137207
3137.254882
3176.470703
2656.862792
1990.196166
1058.823608
-58.823532
-980.392150
-1862.745117
-2666.666748
-3098.039306
-2803.921630
-2274.509765
-1441.176513
-284.313720
715.686279
1578.431396
2460.784423
3186.274658
3009.803955
2470.588378
1705.882324
647.058837
-421.568634
-1343.137329
-2901.960937
-3205.882324
-3186.274658
-2588.235351
-1941.176513
-911.764709
186.274520
1107.843139
1990.196166
2754.902099
3049.019775
3186.274658
2764.706054
2254.902099
1421.568603
303.921569
-676.470581
-1549.019653
-2990.196044
-3215.686279
-3049.019775
-2480.392089
-1715.686279
-627.450988
431.372558
1333.333374
2186.274658
2823.529541
3156.862792
2578.431396
1931.372558
-303.921569
-1235.294189
-2137.254882
-2813.725585
-3147.058837
-3225.490234
-2754.902099
-1098.039184
58.823532
970.588256
1823.529418
2656.862792
3029.411865
3176.470703
2892.156982
2362.745117
1568.627441
-735.294128
-1588.235351
-2470.588378
-2980.392333
-3215.686279
-3088.235351
-2500.000000
-627.450988
431.372558
1362.745117
2196.078369
2833.333496
3156.862792
3205.882324
1950.980468
980.392150
-78.431373
-1019.607849
-1901.960815
-2686.274658
-3068.627441
-2774.509765
-2205.882324
-1333.333374
-176.470596
784.313720
1666.666748
2519.607910
3000.000000
3196.078369
3098.039306
2500.000000
1941.176513
892.156860
-196.078430
-1147.058837
-2009.803955
-2764.706054
-3107.843261
-2764.706054
-2088.235351
-1225.490234
-78.431373
872.549011
1715.686279
2549.019775
3186.274658
2872.549072
2392.156982
1549.019653
460.784332
-578.431396
-1470.588256
-2352.941162
-2921.568603
-3196.078369
-2509.803955
-1823.529418
-774.509826
323.529418
1254.901977
2107.843261
2774.509765
3107.843261
3205.882324
2735.294189
1107.843139
-19.607843
-941.176513
-1813.725463
-2647.058837
-3049.019775
-3225.490234
-2303.921630
-1441.176513
-294.117645
715.686279
1578.431396
2450.980468
2931.372558
3009.803955
2480.392089
1735.294189
666.666687
-401.960784
-1343.137329
-2196.078369
-3186.274658
-3205.882324
-2617.647216
-1950.980468
-931.372558
156.862747
2098.039306
2745.098144
3107.843261
3196.078369
2754.902099
2186.274658
1313.725463
-1009.803955
-1901.960815
-2696.078369
-3088.235351
-3215.686279
-2852.941162
-2333.333496
-196.078430
764.705871
1617.647094
2460.784423
2941.176513
3176.470703
3078.431396
2509.803955
1784.313720
745.098083
-1401.960815
-2264.705810
-2882.353027
-3186.274658
-3205.882324
-2647.058837
-1980.392211
-1019.607849
117.647064
1078.431396
1950.980468
2705.882324
3068.627441
3196.078369
2794.117675
2284.313720
1480.392211
333.333343
-1715.686279
-2568.627441
-3019.607910
-3225.490234
-3000.000000
-2500.000000
-1843.137329
500.000000
1343.137329
2186.274658
2813.725585
3147.058837
3176.470703
2715.686279
2019.607910
1166.666748
9.803922
-1852.941162
-2686.274658
-3088.235351
-3235.294189
-2862.745117
-2333.333496
-1480.392211
823.529418
1656.862792
2529.411865
3009.803955
3196.078369
3039.215820
2470.588378
1725.490234
686.274536
-392.156860
-1333.333374
-2196.078369
-2813.725585
-3137.254882
-3225.490234
-2725.490234
-2009.803955
-1117.647094
49.019607
931.372558
1803.921630
3078.431396
3215.686279
2823.529541
2333.333496
1470.588256
333.333343
-656.862731
-2519.607910
-2980.392333
-3205.882324
-3049.019775
-2490.196044
-1754.901977
-676.470581
1450.980468
2294.117675
2911.764648
3176.470703
3186.274658
2617.647216
1960.784301
980.392150
-98.039215
-1019.607849
-1931.372558
-2735.294189
-3098.039306
-3235.294189
-2813.725585
-2303.921630
-1470.588256
-313.725494
1696.078491
2539.215820
3000.000000
3166.666748
3058.823486
2490.196044
1803.921630
-529.411804
-1431.372558
-2294.117675
-2892.156982
-3196.078369
-3176.470703
-2617.647216
-843.137268
264.705902
1186.274536
2029.411743
2774.509765
3107.843261
2725.490234
2019.607910
1156.862792
39.215686
-882.352966
-1784.313720
-2598.039306
-3225.490234
-2852.941162
-2352.941162
-1509.803955
-392.156860
647.058837
1490.196166
2970.588378
3196.078369
3058.823486
2509.803955
1803.921630
754.901977
-333.333343
-2225.490234
-2843.137207
-3166.666748
-3205.882324
-2666.666748
-2009.803955
-1019.607849
88.235298
1009.803955
1892.156860
3078.431396
3215.686279
2794.117675
1225.490234
107.843139
-823.529418
-1735.294189
-2568.627441
-3029.411865
-3215.686279
-2352.941162
-1519.607910
-392.156860
637.254943
1500.000000
2303.921630
2862.745117
3088.235351
2509.803955
1823.529418
813.725524
-264.705902
-1235.294189
-2088.235351
-3156.862792
-3215.686279
-2725.490234
-2068.627441
-1117.647094
49.019607
931.372558
1784.313720
2578.431396
3029.411865
2843.137207
2333.333496
1470.588256
-813.725524
-1676.470581
-2519.607910
-3000.000000
-3196.078369
-3098.039306
-2539.215820
-617.647094
470.588256
1401.960815
2205.882324
2823.529541
3156.862792
3215.686279
1941.176513
931.372558
-137.254898
-1117.647094
-1980.392211
-2784.313720
-3107.843261
-2764.706054
-2117.647216
-1274.509887
-117.647064
852.941162
1715.686279
2539.215820
2990.196044
3205.882324
3029.411865
2480.392089
1725.490234
637.254943
-431.372558
-1362.745117
-2225.490234
-2862.745117
-3156.862792
-2607.843261
-1960.784301
-931.372558
186.274520
1137.254882
1990.196166
2725.490234
3058.823486
3205.882324
2764.706054
2264.705810
1411.764770
303.921569
-696.078430
-1549.019653
-2431.372558
-2970.588378
-3176.470703
-2480.392089
-1715.686279
-637.254943
450.980407
1352.941162
2196.078369
2833.333496
3166.666748
2578.431396
1931.372558
990.196105
-107.843139
-1088.235351
-1960.784301
-3127.450927
-3235.294189
-2764.706054
-2156.862792
-1294.117675
-117.647064
1892.156860
2647.058837
3058.823486
3196.078369
2843.137207
2362.745117
1539.215698
-754.901977
-1617.647094
-2500.000000
-2941.176513
-3225.490234
-3127.450927
-2568.627441
-666.666687
441.176483
1362.745117
2225.490234
2823.529541
3117.647216
3196.078369
2705.882324
1990.196166
1127.451049
0.000000
-794.117675
-1656.862792
-2519.607910
-3009.803955
-3186.274658
-3039.215820
-2490.196044
-490.196075
539.215698
1441.176513
2303.921630
2852.941162
3147.058837
3176.470703
1862.745117
852.941162
-225.490203
-1176.470581
-2039.215698
-2774.509765
-3127.450927
-3205.882324
-2784.313720
-2215.686279
-1333.333374
-156.862747
823.529418
1705.882324
2509.803955
2980.392333
3176.470703
3029.411865
1607.843139
529.411804
-539.215698
-1441.176513
-2303.921630
-2921.568603
-3186.274658
-2539.215820
-1862.745117
-794.117675
333.333343
1264.705932
2078.431396
2764.706054
3078.431396
3205.882324
2764.706054
1147.058837
0.000000
-754.901977
-1637.254882
-3039.215820
-3215.686279
-2990.196044
-2431.372558
-1617.647094
-539.215698
1558.823608
2411.764648
2931.372558
3176.470703
3098.039306
2549.019775
1872.549072
-421.568634
-1333.333374
-2215.686279
-2862.745117
-3176.470703
-3235.294189
-2696.078369
-980.392150
117.647064
1098.039184
1950.980468
2715.686279
3058.823486
3205.882324
2774.509765
2294.117675
1460.784301
-833.333374
-1696.078491
-2539.215820
-3205.882324
-2892.156982
-2411.764648
-1558.823608
-421.568634
617.647094
1480.392211
2980.392333
3176.470703
3098.039306
2519.607910
1833.333374
784.313720
-294.117645
-2186.274658
-2813.725585
-3147.058837
-3215.686279
-2676.470703
-1980.392211
-1039.215698
1215.686279
2068.627441
2784.313720
3137.254882
3196.078369
2754.902099
1137.254882
19.607843
-892.156860
-1754.901977
-2607.843261
-3029.411865
-3225.490234
-2333.333496
-1480.392211
-343.137268
637.254943
1519.607910
2392.156982
2892.156982
3019.607910
2470.588378
1784.313720
725.490234
-362.745117
-1313.725463
-2147.058837
-2813.725585
-3127.450927
-3205.882324
-2764.706054
-2078.431396
-1186.274536
-19.607843
901.960815
1764.705932
2539.215820
3019.607910
2852.941162
2352.941162
1509.803955
401.960784
-588.235290
-1470.588256
-2362.745117
-3186.274658
-3078.431396
-2529.411865
-1784.313720
-725.490234
382.352935
1303.921630
2127.450927
2774.509765
3117.647216
3196.078369
2745.098144
2127.450927
1225.490234
98.039215
-803.921569
-1696.078491
-2549.019775
-3225.490234
-2911.764648
-2411.764648
-1598.039184
-460.784332
558.823547
1450.980468
2931.372558
3147.058837
3098.039306
2539.215820
1862.745117
833.333374
-245.098037
-2176.470703
-2833.333496
-3156.862792
-3225.490234
-2715.686279
-2078.431396
127.450981
1117.647094
1950.980468
2705.882324
3049.019775
3205.882324
2784.313720
1323.529418
176.470596
-784.313720
-1637.254882
-2500.000000
-2980.392333
-3186.274658
-2460.784423
-1666.666748
-588.235290
480.392150
1362.745117
2245.098144
2823.529541
3137.254882
3166.666748
2676.470703
950.980407
-117.647064
-1088.235351
-1980.392211
-2784.313720
-3107.843261
-3215.686279
-2147.058837
-1245.098022
-117.647064
852.941162
1715.686279
2539.215820
3009.803955
3215.686279
3000.000000
2509.803955
1784.313720
735.294128
-343.137268
-1284.313720
-2137.254882
-2813.725585
-3127.450927
-3196.078369
-2019.607910
-1058.823608
98.039215
990.196105
1862.745117
2637.254882
3049.019775
2784.313720
2284.313720
1431.372558
303.921569
-686.274536
-1588.235351
-2460.784423
-3215.686279
-3019.607910
-2470.588378
-1666.666748
-568.627441
509.803924
1372.549072
2215.686279
2833.333496
3127.450927
2578.431396
1931.372558
911.764709
-156.862747
-1117.647094
-1990.196166
-2784.313720
-3088.235351
-3205.882324
-2784.313720
-2245.098144
-1382.353027
-215.686279
764.705871
1627.451049
2470.588378
2960.784423
3186.274658
2460.784423
1686.274536
607.843139
-480.392150
-1392.156860
-2264.705810
-2852.941162
-3147.058837
-2607.843261
-1921.568603
-911.764709
196.078430
1117.647094
1980.392211
2725.490234
3078.431396
3196.078369
2794.117675
2235.294189
1401.960815
274.509796
-686.274536
-1588.235351
-2450.980468
-2970.588378
-3009.803955
-2460.784423
-1676.470581
-607.843139
480.392150
1382.353027
2215.686279
2843.137207
3156.862792
3196.078369
2686.274658
2029.411743
1088.235351
-49.019607
-941.176513
-1843.137329
-2656.862792
-3049.019775
-2794.117675
-2313.725585
-1411.764770
-264.705902
725.490234
1568.627441
2421.568603
3186.274658
3019.607910
2450.980468
1725.490234
656.862731
-411.764709
-1333.333374
-2882.353027
-3176.470703
-3176.470703
-2627.450927
-1960.784301
-990.196105
1245.098022
2058.823486
2774.509765
3107.843261
3215.686279
2774.509765
2166.666748
19.607843
-882.352966
-1784.313720
-2627.450927
-3019.607910
-3215.686279
-2960.784423
-1500.000000
-450.980407
568.627441
1460.784301
2274.509765
2872.549072
3137.254882
2549.019775
1862.745117
843.137268
-245.098037
-1166.666748
-2058.823486
-2794.117675
-3215.686279
-2745.098144
-2107.843261
-1156.862792
-9.803922
892.156860
1725.490234
2529.411865
2980.392333
3186.274658
3009.803955
2450.980468
1696.078491
637.254943
-431.372558
-1352.941162
-2235.294189
-2872.549072
-3176.470703
-2598.039306
-1931.372558
-960.784301
147.058822
1098.039184
1950.980468
2715.686279
3088.235351
3196.078369
2166.666748
1303.921630
166.666671
-1843.137329
-2647.058837
-3058.823486
-3235.294189
-2901.960937
-2372.549072
-1549.019653
754.901977
1607.843139
2470.588378
2921.568603
3176.470703
3058.823486
2509.803955
647.058837
-421.568634
-1362.745117
-2215.686279
-2862.745117
-3176.470703
-3215.686279
-1960.784301
-941.176513
166.666671
1137.254882
1960.784301
2725.490234
3049.019775
3205.882324
2764.706054
2274.509765
1431.372558
303.921569
-686.274536
-1568.627441
-2450.980468
-2970.588378
-3205.882324
-3088.235351
-1676.470581
-598.039245
460.784332
1372.549072
2235.294189
2823.529541
3156.862792
3205.882324
2666.666748
2058.823486
-166.666671
-1147.058837
-2019.607910
-2784.313720
-3098.039306
-3235.294189
-2803.921630
-2264.705810
-1362.745117
-205.882354
774.509826
1627.451049
2470.588378
2970.588378
3205.882324
3058.823486
2500.000000
1872.549072
-450.980407
-1352.941162
-2205.882324
-2852.941162
-3137.254882
-3205.882324
-2715.686279
-950.980407
147.058822
1068.627441
1941.176513
2725.490234
3068.627441
3186.274658
2794.117675
2284.313720
1431.372558
284.313720
-705.882385
-1588.235351
-2480.392089
-2990.196044
-3225.490234
-3098.039306
-2539.215820
-617.647094
460.784332
1362.745117
2215.686279
2813.725585
3137.254882
3186.274658
2686.274658
2058.823486
1127.451049
-1156.862792
-2049.019531
-2784.313720
-3225.490234
-2754.902099
-2137.254882
-1186.274536
-29.411766
901.960815
1754.901977
3068.627441
3215.686279
2215.686279
1372.549072
264.705902
-725.490234
-2568.627441
-3029.411865
-3225.490234
-3039.215820
-2480.392089
-1656.862792
-598.039245
1509.803955
2362.745117
2921.568603
3156.862792
3098.039306
2549.019775
754.901977
-313.725494
-1284.313720
-2127.450927
-2813.725585
-3156.862792
-3235.294189
-2009.803955
-1049.019653
98.039215
1009.803955
1882.353027
2676.470703
3049.019775
2803.921630
2254.902099
1401.960815
294.117645
-676.470581
-1568.627441
-2450.980468
-3215.686279
-3039.215820
-2470.588378
-1686.274536
-588.235290
480.392150
1362.745117
2225.490234
2843.137207
3147.058837
3186.274658
2666.666748
2009.803955
1088.235351
-58.823532
-980.392150
-1833.333374
-2666.666748
-3049.019775
-3205.882324
-2882.353027
-1421.568603
-254.901962
725.490234
1568.627441
2431.372558
2950.980468
3215.686279
2431.372558
1696.078491
637.254943
-441.176483
-1382.353027
-2215.686279
-2852.941162
-3186.274658
-2607.843261
-1921.568603
-921.568664
186.274520
1107.843139
1941.176513
2735.294189
3068.627441
3205.882324
2107.843261
1225.490234
107.843139
-1872.549072
-2676.470703
-3049.019775
-3215.686279
-2862.745117
-2343.137207
-1500.000000
705.882385
1568.627441
2450.980468
2941.176513
3186.274658
3078.431396
2490.196044
647.058837
-421.568634
-1352.941162
-2225.490234
-2843.137207
-3166.666748
-3215.686279
-2696.078369
-2029.411743
-1068.627441
88.235298
1000.000000
1823.529418
2627.450927
3019.607910
3176.470703
2941.176513
2421.568603
352.941192
-666.666687
-1539.215698
-2411.764648
-2950.980468
-3215.686279
-3107.843261
-1745.098022
-666.666687
421.568634
1333.333374
2166.666748
2813.725585
3117.647216
3205.882324
2696.078369
2068.627441
1137.254882
0.000000
-774.509826
-1647.058837
-2500.000000
-2950.980468
-3215.686279
-3127.450927
-1725.490234
-617.647094
460.784332
1352.941162
2215.686279
2852.941162
3137.254882
3196.078369
2686.274658
2039.215698
-186.274520
-1137.254882
-1990.196166
-2764.706054
-3088.235351
-3225.490234
-2794.117675
-1215.686279
-68.627449
862.745117
1735.294189
2549.019775
3029.411865
3205.882324
2352.941162
1529.411743
392.156860
-607.843139
-1490.196166
-2362.745117
-2921.568603
-3078.431396
-2500.000000
-1843.137329
-774.509826
274.509796
1225.490234
2058.823486
2774.509765
3107.843261
3225.490234
2078.431396
1166.666748
9.803922
-1862.745117
-2676.470703
-3058.823486
-3215.686279
-2862.745117
-2352.941162
-1509.803955
823.529418
1647.058837
2519.607910
2980.392333
3196.078369
3039.215820
2480.392089
549.019592
-480.392150
-1401.960815
-2254.902099
-2862.745117
-3166.666748
-3205.882324
-1892.156860
-872.549011
225.490203
1156.862792
2000.000000
2725.490234
3068.627441
3196.078369
2813.725585
2294.117675
196.078430
-774.509826
-1637.254882
-2509.803955
-2990.196044
-3215.686279
-3078.431396
-1637.254882
-529.411804
519.607849
1392.156860
2254.902099
2852.941162
3156.862792
3186.274658
2666.666748
2000.000000
1117.647094
0.000000
-784.313720
-1647.058837
-2509.803955
-2990.196044
-3215.686279
-3039.215820
-1607.843139
-500.000000
490.196075
1382.353027
2225.490234
2833.333496
3156.862792
3215.686279
2666.666748
2000.000000
-117.647064
-1098.039184
-1980.392211
-2754.902099
-3107.843261
-3205.882324
-2794.117675
-1245.098022
-117.647064
833.333374
1696.078491
2529.411865
3000.000000
3196.078369
2421.568603
1647.058837
568.627441
-500.000000
-1352.941162
-2225.490234
-2833.333496
-3186.274658
-2598.039306
-1931.372558
-950.980407
137.254898
1088.235351
1960.784301
2725.490234
3078.431396
3186.274658
2764.706054
2274.509765
1450.980468
343.137268
-656.862731
-1539.215698
-2431.372558
-2950.980468
-3058.823486
-2480.392089
-1696.078491
-637.254943
470.588256
1362.745117
2235.294189
3176.470703
3156.862792
2588.235351
1950.980468
980.392150
-107.843139
-1078.431396
-2803.921630
-3156.862792
-3235.294189
-2754.902099
-2166.666748
-1274.509887
1019.607849
1892.156860
2666.666748
3058.823486
3186.274658
2823.529541
2343.137207
245.098037
-705.882385
-1598.039184
-2490.196044
-2990.196044
-3225.490234
-3088.235351
-1686.274536
-568.627441
500.000000
1352.941162
2205.882324
2803.921630
3098.039306
3147.058837
2715.686279
2068.627441
-88.235298
-1019.607849
-1911.764770
-2715.686279
-3078.431396
-3245.098144
-2803.921630
-1323.529418
-196.078430
764.705871
1637.254882
2480.392089
2980.392333
3166.666748
3058.823486
2500.000000
1843.137329
833.333374
-274.509796
-1245.098022
-2078.431396
-2774.509765
-3117.647216
-3205.882324
-2784.313720
-1127.451049
29.411766
941.176513
1784.313720
2598.039306
3029.411865
3205.882324
2931.372558
2411.764648
1607.843139
-686.274536
-1558.823608
-2450.980468
-2950.980468
-3196.078369
-3117.647216
-2529.411865
-627.450988
421.568634
1352.941162
2215.686279
2833.333496
3166.666748
3186.274658
1960.784301
970.588256
-127.450981
-1068.627441
-1970.588256
-2754.902099
-3107.843261
-2794.117675
-2186.274658
-1264.705932
-117.647064
843.137268
1715.686279
2549.019775
2990.196044
3205.882324
2990.196044
2450.980468
1696.078491
617.647094
-1490.196166
-2362.745117
-2911.764648
-3107.843261
-2519.607910
-1803.921630
-745.098083
313.725494
1254.901977
2088.235351
3166.666748
3166.666748
2676.470703
2049.019531
1127.451049
-19.607843
-941.176513
-2725.490234
-3088.235351
-3215.686279
-2833.333496
-2313.725585
-1450.980468
-323.529418
1725.490234
2539.215820
3019.607910
3196.078369
3000.000000
2490.196044
1784.313720
764.705871
-303.921569
-1294.117675
-2137.254882
-2813.725585
-3147.058837
-3215.686279
-2745.098144
-2117.647216
-1176.470581
-49.019607
1911.764770
2676.470703
3058.823486
3196.078369
2852.941162
2343.137207
1539.215698
-774.509826
-1637.254882
-2529.411865
-3019.607910
-3186.274658
-3058.823486
-2519.607910
-539.215698
539.215698
1401.960815
2284.313720
2862.745117
3147.058837
2539.215820
1862.745117
882.352966
-196.078430
-1156.862792
-2009.803955
-2764.706054
-3225.490234
-2764.706054
-2147.058837
-1235.294189
-88.235298
833.333374
1715.686279
3029.411865
3196.078369
2862.745117
2343.137207
1529.411743
441.176483
-558.823547
-2431.372558
-2970.588378
-3196.078369
-3107.843261
-2529.411865
-1823.529418
490.196075
1382.353027
2225.490234
2843.137207
3166.666748
3186.274658
2637.254882
901.960815
-186.274520
-1147.058837
-1990.196166
-2764.706054
-3107.843261
-3205.882324
-2127.450927
-1205.882324
-68.627449
862.745117
1725.490234
2529.411865
3009.803955
2833.333496
2333.333496
254.901962
-705.882385
-1588.235351
-2460.784423
-3000.000000
-3196.078369
-3156.862792
-2568.627441
-1862.745117
-833.333374
294.117645
1235.294189
2068.627441
2764.706054
3107.843261
2715.686279
2078.431396
1137.254882
-9.803922
-872.549011
-1754.901977
-2598.039306
-3039.215820
-3215.686279
-2960.784423
-2441.176513
-1637.254882
-519.607849
539.215698
1421.568603
2284.313720
2833.333496
3156.862792
2549.019775
1872.549072
882.352966
-215.686279
-1176.470581
-2019.607910
-2774.509765
-3196.078369
-2745.098144
-2117.647216
-1205.882324
-49.019607
882.352966
1735.294189
2558.823486
3009.803955
3176.470703
2372.549072
1578.431396
460.784332
-1617.647094
-2460.784423
-2980.392333
-3196.078369
-3068.627441
-2509.803955
-1813.725463
529.411804
1421.568603
2274.509765
2852.941162
3156.862792
3166.666748
2656.862792
901.960815
-186.274520
-1147.058837
-2019.607910
-2784.313720
-3127.450927
-3215.686279
-2147.058837
-1254.901977
-98.039215
872.549011
1705.882324
2529.411865
3009.803955
3196.078369
3000.000000
2500.000000
1823.529418
823.529418
-254.901962
-1205.882324
-2049.019531
-2803.921630
-3137.254882
-3225.490234
-2078.431396
-1137.254882
19.607843
921.568664
1774.509887
2588.235351
3000.000000
2911.764648
2372.549072
1578.431396
480.392150
-578.431396
-1450.980468
-2323.529541
-2892.156982
-3186.274658
-3176.470703
-2598.039306
-1941.176513
-941.176513
176.470596
1117.647094
1970.588256
2715.686279
3068.627441
2764.706054
2186.274658
1303.921630
176.470596
-774.509826
-1627.451049
-2529.411865
-3225.490234
-2931.372558
-2431.372558
-1607.843139
-490.196075
549.019592
1441.176513
2294.117675
2882.353027
3176.470703
2529.411865
1862.745117
833.333374
-264.705902
-1205.882324
-2078.431396
-2794.117675
-3147.058837
-3254.902099
-2794.117675
-1147.058837
9.803922
882.352966
1735.294189
2539.215820
3019.607910
3176.470703
3000.000000
2490.196044
1745.098022
725.490234
-323.529418
-1284.313720
-2147.058837
-2833.333496
-3205.882324
-2676.470703
-2000.000000
-1127.451049
39.215686
950.980407
1803.921630
3058.823486
3186.274658
2813.725585
2343.137207
1509.803955
392.156860
-617.647094
-2470.588378
-3000.000000
-3225.490234
-3137.254882
-2549.019775
-1862.745117
-843.137268
1372.549072
2225.490234
2803.921630
3117.647216
3196.078369
2696.078369
970.588256
-107.843139
-1078.431396
-1950.980468
-2754.902099
-3107.843261
-3215.686279
-2176.470703
-1294.117675
-137.254898
852.941162
1725.490234
2539.215820
2990.196044
2892.156982
2362.745117
1568.627441
441.176483
-588.235290
-1450.980468
-2323.529541
-2921.568603
-3205.882324
-3147.058837
-2598.039306
-1931.372558
-931.372558
176.470596
1117.647094
1960.784301
2764.706054
3098.039306
2754.902099
2196.078369
1323.529418
186.274520
-774.509826
-1666.666748
-2509.803955
-3225.490234
-2970.588378
-2431.372558
-1627.451049
-519.607849
539.215698
1411.764770
2274.509765
2882.353027
3166.666748
3196.078369
2647.058837
1970.588256
1058.823608
-78.431373
-990.196105
-1852.941162
-2686.274658
-3215.686279
-2794.117675
-2245.098144
-1352.941162
-196.078430
754.901977
1598.039184
2990.196044
3215.686279
2980.392333
2431.372558
1656.862792
578.431396
-490.196075
-2372.549072
-2911.764648
-3196.078369
-3147.058837
-2598.039306
-1941.176513
352.941192
1274.509887
2127.450927
2764.706054
3137.254882
3235.294189
2745.098144
1088.235351
-39.215686
-980.392150
-1813.725463
-2656.862792
-3049.019775
-3225.490234
-2294.117675
-1450.980468
-303.921569
686.274536
1568.627441
2421.568603
2931.372558
3176.470703
3098.039306
2519.607910
1862.745117
823.529418
-254.901962
-1215.686279
-2049.019531
-2813.725585
-3137.254882
-3235.294189
-2088.235351
-1117.647094
29.411766
931.372558
1803.921630
2617.647216
3000.000000
2901.960937
2392.156982
1598.039184
490.196075
-558.823547
-1441.176513
-2333.333496
-2911.764648
-3215.686279
-3176.470703
-2598.039306
-1931.372558
-911.764709
156.862747
1127.451049
1960.784301
2745.098144
3107.843261
2735.294189
2147.058837
1274.509887
156.862747
-823.529418
-1696.078491
-2558.823486
-3235.294189
-2892.156982
-2411.764648
-1549.019653
-421.568634
617.647094
1470.588256
2362.745117
2882.353027
3176.470703
3156.862792
2568.627441
1911.764770
931.372558
-117.647064
-1107.843139
-2000.000000
-2735.294189
-3205.882324
-2784.313720
-2215.686279
-1313.725463
-176.470596
803.921569
1647.058837
2500.000000
2941.176513
3176.470703
3098.039306
2509.803955
1803.921630
794.117675
-274.509796
-1254.901977
-2078.431396
-2794.117675
-3215.686279
-2676.470703
-2039.215698
-1068.627441
78.431373
980.392150
1823.529418
2637.254882
3049.019775
3205.882324
2284.313720
1431.372558
333.333343
-686.274536
-1558.823608
-2421.568603
-2980.392333
-3029.411865
-2460.784423
-1705.882324
-617.647094
460.784332
1362.745117
2235.294189
3166.666748
3147.058837
2578.431396
1931.372558
950.980407
-107.843139
-1088.235351
-2794.117675
-3147.058837
-3235.294189
-2754.902099
-2166.666748
-1264.705932
-98.039215
813.725524
1666.666748
2509.803955
3196.078369
2921.568603
2401.960937
1617.647094
539.215698
-519.607849
-1431.372558
-2931.372558
-3205.882324
-3117.647216
-2558.823486
-1862.745117
-803.921569
1401.960815
2225.490234
2823.529541
3127.450927
3176.470703
2676.470703
2058.823486
-166.666671
-1127.451049
-1980.392211
-2774.509765
-3127.450927
-3254.902099
-2784.313720
-1264.705932
-107.843139
872.549011
1725.490234
2539.215820
2990.196044
3196.078369
3000.000000
2500.000000
1833.333374
833.333374
-274.509796
-1245.098022
-2088.235351
-2803.921630
-3127.450927
-3196.078369
-2774.509765
-1147.058837
9.803922
862.745117
1725.490234
2549.019775
2980.392333
3196.078369
2382.353027
1558.823608
460.784332
-598.039245
-1460.784301
-2352.941162
-2901.960937
-3176.470703
-3147.058837
-2598.039306
-1931.372558
-911.764709
166.666671
1127.451049
1980.392211
2754.902099
3078.431396
3176.470703
2764.706054
2264.705810
1411.764770
303.921569
-686.274536
-1568.627441
-2450.980468
-3205.882324
-3039.215820
-2470.588378
-1705.882324
-607.843139
480.392150
1343.137329
2235.294189
2852.941162
3186.274658
3176.470703
2656.862792
2000.000000
1166.666748
29.411766
-882.352966
-1764.705932
-2607.843261
-3225.490234
-2843.137207
-2343.137207
-1480.392211
-352.941192
656.862731
1509.803955
2970.588378
3196.078369
3029.411865
2470.588378
1754.901977
696.078430
-362.745117
-1303.921630
-2156.862792
-2843.137207
-3156.862792
-3225.490234
-2725.490234
-2088.235351
-1117.647094
-9.803922
862.745117
1745.098022
3029.411865
3186.274658
2852.941162
2372.549072
1549.019653
470.588256
-578.431396
-1470.588256
-2333.333496
-2901.960937
-3117.647216
-2519.607910
-1813.725463
-774.509826
323.529418
1274.509887
2107.843261
3117.647216
3186.274658
2627.450927
2049.019531
1117.647094
-9.803922
-882.352966
-2676.470703
-3058.823486
-3225.490234
-2852.941162
-2343.137207
-1480.392211
-372.549041
1696.078491
2529.411865
2990.196044
3205.882324
3019.607910
2460.784423
539.215698
-509.803924
-1392.156860
-2294.117675
-2872.549072
-3166.666748
-3176.470703
-1882.353027
-852.941162
264.705902
1205.882324
2029.411743
2754.902099
3117.647216
2715.686279
2127.450927
1215.686279
49.019607
-843.137268
-1725.490234
-2568.627441
-3245.098144
-2882.353027
-2372.549072
-1578.431396
-431.372558
617.647094
1470.588256
2343.137207
2911.764648
3215.686279
2519.607910
1823.529418
774.509826
-303.921569
-1235.294189
-2068.627441
-2794.117675
-3215.686279
-2676.470703
-2039.215698
-1049.019653
107.843139
1039.215698
1921.568603
2696.078369
3068.627441
3186.274658
2794.117675
2284.313720
1480.392211
333.333343
-666.666687
-1539.215698
-2411.764648
-2950.980468
-3068.627441
-2490.196044
-1725.490234
-676.470581
421.568634
1333.333374
2196.078369
2813.725585
3196.078369
3196.078369
2696.078369
2078.431396
1147.058837
29.411766
-882.352966
-1764.705932
-2598.039306
-3019.607910
-2852.941162
-2372.549072
-1539.215698
-372.549041
656.862731
1539.215698
2313.725585
2882.353027
3156.862792
3127.450927
2568.627441
1892.156860
911.764709
-156.862747
-1137.254882
-2000.000000
-2725.490234
-3088.235351
-2764.706054
-2186.274658
-1303.921630
-156.862747
803.921569
1686.274536
2519.607910
3186.274658
2911.764648
2401.960937
1617.647094
519.607849
-509.803924
-1431.372558
-2284.313720
-2901.960937
-3176.470703
-2558.823486
-1892.156860
-852.941162
1372.549072
2215.686279
2823.529541
3147.058837
3186.274658
2676.470703
2088.235351
-137.254898
-1107.843139
-1980.392211
-2784.313720
-3117.647216
-3245.098144
-2774.509765
-1225.490234
-98.039215
843.137268
1705.882324
2509.803955
2970.588378
3196.078369
2401.960937
1607.843139
529.411804
-519.607849
-1431.372558
-2313.725585
-2882.353027
-3098.039306
-2558.823486
-1872.549072
-852.941162
264.705902
1186.274536
2058.823486
2764.706054
3078.431396
3186.274658
2107.843261
1196.078491
58.823532
-872.549011
-1745.098022
-2578.431396
-3009.803955
-2901.960937
-2362.745117
-1549.019653
-421.568634
617.647094
1500.000000
2264.705810
2852.941162
3176.470703
3166.666748
1892.156860
882.352966
-186.274520
-1166.666748
-2009.803955
-2784.313720
-3127.450927
-2764.706054
-2127.450927
-1205.882324
-49.019607
872.549011
1696.078491
2578.431396
3000.000000
3186.274658
3098.039306
2519.607910
1794.117675
745.098083
-303.921569
-1264.705932
-2117.647216
-2823.529541
-3176.470703
-3245.098144
-2754.902099
-2117.647216
58.823532
980.392150
1852.941162
2637.254882
3039.215820
3186.274658
2882.353027
1460.784301
343.137268
-696.078430
-1529.411743
-2411.764648
-2970.588378
-3225.490234
-2490.196044
-1745.098022
-666.666687
431.372558
1333.333374
2196.078369
2803.921630
3166.666748
2627.450927
1990.196166
1019.607849
-107.843139
-1078.431396
-1950.980468
-2745.098144
-3117.647216
-3235.294189
-2794.117675
-2245.098144
-1392.156860
-264.705902
725.490234
1598.039184
2480.392089
2941.176513
2990.196044
2431.372558
1725.490234
627.450988
-431.372558
-1352.941162
-2215.686279
-3215.686279
-3186.274658
-2627.450927
-1931.372558
-941.176513
176.470596
2088.235351
2764.706054
3117.647216
3196.078369
2725.490234
2166.666748
1274.509887
-1000.000000
-1833.333374
-2666.666748
-3049.019775
-3235.294189
-2901.960937
-2382.353027
-303.921569
725.490234
1578.431396
2460.784423
2950.980468
3176.470703
3088.235351
2519.607910
1833.333374
794.117675
-1362.745117
-2235.294189
-2882.353027
-3137.254882
-2607.843261
-1921.568603
-901.960815
186.274520
1156.862792
2000.000000
3098.039306
3196.078369
2764.706054
2205.882324
1352.941162
215.686279
-764.705871
-2598.039306
-3029.411865
-3225.490234
-2980.392333
-2441.176513
-1656.862792
-558.823547
1558.823608
2411.764648
2911.764648
3156.862792
3098.039306
2529.411865
1852.941162
852.941162
-235.294128
-1196.078491
-2833.333496
-3166.666748
-3235.294189
-2725.490234
-2078.431396
-1127.451049
9.803922
1892.156860
2676.470703
3058.823486
3186.274658
2833.333496
2323.529541
1509.803955
411.764709
-607.843139
-1490.196166
-2362.745117
-2931.372558
-3205.882324
-3147.058837
-2568.627441
-1882.353027
-843.137268
245.098037
2147.058837
2803.921630
3147.058837
3196.078369
2745.098144
2107.843261
1225.490234
107.843139
-882.352966
-1764.705932
-2607.843261
-3029.411865
-3225.490234
-2362.745117
-1500.000000
-460.784332
568.627441
1470.588256
2313.725585
2882.353027
3107.843261
2519.607910
1843.137329
784.313720
-284.313720
-1264.705932
-2107.843261
-3166.666748
-3205.882324
-2705.882324
-2039.215698
-1068.627441
68.627449
990.196105
1833.333374
2637.254882
3049.019775
2784.313720
2264.705810
1441.176513
333.333343
-656.862731
-1558.823608
-2450.980468
-3215.686279
-3058.823486
-2470.588378
-1705.882324
-607.843139
450.980407
1343.137329
2892.156982
3186.274658
3156.862792
2588.235351
1921.568603
931.372558
-107.843139
-2058.823486
-2794.117675
-3147.058837
-3215.686279
-2774.509765
-2196.078369
19.607843
911.764709
1745.098022
2539.215820
3019.607910
3176.470703
3029.411865
1558.823608
450.980407
-568.627441
-1460.784301
-2333.333496
-2911.764648
-3186.274658
-2549.019775
-1833.333374
-764.705871
333.333343
1274.509887
2068.627441
2764.706054
3196.078369
2735.294189
2029.411743
1078.431396
-19.607843
-950.980407
-1813.725463
-2666.666748
-3078.431396
-3225.490234
-2892.156982
-2392.156982
-1549.019653
-431.372558
617.647094
1460.784301
2352.941162
2882.353027
3088.235351
2539.215820
1813.725463
813.725524
-303.921569
-1264.705932
-2127.450927
-2813.725585
-3166.666748
-3215.686279
-2764.706054
-2137.254882
-1205.882324
-49.019607
862.745117
1705.882324
2568.627441
3000.000000
2950.980468
2421.568603
1627.451049
558.823547
-490.196075
-1382.353027
-2254.902099
-3205.882324
-3156.862792
-2568.627441
-1892.156860
-901.960815
205.882354
1156.862792
1980.392211
2764.706054
3107.843261
3235.294189
2794.117675
2245.098144
1362.745117
235.294128
-754.901977
-1627.451049
-2500.000000
-3205.882324
-3039.215820
-2509.803955
-1715.686279
-637.254943
441.176483
1362.745117
2882.353027
3186.274658
3176.470703
2617.647216
1960.784301
950.980407
-98.039215
-1990.196166
-2784.313720
-3117.647216
-3235.294189
-2784.313720
-2176.470703
-39.215686
882.352966
1745.098022
2509.803955
2980.392333
3186.274658
2970.588378
1529.411743
441.176483
-578.431396
-1480.392211
-2372.549072
-2941.176513
-3215.686279
-2529.411865
-1794.117675
-715.686279
352.941192
1303.921630
2127.450927
2794.117675
3137.254882
3264.706054
2735.294189
1039.215698
-107.843139
-1078.431396
-1960.784301
-2745.098144
-3107.843261
-3215.686279
-2176.470703
-1294.117675
-127.450981
803.921569
1686.274536
2519.607910
2980.392333
3186.274658
3039.215820
2480.392089
480.392150
-558.823547
-1460.784301
-2343.137207
-2892.156982
-3176.470703
-3196.078369
-2627.450927
-1941.176513
-970.588256
147.058822
1107.843139
1941.176513
2725.490234
3058.823486
2754.902099
2176.470703
1313.725463
147.058822
-803.921569
-1647.058837
-2509.803955
-3225.490234
-2941.176513
-2431.372558
-1607.843139
-490.196075
568.627441
2382.353027
2931.372558
3196.078369
3107.843261
2529.411865
1833.333374
823.529418
-1362.745117
-2245.098144
-2852.941162
-3156.862792
-3215.686279
-2676.470703
-2039.215698
205.882354
1156.862792
2029.411743
2764.706054
3117.647216
3196.078369
2784.313720
2245.098144
1333.333374
215.686279
-754.901977
-1627.451049
-2470.588378
-2980.392333
-3225.490234
-3078.431396
-2509.803955
-1784.313720
558.823547
1450.980468
2303.921630
2882.353027
3176.470703
3166.666748
2627.450927
1980.392211
980.392150
-78.431373
-1990.196166
-2754.902099
-3127.450927
-3235.294189
-2784.313720
-2254.902099
-1382.353027
-225.490203
764.705871
1617.647094
2450.980468
2950.980468
3156.862792
3068.627441
2519.607910
647.058837
-431.372558
-1362.745117
-2235.294189
-2852.941162
-3176.470703
-3205.882324
-1960.784301
-941.176513
166.666671
1137.254882
1980.392211
2745.098144
3186.274658
2764.706054
2166.666748
1274.509887
137.254898
-833.333374
-1686.274536
-3058.823486
-3225.490234
-2892.156982
-2382.353027
-1588.235351
-431.372558
617.647094
2450.980468
2931.372558
3186.274658
3088.235351
2500.000000
1872.549072
872.549011
-1323.529418
-2186.274658
-2833.333496
-3176.470703
-3225.490234
-2715.686279
-2058.823486
-1127.451049
19.607843
931.372558
1794.117675
2637.254882
3009.803955
3196.078369
2911.764648
2401.960937
1637.254882
549.019592
-509.803924
-1392.156860
-2274.509765
-2882.353027
-3186.274658
-3196.078369
-2656.862792
-892.156860
215.686279
2127.450927
2794.117675
3147.058837
2656.862792
2009.803955
1098.039184
-29.411766
-970.588256
-1833.333374
-2666.666748
-3225.490234
-2803.921630
-2284.313720
-1421.568603
-303.921569
705.882385
1578.431396
3000.000000
3205.882324
3058.823486
2480.392089
1764.705932
715.686279
-343.137268
-2235.294189
-2852.941162
-3176.470703
-3196.078369
-2666.666748
-2000.000000
-1127.451049
1156.862792
2000.000000
2725.490234
3088.235351
3225.490234
2784.313720
1254.901977
166.666671
-813.725524
-1696.078491
-2529.411865
-3009.803955
-3215.686279
-2382.353027
-1558.823608
-431.372558
588.235290
1450.980468
2323.529541
2892.156982
3078.431396
2490.196044
1833.333374
803.921569
-274.509796
-1235.294189
-2088.235351
-3166.666748
-3196.078369
-2705.882324
-2068.627441
-1088.235351
58.823532
960.784301
1823.529418
2627.450927
3049.019775
2784.313720
2284.313720
1450.980468
-823.529418
-1686.274536
-2558.823486
-3009.803955
-3215.686279
-3029.411865
-2450.980468
-441.176483
607.843139
1480.392211
2343.137207
2911.764648
3156.862792
3127.450927
1813.725463
784.313720
-313.725494
-1274.509887
-2117.647216
-2794.117675
-3156.862792
-2676.470703
-2029.411743
-1058.823608
98.039215
980.392150
1823.529418
3068.627441
3176.470703
2764.706054
2264.705810
1450.980468
343.137268
-647.058837
-2490.196044
-3000.000000
-3205.882324
-3078.431396
-2539.215820
-1823.529418
-754.901977
1401.960815
2254.902099
2862.745117
3117.647216
3186.274658
2647.058837
1990.196166
-225.490203
-1205.882324
-2049.019531
-2774.509765
-3147.058837
-3254.902099
-2754.902099
-1205.882324
-39.215686
872.549011
1754.901977
2558.823486
3019.607910
2852.941162
2372.549072
1558.823608
470.588256
-558.823547
-1460.784301
-2323.529541
-3235.294189
-3098.039306
-2519.607910
-1823.529418
-774.509826
303.921569
1245.098022
2823.529541
3147.058837
3196.078369
2705.882324
2049.019531
1137.254882
-9.803922
-1892.156860
-2715.686279
-3068.627441
-3254.902099
-2813.725585
-2303.921630
-1470.588256
833.333374
1715.686279
2519.607910
2990.196044
3186.274658
3000.000000
2500.000000
1843.137329
803.921569
-274.509796
-2176.470703
-2813.725585
-3176.470703
-3215.686279
-2735.294189
-2058.823486
-1127.451049
1166.666748
2049.019531
2774.509765
3098.039306
3205.882324
2764.706054
1254.901977
88.235298
-823.529418
-1676.470581
-2539.215820
-3019.607910
-3205.882324
-2401.960937
-1578.431396
-450.980407
558.823547
1450.980468
2313.725585
2892.156982
3176.470703
3166.666748
2588.235351
1931.372558
970.588256
-78.431373
-1019.607849
-2774.509765
-3107.843261
-3215.686279
-2784.313720
-2215.686279
-1313.725463
-166.666671
1823.529418
2637.254882
3049.019775
3196.078369
2862.745117
2372.549072
323.529418
-686.274536
-1558.823608
-2441.176513
-2960.784423
-3205.882324
-3107.843261
-1696.078491
-607.843139
470.588256
1382.353027
2235.294189
2843.137207
3156.862792
3196.078369
2676.470703
2039.215698
-166.666671
-1156.862792
-2009.803955
-2774.509765
-3098.039306
-3235.294189
-2803.921630
-1245.098022
-98.039215
852.941162
1715.686279
2529.411865
3009.803955
3186.274658
2372.549072
1568.627441
490.196075
-568.627441
-1470.588256
-2333.333496
-2901.960937
-3196.078369
-3186.274658
-2588.235351
-764.705871
303.921569
1254.901977
2088.235351
2803.921630
3127.450927
3196.078369
2078.431396
1127.451049
19.607843
-911.764709
-1764.705932
-2617.647216
-3029.411865
-3215.686279
-2931.372558
-2441.176513
-1607.843139
-490.196075
558.823547
1441.176513
2294.117675
2872.549072
3166.666748
3147.058837
1872.549072
852.941162
-235.294128
-1196.078491
-2019.607910
-2784.313720
-3127.450927
-2745.098144
-2127.450927
-1186.274536
-29.411766
921.568664
1754.901977
2568.627441
3000.000000
3186.274658
3039.215820
2460.784423
1725.490234
696.078430
-382.352935
-1313.725463
-2176.470703
-2823.529541
-3176.470703
-2647.058837
-1990.196166
-1000.000000
68.627449
970.588256
1803.921630
2617.647216
3196.078369
2784.313720
2294.117675
1441.176513
313.725494
-686.274536
-1558.823608
-2431.372558
-2950.980468
-3215.686279
-2490.196044
-1735.294189
-627.450988
1460.784301
2333.333496
2892.156982
3186.274658
3137.254882
2588.235351
1931.372558
-323.529418
-1284.313720
-2137.254882
-2833.333496
-3156.862792
-3235.294189
-2735.294189
-1029.411743
127.450981
1088.235351
1941.176513
2725.490234
3039.215820
3196.078369
2784.313720
2303.921630
1450.980468
-813.725524
-1686.274536
-2568.627441
-3039.215820
-3245.098144
-3009.803955
-2460.784423
-1686.274536
-588.235290
480.392150
2343.137207
2882.353027
3156.862792
3147.058837
2598.039306
1950.980468
1000.000000
-1235.294189
-2058.823486
-2794.117675
-3147.058837
-3225.490234
-2784.313720
-2176.470703
-1294.117675
-107.843139
852.941162
1735.294189
2578.431396
3019.607910
3176.470703
2980.392333
2450.980468
1725.490234
647.058837
-411.764709
-1343.137329
-2225.490234
-3196.078369
-3196.078369
-2637.254882
-1950.980468
-950.980407
137.254898
1078.431396
2774.509765
3137.254882
3196.078369
2764.706054
2196.078369
1333.333374
215.686279
-1803.921630
-2627.450927
-3058.823486
-3215.686279
-2921.568603
-2401.960937
-1598.039184
-470.588256
568.627441
1460.784301
2950.980468
3156.862792
3088.235351
2529.411865
1852.941162
813.725524
-264.705902
-2176.470703
-2833.333496
-3176.470703
-3205.882324
-2745.098144
-2098.039306
-1176.470581
-19.607843
921.568664
1764.705932
2568.627441
3000.000000
3196.078369
3019.607910
2480.392089
1764.705932
715.686279
-372.549041
-2254.902099
-2872.549072
-3176.470703
-3215.686279
-2656.862792
-1980.392211
-1039.215698
1254.901977
2098.039306
2764.706054
3107.843261
3196.078369
2764.706054
2176.470703
29.411766
-872.549011
-1735.294189
-2588.235351
-3049.019775
-3235.294189
-2941.176513
-1500.000000
-470.588256
568.627441
1431.372558
2294.117675
2843.137207
3078.431396
2529.411865
1843.137329
774.509826
-303.921569
-1254.901977
-2107.843261
-3186.274658
-3215.686279
-2686.274658
-2029.411743
-1068.627441
98.039215
1009.803955
1882.353027
2676.470703
3058.823486
2774.509765
2284.313720
1431.372558
284.313720
-696.078430
-1568.627441
-2450.980468
-3225.490234
-3029.411865
-2450.980468
-1686.274536
-588.235290
470.588256
1382.353027
2872.549072
3147.058837
3147.058837
2588.235351
1931.372558
960.784301
-117.647064
-2049.019531
-2813.725585
-3127.450927
-3225.490234
-2774.509765
-2176.470703
-1313.725463
-137.254898
833.333374
1725.490234
2549.019775
2980.392333
3186.274658
3000.000000
2460.784423
1774.509887
715.686279
-362.745117
-2254.902099
-2862.745117
-3176.470703
-3215.686279
-2666.666748
-2000.000000
-1088.235351
49.019607
921.568664
1813.725463
2607.843261
3000.000000
3176.470703
2970.588378
2450.980468
1705.882324
627.450988
-450.980407
-1372.549072
-2225.490234
-2843.137207
-3176.470703
-2617.647216
-1950.980468
-960.784301
147.058822
1098.039184
1941.176513
3098.039306
3176.470703
2745.098144
2205.882324
1323.529418
196.078430
-774.509826
-2588.235351
-3029.411865
-3235.294189
-2960.784423
-2441.176513
-1637.254882
-519.607849
539.215698
1421.568603
2294.117675
3147.058837
3098.039306
2539.215820
1892.156860
892.156860
-176.470596
-1156.862792
-2813.725585
-3147.058837
-3235.294189
-2764.706054
-2137.254882
-1205.882324
-49.019607
1892.156860
2676.470703
3058.823486
3205.882324
2852.941162
2372.549072
1558.823608
-764.705871
-1617.647094
-2480.392089
-2990.196044
-3205.882324
-3098.039306
-2509.803955
-1803.921630
-735.294128
362.745117
2294.117675
2852.941162
3166.666748
3147.058837
2637.254882
1980.392211
1039.215698
-98.039215
-1039.215698
-1931.372558
-2735.294189
-3088.235351
-3225.490234
-2803.921630
-2294.117675
-1441.176513
-245.098037
705.882385
2529.411865
3000.000000
3205.882324
3049.019775
2490.196044
1764.705932
725.490234
-1411.764770
-2274.509765
-2862.745117
-3205.882324
-3205.882324
-2627.450927
-1980.392211
264.705902
1186.274536
2049.019531
2784.313720
3147.058837
3196.078369
2078.431396
1176.470581
29.411766
-882.352966
-1764.705932
-2598.039306
-3019.607910
-2862.745117
-2343.137207
-1519.607910
-401.960784
617.647094
1470.588256
2333.333496
3186.274658
3049.019775
2490.196044
1803.921630
774.509826
-313.725494
-1294.117675
-2833.333496
-3186.274658
-3225.490234
-2686.274658
-2019.607910
-1058.823608
1225.490234
2078.431396
2764.706054
3098.039306
3176.470703
2745.098144
2205.882324
49.019607
-852.941162
-1715.686279
-2578.431396
-3029.411865
-3225.490234
-3000.000000
-1598.039184
-490.196075
539.215698
1421.568603
2274.509765
2843.137207
3176.470703
3176.470703
2647.058837
2009.803955
-215.686279
-1196.078491
-2029.411743
-2774.509765
-3137.254882
-3235.294189
-2794.117675
-1147.058837
-9.803922
862.745117
1745.098022
2549.019775
3000.000000
3186.274658
2421.568603
1627.451049
558.823547
-519.607849
-1411.764770
-2284.313720
-2882.353027
-3147.058837
-2578.431396
-1901.960815
-882.352966
235.294128
1156.862792
2000.000000
2725.490234
3058.823486
3196.078369
2176.470703
1303.921630
156.862747
-784.313720
-1666.666748
-2509.803955
-3029.411865
-2921.568603
-2421.568603
-1598.039184
-509.803924
549.019592
1431.372558
2294.117675
2862.745117
3166.666748
3156.862792
2617.647216
1970.588256
1000.000000
-68.627449
-980.392150
-1823.529418
-2656.862792
-3058.823486
-2803.921630
-2294.117675
-1382.353027
-264.705902
705.882385
1568.627441
2421.568603
3196.078369
3000.000000
2490.196044
1774.509887
745.098083
-323.529418
-1264.705932
-2843.137207
-3166.666748
-3196.078369
-2676.470703
-2019.607910
-1058.823608
1225.490234
2058.823486
2784.313720
3127.450927
3196.078369
2754.902099
2176.470703
49.019607
-852.941162
-1735.294189
-2578.431396
-3029.411865
-3196.078369
-3000.000000
-1617.647094
-480.392150
539.215698
1421.568603
2274.509765
2862.745117
3166.666748
3176.470703
2656.862792
2000.000000
1117.647094
-19.607843
-921.568664
-1784.313720
-3107.843261
-3215.686279
-2803.921630
-2294.117675
-1441.176513
-274.509796
696.078430
1549.019653
2441.176513
2950.980468
3156.862792
3078.431396
2529.411865
1843.137329
803.921569
-245.098037
-1196.078491
-2058.823486
-3147.058837
-3225.490234
-2745.098144
-2098.039306
-1166.666748
-19.607843
892.156860
2686.274658
3058.823486
3196.078369
2823.529541
2333.333496
1529.411743
411.764709
-617.647094
-1500.000000
-2313.725585
-3205.882324
-3127.450927
-2568.627441
-656.862731
411.764709
1333.333374
2176.470703
2803.921630
3147.058837
3205.882324
2745.098144
2098.039306
1215.686279
68.627449
-1862.745117
-2686.274658
-3068.627441
-3235.294189
-2823.529541
-2333.333496
-186.274520
745.098083
1588.235351
2470.588378
2970.588378
3186.274658
3068.627441
1656.862792
558.823547
-490.196075
-1411.764770
-2264.705810
-2872.549072
-3166.666748
-2598.039306
-1921.568603
-872.549011
196.078430
1147.058837
1950.980468
2735.294189
3098.039306
3205.882324
2803.921630
1274.509887
166.666671
-823.529418
-1666.666748
-2549.019775
-3029.411865
-3205.882324
-2421.568603
-1588.235351
-441.176483
588.235290
1441.176513
2313.725585
2862.745117
3078.431396
2519.607910
1803.921630
774.509826
-284.313720
-1264.705932
-2098.039306
-3166.666748
-3205.882324
-2715.686279
-2068.627441
-1098.039184
68.627449
960.784301
1794.117675
2607.843261
3029.411865
2794.117675
2294.117675
1450.980468
323.529418
-676.470581
-1529.411743
-2431.372558
-2941.176513
-3205.882324
-3107.843261
-1745.098022
-656.862731
450.980407
1333.333374
2186.274658
2803.921630
3117.647216
3186.274658
2705.882324
2098.039306
1156.862792
0.000000
-764.705871
-1627.451049
-2500.000000
-2960.784423
-3205.882324
-3107.843261
-2529.411865
-1813.725463
-725.490234
372.549041
1284.313720
2107.843261
2784.313720
3205.882324
2666.666748
2000.000000
1156.862792
19.607843
-901.960815
-1754.901977
-2598.039306
-3039.215820
-3235.294189
-2970.588378
-2450.980468
-1647.058837
-558.823547
509.803924
2362.745117
2911.764648
3166.666748
3117.647216
2549.019775
1911.764770
911.764709
-156.862747
-1137.254882
-1980.392211
-3147.058837
-3225.490234
-2745.098144
-1088.235351
68.627449
970.588256
1823.529418
2627.450927
3058.823486
3176.470703
2313.725585
1460.784301
352.941192
-666.666687
-1519.607910
-2411.764648
-2950.980468
-3068.627441
-2470.588378
-1745.098022
-666.666687
421.568634
1323.529418
2196.078369
3156.862792
3176.470703
2627.450927
1990.196166
1009.803955
-98.039215
-1019.607849
-1901.960815
-2715.686279
-3107.843261
-3215.686279
-2823.529541
-2313.725585
-1441.176513
-294.117645
735.294128
1568.627441
3000.000000
3196.078369
3029.411865
2480.392089
1764.705932
705.882385
-382.352935
-2245.098144
-2852.941162
-3186.274658
-3196.078369
-2656.862792
-2009.803955
274.509796
1196.078491
2029.411743
2794.117675
3117.647216
3196.078369
2754.902099
2176.470703
1303.921630
186.274520
-764.705871
-2578.431396
-3039.215820
-3225.490234
-2960.784423
-2431.372558
-1627.451049
676.470581
1539.215698
2421.568603
2950.980468
3196.078369
3088.235351
2529.411865
725.490234
-352.941192
-1333.333374
-2176.470703
-2813.725585
-3156.862792
-3215.686279
-1970.588256
-1000.000000
68.627449
970.588256
1823.529418
2627.450927
3029.411865
2774.509765
2264.705810
1460.784301
333.333343
-666.666687
-1549.019653
-2411.764648
-3215.686279
-3078.431396
-2509.803955
-1745.098022
-676.470581
411.764709
2284.313720
2852.941162
3186.274658
3196.078369
2627.450927
1941.176513
1019.607849
-1245.098022
-2058.823486
-2784.313720
-3137.254882
-3225.490234
-2764.706054
-2176.470703
-9.803922
882.352966
2666.666748
3049.019775
3196.078369
2852.941162
2343.137207
1549.019653
450.980407
-1588.235351
-2480.392089
-3000.000000
-3205.882324
-3137.254882
-2558.823486
-1852.941162
460.784332
1382.353027
2225.490234
2833.333496
3156.862792
3176.470703
2676.470703
2049.019531
1107.843139
-19.607843
-960.784301
-1813.725463
-2647.058837
-3029.411865
-3215.686279
-2901.960937
-2392.156982
-1568.627441
725.490234
1588.235351
3019.607910
3196.078369
2980.392333
2450.980468
1705.882324
617.647094
-450.980407
-1352.941162
-2215.686279
-2843.137207
-3166.666748
-3205.882324
-2686.274658
-2049.019531
-1078.431396
1225.490234
2049.019531
2774.509765
3127.450927
3205.882324
2754.902099
2166.666748
1333.333374
215.686279
-794.117675
-1656.862792
-2529.411865
-2990.196044
-2941.176513
-2411.764648
-1598.039184
-490.196075
1558.823608
2431.372558
2960.784423
3176.470703
3098.039306
2519.607910
1852.941162
872.549011
-225.490203
-1196.078491
-2058.823486
-2803.921630
-3117.647216
-3225.490234
-2784.313720
-2196.078369
-1313.725463
-147.058822
1843.137329
2656.862792
3029.411865
3196.078369
2843.137207
2362.745117
1558.823608
450.980407
-588.235290
-1460.784301
-2960.784423
-3186.274658
-3107.843261
-2539.215820
-1784.313720
-754.901977
333.333343
1274.509887
2098.039306
2784.313720
3127.450927
3225.490234
2754.902099
2156.862792
1284.313720
147.058822
-794.117675
-1686.274536
-3078.431396
-3225.490234
-2882.353027
-2401.960937
-1578.431396
-441.176483
598.039245
2421.568603
2921.568603
3186.274658
3078.431396
2539.215820
1823.529418
803.921569
-284.313720
-1235.294189
-2107.843261
-2813.725585
-3147.058837
-3235.294189
-2754.902099
-2137.254882
-1235.294189
-78.431373
852.941162
2647.058837
3039.215820
3186.274658
2882.353027
2362.745117
1578.431396
470.588256
-568.627441
-1470.588256
-2333.333496
-2911.764648
-3196.078369
-3176.470703
-2598.039306
-1921.568603
-931.372558
166.666671
1127.451049
1950.980468
2725.490234
3088.235351
2725.490234
2147.058837
1264.705932
156.862747
-833.333374
-1705.882324
-2558.823486
-3225.490234
-2911.764648
-2431.372558
-1578.431396
-450.980407
617.647094
1441.176513
2950.980468
3196.078369
3147.058837
2539.215820
1833.333374
833.333374
-274.509796
-2186.274658
-2803.921630
-3156.862792
-3215.686279
-2715.686279
-2058.823486
-1117.647094
29.411766
941.176513
1794.117675
3058.823486
3225.490234
2794.117675
2303.921630
1470.588256
333.333343
-617.647094
-2500.000000
-2970.588378
-3196.078369
-3107.843261
-2529.411865
-1823.529418
-774.509826
1382.353027
2254.902099
2843.137207
3186.274658
3186.274658
2676.470703
941.176513
-156.862747
-1127.451049
-2000.000000
-2725.490234
-3098.039306
-3215.686279
-2225.490234
-1323.529418
-186.274520
794.117675
1647.058837
2509.803955
2980.392333
2931.372558
2421.568603
1627.451049
529.411804
-519.607849
-1411.764770
-2294.117675
-3176.470703
-3147.058837
-2558.823486
-1872.549072
-833.333374
274.509796
1186.274536
2019.607910
2774.509765
3078.431396
2745.098144
2107.843261
1186.274536
-1098.039184
-1960.784301
-2745.098144
-3098.039306
-3225.490234
-2784.313720
-2294.117675
-1431.372558
-254.901962
715.686279
1578.431396
2431.372558
2941.176513
3186.274658
3088.235351
2519.607910
1823.529418
784.313720
-303.921569
-1245.098022
-2107.843261
-2833.333496
-3215.686279
-2696.078369
-2049.019531
-1078.431396
88.235298
990.196105
1833.333374
2627.450927
3019.607910
3176.470703
2303.921630
1470.588256
333.333343
-1705.882324
-2558.823486
-3000.000000
-3215.686279
-3068.627441
-2490.196044
-1745.098022
558.823547
1431.372558
2313.725585
2872.549072
3196.078369
3127.450927
2627.450927
862.745117
-245.098037
-1186.274536
-2058.823486
-2794.117675
-3137.254882
-3245.098144
-2774.509765
-2186.274658
-1284.313720
-137.254898
843.137268
1705.882324
3039.215820
3215.686279
2892.156982
2411.764648
313.725494
-676.470581
-1558.823608
-2450.980468
-2960.784423
-3215.686279
-3117.647216
-1735.294189
-637.254943
450.980407
1343.137329
2196.078369
2813.725585
3166.666748
2578.431396
1950.980468
990.196105
-98.039215
-1019.607849
-1911.764770
-3117.647216
-3225.490234
-2803.921630
-2235.294189
-1352.941162
-156.862747
803.921569
2617.647216
3029.411865
3205.882324
2901.960937
2392.156982
1598.039184
509.803924
-1558.823608
-2450.980468
-2931.372558
-3215.686279
-3127.450927
-2558.823486
-1823.529418
-774.509826
303.921569
1245.098022
2058.823486
2784.313720
3127.450927
3215.686279
2745.098144
2196.078369
1323.529418
166.666671
-1833.333374
-2637.254882
-3078.431396
-3215.686279
-2862.745117
-2362.745117
-1549.019653
735.294128
1607.843139
2470.588378
3000.000000
3176.470703
3107.843261
1745.098022
676.470581
-392.156860
-1323.529418
-2186.274658
-2833.333496
-3186.274658
-2627.450927
-1980.392211
-970.588256
137.254898
1088.235351
1931.372558
2725.490234
3205.882324
2764.706054
2186.274658
1294.117675
147.058822
-803.921569
-1666.666748
-2568.627441
-3019.607910
-3225.490234
-2411.764648
-1578.431396
-450.980407
588.235290
1450.980468
2294.117675
2872.549072
3098.039306
2519.607910
1862.745117
833.333374
-245.098037
-1205.882324
-2049.019531
-2803.921630
-3147.058837
-3205.882324
-2764.706054
-2186.274658
-1274.509887
-137.254898
823.529418
1705.882324
2549.019775
2980.392333
2892.156982
2411.764648
1598.039184
490.196075
-539.215698
-1450.980468
-2323.529541
-2892.156982
-3215.686279
-3196.078369
-2627.450927
-1941.176513
-931.372558
147.058822
1088.235351
1950.980468
2745.098144
3078.431396
3215.686279
2784.313720
2264.705810
1450.980468
333.333343
-676.470581
-1539.215698
-2980.392333
-3215.686279
-3049.019775
-2500.000000
-1754.901977
-725.490234
343.137268
2235.294189
2833.333496
3186.274658
3205.882324
2656.862792
1990.196166
1068.627441
-68.627449
-1000.000000
-1823.529418
-2647.058837
-3068.627441
-3225.490234
-2911.764648
-2392.156982
-1578.431396
-460.784332
607.843139
2421.568603
2931.372558
3166.666748
3098.039306
2509.803955
1852.941162
823.529418
-274.509796
-1235.294189
-2088.235351
-2803.921630
-3137.254882
-3235.294189
-2764.706054
