-1715.686279
-637.254943
450.980407
1352.941162
2196.078369
2813.725585
3127.450927
2607.843261
1941.176513
980.392150
-117.647064
-1058.823608
-1941.176513
-2754.902099
-3235.294189
-2784.313720
-2205.882324
-1284.313720
-127.450981
843.137268
2617.647216
3009.803955
3215.686279
2892.156982
2372.549072
1578.431396
470.588256
-568.627441
-1450.980468
-2343.137207
-2892.156982
-3107.843261
-2549.019775
-1843.137329
-794.117675
313.725494
1274.509887
2823.529541
3147.058837
3205.882324
2696.078369
2068.627441
1107.843139
-9.803922
-1921.568603
-2686.274658
-3088.235351
-3215.686279
-2803.921630
-2284.313720
-1450.980468
833.333374
1725.490234
2529.411865
3009.803955
3196.078369
3029.411865
2441.176513
1686.274536
607.843139
-480.392150
-2333.333496
-2901.960937
-3186.274658
-3176.470703
-2588.235351
-1921.568603
-901.960815
1264.705932
2078.431396
2745.098144
3176.470703
3215.686279
2725.490234
2107.843261
1225.490234
127.450981
-833.333374
-1735.294189
-2578.431396
-3049.019775
-3205.882324
-2970.588378
-2450.980468
-1666.666748
-558.823547
1519.607910
2401.960937
2921.568603
3205.882324
3147.058837
2558.823486
1872.549072
872.549011
-205.882354
-1176.470581
-2039.215698
-2784.313720
-3107.843261
-3215.686279
-2774.509765
-2196.078369
-1294.117675
-147.058822
1862.745117
2637.254882
3029.411865
3205.882324
2882.353027
2382.353027
1568.627441
470.588256
-578.431396
-1470.588256
-2352.941162
-2921.568603
-3196.078369
-3147.058837
-2598.039306
-1921.568603
-941.176513
156.862747
1117.647094
1980.392211
2725.490234
3176.470703
2725.490234
2156.862792
1274.509887
147.058822
-803.921569
-1686.274536
-3049.019775
-3235.294189
-2921.568603
-2401.960937
-1607.843139
-480.392150
549.019592
2411.764648
2941.176513
3156.862792
3117.647216
2500.000000
1921.568603
931.372558
-1303.921630
-2147.058837
-2823.529541
-3147.058837
-3215.686279
-2745.098144
-2117.647216
107.843139
1068.627441
1931.372558
2715.686279
3068.627441
3196.078369
2176.470703
1323.529418
196.078430
-725.490234
-1607.843139
-2470.588378
-2990.196044
-2970.588378
-2431.372558
-1637.254882
-558.823547
500.000000
1352.941162
2205.882324
3147.058837
3156.862792
2598.039306
1941.176513
980.392150
-88.235298
-1019.607849
-1931.372558
-2725.490234
-3068.627441
-2794.117675
-2205.882324
-1284.313720
-176.470596
774.509826
1637.254882
2490.196044
3196.078369
2941.176513
2401.960937
1627.451049
549.019592
-500.000000
-1352.941162
-2872.549072
-3176.470703
-3176.470703
-2617.647216
-1950.980468
-960.784301
117.647064
1098.039184
1941.176513
2696.078369
3058.823486
3186.274658
2803.921630
2284.313720
1460.784301
323.529418
-666.666687
-1539.215698
-3029.411865
-3196.078369
-3039.215820
-2470.588378
-1715.686279
-627.450988
441.176483
2303.921630
2872.549072
3147.058837
3156.862792
2617.647216
1970.588256
990.196105
-107.843139
-1058.823608
-1950.980468
-2745.098144
-3098.039306
-3235.294189
-2813.725585
-2245.098144
-1411.764770
-274.509796
705.882385
2558.823486
3000.000000
3176.470703
3058.823486
2490.196044
1764.705932
725.490234
-343.137268
-1294.117675
-2166.666748
-3186.274658
-3215.686279
-2647.058837
-1970.588256
-1000.000000
58.823532
970.588256
2705.882324
3068.627441
3225.490234
2764.706054
2284.313720
1450.980468
352.941192
-1696.078491
-2539.215820
-2990.196044
-3225.490234
-3049.019775
-2490.196044
-1725.490234
578.431396
1460.784301
2333.333496
2901.960937
3176.470703
3176.470703
1833.333374
813.725524
-264.705902
-1215.686279
-2098.039306
-2784.313720
-3127.450927
-2705.882324
-2068.627441
-1117.647094
39.215686
931.372558
1794.117675
2598.039306
3205.882324
2794.117675
2294.117675
1450.980468
343.137268
-637.254943
-1529.411743
-2980.392333
-3225.490234
-3058.823486
-2480.392089
-1725.490234
-637.254943
441.176483
1343.137329
2196.078369
2833.333496
3137.254882
2568.627441
1931.372558
960.784301
-107.843139
-1068.627441
-1950.980468
-3127.450927
-3235.294189
-2784.313720
-2166.666748
-1284.313720
-127.450981
1901.960815
2656.862792
3039.215820
3176.470703
2862.745117
2352.941162
1539.215698
-754.901977
-1637.254882
-2509.803955
-2980.392333
-3235.294189
-3078.431396
-2500.000000
-637.254943
460.784332
1362.745117
2225.490234
2843.137207
3156.862792
3186.274658
1941.176513
960.784301
-98.039215
-1049.019653
-1950.980468
-2725.490234
-3088.235351
-2774.509765
-2196.078369
-1313.725463
-176.470596
813.725524
1656.862792
3009.803955
3176.470703
2931.372558
2421.568603
1607.843139
529.411804
-509.803924
-1401.960815
-2303.921630
-2882.353027
-3176.470703
-2578.431396
-1862.745117
-823.529418
264.705902
1205.882324
2049.019531
3117.647216
3186.274658
2705.882324
2078.431396
1137.254882
-9.803922
-882.352966
-2696.078369
-3078.431396
-3235.294189
-2862.745117
-2323.529541
-1470.588256
-343.137268
1715.686279
2529.411865
3000.000000
3166.666748
3029.411865
2480.392089
1754.901977
725.490234
-352.941192
-1303.921630
-2862.745117
-3166.666748
-3225.490234
-2676.470703
-1990.196166
-1039.215698
137.254898
2068.627441
2784.313720
3098.039306
3176.470703
2764.706054
2186.274658
1323.529418
205.882354
-774.509826
-1637.254882
-3039.215820
-3235.294189
-2960.784423
-1490.196166
-352.941192
666.666687
1529.411743
2401.960937
2941.176513
3156.862792
2470.588378
1725.490234
666.666687
-392.156860
-1323.529418
-2196.078369
-2843.137207
-3205.882324
-2637.254882
-1950.980468
-980.392150
117.647064
1068.627441
1911.764770
3078.431396
3196.078369
2774.509765
2176.470703
1333.333374
186.274520
-784.313720
-2598.039306
-3039.215820
-3225.490234
-2970.588378
-2431.372558
-1617.647094
-509.803924
529.411804
1431.372558
2284.313720
3147.058837
3137.254882
2578.431396
1872.549072
872.549011
-205.882354
-1156.862792
-2823.529541
-3147.058837
-3215.686279
-2745.098144
-2117.647216
-1196.078491
1117.647094
1970.588256
2735.294189
3068.627441
3186.274658
2774.509765
2284.313720
127.450981
-823.529418
-1705.882324
-2568.627441
-3019.607910
-3225.490234
-3039.215820
-1588.235351
-431.372558
617.647094
1460.784301
2333.333496
2872.549072
3186.274658
3156.862792
2578.431396
1921.568603
950.980407
-127.450981
-1078.431396
-2009.803955
-2764.706054
-3078.431396
-3225.490234
-2784.313720
-1284.313720
-127.450981
843.137268
1715.686279
2539.215820
3000.000000
3176.470703
2411.764648
1656.862792
588.235290
-470.588256
-1392.156860
-2274.509765
-2872.549072
-3166.666748
-2568.627441
-1892.156860
-872.549011
225.490203
1147.058837
2774.509765
3088.235351
3186.274658
2745.098144
2117.647216
1245.098022
127.450981
-1872.549072
-2676.470703
-3088.235351
-3235.294189
-2843.137207
-2352.941162
-1509.803955
813.725524
1656.862792
2509.803955
2960.784423
3166.666748
3009.803955
2470.588378
1745.098022
705.882385
-362.745117
-2274.509765
-2872.549072
-3196.078369
-3186.274658
-2656.862792
-1970.588256
-1029.411743
1274.509887
2098.039306
2754.902099
3088.235351
3186.274658
2745.098144
2156.862792
1264.705932
127.450981
-813.725524
-1715.686279
-2539.215820
-3009.803955
-3235.294189
-3000.000000
-2509.803955
-1745.098022
-666.666687
1460.784301
2333.333496
2901.960937
3166.666748
3156.862792
2578.431396
1941.176513
970.588256
-137.254898
-1107.843139
-2784.313720
-3127.450927
-3235.294189
-2068.627441
-1117.647094
29.411766
901.960815
1774.509887
2578.431396
3019.607910
2813.725585
2294.117675
1509.803955
401.960784
-617.647094
-1509.803955
-2362.745117
-3225.490234
-3078.431396
-2480.392089
-1774.509887
-735.294128
372.549041
1284.313720
2843.137207
3117.647216
3166.666748
2627.450927
1990.196166
1039.215698
-88.235298
-2000.000000
-2735.294189
-3078.431396
-3235.294189
-2823.529541
-2274.509765
-147.058822
833.333374
1696.078491
2529.411865
3009.803955
3186.274658
3019.607910
1598.039184
519.607849
-558.823547
-1441.176513
-2313.725585
-2862.745117
-3176.470703
-2529.411865
-1823.529418
-784.313720
303.921569
1254.901977
2088.235351
2794.117675
3117.647216
3196.078369
2725.490234
1107.843139
-49.019607
-941.176513
-1803.921630
-2627.450927
-3068.627441
-3215.686279
-2274.509765
-1431.372558
-284.313720
715.686279
1558.823608
2411.764648
2941.176513
3019.607910
2460.784423
1715.686279
666.666687
-421.568634
-1372.549072
-2215.686279
-3196.078369
-3176.470703
-2617.647216
-1941.176513
-950.980407
137.254898
2078.431396
2725.490234
3078.431396
3205.882324
2764.706054
2186.274658
1313.725463
-990.196105
-1862.745117
-2686.274658
-3088.235351
-3235.294189
-2852.941162
-2343.137207
-235.294128
754.901977
1617.647094
2460.784423
2941.176513
3176.470703
3068.627441
2490.196044
1794.117675
764.705871
-1401.960815
-2245.098144
-2852.941162
-3156.862792
-2578.431396
-1892.156860
-892.156860
196.078430
1156.862792
1990.196166
3127.450927
3205.882324
2784.313720
2127.450927
1225.490234
107.843139
-872.549011
-2696.078369
-3058.823486
-3225.490234
-2862.745117
-2352.941162
-1509.803955
-392.156860
607.843139
1480.392211
2352.941162
2882.353027
3137.254882
3127.450927
2549.019775
1911.764770
931.372558
-156.862747
-1147.058837
-1990.196166
-2774.509765
-3107.843261
-3235.294189
-2794.117675
-2215.686279
-1313.725463
1000.000000
1813.725463
2656.862792
3029.411865
3186.274658
2892.156982
2401.960937
1607.843139
529.411804
-539.215698
-1431.372558
-2313.725585
-2882.353027
-3166.666748
-3176.470703
-2627.450927
-1980.392211
-950.980407
1235.294189
2107.843261
2764.706054
3117.647216
3196.078369
2745.098144
2117.647216
1264.705932
127.450981
-823.529418
-2656.862792
-3058.823486
-3205.882324
-2264.705810
-1411.764770
-284.313720
686.274536
1568.627441
2460.784423
2941.176513
3000.000000
2470.588378
1774.509887
725.490234
-333.333343
-1313.725463
-2147.058837
-3156.862792
-3196.078369
-2676.470703
-2019.607910
-1029.411743
88.235298
1009.803955
1872.549072
2666.666748
3039.215820
2764.706054
2225.490234
1392.156860
274.509796
-725.490234
-1578.431396
-2460.784423
-3196.078369
-3009.803955
-2480.392089
-1696.078491
-607.843139
450.980407
1372.549072
2872.549072
3176.470703
3176.470703
2617.647216
1931.372558
970.588256
-98.039215
-2009.803955
-2764.706054
-3098.039306
-3225.490234
-2764.706054
-2254.902099
-1392.156860
882.352966
1764.705932
2568.627441
2990.196044
3196.078369
2980.392333
1500.000000
500.000000
-480.392150
-1382.353027
-2235.294189
-2852.941162
-3176.470703
-2578.431396
-1921.568603
-892.156860
186.274520
1137.254882
1990.196166
2754.902099
3196.078369
2745.098144
2166.666748
1254.901977
137.254898
-803.921569
-1686.274536
-3058.823486
-3225.490234
-2901.960937
-2401.960937
-1558.823608
-460.784332
588.235290
1460.784301
2323.529541
2892.156982
3147.058837
3147.058837
2607.843261
1931.372558
980.392150
-98.039215
-1049.019653
-1921.568603
-3098.039306
-3225.490234
-2794.117675
-2215.686279
-1343.137329
-196.078430
764.705871
2607.843261
3009.803955
3196.078369
2941.176513
2421.568603
1647.058837
568.627441
-500.000000
-1372.549072
-2215.686279
-3156.862792
-3186.274658
-2607.843261
-1921.568603
-931.372558
156.862747
1117.647094
2774.509765
3098.039306
3215.686279
2745.098144
2176.470703
1323.529418
196.078430
-754.901977
-1627.451049
-2519.607910
-2990.196044
-3225.490234
-3068.627441
-2500.000000
-1833.333374
-774.509826
303.921569
1274.509887
2833.333496
3127.450927
3176.470703
2696.078369
2049.019531
1127.451049
9.803922
-1882.353027
-2696.078369
-3078.431396
-3215.686279
-2843.137207
-2333.333496
-1500.000000
725.490234
1578.431396
2450.980468
2950.980468
3186.274658
3088.235351
2500.000000
1872.549072
882.352966
-196.078430
-1176.470581
-2019.607910
-2794.117675
-3117.647216
-3215.686279
-2774.509765
-2235.294189
-1352.941162
960.784301
1823.529418
2627.450927
3019.607910
3186.274658
2931.372558
2401.960937
1627.451049
500.000000
-470.588256
-1372.549072
-2245.098144
-2852.941162
-3156.862792
-3235.294189
-2676.470703
-1990.196166
-1049.019653
1254.901977
2078.431396
2764.706054
3078.431396
3186.274658
2764.706054
2166.666748
0.000000
-784.313720
-1637.254882
-2509.803955
-2990.196044
-3205.882324
-3078.431396
-2500.000000
-1803.921630
-745.098083
1401.960815
2264.705810
2852.941162
3147.058837
3176.470703
2666.666748
2009.803955
-186.274520
-1176.470581
-2009.803955
-2774.509765
-3127.450927
-3235.294189
-2794.117675
-2215.686279
-1323.529418
-166.666671
1843.137329
2637.254882
3049.019775
2774.509765
2284.313720
1460.784301
333.333343
-656.862731
-1558.823608
-2421.568603
-3215.686279
-3068.627441
-2460.784423
-1735.294189
-647.058837
441.176483
1352.941162
2882.353027
3137.254882
3156.862792
2568.627441
1931.372558
960.784301
-117.647064
-2068.627441
-2794.117675
-3127.450927
-3235.294189
-2774.509765
-2147.058837
-1284.313720
-117.647064
852.941162
1715.686279
2549.019775
3019.607910
3176.470703
3019.607910
2460.784423
1696.078491
656.862731
-441.176483
-2303.921630
-2892.156982
-3176.470703
-3176.470703
-2598.039306
-1950.980468
-960.784301
1264.705932
2107.843261
2794.117675
3117.647216
3205.882324
2735.294189
1068.627441
-39.215686
-980.392150
-1852.941162
-2666.666748
-3078.431396
-3215.686279
-2264.705810
-1401.960815
-254.901962
725.490234
1549.019653
2450.980468
2941.176513
3009.803955
2460.784423
1696.078491
637.254943
-431.372558
-1352.941162
-2196.078369
-2872.549072
-3166.666748
-3235.294189
-1950.980468
-931.372558
156.862747
1117.647094
1960.784301
2735.294189
3078.431396
2735.294189
2137.254882
1264.705932
147.058822
-803.921569
-1676.470581
-2539.215820
-3235.294189
-2921.568603
-2392.156982
-1568.627441
-450.980407
588.235290
1450.980468
2313.725585
2882.353027
3147.058837
2519.607910
1862.745117
843.137268
-1343.137329
-2205.882324
-2843.137207
-3166.666748
-3215.686279
-2696.078369
-2049.019531
166.666671
1117.647094
2009.803955
2745.098144
3088.235351
3205.882324
2764.706054
1284.313720
156.862747
-833.333374
-1715.686279
-2568.627441
-3009.803955
-3205.882324
-2382.353027
-1549.019653
-441.176483
627.450988
1480.392211
2362.745117
2892.156982
3166.666748
3117.647216
2568.627441
774.509826
-313.725494
-1264.705932
-2127.450927
-2784.313720
-3127.450927
-3235.294189
-2039.215698
-1078.431396
88.235298
1000.000000
1823.529418
2656.862792
3205.882324
2784.313720
2313.725585
1460.784301
372.549041
-647.058837
-1519.607910
-2990.196044
-3205.882324
-3078.431396
-2470.588378
-1774.509887
-686.274536
401.960784
1313.725463
2176.470703
2813.725585
3137.254882
3196.078369
2725.490234
2107.843261
-88.235298
-1019.607849
-1921.568603
-2686.274658
-3058.823486
-3235.294189
-2823.529541
-1352.941162
-147.058822
803.921569
1666.666748
2529.411865
2980.392333
2921.568603
2401.960937
1637.254882
549.019592
-519.607849
-1411.764770
-2303.921630
-3186.274658
-3147.058837
-2558.823486
-1882.353027
-862.745117
245.098037
1176.470581
2784.313720
3127.450927
3186.274658
2715.686279
2107.843261
1196.078491
58.823532
-1882.353027
-2686.274658
-3058.823486
-3235.294189
-2843.137207
-2313.725585
-205.882354
774.509826
1637.254882
2480.392089
2960.784423
3166.666748
3039.215820
1696.078491
578.431396
-480.392150
-1392.156860
-2245.098144
-2862.745117
-3156.862792
-2578.431396
-1882.353027
-862.745117
235.294128
1176.470581
2049.019531
2745.098144
3176.470703
2696.078369
2137.254882
1225.490234
117.647064
-852.941162
-1715.686279
-2568.627441
-3029.411865
-3215.686279
-2970.588378
-2460.784423
-1637.254882
-529.411804
539.215698
1411.764770
2274.509765
2862.745117
3117.647216
2539.215820
705.882385
-372.549041
-1313.725463
-2156.862792
-3166.666748
-3205.882324
-2647.058837
-1980.392211
-970.588256
107.843139
2019.607910
2745.098144
3068.627441
3196.078369
2774.509765
2205.882324
1343.137329
-950.980407
-1823.529418
-2656.862792
-3039.215820
-3225.490234
-2921.568603
-2401.960937
-323.529418
696.078430
1549.019653
2401.960937
2892.156982
3156.862792
3127.450927
2558.823486
1892.156860
852.941162
-1343.137329
-2215.686279
-2843.137207
-3147.058837
-3205.882324
-2715.686279
-2049.019531
196.078430
1137.254882
1980.392211
2745.098144
3049.019775
3186.274658
2764.706054
2274.509765
1431.372558
284.313720
-715.686279
-1588.235351
-2450.980468
-2960.784423
-3205.882324
-3107.843261
-2509.803955
-1794.117675
529.411804
1411.764770
2245.098144
2833.333496
3137.254882
3176.470703
2637.254882
2009.803955
1088.235351
-68.627449
-1980.392211
-2774.509765
-3117.647216
-3225.490234
-2774.509765
-2235.294189
-1382.353027
941.176513
1784.313720
2588.235351
3009.803955
3196.078369
2941.176513
2421.568603
1637.254882
549.019592
-509.803924
-1411.764770
-2274.509765
-2862.745117
-3176.470703
-3225.490234
-2676.470703
-2000.000000
-1117.647094
29.411766
960.784301
1784.313720
3049.019775
3205.882324
2833.333496
2313.725585
1480.392211
343.137268
-666.666687
-2500.000000
-2950.980468
-3205.882324
-3107.843261
-2529.411865
-1803.921630
-754.901977
1392.156860
2254.902099
2852.941162
3156.862792
3186.274658
2656.862792
1980.392211
-235.294128
-1215.686279
-2049.019531
-2784.313720
-3107.843261
-3225.490234
-2784.313720
-2196.078369
-1284.313720
-117.647064
823.529418
1686.274536
2539.215820
3196.078369
2892.156982
2392.156982
1588.235351
460.784332
-568.627441
-1470.588256
-2960.784423
-3186.274658
-3107.843261
-2529.411865
-1823.529418
-745.098083
323.529418
2196.078369
2843.137207
3127.450927
3196.078369
2676.470703
2049.019531
1127.451049
0.000000
-754.901977
-1656.862792
-3058.823486
-3235.294189
-2931.372558
-2421.568603
-372.549041
627.450988
1500.000000
2333.333496
2901.960937
3156.862792
2529.411865
1833.333374
813.725524
-264.705902
-1235.294189
-2107.843261
-2823.529541
-3205.882324
-2696.078369
-2029.411743
-1068.627441
68.627449
990.196105
1823.529418
3058.823486
3196.078369
2813.725585
2294.117675
1460.784301
352.941192
-647.058837
-2509.803955
-3000.000000
-3215.686279
-3098.039306
-2529.411865
-1833.333374
-784.313720
1401.960815
2254.902099
2843.137207
3127.450927
3186.274658
2647.058837
2009.803955
1078.431396
-49.019607
-960.784301
-2725.490234
-3078.431396
-3264.706054
-2186.274658
-1303.921630
-186.274520
803.921569
1637.254882
2509.803955
3000.000000
3000.000000
2460.784423
1764.705932
715.686279
-352.941192
-1323.529418
-2156.862792
-2813.725585
-3166.666748
-3225.490234
-1980.392211
-1009.803955
137.254898
1078.431396
1960.784301
2725.490234
3098.039306
2745.098144
2186.274658
1333.333374
166.666671
-784.313720
-1686.274536
-2549.019775
-3225.490234
-2921.568603
-2421.568603
-1598.039184
-460.784332
568.627441
1450.980468
2950.980468
3166.666748
3098.039306
2519.607910
1862.745117
852.941162
-245.098037
-2127.450927
-2784.313720
-3156.862792
-3235.294189
-2745.098144
-2117.647216
127.450981
1029.411743
1931.372558
2715.686279
3068.627441
3166.666748
2774.509765
1333.333374
196.078430
-764.705871
-1656.862792
-2509.803955
-2970.588378
-3205.882324
-3078.431396
-2490.196044
-1735.294189
578.431396
1450.980468
2313.725585
2892.156982
3147.058837
3137.254882
2598.039306
843.137268
-245.098037
-1186.274536
-2049.019531
-2784.313720
-3127.450927
-3205.882324
-2098.039306
-1166.666748
-9.803922
882.352966
1745.098022
2578.431396
3000.000000
2911.764648
2411.764648
1617.647094
529.411804
-519.607849
-1421.568603
-2294.117675
-2882.353027
-3196.078369
-3186.274658
-1862.745117
-843.137268
254.901962
1205.882324
2029.411743
2774.509765
3107.843261
2696.078369
2098.039306
1176.470581
58.823532
-862.745117
-1754.901977
-2578.431396
-3215.686279
-2872.549072
-2372.549072
-1539.215698
-382.352935
647.058837
2441.176513
2970.588378
3225.490234
3107.843261
2490.196044
1764.705932
745.098083
-303.921569
-1284.313720
-2127.450927
-2803.921630
-3235.294189
-2686.274658
-2000.000000
-1147.058837
9.803922
862.745117
1725.490234
2539.215820
3000.000000
3176.470703
2431.372558
1656.862792
588.235290
-1509.803955
-2392.156982
-2941.176513
-3186.274658
-3127.450927
-2539.215820
-1862.745117
421.568634
1352.941162
2235.294189
2794.117675
3117.647216
3205.882324
2676.470703
2068.627441
1137.254882
-19.607843
-1941.176513
-2764.706054
-3098.039306
-3225.490234
-2794.117675
-2264.705810
-1431.372558
872.549011
1705.882324
2568.627441
3000.000000
3196.078369
3039.215820
2480.392089
549.019592
-500.000000
-1372.549072
-2225.490234
-2843.137207
-3156.862792
-3235.294189
-2686.274658
-2029.411743
-1058.823608
1235.294189
2068.627441
2754.902099
3215.686279
2715.686279
2098.039306
1176.470581
29.411766
-872.549011
-1745.098022
-3049.019775
-3215.686279
-2882.353027
-2352.941162
-1529.411743
-401.960784
627.450988
2470.588378
2960.784423
3186.274658
3049.019775
2519.607910
1823.529418
774.509826
-1392.156860
-2274.509765
-2852.941162
-3176.470703
-3205.882324
-2656.862792
-2000.000000
-1107.843139
39.215686
950.980407
1823.529418
2627.450927
3019.607910
3186.274658
2901.960937
2411.764648
1617.647094
-686.274536
-1558.823608
-2441.176513
-2970.588378
-3205.882324
-3117.647216
-2529.411865
-627.450988
460.784332
1362.745117
2225.490234
2833.333496
3166.666748
2578.431396
1941.176513
960.784301
-117.647064
-1088.235351
-1970.588256
-2774.509765
-3215.686279
-2774.509765
-2156.862792
-1245.098022
-117.647064
872.549011
1735.294189
3039.215820
3205.882324
2833.333496
2362.745117
1519.607910
441.176483
-578.431396
-2450.980468
-2970.588378
-3215.686279
-3098.039306
-2519.607910
-1813.725463
490.196075
1401.960815
2235.294189
2813.725585
3127.450927
3156.862792
2666.666748
921.568664
-156.862747
-1117.647094
-1980.392211
-2764.706054
-3117.647216
-2754.902099
-2166.666748
-1245.098022
1039.215698
1901.960815
2715.686279
3058.823486
3245.098144
2784.313720
2352.941162
205.882354
-754.901977
-1627.451049
-2519.607910
-2960.784423
-3215.686279
-3078.431396
-1627.451049
-529.411804
509.803924
1392.156860
2264.705810
2833.333496
3147.058837
3205.882324
2676.470703
2029.411743
-215.686279
-1186.274536
-2029.411743
-2754.902099
-3107.843261
-3225.490234
-2784.313720
-2215.686279
-1333.333374
-156.862747
1852.941162
2666.666748
3039.215820
3225.490234
2852.941162
2343.137207
1539.215698
-745.098083
-1617.647094
-2460.784423
-2990.196044
-3215.686279
-3058.823486
-2509.803955
-578.431396
490.196075
1392.156860
2245.098144
2833.333496
3156.862792
3196.078369
2676.470703
2029.411743
1068.627441
-1196.078491
-2058.823486
-2784.313720
-3127.450927
-3225.490234
-2764.706054
-2205.882324
-1323.529418
-156.862747
813.725524
1696.078491
2509.803955
2990.196044
3186.274658
3049.019775
2470.588378
1725.490234
676.470581
-1460.784301
-2323.529541
-2872.549072
-3166.666748
-3186.274658
-2598.039306
-1950.980468
323.529418
1254.901977
2098.039306
2774.509765
3117.647216
3215.686279
2039.215698
1117.647094
-19.607843
-921.568664
-1803.921630
-2637.254882
-3049.019775
-2833.333496
-2294.117675
-1431.372558
-294.117645
705.882385
1588.235351
2450.980468
3196.078369
3000.000000
2480.392089
1764.705932
745.098083
-323.529418
-1303.921630
-2852.941162
-3176.470703
-3205.882324
-2666.666748
-2000.000000
-1117.647094
29.411766
941.176513
1774.509887
2588.235351
3000.000000
3176.470703
3019.607910
2460.784423
1715.686279
617.647094
-421.568634
-1372.549072
-2901.960937
-3176.470703
-3186.274658
-2617.647216
-1931.372558
-950.980407
117.647064
2058.823486
2774.509765
3098.039306
3176.470703
2764.706054
2225.490234
1362.745117
-921.568664
-1784.313720
-2627.450927
-3039.215820
-3235.294189
-2950.980468
-1460.784301
-352.941192
656.862731
1539.215698
2401.960937
2931.372558
3156.862792
2460.784423
1725.490234
715.686279
-382.352935
-1343.137329
-2186.274658
-2843.137207
-3196.078369
-2607.843261
-1950.980468
-960.784301
127.450981
1068.627441
1931.372558
3068.627441
3205.882324
2754.902099
2196.078369
1313.725463
156.862747
-813.725524
-1676.470581
-2539.215820
-3029.411865
-2892.156982
-2411.764648
-1578.431396
-421.568634
617.647094
1480.392211
2343.137207
2901.960937
3176.470703
3137.254882
2568.627441
1911.764770
931.372558
-127.450981
-1117.647094
-1980.392211
-2745.098144
-3098.039306
-2774.509765
-2166.666748
-1264.705932
-117.647064
852.941162
1725.490234
2558.823486
3166.666748
2843.137207
1431.372558
284.313720
-725.490234
-1568.627441
-3029.411865
-3215.686279
-3000.000000
-2480.392089
-1735.294189
-676.470581
1470.588256
2313.725585
2892.156982
3147.058837
3166.666748
2578.431396
1950.980468
-313.725494
-1274.509887
-2127.450927
-2803.921630
-3127.450927
-3235.294189
-2754.902099
-1098.039184
49.019607
950.980407
1803.921630
2607.843261
2980.392333
3176.470703
2931.372558
2411.764648
1617.647094
-686.274536
-1558.823608
-2421.568603
-2960.784423
-3196.078369
-3117.647216
-2529.411865
-656.862731
450.980407
1362.745117
2196.078369
2813.725585
3127.450927
3166.666748
2696.078369
2068.627441
1156.862792
0.000000
-784.313720
-1666.666748
-2529.411865
-3000.000000
-3205.882324
-3088.235351
-2519.607910
-588.235290
490.196075
1372.549072
2215.686279
2813.725585
3127.450927
3186.274658
2705.882324
2039.215698
1078.431396
-1205.882324
-2049.019531
-2823.529541
-3107.843261
-3225.490234
-2774.509765
-2176.470703
-9.803922
862.745117
1745.098022
2549.019775
2960.784423
3176.470703
3009.803955
1568.627441
460.784332
-568.627441
-1470.588256
-2343.137207
-2911.764648
-3205.882324
-2529.411865
-1803.921630
-754.901977
343.137268
1274.509887
2117.647216
3147.058837
3196.078369
2686.274658
2058.823486
1098.039184
-9.803922
-892.156860
-2705.882324
-3058.823486
-3205.882324
-2852.941162
-2343.137207
-1480.392211
-352.941192
1696.078491
2519.607910
2990.196044
3205.882324
3068.627441
2480.392089
1745.098022
-558.823547
-1460.784301
-2333.333496
-2892.156982
-3176.470703
-2539.215820
-1833.333374
-784.313720
303.921569
2225.490234
2872.549072
3147.058837
3186.274658
2666.666748
2049.019531
1137.254882
-29.411766
-921.568664
-1823.529418
-3088.235351
-3215.686279
-2803.921630
-1303.921630
-156.862747
803.921569
1647.058837
2500.000000
2950.980468
3186.274658
2441.176513
1666.666748
647.058837
-431.372558
-1372.549072
-2225.490234
-2852.941162
-3176.470703
-3186.274658
-2686.274658
-901.960815
147.058822
1117.647094
1960.784301
2725.490234
3068.627441
3205.882324
2147.058837
1284.313720
176.470596
-794.117675
-1686.274536
-2539.215820
-3019.607910
-2911.764648
-2392.156982
-1578.431396
-431.372558
598.039245
1470.588256
2323.529541
3186.274658
3098.039306
2500.000000
1872.549072
872.549011
-196.078430
-1156.862792
-2823.529541
-3137.254882
-3225.490234
-2764.706054
-2127.450927
-1215.686279
1098.039184
1931.372558
2715.686279
3078.431396
3225.490234
2754.902099
2264.705810
166.666671
-794.117675
-1686.274536
-2519.607910
-3009.803955
-3196.078369
-3049.019775
-1598.039184
-500.000000
490.196075
1382.353027
2196.078369
2833.333496
3147.058837
2568.627441
1901.960815
931.372558
-147.058822
-1127.451049
-1990.196166
-2754.902099
-3225.490234
-2784.313720
-2166.666748
-1274.509887
-127.450981
862.745117
2637.254882
3029.411865
3225.490234
2862.745117
2362.745117
1529.411743
431.372558
-1617.647094
-2490.196044
-2980.392333
-3225.490234
-3098.039306
-2529.411865
-1794.117675
-725.490234
382.352935
1294.117675
2156.862792
2784.313720
3137.254882
3215.686279
1990.196166
1029.411743
-107.843139
-1078.431396
-1970.588256
-2774.509765
-3078.431396
-3225.490234
-2813.725585
-2284.313720
-127.450981
833.333374
1696.078491
2529.411865
3000.000000
3186.274658
3078.431396
1637.254882
549.019592
-500.000000
-1362.745117
-2225.490234
-2852.941162
-3147.058837
-3196.078369
-2725.490234
-2058.823486
-1117.647094
49.019607
941.176513
2676.470703
3029.411865
3186.274658
2813.725585
2303.921630
1490.196166
382.352935
-1666.666748
-2529.411865
-2990.196044
-3205.882324
-3068.627441
-2490.196044
-1715.686279
598.039245
1470.588256
2333.333496
2882.353027
3166.666748
3186.274658
2578.431396
1911.764770
911.764709
-147.058822
-2078.431396
-2833.333496
-3137.254882
-2715.686279
-2058.823486
-1088.235351
39.215686
960.784301
1803.921630
2598.039306
3196.078369
2794.117675
2323.529541
1490.196166
362.745117
-656.862731
-1549.019653
-2990.196044
-3186.274658
-3039.215820
-2490.196044
-1764.705932
-696.078430
401.960784
2254.902099
2852.941162
3147.058837
3186.274658
2637.254882
2000.000000
1137.254882
-1156.862792
-2019.607910
-2784.313720
-3107.843261
-3215.686279
-2774.509765
-1196.078491
-49.019607
872.549011
1725.490234
2539.215820
2990.196044
3176.470703
2372.549072
1568.627441
480.392150
-549.019592
-1441.176513
-2343.137207
-2921.568603
-3127.450927
-2519.607910
-1803.921630
-784.313720
294.117645
1245.098022
2058.823486
3127.450927
3205.882324
2715.686279
2058.823486
1147.058837
39.215686
-872.549011
-2696.078369
-3058.823486
-3225.490234
-2862.745117
-2352.941162
-1490.196166
803.921569
1637.254882
2490.196044
2970.588378
3205.882324
3029.411865
2490.196044
519.607849
-529.411804
-1431.372558
-2313.725585
-2882.353027
-3166.666748
-3196.078369
-1862.745117
-833.333374
284.313720
1225.490234
2049.019531
2764.706054
3088.235351
2745.098144
2098.039306
1166.666748
68.627449
-862.745117
-1754.901977
-2588.235351
-3215.686279
-2852.941162
-2352.941162
-1509.803955
-343.137268
656.862731
2500.000000
2931.372558
3186.274658
3107.843261
2519.607910
1813.725463
774.509826
-1392.156860
-2254.902099
-2872.549072
-3156.862792
-3205.882324
-2686.274658
-2000.000000
-1137.254882
19.607843
931.372558
1784.313720
2598.039306
3009.803955
3166.666748
2343.137207
1519.607910
401.960784
-1617.647094
-2490.196044
-3000.000000
-3215.686279
-3107.843261
-2539.215820
-1813.725463
480.392150
1372.549072
2235.294189
2803.921630
3117.647216
3176.470703
2686.274658
960.784301
-127.450981
-1078.431396
-1980.392211
-2764.706054
-3107.843261
-3235.294189
-2784.313720
-2245.098144
-1382.353027
-225.490203
745.098083
1607.843139
2450.980468
2960.784423
3166.666748
3058.823486
2500.000000
1862.745117
833.333374
-235.294128
-1205.882324
-2049.019531
-2803.921630
-3117.647216
-2725.490234
-2058.823486
-1127.451049
29.411766
931.372558
1794.117675
2578.431396
2980.392333
3205.882324
2941.176513
2401.960937
1607.843139
490.196075
-549.019592
-1450.980468
-2303.921630
-2882.353027
-3186.274658
-2568.627441
-1882.353027
-813.725524
313.725494
1235.294189
2078.431396
2745.098144
3078.431396
3186.274658
2754.902099
2186.274658
1303.921630
166.666671
-794.117675
-1676.470581
-2519.607910
-2990.196044
-3215.686279
-2411.764648
-1598.039184
-500.000000
480.392150
1392.156860
2225.490234
2843.137207
3147.058837
2568.627441
1901.960815
931.372558
-156.862747
-1117.647094
-2000.000000
-2735.294189
-3049.019775
-3235.294189
-2823.529541
-2284.313720
-1411.764770
-254.901962
715.686279
1558.823608
2431.372558
2941.176513
2990.196044
2441.176513
1656.862792
588.235290
-450.980407
-1362.745117
-2254.902099
-3176.470703
-3186.274658
-2588.235351
-1931.372558
-911.764709
176.470596
1117.647094
1970.588256
2725.490234
3078.431396
2735.294189
2156.862792
1245.098022
147.058822
-823.529418
-1676.470581
-2568.627441
-3196.078369
-2892.156982
-2392.156982
-1578.431396
-431.372558
607.843139
1470.588256
2333.333496
2892.156982
3176.470703
3166.666748
2598.039306
1931.372558
960.784301
-127.450981
-1098.039184
-1970.588256
-2735.294189
-3205.882324
-2774.509765
-2166.666748
-1235.294189
-98.039215
833.333374
1686.274536
2519.607910
2980.392333
3176.470703
2411.764648
1598.039184
539.215698
-529.411804
-1411.764770
-2313.725585
-2882.353027
-3127.450927
-2539.215820
-1843.137329
-813.725524
294.117645
1235.294189
2098.039306
2774.509765
3088.235351
3186.274658
2754.902099
2147.058837
1294.117675
166.666671
-813.725524
-1666.666748
-2539.215820
-2990.196044
-2941.176513
-2411.764648
-1578.431396
-460.784332
588.235290
1470.588256
2343.137207
2872.549072
3196.078369
3166.666748
2578.431396
1911.764770
941.176513
-147.058822
-1088.235351
-1970.588256
-2745.098144
-3098.039306
-2784.313720
-2156.862792
-1254.901977
-117.647064
833.333374
1705.882324
2539.215820
3215.686279
2872.549072
2343.137207
1549.019653
460.784332
-568.627441
-1460.784301
-2950.980468
-3196.078369
-3117.647216
-2549.019775
-1862.745117
-794.117675
303.921569
1254.901977
2058.823486
2754.902099
3186.274658
2715.686279
2049.019531
1117.647094
0.000000
-774.509826
-1627.451049
-3019.607910
-3215.686279
-2950.980468
-2421.568603
-1627.451049
-519.607849
529.411804
1392.156860
2274.509765
2872.549072
3117.647216
3176.470703
2637.254882
1990.196166
1029.411743
-88.235298
-1019.607849
-1931.372558
-3117.647216
-3205.882324
-2754.902099
-2215.686279
-1323.529418
-176.470596
794.117675
1656.862792
2500.000000
2950.980468
3196.078369
3098.039306
2529.411865
1813.725463
803.921569
-303.921569
-1245.098022
-2107.843261
-3127.450927
-3205.882324
-2696.078369
-2049.019531
-1107.843139
68.627449
980.392150
2715.686279
3058.823486
3205.882324
2813.725585
2313.725585
1450.980468
343.137268
-656.862731
-1549.019653
-2421.568603
-2950.980468
-3196.078369
-3117.647216
-2539.215820
-1833.333374
-803.921569
343.137268
1254.901977
2823.529541
3117.647216
3176.470703
2676.470703
2049.019531
1147.058837
-9.803922
-1892.156860
-2715.686279
-3078.431396
-3235.294189
-2813.725585
-2294.117675
-1431.372558
-303.921569
696.078430
1558.823608
2980.392333
3176.470703
3039.215820
1598.039184
490.196075
-539.215698
-1441.176513
-2313.725585
-2892.156982
-3196.078369
-2549.019775
-1852.941162
-803.921569
303.921569
1245.098022
2068.627441
2774.509765
3176.470703
2705.882324
2088.235351
1137.254882
9.803922
-833.333374
-1725.490234
-3068.627441
-3215.686279
-2852.941162
-2323.529541
-1500.000000
-450.980407
549.019592
1411.764770
2254.902099
2833.333496
3107.843261
2519.607910
1862.745117
-431.372558
-1362.745117
-2225.490234
-2843.137207
-3166.666748
-3215.686279
-2696.078369
-931.372558
156.862747
1156.862792
1990.196166
2725.490234
3049.019775
3205.882324
2166.666748
1254.901977
107.843139
-833.333374
-1725.490234
-2558.823486
-3029.411865
-2872.549072
-2382.353027
-1549.019653
-431.372558
637.254943
1500.000000
2313.725585
2862.745117
3147.058837
3147.058837
1872.549072
882.352966
-215.686279
-2156.862792
-2833.333496
-3156.862792
-3196.078369
-2745.098144
-2088.235351
-1147.058837
1137.254882
1980.392211
2754.902099
3088.235351
3186.274658
2803.921630
2245.098144
98.039215
-813.725524
-1666.666748
-2558.823486
-3009.803955
-3205.882324
-2990.196044
-1598.039184
-470.588256
578.431396
1450.980468
2313.725585
2872.549072
3127.450927
2490.196044
1852.941162
823.529418
-254.901962
-1245.098022
-2078.431396
-3147.058837
-3215.686279
-2725.490234
-2078.431396
-1098.039184
29.411766
960.784301
2676.470703
3058.823486
3235.294189
2803.921630
2323.529541
1500.000000
470.588256
-558.823547
-1470.588256
-2343.137207
-2911.764648
-3196.078369
-3166.666748
-2598.039306
-803.921569
313.725494
1235.294189
2107.843261
2803.921630
3107.843261
2676.470703
2058.823486
1117.647094
0.000000
-794.117675
-1676.470581
-2519.607910
-3235.294189
-2931.372558
-2411.764648
-1598.039184
-500.000000
500.000000
1333.333374
2872.549072
3147.058837
3186.274658
2637.254882
1980.392211
1019.607849
-127.450981
-2058.823486
-2803.921630
-3107.843261
-3235.294189
-2764.706054
-2196.078369
-1264.705932
1009.803955
1892.156860
2676.470703
3058.823486
3215.686279
2833.333496
2333.333496
1519.607910
411.764709
-588.235290
-1470.588256
-2372.549072
-2921.568603
-3196.078369
-3147.058837
-2588.235351
-1921.568603
-911.764709
1284.313720
2156.862792
2794.117675
3127.450927
3215.686279
2735.294189
2098.039306
1205.882324
68.627449
-852.941162
-2676.470703
-3049.019775
-3196.078369
-2882.353027
-2382.353027
-1568.627441
-411.764709
1617.647094
2470.588378
2970.588378
3186.274658
3088.235351
2500.000000
1823.529418
794.117675
-284.313720
-1245.098022
-2843.137207
-3156.862792
-3196.078369
-1960.784301
-970.588256
137.254898
1098.039184
1941.176513
2686.274658
3068.627441
3215.686279
2794.117675
2264.705810
1441.176513
303.921569
-696.078430
-1549.019653
-2980.392333
-3205.882324
-3009.803955
-1578.431396
-460.784332
588.235290
1450.980468
2303.921630
2872.549072
3147.058837
2539.215820
1803.921630
794.117675
-294.117645
-1254.901977
-2088.235351
-2794.117675
-3215.686279
-2686.274658
-2039.215698
-1078.431396
107.843139
1058.823608
1901.960815
2705.882324
3039.215820
3205.882324
2205.882324
1343.137329
196.078430
-745.098083
-1617.647094
-2490.196044
-2990.196044
-3186.274658
-3098.039306
-2529.411865
-578.431396
500.000000
1343.137329
2176.470703
2803.921630
3098.039306
3176.470703
2019.607910
1019.607849
-98.039215
-990.196105
-1862.745117
-2666.666748
-3068.627441
-3235.294189
-2843.137207
-2323.529541
-1480.392211
-343.137268
666.666687
1539.215698
2401.960937
2950.980468
3196.078369
3107.843261
2519.607910
1843.137329
862.745117
-225.490203
-1215.686279
-2029.411743
-2794.117675
-3215.686279
-2745.098144
-2078.431396
-1147.058837
0.000000
784.313720
1666.666748
3019.607910
3186.274658
2970.588378
2421.568603
1637.254882
529.411804
-509.803924
-2382.353027
-2931.372558
-3166.666748
-3156.862792
-2568.627441
-1872.549072
441.176483
1352.941162
2186.274658
2813.725585
3147.058837
3205.882324
2705.882324
980.392150
-98.039215
-1009.803955
-1921.568603
-2705.882324
-3068.627441
-3235.294189
-2215.686279
-1323.529418
-156.862747
813.725524
1676.470581
2490.196044
2970.588378
3166.666748
3029.411865
2480.392089
529.411804
-539.215698
-1450.980468
-2294.117675
-2892.156982
-3186.274658
-3176.470703
-1892.156860
-852.941162
264.705902
1205.882324
2058.823486
2764.706054
3088.235351
2725.490234
2098.039306
1186.274536
49.019607
-843.137268
-1725.490234
-2568.627441
-3029.411865
-3205.882324
-2980.392333
-2460.784423
-1637.254882
-529.411804
549.019592
1401.960815
2254.902099
2843.137207
3137.254882
2578.431396
1901.960815
921.568664
-166.666671
-1127.451049
-1990.196166
-2774.509765
-3225.490234
-2745.098144
-2137.254882
-1215.686279
-78.431373
872.549011
1745.098022
2549.019775
3009.803955
3176.470703
3000.000000
2490.196044
1764.705932
735.294128
-352.941192
-1294.117675
-2147.058837
-2823.529541
-3225.490234
-2666.666748
-1970.588256
-1009.803955
127.450981
1078.431396
1911.764770
2696.078369
3088.235351
3215.686279
2176.470703
1313.725463
176.470596
-784.313720
-1666.666748
-2500.000000
-3000.000000
-3068.627441
-2490.196044
-1754.901977
-686.274536
401.960784
1303.921630
2176.470703
3156.862792
3186.274658
2647.058837
2009.803955
1039.215698
-98.039215
-1019.607849
-2784.313720
-3098.039306
-3225.490234
-2784.313720
-2254.902099
-1382.353027
-196.078430
754.901977
1637.254882
2480.392089
3176.470703
2990.196044
2450.980468
1686.274536
598.039245
-470.588256
-1362.745117
-2245.098144
-2833.333496
-3186.274658
-3235.294189
-2656.862792
-2000.000000
-1117.647094
9.803922
852.941162
1715.686279
2549.019775
3205.882324
2803.921630
2343.137207
1549.019653
450.980407
-578.431396
-1470.588256
-2960.784423
-3235.294189
-3107.843261
-2529.411865
-1813.725463
-735.294128
343.137268
1294.117675
2156.862792
2794.117675
3107.843261
3235.294189
2725.490234
2098.039306
1186.274536
68.627449
-843.137268
-1725.490234
-3039.215820
-3215.686279
-2862.745117
-2372.549072
-1509.803955
-401.960784
607.843139
2441.176513
2950.980468
3186.274658
3088.235351
2509.803955
1774.509887
764.705871
-284.313720
-1254.901977
-2107.843261
-3147.058837
-3205.882324
-2686.274658
-921.568664
186.274520
1117.647094
1941.176513
2745.098144
3068.627441
3215.686279
2156.862792
1264.705932
147.058822
-833.333374
-1705.882324
-2549.019775
-2980.392333
-2882.353027
-2392.156982
-1549.019653
-401.960784
617.647094
1450.980468
2303.921630
3186.274658
3078.431396
2490.196044
1794.117675
803.921569
-294.117645
-1264.705932
-2117.647216
-2803.921630
-3137.254882
-2696.078369
-2009.803955
-1058.823608
78.431373
1000.000000
1823.529418
2588.235351
3009.803955
3176.470703
2911.764648
2421.568603
1627.451049
519.607849
-500.000000
-1362.745117
-2254.902099
-2852.941162
-3166.666748
-2578.431396
-1921.568603
-911.764709
166.666671
1127.451049
1980.392211
2794.117675
3196.078369
2735.294189
2098.039306
1254.901977
127.450981
-843.137268
-1715.686279
-2568.627441
-3029.411865
-3205.882324
-2362.745117
-1539.215698
-441.176483
617.647094
1480.392211
2362.745117
2872.549072
3039.215820
2519.607910
1813.725463
774.509826
-313.725494
-1264.705932
-2098.039306
-3156.862792
-3225.490234
-2696.078369
-2049.019531
-1098.039184
78.431373
1990.196166
2725.490234
3058.823486
3186.274658
2784.313720
2254.902099
1411.764770
-852.941162
-1725.490234
-2607.843261
-3039.215820
-3215.686279
-2990.196044
-2421.568603
-421.568634
637.254943
1519.607910
2372.549072
2882.353027
3166.666748
3117.647216
2549.019775
1901.960815
901.960815
-166.666671
-1156.862792
-1990.196166
-2784.313720
-3098.039306
-3235.294189
-2774.509765
-2225.490234
-58.823532
862.745117
1735.294189
2558.823486
3029.411865
3196.078369
2990.196044
1539.215698
441.176483
-617.647094
-1480.392211
-2382.353027
-2921.568603
-3176.470703
-2519.607910
-1813.725463
-754.901977
352.941192
1284.313720
2088.235351
3107.843261
3166.666748
2676.470703
2009.803955
1098.039184
-49.019607
-960.784301
-2715.686279
-3078.431396
-3235.294189
-2794.117675
-2284.313720
-1421.568603
-294.117645
1745.098022
2578.431396
3009.803955
3205.882324
2970.588378
2460.784423
1676.470581
617.647094
-421.568634
-1372.549072
-2892.156982
-3186.274658
-3176.470703
-2607.843261
-1931.372558
-931.372558
166.666671
1117.647094
1990.196166
2745.098144
3098.039306
3196.078369
2784.313720
2264.705810
1431.372558
-852.941162
-1735.294189
-2578.431396
-2990.196044
-3215.686279
-2980.392333
-2431.372558
-401.960784
627.450988
1490.196166
2382.353027
2911.764648
3176.470703
2500.000000
1852.941162
843.137268
-225.490203
-1176.470581
-2029.411743
-2794.117675
-3235.294189
-2715.686279
-2078.431396
-1117.647094
0.000000
784.313720
1647.058837
3000.000000
3196.078369
3029.411865
2490.196044
1735.294189
647.058837
-411.764709
-2323.529541
-2911.764648
-3156.862792
-3166.666748
-2627.450927
-1980.392211
-960.784301
1245.098022
2098.039306
2764.706054
3088.235351
3196.078369
2754.902099
2176.470703
1294.117675
137.254898
-823.529418
-1696.078491
-2549.019775
-3019.607910
-3235.294189
-3029.411865
-2470.588378
-1686.274536
-588.235290
480.392150
1382.353027
2235.294189
3147.058837
3147.058837
2607.843261
1921.568603
960.784301
-117.647064
-1088.235351
-2794.117675
-3127.450927
-3245.098144
-2764.706054
-2176.470703
-1294.117675
-117.647064
1901.960815
2676.470703
3039.215820
3196.078369
2843.137207
2372.549072
1539.215698
441.176483
-578.431396
-1490.196166
-2382.353027
-2931.372558
-3196.078369
-3166.666748
-2568.627441
-1901.960815
-862.745117
225.490203
2147.058837
2764.706054
3107.843261
3186.274658
2725.490234
2107.843261
1235.294189
58.823532
-843.137268
-1745.098022
-3058.823486
-3225.490234
-2872.549072
-2382.353027
-1549.019653
-421.568634
598.039245
1470.588256
2333.333496
2911.764648
3166.666748
3166.666748
2578.431396
1921.568603
911.764709
-1294.117675
-2156.862792
-2794.117675
-3127.450927
-3215.686279
-2725.490234
-2117.647216
-1166.666748
-9.803922
882.352966
2656.862792
3039.215820
3205.882324
2901.960937
2362.745117
1549.019653
441.176483
-1617.647094
-2470.588378
-2970.588378
-3205.882324
-3078.431396
-2509.803955
-1774.509887
-735.294128
372.549041
1294.117675
2127.450927
2784.313720
3098.039306
3215.686279
2735.294189
2127.450927
1225.490234
117.647064
-1872.549072
-2686.274658
-3068.627441
-3225.490234
-2833.333496
-2323.529541
-1490.196166
813.725524
1666.666748
2500.000000
2950.980468
3176.470703
3078.431396
1686.274536
588.235290
-460.784332
-1382.353027
-2235.294189
-2882.353027
-3186.274658
-2598.039306
-1931.372558
-921.568664
205.882354
1137.254882
1990.196166
2745.098144
3215.686279
2754.902099
2166.666748
1254.901977
127.450981
-823.529418
-1705.882324
-2568.627441
-3029.411865
-3215.686279
-2392.156982
-1539.215698
-411.764709
588.235290
1470.588256
2352.941162
2901.960937
3107.843261
2529.411865
1813.725463
754.901977
-333.333343
-1274.509887
-2107.843261
-3176.470703
-3196.078369
-2686.274658
-2029.411743
-1039.215698
117.647064
1049.019653
1931.372558
2686.274658
3068.627441
2774.509765
2225.490234
1343.137329
196.078430
-754.901977
-1617.647094
-2470.588378
-2980.392333
-3205.882324
-3058.823486
-2500.000000
-1803.921630
-774.509826
352.941192
1264.705932
2098.039306
2735.294189
3137.254882
2676.470703
2049.019531
1147.058837
0.000000
-774.509826
-1637.254882
-2500.000000
-3225.490234
-3039.215820
-2500.000000
-1774.509887
-735.294128
382.352935
1333.333374
2852.941162
3147.058837
3176.470703
2607.843261
1980.392211
1039.215698
-117.647064
-1088.235351
-1960.784301
-2745.098144
-3225.490234
-2784.313720
-2137.254882
-1254.901977
-107.843139
852.941162
1735.294189
3039.215820
3205.882324
2901.960937
2401.960937
1578.431396
470.588256
-568.627441
-2450.980468
-2970.588378
-3196.078369
-3088.235351
-2529.411865
-1823.529418
-784.313720
323.529418
1264.705932
2088.235351
3117.647216
3196.078369
2676.470703
2058.823486
1107.843139
-29.411766
-960.784301
-2725.490234
-3078.431396
-3235.294189
-2803.921630
-2284.313720
-1431.372558
843.137268
1715.686279
2539.215820
2980.392333
3176.470703
3019.607910
2470.588378
480.392150
-558.823547
-1470.588256
-2343.137207
-2901.960937
-3186.274658
-3166.666748
-1803.921630
-794.117675
303.921569
1264.705932
2078.431396
2745.098144
3068.627441
2705.882324
2049.019531
1107.843139
-29.411766
-970.588256
-1833.333374
-2656.862792
-3225.490234
-2823.529541
-2294.117675
-1450.980468
-294.117645
705.882385
2509.803955
2990.196044
3205.882324
3039.215820
2460.784423
1705.882324
637.254943
-1480.392211
-2362.745117
-2941.176513
-3186.274658
-3156.862792
-2588.235351
-1892.156860
401.960784
1323.529418
2147.058837
2794.117675
3127.450927
3196.078369
2696.078369
2098.039306
1196.078491
68.627449
-852.941162
-1725.490234
-2588.235351
-3019.607910
-3205.882324
-2980.392333
-2450.980468
-1647.058837
637.254943
1509.803955
2372.549072
2931.372558
3176.470703
3147.058837
2549.019775
1872.549072
862.745117
-196.078430
-1186.274536
-2029.411743
-2803.921630
-3117.647216
-3235.294189
-2794.117675
-2196.078369
-1294.117675
990.196105
1843.137329
2627.450927
3019.607910
3176.470703
2892.156982
2401.960937
1588.235351
490.196075
-539.215698
-2431.372558
-2941.176513
-3205.882324
-3107.843261
-2539.215820
-1843.137329
-794.117675
303.921569
1245.098022
2088.235351
2803.921630
3117.647216
3176.470703
2725.490234
2137.254882
1284.313720
137.254898
-823.529418
-2637.254882
-3058.823486
-3245.098144
-2901.960937
-2401.960937
-1578.431396
-450.980407
1598.039184
2460.784423
2950.980468
3186.274658
3039.215820
2509.803955
1803.921630
784.313720
-284.313720
-1264.705932
-2098.039306
-2803.921630
-3117.647216
-3205.882324
-2764.706054
-2156.862792
-1235.294189
-78.431373
1882.353027
2666.666748
3049.019775
3235.294189
2823.529541
2333.333496
1519.607910
-754.901977
-1617.647094
-2490.196044
-2990.196044
-3196.078369
-3098.039306
-2500.000000
-656.862731
450.980407
1343.137329
2205.882324
2823.529541
3147.058837
2607.843261
1931.372558
960.784301
-98.039215
-1019.607849
-1921.568603
-2745.098144
-3068.627441
-3235.294189
-2794.117675
-2294.117675
-1441.176513
-284.313720
715.686279
1578.431396
2441.176513
2960.784423
3000.000000
2490.196044
1754.901977
696.078430
-382.352935
-1343.137329
-2176.470703
-3156.862792
-3205.882324
-2647.058837
-2000.000000
-1088.235351
88.235298
1000.000000
2686.274658
3039.215820
3215.686279
2813.725585
2313.725585
1480.392211
352.941192
-1666.666748
-2519.607910
-3000.000000
-3215.686279
-3068.627441
-2490.196044
-1784.313720
-745.098083
333.333343
1284.313720
2117.647216
2794.117675
3098.039306
3215.686279
2715.686279
2117.647216
1225.490234
98.039215
-1862.745117
-2686.274658
-3078.431396
-3215.686279
-2852.941162
-2362.745117
-1509.803955
803.921569
1676.470581
2539.215820
2980.392333
3166.666748
3039.215820
2460.784423
1715.686279
676.470581
-372.549041
-2264.705810
-2872.549072
-3156.862792
-3196.078369
-2666.666748
-1990.196166
-1000.000000
49.019607
950.980407
1803.921630
2588.235351
3019.607910
3186.274658
2931.372558
2431.372558
1637.254882
529.411804
-519.607849
-2401.960937
-2950.980468
-3205.882324
-3137.254882
-2558.823486
-1872.549072
-852.941162
1343.137329
2196.078369
2813.725585
3117.647216
3205.882324
2705.882324
2029.411743
-196.078430
-1156.862792
-2000.000000
-2745.098144
-3098.039306
-3225.490234
-2784.313720
-2303.921630
-1431.372558
-303.921569
1735.294189
2568.627441
3000.000000
3186.274658
3049.019775
2500.000000
1803.921630
-480.392150
-1392.156860
-2264.705810
-2862.745117
-3196.078369
-3205.882324
-2656.862792
-892.156860
205.882354
1137.254882
2019.607910
2735.294189
3049.019775
3205.882324
2774.509765
2254.902099
1401.960815
-892.156860
-1754.901977
-2588.235351
-3049.019775
-3235.294189
-2941.176513
-1509.803955
-382.352935
627.450988
1519.607910
2362.745117
2901.960937
3186.274658
2519.607910
1803.921630
754.901977
-333.333343
-1303.921630
-2147.058837
-2823.529541
-3205.882324
-2666.666748
-1990.196166
-1029.411743
127.450981
1088.235351
1950.980468
2715.686279
3039.215820
3186.274658
2186.274658
1294.117675
156.862747
-803.921569
-1676.470581
-2529.411865
-3029.411865
-2911.764648
-2392.156982
-1568.627441
-421.568634
607.843139
1480.392211
2323.529541
2882.353027
3176.470703
3147.058837
2578.431396
1941.176513
921.568664
-137.254898
-1117.647094
-2000.000000
-2725.490234
-3078.431396
-3264.706054
-2813.725585
-2294.117675
-1450.980468
-323.529418
676.470581
1558.823608
2980.392333
3176.470703
3019.607910
2470.588378
1754.901977
715.686279
-362.745117
-1333.333374
-2186.274658
-2823.529541
-3137.254882
-3235.294189
-2705.882324
-2068.627441
-1107.843139
39.215686
941.176513
1813.725463
3068.627441
3205.882324
2794.117675
2274.509765
1441.176513
343.137268
-676.470581
-1529.411743
-2441.176513
-2970.588378
-3186.274658
-3098.039306
-2519.607910
-1833.333374
-803.921569
313.725494
1254.901977
2098.039306
2754.902099
3098.039306
3215.686279
2764.706054
2205.882324
1333.333374
186.274520
-1813.725463
-2647.058837
-3049.019775
-3225.490234
-2921.568603
-2401.960937
-1607.843139
705.882385
1578.431396
2431.372558
2921.568603
3156.862792
3098.039306
2509.803955
1833.333374
823.529418
-264.705902
-2186.274658
-2823.529541
-3156.862792
-3235.294189
-2715.686279
-2029.411743
-1078.431396
58.823532
980.392150
1823.529418
2637.254882
3029.411865
3196.078369
2892.156982
2362.745117
1578.431396
470.588256
-568.627441
-2431.372558
-2970.588378
-3196.078369
-3107.843261
-2539.215820
-1823.529418
-764.705871
1401.960815
2254.902099
2852.941162
3147.058837
3176.470703
2666.666748
2019.607910
1068.627441
-49.019607
-960.784301
-2705.882324
-3068.627441
-3225.490234
-2803.921630
-2294.117675
-1431.372558
-294.117645
1754.901977
2578.431396
3000.000000
3186.274658
3058.823486
2470.588378
539.215698
-509.803924
-1421.568603
-2274.509765
-2862.745117
-3176.470703
-3205.882324
-1862.745117
-823.529418
254.901962
1176.470581
2029.411743
2754.902099
3088.235351
3196.078369
2764.706054
2196.078369
1333.333374
205.882354
-754.901977
-1637.254882
-3039.215820
-3215.686279
-2941.176513
-2441.176513
-1617.647094
-490.196075
558.823547
1411.764770
2274.509765
2833.333496
3127.450927
3186.274658
2647.058837
1990.196166
1049.019653
-88.235298
-1009.803955
-1892.156860
-3107.843261
-3225.490234
-2803.921630
-2215.686279
-1333.333374
-156.862747
813.725524
1676.470581
2529.411865
2970.588378
3147.058837
3019.607910
2470.588378
1764.705932
715.686279
-362.745117
-1313.725463
-2862.745117
-3176.470703
-3215.686279
-1901.960815
-872.549011
235.294128
1166.666748
2039.215698
2764.706054
3078.431396
2735.294189
2127.450927
1225.490234
88.235298
-852.941162
-1725.490234
-2568.627441
-3029.411865
-3215.686279
-3000.000000
-2519.607910
-1715.686279
-637.254943
441.176483
1343.137329
2205.882324
2823.529541
3147.058837
2598.039306
1911.764770
990.196105
-98.039215
-1009.803955
-1921.568603
-3107.843261
-3254.902099
-2784.313720
-2235.294189
-1333.333374
-176.470596
774.509826
2558.823486
3000.000000
3186.274658
3049.019775
2480.392089
1725.490234
705.882385
-401.960784
-1323.529418
-2186.274658
-2833.333496
-3156.862792
-3225.490234
-2715.686279
-2068.627441
-1127.451049
19.607843
941.176513
2686.274658
3039.215820
3176.470703
2803.921630
2323.529541
1509.803955
382.352935
-1656.862792
-2539.215820
-3000.000000
-3215.686279
-3078.431396
-2500.000000
-1833.333374
450.980407
1333.333374
2235.294189
2833.333496
3137.254882
3186.274658
2676.470703
2049.019531
1137.254882
-19.607843
-1931.372558
-2745.098144
-3098.039306
-3225.490234
-2823.529541
-2284.313720
-1441.176513
862.745117
1735.294189
2588.235351
3039.215820
3166.666748
2990.196044
1539.215698
421.568634
-607.843139
-1480.392211
-2352.941162
-2911.764648
-3215.686279
-2519.607910
-1764.705932
-715.686279
392.156860
1313.725463
2166.666748
2803.921630
3196.078369
2647.058837
2009.803955
1068.627441
-88.235298
-1000.000000
-1823.529418
-2666.666748
-3039.215820
-3215.686279
-2254.902099
-1411.764770
-264.705902
1764.705932
2549.019775
3000.000000
3166.666748
3039.215820
2490.196044
1764.705932
-558.823547
-1450.980468
-2343.137207
-2892.156982
-3186.274658
-3205.882324
-2588.235351
-803.921569
313.725494
1254.901977
2098.039306
2754.902099
3098.039306
3186.274658
2754.902099
2215.686279
1303.921630
-970.588256
-1823.529418
-2676.470703
-3039.215820
-3225.490234
-2892.156982
-2382.353027
-303.921569
705.882385
1588.235351
2441.176513
2931.372558
3186.274658
3078.431396
1656.862792
598.039245
-460.784332
-1372.549072
-2254.902099
-2862.745117
-3176.470703
-2568.627441
-1921.568603
-911.764709
196.078430
1147.058837
1970.588256
2745.098144
3078.431396
3186.274658
2774.509765
2245.098144
1401.960815
303.921569
-696.078430
-1578.431396
-2460.784423
-2990.196044
-3205.882324
-3117.647216
-2509.803955
-1803.921630
509.803924
1382.353027
2245.098144
2852.941162
3156.862792
3186.274658
2656.862792
950.980407
-127.450981
-1098.039184
-1970.588256
-2764.706054
-3107.843261
-3205.882324
-2147.058837
-1284.313720
-127.450981
843.137268
1715.686279
2558.823486
3176.470703
2892.156982
2372.549072
1578.431396
500.000000
-500.000000
-1352.941162
-2882.353027
-3166.666748
-3196.078369
-2627.450927
-1950.980468
-950.980407
137.254898
2058.823486
2754.902099
3137.254882
3225.490234
2764.706054
2205.882324
1333.333374
205.882354
-774.509826
-1637.254882
-3009.803955
-3205.882324
-2980.392333
-2450.980468
-1647.058837
-529.411804
529.411804
2362.745117
2911.764648
3196.078369
3127.450927
2588.235351
1872.549072
901.960815
-1303.921630
-2176.470703
-2813.725585
-3166.666748
-3225.490234
-2735.294189
-2098.039306
107.843139
1068.627441
1941.176513
2715.686279
3088.235351
3196.078369
2147.058837
1303.921630
166.666671
-794.117675
-1686.274536
-2529.411865
-2990.196044
-3215.686279
-3019.607910
-2490.196044
-1705.882324
617.647094
1450.980468
2352.941162
2921.568603
3176.470703
3166.666748
1803.921630
774.509826
-274.509796
-1245.098022
-2058.823486
-2784.313720
-3137.254882
-2705.882324
-2039.215698
-1098.039184
49.019607
911.764709
1774.509887
2588.235351
3205.882324
2784.313720
2313.725585
1480.392211
372.549041
-647.058837
-1500.000000
-2931.372558
-3196.078369
-3107.843261
-2539.215820
-1823.529418
-774.509826
313.725494
1245.098022
2068.627441
2764.706054
3127.450927
3205.882324
2754.902099
2186.274658
1313.725463
186.274520
-784.313720
-1696.078491
-3039.215820
-3215.686279
-2931.372558
-2401.960937
-1578.431396
-480.392150
549.019592
1441.176513
2303.921630
2852.941162
3147.058837
3147.058837
2617.647216
1970.588256
990.196105
-98.039215
-1029.411743
-1931.372558
-2715.686279
-3107.843261
-3215.686279
-2803.921630
-2294.117675
-1441.176513
-264.705902
1735.294189
2558.823486
3000.000000
3205.882324
3068.627441
2490.196044
1735.294189
696.078430
-382.352935
-1343.137329
-2882.353027
-3176.470703
-3196.078369
-1862.745117
-843.137268
264.705902
1176.470581
2039.215698
2774.509765
3078.431396
3215.686279
2754.902099
2205.882324
1343.137329
196.078430
-754.901977
-1617.647094
-3009.803955
-3205.882324
-2970.588378
-2450.980468
-1656.862792
-549.019592
509.803924
2343.137207
2872.549072
3186.274658
3147.058837
2558.823486
1901.960815
882.352966
-156.862747
-1137.254882
-2009.803955
-3098.039306
-3235.294189
-2754.902099
-2137.254882
-1254.901977
-78.431373
852.941162
2627.450927
3000.000000
3176.470703
2990.196044
2441.176513
1686.274536
627.450988
-1500.000000
-2323.529541
-2901.960937
-3186.274658
-3186.274658
-2617.647216
-1960.784301
313.725494
1264.705932
2117.647216
2764.706054
3088.235351
3196.078369
2058.823486
1117.647094
-19.607843
-911.764709
-1774.509887
-2617.647216
-3039.215820
-3235.294189
-2911.764648
-2411.764648
-1568.627441
-480.392150
558.823547
1441.176513
2921.568603
3176.470703
3107.843261
2509.803955
1813.725463
843.137268
-254.901962
-2156.862792
-2823.529541
-3156.862792
-3225.490234
-2735.294189
-2078.431396
147.058822
1088.235351
1990.196166
2725.490234
3039.215820
3196.078369
2745.098144
1303.921630
176.470596
-794.117675
-1676.470581
-2539.215820
-3009.803955
-3225.490234
-2431.372558
-1598.039184
-480.392150
558.823547
1450.980468
2294.117675
2872.549072
3117.647216
2539.215820
1852.941162
823.529418
-245.098037
-1196.078491
-2029.411743
-3137.254882
-3215.686279
-2725.490234
-2098.039306
-1137.254882
0.000000
774.509826
1627.451049
2480.392089
2950.980468
2950.980468
2431.372558
1686.274536
588.235290
-460.784332
-1401.960815
-2254.902099
-3186.274658
-3176.470703
-2588.235351
-1921.568603
-911.764709
186.274520
1127.451049
1970.588256
2735.294189
3068.627441
3205.882324
2784.313720
2235.294189
1401.960815
274.509796
-705.882385
-1588.235351
-2431.372558
-3205.882324
-2990.196044
-2460.784423
-1666.666748
-568.627441
519.607849
1392.156860
2245.098144
2823.529541
3137.254882
2588.235351
1892.156860
872.549011
-156.862747
-1147.058837
-1980.392211
-2794.117675
-3127.450927
-3225.490234
-2784.313720
-2205.882324
-1343.137329
-186.274520
813.725524
1656.862792
3000.000000
3186.274658
3000.000000
2490.196044
1774.509887
754.901977
-362.745117
-2254.902099
-2852.941162
-3156.862792
-3235.294189
-2656.862792
-1970.588256
264.705902
1205.882324
2049.019531
2764.706054
3088.235351
3186.274658
2764.706054
1205.882324
68.627449
-872.549011
-1705.882324
-2558.823486
-2990.196044
-3225.490234
-2362.745117
-1539.215698
-411.764709
627.450988
1460.784301
2343.137207
2911.764648
3088.235351
2509.803955
1803.921630
774.509826
-264.705902
-1254.901977
-2068.627441
-2794.117675
-3137.254882
-3225.490234
-2764.706054
-2147.058837
-1235.294189
-88.235298
852.941162
1715.686279
2558.823486
3196.078369
2862.745117
2362.745117
1529.411743
431.372558
-607.843139
-1509.803955
-2970.588378
-3225.490234
-3107.843261
-2509.803955
-1784.313720
-754.901977
1431.372558
2274.509765
2852.941162
3147.058837
3147.058837
2637.254882
1960.784301
1049.019653
-68.627449
-1009.803955
-1911.764770
-3107.843261
-3235.294189
-2784.313720
-2215.686279
-1343.137329
-156.862747
1852.941162
2617.647216
3049.019775
3176.470703
2911.764648
2372.549072
1558.823608
-705.882385
-1588.235351
-2450.980468
-2990.196044
-3215.686279
-3098.039306
-2539.215820
-1813.725463
-754.901977
323.529418
2274.509765
2833.333496
3127.450927
3186.274658
2656.862792
2000.000000
1186.274536
-1107.843139
-1980.392211
-2774.509765
-3137.254882
-3225.490234
-2803.921630
-2245.098144
-88.235298
843.137268
1725.490234
2539.215820
3009.803955
3176.470703
3029.411865
2450.980468
1715.686279
666.666687
-421.568634
-1352.941162
-2215.686279
-2823.529541
-3147.058837
-3215.686279
-2715.686279
-2009.803955
196.078430
1127.451049
2000.000000
2705.882324
3078.431396
3225.490234
2803.921630
2313.725585
1470.588256
333.333343
-1686.274536
-2539.215820
-3009.803955
-3215.686279
-3029.411865
-2490.196044
-1725.490234
-598.039245
470.588256
1372.549072
2196.078369
2833.333496
3137.254882
3186.274658
2705.882324
2049.019531
1078.431396
-68.627449
-1990.196166
-2764.706054
-3088.235351
-3225.490234
-2794.117675
-2254.902099
-1392.156860
-235.294128
754.901977
1617.647094
2970.588378
3176.470703
3029.411865
2460.784423
1666.666748
598.039245
-450.980407
-2333.333496
-2911.764648
-3166.666748
-3156.862792
-2607.843261
-1970.588256
-921.568664
1284.313720
2107.843261
2774.509765
3107.843261
3215.686279
2745.098144
2107.843261
1186.274536
58.823532
-852.941162
-2656.862792
-3039.215820
-3235.294189
-2852.941162
-2352.941162
-1509.803955
-392.156860
1627.451049
2460.784423
2960.784423
3196.078369
3078.431396
2500.000000
1852.941162
794.117675
-284.313720
-1264.705932
-2088.235351
-2794.117675
-3137.254882
-3205.882324
-2745.098144
-2088.235351
-1225.490234
-68.627449
1882.353027
2686.274658
3009.803955
3176.470703
2843.137207
2362.745117
1539.215698
421.568634
-627.450988
-1509.803955
-2941.176513
-3225.490234
-3088.235351
-2519.607910
-1784.313720
-745.098083
333.333343
2245.098144
2813.725585
3127.450927
3166.666748
2696.078369
2009.803955
1107.843139
-9.803922
-901.960815
-1784.313720
-2617.647216
-3039.215820
-3215.686279
-2931.372558
-2411.764648
-1588.235351
-460.784332
568.627441
2401.960937
2931.372558
3215.686279
3088.235351
2509.803955
1852.941162
823.529418
-294.117645
-1254.901977
-2117.647216
-2794.117675
-3127.450927
-3235.294189
-2009.803955
-1078.431396
58.823532
990.196105
1833.333374
2637.254882
3039.215820
2774.509765
2254.902099
1460.784301
343.137268
-686.274536
-1539.215698
-2431.372558
-3215.686279
-3019.607910
-2480.392089
-1705.882324
-588.235290
450.980407
1352.941162
2882.353027
3176.470703
3147.058837
2598.039306
1950.980468
1009.803955
-117.647064
-2068.627441
-2784.313720
-3117.647216
-3215.686279
-2764.706054
-2166.666748
9.803922
862.745117
1735.294189
2558.823486
2990.196044
3186.274658
3019.607910
1509.803955
421.568634
-598.039245
-1480.392211
-2362.745117
-2892.156982
-3176.470703
-2539.215820
-1823.529418
-735.294128
372.549041
1274.509887
2117.647216
2754.902099
3107.843261
3205.882324
2745.098144
2107.843261
1205.882324
68.627449
-823.529418
-2637.254882
-3039.215820
-3215.686279
-2882.353027
-2392.156982
-1558.823608
745.098083
1578.431396
