2911.764648
3186.274658
3166.666748
1813.725463
774.509826
-313.725494
-1274.509887
-2127.450927
-2803.921630
-3137.254882
-2696.078369
-2029.411743
-1068.627441
107.843139
1058.823608
1921.568603
3068.627441
3196.078369
2754.902099
2215.686279
1362.745117
215.686279
-764.705871
-2578.431396
-3058.823486
-3235.294189
-2960.784423
-2421.568603
-1637.254882
-549.019592
1539.215698
2411.764648
2941.176513
3166.666748
3107.843261
2539.215820
1852.941162
-441.176483
-1372.549072
-2225.490234
-2872.549072
-3186.274658
-3205.882324
-2647.058837
-2009.803955
-1058.823608
68.627449
980.392150
1852.941162
2656.862792
3215.686279
2794.117675
2284.313720
1441.176513
323.529418
-696.078430
-1549.019653
-3009.803955
-3205.882324
-3068.627441
-2500.000000
-1794.117675
-735.294128
372.549041
2274.509765
2823.529541
3147.058837
3186.274658
2656.862792
2019.607910
1078.431396
-58.823532
-990.196105
-1862.745117
-2656.862792
-3078.431396
-3235.294189
-2872.549072
-2343.137207
-1519.607910
-401.960784
617.647094
2460.784423
2980.392333
3215.686279
3058.823486
2509.803955
1794.117675
794.117675
-294.117645
-1264.705932
-2137.254882
-3176.470703
-3215.686279
-2696.078369
-2039.215698
-1068.627441
88.235298
1000.000000
2705.882324
3098.039306
3225.490234
2823.529541
2303.921630
1470.588256
352.941192
-656.862731
-1539.215698
-2441.176513
-3235.294189
-3058.823486
-2509.803955
-1725.490234
-647.058837
431.372558
1333.333374
2901.960937
3186.274658
3186.274658
2607.843261
1960.784301
980.392150
-78.431373
-2009.803955
-2784.313720
-3107.843261
-3235.294189
-2784.313720
-2225.490234
-39.215686
862.745117
1735.294189
2549.019775
2990.196044
3186.274658
3009.803955
2460.784423
1686.274536
607.843139
-470.588256
-2352.941162
-2921.568603
-3205.882324
-3166.666748
-2607.843261
-1931.372558
372.549041
1284.313720
2107.843261
2794.117675
3137.254882
3215.686279
2754.902099
1068.627441
-58.823532
-1000.000000
-1833.333374
-2676.470703
-3058.823486
-3225.490234
-2294.117675
-1421.568603
-313.725494
725.490234
1598.039184
2421.568603
2941.176513
3009.803955
2450.980468
1705.882324
637.254943
-441.176483
-1352.941162
-2215.686279
-3196.078369
-3176.470703
-2607.843261
-1941.176513
-921.568664
176.470596
2078.431396
2794.117675
3137.254882
3205.882324
2764.706054
2137.254882
1254.901977
-1000.000000
-1823.529418
-2656.862792
-3039.215820
-3205.882324
-2892.156982
-2392.156982
-1549.019653
-441.176483
617.647094
2441.176513
2960.784423
3205.882324
3107.843261
2509.803955
1803.921630
803.921569
-1372.549072
-2245.098144
-2862.745117
-3186.274658
-3235.294189
-2696.078369
-2019.607910
215.686279
1166.666748
2009.803955
2774.509765
3117.647216
3215.686279
2754.902099
2245.098144
1362.745117
245.098037
-725.490234
-1607.843139
-2480.392089
-2980.392333
-3196.078369
-3098.039306
-2539.215820
-1803.921630
519.607849
1401.960815
2284.313720
2843.137207
3147.058837
3186.274658
2666.666748
2009.803955
1058.823608
-58.823532
-1980.392211
-2764.706054
-3137.254882
-3215.686279
-2794.117675
-2235.294189
-1362.745117
941.176513
1803.921630
2607.843261
3039.215820
3225.490234
2941.176513
2411.764648
1617.647094
529.411804
-558.823547
-2411.764648
-2950.980468
-3186.274658
-2529.411865
-1764.705932
-676.470581
411.764709
1303.921630
2166.666748
2803.921630
3196.078369
2647.058837
1990.196166
1049.019653
-49.019607
-1000.000000
-1823.529418
-3078.431396
-3235.294189
-2813.725585
-2274.509765
-1450.980468
-294.117645
696.078430
2509.803955
2990.196044
3205.882324
3029.411865
2480.392089
1725.490234
666.666687
-401.960784
-1333.333374
-2205.882324
-3176.470703
-3196.078369
-2627.450927
-823.529418
254.901962
1176.470581
1990.196166
2735.294189
3117.647216
3205.882324
2078.431396
1166.666748
68.627449
-862.745117
-1754.901977
-2588.235351
-3039.215820
-2852.941162
-2362.745117
-1490.196166
-362.745117
666.666687
1519.607910
2392.156982
2931.372558
3176.470703
3156.862792
1754.901977
735.294128
-1441.176513
-2303.921630
-2901.960937
-3166.666748
-2568.627441
-1872.549072
-843.137268
254.901962
1196.078491
2049.019531
2754.902099
3127.450927
3196.078369
2774.509765
2205.882324
1372.549072
225.490203
-725.490234
-1607.843139
-2490.196044
-2990.196044
-3205.882324
-2450.980468
-1676.470581
637.254943
1519.607910
2362.745117
2921.568603
3176.470703
3156.862792
2549.019775
1892.156860
901.960815
-176.470596
-2098.039306
-2803.921630
-3156.862792
-3235.294189
-2784.313720
-2147.058837
-1225.490234
1058.823608
1921.568603
2715.686279
3088.235351
3215.686279
2774.509765
2294.117675
196.078430
-754.901977
-1627.451049
-2490.196044
-3009.803955
-3225.490234
-3078.431396
-2519.607910
-1764.705932
-705.882385
1450.980468
2313.725585
2872.549072
3176.470703
3176.470703
2637.254882
1980.392211
-264.705902
-1245.098022
-2088.235351
-2803.921630
-3137.254882
-3215.686279
-2803.921630
-1127.451049
19.607843
901.960815
1784.313720
2598.039306
3029.411865
2813.725585
2323.529541
1509.803955
372.549041
-637.254943
-1519.607910
-2392.156982
-2931.372558
-3205.882324
-3156.862792
-2578.431396
-696.078430
382.352935
1284.313720
2147.058837
2794.117675
3156.862792
2647.058837
2000.000000
1156.862792
0.000000
-774.509826
-1647.058837
-2490.196044
-3215.686279
-2970.588378
-2460.784423
-1656.862792
-549.019592
529.411804
1421.568603
2901.960937
3156.862792
3186.274658
2578.431396
1901.960815
901.960815
-196.078430
-2088.235351
-2813.725585
-3166.666748
-3235.294189
-2754.902099
-2147.058837
-1245.098022
-98.039215
843.137268
1686.274536
3019.607910
3205.882324
2921.568603
2421.568603
1598.039184
539.215698
-529.411804
-2382.353027
-2941.176513
-3205.882324
-3147.058837
-2549.019775
-1901.960815
-852.941162
1372.549072
2215.686279
2803.921630
3147.058837
3186.274658
2696.078369
2088.235351
1166.666748
0.000000
-784.313720
-1666.666748
-2529.411865
-3000.000000
-3225.490234
-3098.039306
-2549.019775
-1813.725463
-754.901977
382.352935
1294.117675
2137.254882
2784.313720
3107.843261
3196.078369
2725.490234
2137.254882
1245.098022
88.235298
-813.725524
-1676.470581
-2539.215820
-3019.607910
-3225.490234
-2421.568603
-1598.039184
-509.803924
539.215698
1450.980468
2294.117675
2872.549072
3186.274658
3186.274658
2617.647216
1950.980468
1009.803955
-127.450981
-1088.235351
-1950.980468
-2754.902099
-3107.843261
-3215.686279
-2166.666748
-1274.509887
-127.450981
833.333374
1705.882324
2539.215820
3000.000000
2970.588378
2421.568603
1647.058837
578.431396
-480.392150
-1401.960815
-2245.098144
-3176.470703
-3176.470703
-2607.843261
-1911.764770
-901.960815
186.274520
2098.039306
2784.313720
3127.450927
3225.490234
2774.509765
2176.470703
1303.921630
-990.196105
-1862.745117
-2676.470703
-3088.235351
-3215.686279
-2872.549072
-2382.353027
-284.313720
715.686279
1578.431396
2441.176513
2980.392333
3186.274658
3107.843261
1696.078491
627.450988
-441.176483
-1392.156860
-2245.098144
-2843.137207
-3156.862792
-2617.647216
-1941.176513
-921.568664
186.274520
1127.451049
1950.980468
2745.098144
3068.627441
3205.882324
2803.921630
1284.313720
156.862747
-813.725524
-1696.078491
-2558.823486
-3019.607910
-3205.882324
-2401.960937
-1578.431396
-450.980407
588.235290
1441.176513
2303.921630
3205.882324
3068.627441
2509.803955
1823.529418
813.725524
-264.705902
-1235.294189
-2068.627441
-2794.117675
-3127.450927
-2725.490234
-2078.431396
-1117.647094
49.019607
921.568664
1823.529418
2578.431396
3225.490234
2823.529541
2333.333496
1490.196166
352.941192
-647.058837
-1539.215698
-3000.000000
-3215.686279
-3117.647216
-2529.411865
-1843.137329
-754.901977
362.745117
2245.098144
2823.529541
3186.274658
3205.882324
2686.274658
2029.411743
1078.431396
-68.627449
-970.588256
-1843.137329
-3117.647216
-3215.686279
-2794.117675
-2245.098144
-1392.156860
-254.901962
735.294128
2568.627441
3019.607910
3196.078369
3029.411865
2450.980468
1686.274536
617.647094
-450.980407
-1352.941162
-2235.294189
-2872.549072
-3176.470703
-3215.686279
-2676.470703
-2029.411743
-1098.039184
78.431373
970.588256
2725.490234
3058.823486
3205.882324
2784.313720
2303.921630
1470.588256
362.745117
-647.058837
-1558.823608
-2401.960937
-3235.294189
-3078.431396
-2480.392089
-1745.098022
-686.274536
421.568634
1343.137329
2882.353027
3147.058837
3176.470703
2637.254882
2000.000000
1107.843139
9.803922
-1911.764770
-2696.078369
-3068.627441
-3235.294189
-2833.333496
-2333.333496
-1470.588256
813.725524
1686.274536
2558.823486
3009.803955
3196.078369
3009.803955
2470.588378
1715.686279
656.862731
-431.372558
-2303.921630
-2911.764648
-3186.274658
-3196.078369
-2607.843261
-1941.176513
-921.568664
1294.117675
2147.058837
2803.921630
3137.254882
3196.078369
2715.686279
1088.235351
-78.431373
-990.196105
-1843.137329
-2666.666748
-3068.627441
-3235.294189
-2264.705810
-1401.960815
-254.901962
754.901977
1598.039184
2460.784423
2970.588378
3176.470703
3068.627441
2509.803955
666.666687
-441.176483
-1382.353027
-2215.686279
-2843.137207
-3176.470703
-3225.490234
-1950.980468
-931.372558
205.882354
1107.843139
1970.588256
2735.294189
3078.431396
2745.098144
2176.470703
1294.117675
186.274520
-813.725524
-1705.882324
-2549.019775
-3245.098144
-2921.568603
-2411.764648
-1578.431396
-470.588256
588.235290
2450.980468
2970.588378
3166.666748
3088.235351
2539.215820
1843.137329
823.529418
-1352.941162
-2254.902099
-2843.137207
-3186.274658
-3225.490234
-2705.882324
-2049.019531
205.882354
1147.058837
1990.196166
2754.902099
3078.431396
3215.686279
2764.706054
1274.509887
137.254898
-813.725524
-1696.078491
-2539.215820
-3039.215820
-3235.294189
-3019.607910
-2460.784423
-1686.274536
637.254943
1529.411743
2372.549072
2911.764648
3176.470703
3147.058837
2558.823486
1921.568603
901.960815
-166.666671
-2107.843261
-2833.333496
-3166.666748
-2696.078369
-2039.215698
-1078.431396
107.843139
1039.215698
1931.372558
2725.490234
3215.686279
2794.117675
2196.078369
1294.117675
205.882354
-784.313720
-1647.058837
-3029.411865
-3215.686279
-2352.941162
-1480.392211
-352.941192
656.862731
1500.000000
2333.333496
2892.156982
3196.078369
3176.470703
2598.039306
1950.980468
970.588256
-117.647064
-1088.235351
-1980.392211
-3137.254882
-3225.490234
-2784.313720
-2166.666748
-1284.313720
-117.647064
872.549011
2627.450927
3019.607910
3196.078369
2921.568603
2421.568603
1637.254882
519.607849
-529.411804
-1441.176513
-2313.725585
-3205.882324
-3147.058837
-2568.627441
-1852.941162
-784.313720
313.725494
1264.705932
2813.725585
3147.058837
3196.078369
2735.294189
2058.823486
1127.451049
-9.803922
-1901.960815
-2725.490234
-3088.235351
-3225.490234
-2813.725585
-2313.725585
-196.078430
794.117675
1637.254882
2470.588378
2960.784423
3166.666748
3068.627441
1637.254882
539.215698
-509.803924
-1411.764770
-2264.705810
-2901.960937
-3196.078369
-2598.039306
-1911.764770
-911.764709
205.882354
1156.862792
2009.803955
2754.902099
3215.686279
2764.706054
2166.666748
1245.098022
147.058822
-813.725524
-1686.274536
-3058.823486
-3225.490234
-2892.156982
-2372.549072
-1549.019653
-460.784332
1607.843139
2460.784423
2950.980468
3205.882324
3068.627441
2519.607910
1794.117675
-519.607849
-1411.764770
-2274.509765
-2872.549072
-3166.666748
-3215.686279
-2656.862792
-872.549011
225.490203
1147.058837
1980.392211
2754.902099
3098.039306
3186.274658
2784.313720
2264.705810
1431.372558
-872.549011
-1764.705932
-2607.843261
-3039.215820
-3215.686279
-2990.196044
-2431.372558
-411.764709
617.647094
1500.000000
2294.117675
2872.549072
3166.666748
3186.274658
2617.647216
1990.196166
970.588256
-107.843139
-1088.235351
-1990.196166
-2745.098144
-3098.039306
-3225.490234
-2803.921630
-2284.313720
-137.254898
843.137268
1735.294189
2549.019775
2990.196044
3205.882324
3029.411865
1617.647094
490.196075
-519.607849
-1431.372558
-2313.725585
-2921.568603
-3196.078369
-2558.823486
-1862.745117
-803.921569
313.725494
1225.490234
2068.627441
3127.450927
3205.882324
2705.882324
2088.235351
1147.058837
39.215686
-892.156860
-2696.078369
-3078.431396
-3235.294189
-2862.745117
-2323.529541
-1509.803955
-372.549041
1666.666748
2480.392089
2990.196044
3196.078369
3039.215820
2480.392089
1745.098022
715.686279
-382.352935
-1323.529418
-2196.078369
-2833.333496
-3176.470703
-3245.098144
-2725.490234
-2088.235351
-1147.058837
9.803922
1872.549072
2666.666748
3058.823486
3205.882324
2843.137207
2343.137207
1549.019653
-754.901977
-1607.843139
-2480.392089
-2990.196044
-3235.294189
-3088.235351
-2519.607910
-578.431396
480.392150
1401.960815
2245.098144
2852.941162
3166.666748
2568.627441
1911.764770
931.372558
-147.058822
-1137.254882
-1990.196166
-2754.902099
-3225.490234
-2774.509765
-2166.666748
-1254.901977
-98.039215
813.725524
1686.274536
3039.215820
3196.078369
2882.353027
2401.960937
1588.235351
509.803924
-549.019592
-2401.960937
-2941.176513
-3215.686279
-3156.862792
-2539.215820
-1872.549072
-823.529418
254.901962
1205.882324
2039.215698
3137.254882
3186.274658
2715.686279
2078.431396
1156.862792
19.607843
-872.549011
-2656.862792
-3078.431396
-3225.490234
-2872.549072
-2352.941162
-1500.000000
-480.392150
1578.431396
2441.176513
2970.588378
3186.274658
3068.627441
2500.000000
696.078430
-352.941192
-1313.725463
-2166.666748
-2823.529541
-3186.274658
-3215.686279
-1970.588256
-990.196105
78.431373
1019.607849
1892.156860
2666.666748
3068.627441
2764.706054
2235.294189
1382.353027
254.901962
-725.490234
-1617.647094
-2460.784423
-3215.686279
-3019.607910
-2480.392089
-1705.882324
-578.431396
480.392150
1362.745117
2235.294189
2833.333496
3147.058837
3205.882324
2686.274658
2029.411743
1088.235351
-68.627449
-980.392150
-1852.941162
-2676.470703
-3205.882324
-2803.921630
-2264.705810
-1421.568603
-264.705902
715.686279
1598.039184
2990.196044
3196.078369
3019.607910
2470.588378
1715.686279
647.058837
-411.764709
-2313.725585
-2901.960937
-3196.078369
-3196.078369
-2627.450927
-1990.196166
294.117645
1235.294189
2078.431396
2764.706054
3107.843261
3205.882324
2754.902099
1137.254882
0.000000
-764.705871
-1637.254882
-2490.196044
-2980.392333
-3205.882324
-3078.431396
-2500.000000
-1784.313720
-754.901977
323.529418
1245.098022
2078.431396
2784.313720
3137.254882
3205.882324
2764.706054
2156.862792
1303.921630
156.862747
-813.725524
-2647.058837
-3049.019775
-3245.098144
-2911.764648
-2411.764648
-1607.843139
-470.588256
1578.431396
2470.588378
2960.784423
3196.078369
3078.431396
2490.196044
627.450988
-431.372558
-1382.353027
-2235.294189
-2852.941162
-3186.274658
-3215.686279
-1931.372558
-921.568664
156.862747
1117.647094
1980.392211
2754.902099
3088.235351
2754.902099
2166.666748
1284.313720
156.862747
-794.117675
-1696.078491
-2558.823486
-3225.490234
-2921.568603
-2421.568603
-1588.235351
-460.784332
578.431396
1450.980468
2303.921630
2892.156982
3176.470703
3186.274658
2598.039306
1941.176513
980.392150
-117.647064
-1088.235351
-1960.784301
-2764.706054
-3235.294189
-2784.313720
-2156.862792
-1284.313720
-127.450981
852.941162
1745.098022
2539.215820
2990.196044
3196.078369
2382.353027
1578.431396
470.588256
-1598.039184
-2470.588378
-2990.196044
-3176.470703
-3107.843261
-2529.411865
-1803.921630
490.196075
1411.764770
2274.509765
2823.529541
3156.862792
3205.882324
2676.470703
921.568664
-147.058822
-1127.451049
-2000.000000
-2754.902099
-3088.235351
-3225.490234
-2215.686279
-1313.725463
-186.274520
794.117675
1656.862792
2500.000000
2950.980468
3186.274658
3078.431396
2509.803955
598.039245
-450.980407
-1372.549072
-2205.882324
-2843.137207
-3176.470703
-3225.490234
-1960.784301
-960.784301
127.450981
2058.823486
2745.098144
3107.843261
3235.294189
2764.706054
2205.882324
1323.529418
-970.588256
-1833.333374
-2647.058837
-3068.627441
-3235.294189
-2901.960937
-2401.960937
-294.117645
705.882385
1568.627441
2421.568603
2950.980468
3196.078369
3107.843261
2539.215820
1843.137329
794.117675
-284.313720
-1235.294189
-2098.039306
-2794.117675
-3156.862792
-3225.490234
-2784.313720
-2166.666748
-1254.901977
-98.039215
833.333374
2617.647216
3029.411865
3196.078369
2892.156982
2401.960937
1598.039184
519.607849
-1568.627441
-2460.784423
-2990.196044
-3225.490234
-3107.843261
-2529.411865
-1813.725463
500.000000
1333.333374
2205.882324
2803.921630
3127.450927
3196.078369
2705.882324
2088.235351
1176.470581
49.019607
-1901.960815
-2725.490234
-3088.235351
-3235.294189
-2872.549072
-2323.529541
-1490.196166
823.529418
1705.882324
2529.411865
2990.196044
3176.470703
3049.019775
2470.588378
1735.294189
676.470581
-382.352935
-2323.529541
-2882.353027
-3205.882324
-2568.627441
-1872.549072
-843.137268
254.901962
1196.078491
2049.019531
2774.509765
3205.882324
2754.902099
2127.450927
1205.882324
88.235298
-823.529418
-1715.686279
-3078.431396
-3235.294189
-2872.549072
-2352.941162
-1529.411743
-392.156860
617.647094
2460.784423
2950.980468
3186.274658
3088.235351
2519.607910
1813.725463
803.921569
-294.117645
-1254.901977
-2107.843261
-2813.725585
-3156.862792
-3225.490234
-2784.313720
-2127.450927
-1196.078491
-78.431373
862.745117
2666.666748
3049.019775
3186.274658
2843.137207
2362.745117
1529.411743
441.176483
-1617.647094
-2480.392089
-2990.196044
-3215.686279
-3098.039306
-2509.803955
-598.039245
480.392150
1362.745117
2215.686279
2852.941162
3176.470703
3176.470703
1950.980468
950.980407
-98.039215
-1009.803955
-1931.372558
-2715.686279
-3088.235351
-2803.921630
-2196.078369
-1323.529418
-176.470596
794.117675
1676.470581
2500.000000
3176.470703
3019.607910
2460.784423
1735.294189
656.862731
-411.764709
-1352.941162
-2901.960937
-3196.078369
-3186.274658
-2647.058837
-1950.980468
-960.784301
127.450981
1058.823608
1931.372558
2705.882324
3215.686279
2754.902099
2186.274658
58.823532
-852.941162
-1745.098022
-2578.431396
-3029.411865
-3235.294189
-2980.392333
-1529.411743
-372.549041
637.254943
1509.803955
2343.137207
2911.764648
3215.686279
2490.196044
1784.313720
735.294128
-352.941192
-1294.117675
-2137.254882
-2813.725585
-3225.490234
-2686.274658
-1990.196166
-1009.803955
127.450981
1078.431396
2764.706054
3098.039306
3176.470703
2754.902099
2215.686279
1343.137329
215.686279
-784.313720
-1637.254882
-2490.196044
-2970.588378
-3225.490234
-3088.235351
-2529.411865
-558.823547
519.607849
1401.960815
2254.902099
2833.333496
3176.470703
3215.686279
1921.568603
941.176513
-137.254898
-2078.431396
-2794.117675
-3147.058837
-3225.490234
-2803.921630
-2166.666748
-1274.509887
1029.411743
1921.568603
2715.686279
3078.431396
3215.686279
2813.725585
2313.725585
235.294128
-735.294128
-1637.254882
-2509.803955
-2990.196044
-3205.882324
-3117.647216
-1676.470581
-558.823547
519.607849
1401.960815
2274.509765
2872.549072
3147.058837
2568.627441
1931.372558
941.176513
-166.666671
-1147.058837
-1990.196166
-3156.862792
-3245.098144
-2754.902099
-2137.254882
-1235.294189
-88.235298
843.137268
2637.254882
3058.823486
3196.078369
2852.941162
2372.549072
1578.431396
480.392150
-1578.431396
-2460.784423
-3000.000000
-3225.490234
-3137.254882
-2568.627441
-1862.745117
460.784332
1362.745117
2235.294189
2833.333496
3127.450927
3186.274658
1950.980468
960.784301
-98.039215
-1049.019653
-1931.372558
-2705.882324
-3107.843261
-2784.313720
-2186.274658
-1313.725463
-147.058822
823.529418
1705.882324
2539.215820
3196.078369
2921.568603
2392.156982
1598.039184
490.196075
-529.411804
-1421.568603
-2303.921630
-2892.156982
-3196.078369
-2558.823486
-1872.549072
-823.529418
1352.941162
2215.686279
2833.333496
3166.666748
3205.882324
2676.470703
2049.019531
-196.078430
-1137.254882
-2019.607910
-2774.509765
-3127.450927
-3215.686279
-2794.117675
-2215.686279
-1323.529418
-166.666671
1823.529418
2627.450927
3029.411865
3225.490234
2921.568603
2382.353027
1598.039184
-705.882385
-1558.823608
-2450.980468
-2970.588378
-3215.686279
-3127.450927
-2529.411865
-627.450988
431.372558
1362.745117
2215.686279
2823.529541
3156.862792
3205.882324
2696.078369
2039.215698
1107.843139
-1166.666748
-2029.411743
-2794.117675
-3137.254882
-3235.294189
-2794.117675
-2186.274658
0.000000
784.313720
1647.058837
2480.392089
2970.588378
3186.274658
3068.627441
2490.196044
1784.313720
725.490234
-343.137268
-1303.921630
-2156.862792
-2843.137207
-3176.470703
-3235.294189
-2754.902099
-2088.235351
117.647064
1049.019653
1911.764770
2696.078369
3049.019775
3196.078369
2813.725585
2343.137207
1509.803955
392.156860
-1637.254882
-2519.607910
-3019.607910
-2980.392333
-2450.980468
-1666.666748
-549.019592
519.607849
1421.568603
2284.313720
3186.274658
3156.862792
2568.627441
1901.960815
901.960815
-186.274520
-1156.862792
-2823.529541
-3147.058837
-3225.490234
-2764.706054
-2156.862792
-1245.098022
-88.235298
1872.549072
2647.058837
3049.019775
3196.078369
2843.137207
2382.353027
1539.215698
421.568634
-607.843139
-1509.803955
-2392.156982
-2931.372558
-3215.686279
-3156.862792
-2549.019775
-1882.353027
-852.941162
245.098037
2156.862792
2794.117675
3127.450927
3196.078369
2715.686279
2088.235351
1196.078491
58.823532
-852.941162
-1764.705932
-2598.039306
-3049.019775
-3235.294189
-3000.000000
-2500.000000
-1823.529418
-774.509826
362.745117
2235.294189
2852.941162
3166.666748
3196.078369
2676.470703
2049.019531
1078.431396
-49.019607
-950.980407
-1823.529418
-3098.039306
-3245.098144
-2833.333496
-2313.725585
-1470.588256
-323.529418
676.470581
2490.196044
2980.392333
3235.294189
3068.627441
2509.803955
1735.294189
705.882385
-1460.784301
-2333.333496
-2911.764648
-3205.882324
-3176.470703
-2598.039306
-1950.980468
333.333343
1254.901977
2088.235351
2784.313720
3117.647216
3215.686279
2009.803955
1107.843139
-49.019607
-950.980407
-1823.529418
-2647.058837
-3068.627441
-2813.725585
-2313.725585
-1470.588256
-294.117645
715.686279
1588.235351
2441.176513
3225.490234
3009.803955
2470.588378
1705.882324
617.647094
-421.568634
-1362.745117
-2901.960937
-3186.274658
-3186.274658
-2607.843261
-1941.176513
-921.568664
186.274520
1127.451049
1960.784301
2725.490234
3098.039306
3225.490234
2784.313720
1254.901977
127.450981
-813.725524
-1686.274536
-2558.823486
-3049.019775
-3205.882324
-2401.960937
-1568.627441
-431.372558
588.235290
1490.196166
2333.333496
2882.353027
3068.627441
2500.000000
1892.156860
882.352966
-205.882354
-1166.666748
-2039.215698
-3127.450927
-3235.294189
-2754.902099
-2137.254882
-1186.274536
-9.803922
823.529418
1715.686279
2549.019775
3019.607910
2911.764648
2392.156982
1568.627441
-725.490234
-1578.431396
-2450.980468
-2950.980468
-3196.078369
-3098.039306
-2539.215820
-627.450988
441.176483
1362.745117
2186.274658
2794.117675
3147.058837
3186.274658
1941.176513
950.980407
-127.450981
-1117.647094
-1960.784301
-2764.706054
-3098.039306
-2794.117675
-2215.686279
-1294.117675
-127.450981
833.333374
1696.078491
2519.607910
3000.000000
3186.274658
3068.627441
1686.274536
578.431396
-480.392150
-1382.353027
-2264.705810
-2882.353027
-3205.882324
-3225.490234
-2696.078369
-2029.411743
-1039.215698
117.647064
1068.627441
1960.784301
2715.686279
3215.686279
2764.706054
2215.686279
1362.745117
215.686279
-764.705871
-1627.451049
-3029.411865
-3205.882324
-2970.588378
-2441.176513
-1627.451049
-529.411804
1549.019653
2411.764648
2931.372558
3176.470703
3107.843261
2529.411865
1852.941162
-470.588256
-1382.353027
-2264.705810
-2882.353027
-3186.274658
-3215.686279
-2686.274658
-2009.803955
-1039.215698
117.647064
2039.215698
2754.902099
3107.843261
3225.490234
2774.509765
2186.274658
1323.529418
-950.980407
-1833.333374
-2656.862792
-3049.019775
-3235.294189
-2901.960937
-2401.960937
-323.529418
686.274536
1539.215698
2421.568603
2941.176513
3205.882324
2460.784423
1715.686279
666.666687
-411.764709
-1362.745117
-2205.882324
-2843.137207
-3225.490234
-2627.450927
-1950.980468
-970.588256
117.647064
1078.431396
1941.176513
2715.686279
3078.431396
3215.686279
2794.117675
2284.313720
1421.568603
313.725494
-1715.686279
-2568.627441
-3019.607910
-3225.490234
-3039.215820
-2470.588378
-441.176483
598.039245
1450.980468
2313.725585
2882.353027
3176.470703
3186.274658
1823.529418
784.313720
-284.313720
-1254.901977
-2088.235351
-2794.117675
-3137.254882
-2725.490234
-2039.215698
-1078.431396
88.235298
990.196105
1823.529418
2637.254882
3049.019775
3215.686279
2911.764648
1441.176513
323.529418
-686.274536
-1568.627441
-2441.176513
-2931.372558
-3225.490234
-2480.392089
-1725.490234
-627.450988
441.176483
1352.941162
2196.078369
2843.137207
3156.862792
2598.039306
1990.196166
970.588256
-98.039215
-1019.607849
-1882.353027
-3137.254882
-3235.294189
-2803.921630
-2245.098144
-1352.941162
-186.274520
1843.137329
2647.058837
3039.215820
3196.078369
2931.372558
2392.156982
1578.431396
-705.882385
-1578.431396
-2450.980468
-2960.784423
-3196.078369
-3117.647216
-2529.411865
-637.254943
460.784332
1392.156860
2235.294189
2833.333496
3156.862792
3196.078369
2686.274658
2058.823486
1098.039184
-1176.470581
-2009.803955
-2794.117675
-3137.254882
-3235.294189
-2803.921630
-2205.882324
-1313.725463
-156.862747
803.921569
2627.450927
3019.607910
3186.274658
2941.176513
2392.156982
1617.647094
539.215698
-519.607849
-1441.176513
-2313.725585
-2882.353027
-3196.078369
-3186.274658
-2666.666748
-1960.784301
284.313720
1254.901977
2107.843261
2803.921630
3117.647216
3196.078369
2754.902099
1156.862792
0.000000
-1813.725463
-2637.254882
-3068.627441
-2813.725585
-2264.705810
-1421.568603
-323.529418
715.686279
1568.627441
2450.980468
3186.274658
3019.607910
2480.392089
1725.490234
686.274536
-382.352935
-1352.941162
-2882.353027
-3215.686279
-3215.686279
-2627.450927
-1941.176513
-960.784301
107.843139
2078.431396
2774.509765
3098.039306
3215.686279
2764.706054
2186.274658
1323.529418
205.882354
-764.705871
-1637.254882
-3058.823486
-3235.294189
-2950.980468
-2411.764648
-1607.843139
-539.215698
539.215698
1421.568603
2294.117675
2882.353027
3196.078369
3196.078369
2637.254882
1980.392211
1019.607849
-127.450981
-1068.627441
-1980.392211
-3147.058837
-3245.098144
-2784.313720
-2176.470703
-1284.313720
-127.450981
833.333374
2637.254882
3068.627441
3215.686279
2882.353027
2382.353027
1578.431396
460.784332
-558.823547
-1460.784301
-2323.529541
-2911.764648
-3196.078369
-3186.274658
-2598.039306
-1941.176513
-931.372558
147.058822
1107.843139
2784.313720
3127.450927
3205.882324
2764.706054
2166.666748
1274.509887
156.862747
-823.529418
-1676.470581
-2568.627441
-3215.686279
-2901.960937
-2411.764648
-294.117645
696.078430
1539.215698
2411.764648
2941.176513
3186.274658
3098.039306
1725.490234
686.274536
-392.156860
-1333.333374
-2215.686279
-2843.137207
-3147.058837
-2656.862792
-1941.176513
-980.392150
127.450981
1068.627441
1931.372558
2735.294189
3215.686279
2764.706054
2176.470703
1323.529418
166.666671
-784.313720
-1647.058837
-3029.411865
-3215.686279
-2950.980468
-2431.372558
-1598.039184
-480.392150
1598.039184
2431.372558
2970.588378
3196.078369
3078.431396
2529.411865
1813.725463
-500.000000
-1352.941162
-2215.686279
-2843.137207
-3166.666748
-3235.294189
-2696.078369
-960.784301
137.254898
1078.431396
1941.176513
2745.098144
3107.843261
3205.882324
2803.921630
2264.705810
1441.176513
323.529418
-676.470581
-1558.823608
-2450.980468
-2980.392333
-3215.686279
-3098.039306
-2539.215820
-656.862731
450.980407
1343.137329
2186.274658
2803.921630
3137.254882
3225.490234
1970.588256
1009.803955
-117.647064
-1078.431396
-1990.196166
-2764.706054
-3098.039306
-2784.313720
-2186.274658
-1294.117675
-117.647064
823.529418
1705.882324
3058.823486
3235.294189
2892.156982
2382.353027
1578.431396
480.392150
-549.019592
-1431.372558
-2333.333496
-2931.372558
-3127.450927
-2549.019775
-1843.137329
-803.921569
303.921569
1235.294189
2088.235351
3166.666748
3176.470703
2705.882324
2039.215698
1117.647094
-9.803922
-892.156860
-2686.274658
-3068.627441
-3235.294189
-2843.137207
-2333.333496
-1500.000000
-470.588256
1588.235351
2441.176513
2990.196044
3205.882324
3078.431396
2509.803955
1794.117675
754.901977
-333.333343
-1294.117675
-2872.549072
-3166.666748
-3205.882324
-2686.274658
-2019.607910
-1068.627441
88.235298
2009.803955
2764.706054
3098.039306
3225.490234
2794.117675
2274.509765
1411.764770
294.117645
-705.882385
-1568.627441
-3029.411865
-3215.686279
-3039.215820
-1549.019653
-431.372558
607.843139
1470.588256
2343.137207
2901.960937
3176.470703
2529.411865
1813.725463
774.509826
-294.117645
-1254.901977
-2127.450927
-2803.921630
-3147.058837
-3235.294189
-2764.706054
-1088.235351
39.215686
960.784301
1823.529418
2607.843261
3029.411865
3205.882324
2284.313720
1441.176513
323.529418
-676.470581
-1549.019653
-2441.176513
-2970.588378
-3049.019775
-2480.392089
-1745.098022
-656.862731
421.568634
1352.941162
2166.666748
3186.274658
3186.274658
2607.843261
1950.980468
1000.000000
-78.431373
-1000.000000
-2754.902099
-3098.039306
-3245.098144
-2813.725585
-2303.921630
-1450.980468
843.137268
1705.882324
2529.411865
2990.196044
3205.882324
3009.803955
2460.784423
460.784332
-578.431396
-1460.784301
-2343.137207
-2921.568603
-3205.882324
-3196.078369
-1843.137329
-784.313720
343.137268
1264.705932
2098.039306
2774.509765
3127.450927
2725.490234
2058.823486
1137.254882
19.607843
-892.156860
-1754.901977
-2607.843261
-3235.294189
-2852.941162
-2343.137207
-1509.803955
-372.549041
656.862731
2480.392089
2980.392333
3215.686279
3078.431396
2490.196044
1784.313720
715.686279
-1421.568603
-2294.117675
-2882.353027
-3186.274658
-3186.274658
-2627.450927
-1970.588256
303.921569
1264.705932
2098.039306
2774.509765
3107.843261
3225.490234
2764.706054
2176.470703
1303.921630
176.470596
-784.313720
-1647.058837
-2519.607910
-3000.000000
-3215.686279
-3127.450927
-2529.411865
-1813.725463
509.803924
1421.568603
2274.509765
2833.333496
3156.862792
3176.470703
2676.470703
2049.019531
1117.647094
-29.411766
-960.784301
-1823.529418
-2647.058837
-3068.627441
-3245.098144
-2921.568603
-2411.764648
-313.725494
686.274536
1568.627441
2441.176513
2941.176513
3205.882324
3078.431396
1725.490234
666.666687
-411.764709
-2303.921630
-2892.156982
-3215.686279
-3205.882324
-2627.450927
-1941.176513
-960.784301
1284.313720
2117.647216
2784.313720
3117.647216
3196.078369
2754.902099
2156.862792
-29.411766
-960.784301
-1813.725463
-2656.862792
-3078.431396
-3225.490234
-2901.960937
-1431.372558
-284.313720
696.078430
1568.627441
2441.176513
2950.980468
3029.411865
2450.980468
1745.098022
686.274536
-411.764709
-1333.333374
-2205.882324
-3205.882324
-3186.274658
-2607.843261
-1960.784301
-980.392150
127.450981
1088.235351
2764.706054
3107.843261
3196.078369
2754.902099
2196.078369
1343.137329
186.274520
-1833.333374
-2666.666748
-3068.627441
-3245.098144
-2892.156982
-2382.353027
-294.117645
715.686279
1578.431396
2421.568603
2931.372558
3176.470703
3098.039306
1725.490234
647.058837
-401.960784
-1323.529418
-2196.078369
-2833.333496
-3156.862792
-3215.686279
-2705.882324
-2049.019531
176.470596
1127.451049
1950.980468
2735.294189
3098.039306
3215.686279
2803.921630
1274.509887
147.058822
-823.529418
-1705.882324
-2558.823486
-3029.411865
-3225.490234
-2392.156982
-1558.823608
-450.980407
578.431396
1470.588256
2323.529541
2911.764648
3107.843261
2519.607910
1823.529418
794.117675
-284.313720
-1254.901977
-2088.235351
-2813.725585
-3156.862792
-3225.490234
-2039.215698
-1068.627441
68.627449
1009.803955
1872.549072
2656.862792
3049.019775
3205.882324
2872.549072
2362.745117
1558.823608
431.372558
-607.843139
-1500.000000
-2303.921630
-2892.156982
-3196.078369
-3205.882324
-1852.941162
-803.921569
303.921569
1254.901977
2068.627441
2784.313720
3107.843261
2696.078369
2078.431396
1127.451049
19.607843
-882.352966
-1754.901977
-2598.039306
-3029.411865
-3225.490234
-2990.196044
-1539.215698
-401.960784
627.450988
1470.588256
2362.745117
2941.176513
3176.470703
3156.862792
2558.823486
1892.156860
892.156860
-166.666671
-1137.254882
-2009.803955
-2774.509765
-3245.098144
-2774.509765
-2156.862792
-1245.098022
-88.235298
843.137268
1686.274536
2519.607910
2990.196044
3186.274658
3039.215820
2480.392089
1725.490234
666.666687
-392.156860
-1343.137329
-2215.686279
-2833.333496
-3186.274658
-2607.843261
-1941.176513
-931.372558
166.666671
1127.451049
1990.196166
2754.902099
3078.431396
3186.274658
2784.313720
2264.705810
1441.176513
284.313720
-686.274536
-1568.627441
-2460.784423
-2980.392333
-3009.803955
-2460.784423
-1666.666748
-578.431396
500.000000
1323.529418
2205.882324
3156.862792
3166.666748
2607.843261
1960.784301
980.392150
-98.039215
-1000.000000
-1852.941162
-2676.470703
-3058.823486
-3215.686279
-2901.960937
-2343.137207
-1509.803955
-411.764709
617.647094
1470.588256
2343.137207
3205.882324
3098.039306
2529.411865
1823.529418
784.313720
-274.509796
-1254.901977
-2852.941162
-3166.666748
-3225.490234
-2705.882324
-2039.215698
-1078.431396
88.235298
980.392150
1823.529418
2627.450927
3058.823486
3166.666748
2892.156982
2382.353027
1607.843139
490.196075
-539.215698
-1450.980468
-2970.588378
-3196.078369
-3147.058837
-2568.627441
-1852.941162
-823.529418
294.117645
2215.686279
2813.725585
3127.450927
3196.078369
2705.882324
2078.431396
1147.058837
29.411766
-901.960815
-1764.705932
-3098.039306
-3245.098144
-2852.941162
-1382.353027
-235.294128
745.098083
1617.647094
2470.588378
2960.784423
3166.666748
2470.588378
1715.686279
627.450988
-421.568634
-1362.745117
-2235.294189
-2862.745117
-3166.666748
-2598.039306
-1931.372558
-941.176513
166.666671
1127.451049
1990.196166
2754.902099
3088.235351
3205.882324
2784.313720
2245.098144
1392.156860
294.117645
-715.686279
-1578.431396
-2470.588378
-2980.392333
-3009.803955
-2470.588378
-1666.666748
-549.019592
500.000000
1343.137329
2196.078369
3156.862792
3166.666748
2607.843261
1960.784301
1009.803955
-117.647064
-1117.647094
-2794.117675
-3147.058837
-3235.294189
-2784.313720
-2166.666748
-1254.901977
1058.823608
1931.372558
2725.490234
3039.215820
3176.470703
2803.921630
2343.137207
254.901962
-735.294128
-1627.451049
-2490.196044
-3000.000000
-3205.882324
-3137.254882
-1745.098022
-686.274536
401.960784
1323.529418
2186.274658
2823.529541
3137.254882
2617.647216
1970.588256
1000.000000
-39.215686
-990.196105
-1833.333374
-2647.058837
-3068.627441
-3225.490234
-2901.960937
-2401.960937
-1558.823608
-411.764709
588.235290
1470.588256
2343.137207
2882.353027
3176.470703
2509.803955
1813.725463
803.921569
-274.509796
-1235.294189
-2107.843261
-2803.921630
-3225.490234
-2715.686279
-2078.431396
-1098.039184
49.019607
960.784301
1794.117675
2617.647216
3009.803955
3196.078369
2950.980468
2431.372558
1637.254882
558.823547
-509.803924
-1401.960815
-2274.509765
-2852.941162
-3186.274658
-2558.823486
-1901.960815
-872.549011
215.686279
1166.666748
2039.215698
2784.313720
3107.843261
3225.490234
2764.706054
2196.078369
1352.941162
205.882354
-745.098083
-1607.843139
-2490.196044
-2990.196044
-3019.607910
-2470.588378
-1666.666748
-558.823547
490.196075
1401.960815
2254.902099
3176.470703
3147.058837
2568.627441
1921.568603
941.176513
-156.862747
-1117.647094
-2803.921630
-3147.058837
-3245.098144
-2803.921630
-2166.666748
-1254.901977
1029.411743
1931.372558
2745.098144
3078.431396
3186.274658
2794.117675
2284.313720
205.882354
-774.509826
-1656.862792
-2539.215820
-3009.803955
-3215.686279
-3078.431396
-1607.843139
-490.196075
568.627441
1450.980468
2323.529541
2882.353027
3156.862792
3156.862792
2647.058837
1970.588256
-274.509796
-1215.686279
-2078.431396
-2784.313720
-3156.862792
-3235.294189
-2745.098144
-1098.039184
39.215686
960.784301
1823.529418
2617.647216
3039.215820
3196.078369
2901.960937
2401.960937
1617.647094
519.607849
-519.607849
-1421.568603
-2284.313720
-2882.353027
-3196.078369
-3215.686279
-2647.058837
-862.745117
235.294128
1196.078491
2019.607910
2764.706054
3107.843261
3225.490234
2117.647216
1225.490234
98.039215
-823.529418
-1715.686279
-2578.431396
-3049.019775
-2911.764648
-2401.960937
-1578.431396
-392.156860
617.647094
1480.392211
2980.392333
3196.078369
3078.431396
2490.196044
1813.725463
774.509826
-294.117645
-2225.490234
-2862.745117
-3186.274658
-3215.686279
-2696.078369
-2019.607910
-1049.019653
1205.882324
2078.431396
2784.313720
3117.647216
3176.470703
2754.902099
2196.078369
1313.725463
196.078430
-774.509826
-2607.843261
-3049.019775
-3235.294189
-2352.941162
-1490.196166
-362.745117
656.862731
1529.411743
2421.568603
2941.176513
3039.215820
2500.000000
1833.333374
784.313720
-294.117645
-1254.901977
-2117.647216
-3196.078369
-3215.686279
-2696.078369
-2009.803955
-1088.235351
78.431373
990.196105
1833.333374
2637.254882
3049.019775
2784.313720
2303.921630
1480.392211
343.137268
-676.470581
-1549.019653
-2421.568603
-3235.294189
-3098.039306
-2500.000000
-1813.725463
-764.705871
313.725494
1254.901977
2813.725585
3147.058837
3205.882324
2686.274658
2058.823486
1107.843139
0.000000
-1833.333374
-2666.666748
-3078.431396
-3215.686279
-2862.745117
-2362.745117
-1519.607910
-401.960784
637.254943
1519.607910
2970.588378
3186.274658
3098.039306
2500.000000
1882.353027
862.745117
-245.098037
-2166.666748
-2813.725585
-3156.862792
-3225.490234
-2754.902099
-2098.039306
-1205.882324
1127.451049
1960.784301
2715.686279
3098.039306
3215.686279
2794.117675
1294.117675
166.666671
-823.529418
-1705.882324
-2568.627441
-3039.215820
-3225.490234
-3039.215820
-2470.588378
-1686.274536
656.862731
1490.196166
2372.549072
2911.764648
3186.274658
3137.254882
2588.235351
725.490234
-352.941192
-1303.921630
-2137.254882
-2803.921630
-3147.058837
-3225.490234
-2009.803955
-1068.627441
98.039215
1009.803955
1872.549072
2666.666748
3049.019775
2764.706054
2274.509765
1411.764770
323.529418
-686.274536
-1568.627441
-2470.588378
-3205.882324
-3049.019775
-2480.392089
-1715.686279
-617.647094
450.980407
2303.921630
2892.156982
3166.666748
3186.274658
2627.450927
1980.392211
1000.000000
-1225.490234
-2078.431396
-2813.725585
-3117.647216
-3235.294189
-2794.117675
-2205.882324
29.411766
931.372558
1794.117675
2588.235351
3019.607910
3205.882324
2950.980468
1480.392211
352.941192
-637.254943
-1519.607910
-2411.764648
-2970.588378
-3166.666748
-2519.607910
-1784.313720
-715.686279
401.960784
1294.117675
2166.666748
3166.666748
3166.666748
2647.058837
2000.000000
1107.843139
-19.607843
-941.176513
-2725.490234
-3078.431396
-3274.509765
-2833.333496
-2333.333496
-1470.588256
-323.529418
1715.686279
2568.627441
3029.411865
3196.078369
3029.411865
2470.588378
1696.078491
-627.450988
-1480.392211
-2382.353027
-2931.372558
-3196.078369
-3166.666748
-2588.235351
-1901.960815
-872.549011
225.490203
1176.470581
2000.000000
2735.294189
3078.431396
3196.078369
2813.725585
2284.313720
1460.784301
-833.333374
-1705.882324
-2578.431396
-3029.411865
-3215.686279
-3009.803955
-2460.784423
-421.568634
588.235290
1480.392211
2352.941162
2901.960937
3205.882324
2490.196044
1794.117675
774.509826
-284.313720
-1264.705932
-2137.254882
-2803.921630
-3225.490234
-2705.882324
-2039.215698
-1078.431396
49.019607
960.784301
1813.725463
3088.235351
3215.686279
2833.333496
2294.117675
1450.980468
343.137268
-666.666687
-2519.607910
-3009.803955
-3205.882324
-3058.823486
-2490.196044
-1735.294189
-647.058837
1470.588256
2323.529541
2892.156982
3156.862792
3186.274658
2578.431396
794.117675
-303.921569
-1264.705932
-2117.647216
-2794.117675
-3156.862792
-3225.490234
-2029.411743
-1058.823608
88.235298
990.196105
1833.333374
2647.058837
3029.411865
2774.509765
2254.902099
1441.176513
303.921569
-686.274536
-1549.019653
-2450.980468
-2960.784423
-3205.882324
-3127.450927
-1696.078491
-637.254943
470.588256
1343.137329
2215.686279
2833.333496
3166.666748
2578.431396
1921.568603
931.372558
-127.450981
-1117.647094
-1970.588256
-2764.706054
-3225.490234
-2794.117675
-2186.274658
-1294.117675
-117.647064
852.941162
2656.862792
3039.215820
3196.078369
2892.156982
2392.156982
1607.843139
490.196075
-1558.823608
-2450.980468
-2970.588378
-3186.274658
-3117.647216
-2529.411865
-1823.529418
-754.901977
333.333343
1254.901977
2852.941162
3156.862792
3186.274658
2676.470703
2039.215698
1088.235351
-29.411766
-1980.392211
-2754.902099
-3107.843261
-3235.294189
-2833.333496
-2245.098144
-1362.745117
931.372558
1794.117675
2598.039306
3049.019775
3196.078369
2950.980468
2431.372558
1666.666748
598.039245
-490.196075
-2362.745117
-2921.568603
-3215.686279
-3166.666748
-2588.235351
-1911.764770
-882.352966
1333.333374
2176.470703
2813.725585
3127.450927
3186.274658
2725.490234
2088.235351
1196.078491
58.823532
-833.333374
-2676.470703
-3078.431396
-3235.294189
-2254.902099
-1421.568603
-274.509796
696.078430
1578.431396
2441.176513
3000.000000
3196.078369
3127.450927
2558.823486
1872.549072
882.352966
-196.078430
-1166.666748
-2039.215698
-2784.313720
-3137.254882
-3235.294189
-2794.117675
-2205.882324
-1303.921630
-117.647064
1872.549072
2637.254882
3029.411865
3225.490234
2882.353027
2372.549072
1549.019653
460.784332
-568.627441
-1470.588256
-2362.745117
-2931.372558
-3196.078369
-3147.058837
-2588.235351
-1931.372558
-911.764709
196.078430
2098.039306
2774.509765
3107.843261
3196.078369
2754.902099
2186.274658
1313.725463
166.666671
-803.921569
-1676.470581
-3078.431396
-3225.490234
-2892.156982
-2411.764648
-1607.843139
-490.196075
568.627441
2421.568603
2921.568603
3196.078369
3107.843261
2539.215820
1892.156860
852.941162
-1352.941162
-2215.686279
-2862.745117
-3176.470703
-3225.490234
-2705.882324
-2049.019531
-1088.235351
49.019607
970.588256
2705.882324
3058.823486
3205.882324
2794.117675
2284.313720
1450.980468
362.745117
-1676.470581
-2549.019775
-3049.019775
-3235.294189
-3039.215820
-2470.588378
-441.176483
588.235290
1460.784301
2333.333496
2892.156982
3196.078369
3176.470703
1823.529418
774.509826
-274.509796
-1245.098022
-2078.431396
-2784.313720
-3156.862792
-2735.294189
-2078.431396
-1127.451049
49.019607
941.176513
1803.921630
2607.843261
3215.686279
2813.725585
2323.529541
1470.588256
352.941192
-676.470581
-1519.607910
-2392.156982
-2960.784423
-3225.490234
-3137.254882
-2539.215820
-1852.941162
-794.117675
303.921569
1235.294189
2088.235351
2784.313720
3186.274658
2686.274658
2068.627441
1117.647094
-9.803922
-882.352966
-1784.313720
-3098.039306
-3225.490234
-2872.549072
-2343.137207
-1529.411743
-382.352935
637.254943
1509.803955
2372.549072
2941.176513
3205.882324
3137.254882
2558.823486
1892.156860
892.156860
-196.078430
-1186.274536
-2009.803955
-3166.666748
-3225.490234
-2745.098144
-2107.843261
-1176.470581
-29.411766
882.352966
1754.901977
2558.823486
3000.000000
3186.274658
3039.215820
2470.588378
1745.098022
715.686279
-372.549041
-1303.921630
-2166.666748
-2813.725585
-3176.470703
-3235.294189
-1980.392211
-1019.607849
156.862747
1098.039184
1970.588256
2735.294189
3078.431396
2754.902099
2205.882324
1313.725463
166.666671
-794.117675
-1686.274536
-2549.019775
-3254.902099
-2931.372558
-2421.568603
-1598.039184
-460.784332
568.627441
1450.980468
2323.529541
2882.353027
3166.666748
2549.019775
1862.745117
823.529418
-245.098037
-1215.686279
-2068.627441
-2803.921630
-3225.490234
-2715.686279
-2068.627441
-1127.451049
29.411766
941.176513
1813.725463
3068.627441
3205.882324
2794.117675
2303.921630
1460.784301
343.137268
-656.862731
-2509.803955
-3019.607910
-3215.686279
-3068.627441
-2490.196044
-1735.294189
-666.666687
421.568634
1333.333374
2215.686279
2833.333496
3137.254882
3186.274658
1970.588256
1000.000000
-49.019607
-980.392150
-2735.294189
-3107.843261
-3235.294189
-2813.725585
-2264.705810
-1401.960815
911.764709
1764.705932
2568.627441
3009.803955
3176.470703
3000.000000
2470.588378
549.019592
-509.803924
-1411.764770
-2245.098144
-2882.353027
-3176.470703
-3225.490234
-2686.274658
-2009.803955
-1039.215698
1274.509887
2107.843261
2784.313720
3107.843261
3196.078369
2745.098144
2166.666748
-9.803922
-892.156860
-1754.901977
-2568.627441
-3039.215820
-3235.294189
-2990.196044
-1519.607910
-372.549041
637.254943
1509.803955
2382.353027
2941.176513
3205.882324
2490.196044
1794.117675
764.705871
-323.529418
-1294.117675
-2137.254882
-2803.921630
-3235.294189
-2656.862792
-2000.000000
-1127.451049
29.411766
931.372558
2705.882324
3088.235351
3215.686279
2784.313720
2303.921630
1470.588256
362.745117
-1696.078491
-2539.215820
-3029.411865
-3235.294189
-3078.431396
-2490.196044
-1715.686279
627.450988
1500.000000
2284.313720
2882.353027
3176.470703
3186.274658
2637.254882
892.156860
-186.274520
-1176.470581
-2019.607910
-2774.509765
-3117.647216
-3215.686279
-2803.921630
-2235.294189
-1333.333374
970.588256
1833.333374
2656.862792
3058.823486
3205.882324
2882.353027
2382.353027
1578.431396
500.000000
-480.392150
-1392.156860
-2264.705810
-2882.353027
-3196.078369
-3205.882324
-2676.470703
-2019.607910
-1058.823608
1254.901977
2078.431396
2784.313720
3147.058837
3205.882324
2764.706054
2176.470703
29.411766
-872.549011
-1754.901977
-2607.843261
-3049.019775
-3235.294189
-2990.196044
-1519.607910
-401.960784
617.647094
1480.392211
2333.333496
2921.568603
3078.431396
2509.803955
1813.725463
784.313720
-313.725494
-1274.509887
-2137.254882
-3166.666748
-3215.686279
-2696.078369
-2039.215698
-1068.627441
78.431373
990.196105
1872.549072
2647.058837
3019.607910
2794.117675
2323.529541
1450.980468
333.333343
-666.666687
-1568.627441
-2460.784423
-3215.686279
-3049.019775
-2490.196044
-1735.294189
-617.647094
450.980407
1352.941162
2892.156982
3166.666748
3166.666748
2588.235351
1941.176513
960.784301
-117.647064
-2049.019531
-2784.313720
-3127.450927
-3245.098144
-2803.921630
-2186.274658
-1303.921630
-147.058822
813.725524
1686.274536
3049.019775
3235.294189
2921.568603
2411.764648
1617.647094
509.803924
-519.607849
-2392.156982
-2941.176513
-3196.078369
-3127.450927
-2578.431396
-1872.549072
421.568634
1343.137329
2205.882324
2813.725585
3166.666748
3186.274658
2705.882324
980.392150
-98.039215
-1009.803955
-1931.372558
-2725.490234
-3088.235351
-3245.098144
-2205.882324
-1323.529418
-176.470596
794.117675
1666.666748
2500.000000
2950.980468
3029.411865
2441.176513
1676.470581
598.039245
-441.176483
-1372.549072
-2254.902099
-2862.745117
-3176.470703
-3215.686279
-1950.980468
-931.372558
156.862747
1137.254882
1970.588256
2745.098144
3068.627441
3225.490234
2794.117675
2254.902099
1411.764770
264.705902
-705.882385
-1568.627441
-2450.980468
-3215.686279
-3029.411865
-2470.588378
-1676.470581
-588.235290
480.392150
1372.549072
2235.294189
2823.529541
3147.058837
2607.843261
1921.568603
960.784301
-1274.509887
-2127.450927
-2803.921630
-3147.058837
-3235.294189
-2764.706054
-2156.862792
58.823532
980.392150
1823.529418
2607.843261
3039.215820
3215.686279
2901.960937
1480.392211
343.137268
-676.470581
-1549.019653
-2401.960937
-2950.980468
-3205.882324
-3147.058837
-2558.823486
-1852.941162
450.980407
1352.941162
2205.882324
2823.529541
3147.058837
3205.882324
2725.490234
990.196105
-78.431373
-1039.215698
-1931.372558
-2735.294189
-3088.235351
-3235.294189
-2813.725585
-2303.921630
-1450.980468
-303.921569
705.882385
1568.627441
2431.372558
2950.980468
3196.078369
3098.039306
2509.803955
676.470581
-382.352935
-1352.941162
-2215.686279
-2862.745117
-3166.666748
-3235.294189
-1950.980468
-980.392150
117.647064
1088.235351
1970.588256
2745.098144
3098.039306
3205.882324
2794.117675
2303.921630
1470.588256
343.137268
-686.274536
-1558.823608
-2421.568603
-2941.176513
-3186.274658
-3127.450927
-1715.686279
-627.450988
441.176483
1352.941162
2225.490234
2823.529541
3156.862792
3205.882324
2696.078369
2068.627441
1137.254882
0.000000
-764.705871
-1637.254882
-2509.803955
-3009.803955
-3225.490234
-3088.235351
-1656.862792
-539.215698
529.411804
1431.372558
2274.509765
2882.353027
3176.470703
2568.627441
1901.960815
911.764709
-176.470596
-1117.647094
-2009.803955
-2764.706054
-3245.098144
-2764.706054
-2186.274658
-1264.705932
-117.647064
862.745117
1696.078491
2539.215820
3019.607910
3205.882324
3039.215820
2460.784423
1715.686279
647.058837
-401.960784
-1352.941162
-2205.882324
-2843.137207
-3196.078369
-2637.254882
-1941.176513
-960.784301
137.254898
1068.627441
1921.568603
2715.686279
3078.431396
3215.686279
2813.725585
2303.921630
1470.588256
323.529418
-666.666687
-1529.411743
-2450.980468
-2950.980468
-3215.686279
-3127.450927
-2549.019775
-666.666687
431.372558
1352.941162
2186.274658
2823.529541
3137.254882
3196.078369
1950.980468
1000.000000
-49.019607
-941.176513
-1813.725463
-2647.058837
-3068.627441
-2784.313720
-2274.509765
-1421.568603
-284.313720
725.490234
1568.627441
2460.784423
3205.882324
3029.411865
2480.392089
1735.294189
647.058837
-411.764709
-1352.941162
-2225.490234
-2843.137207
-3186.274658
-3235.294189
-2676.470703
-2039.215698
-1039.215698
107.843139
1058.823608
1931.372558
2735.294189
3215.686279
2745.098144
2196.078369
1362.745117
205.882354
-774.509826
-1637.254882
-2519.607910
-3009.803955
-3215.686279
-3058.823486
-2500.000000
-1813.725463
-735.294128
352.941192
1294.117675
2137.254882
2794.117675
3205.882324
2617.647216
2009.803955
1058.823608
-58.823532
-950.980407
-1862.745117
-3098.039306
-3235.294189
-2823.529541
-2284.313720
-1401.960815
-284.313720
725.490234
1578.431396
2450.980468
2950.980468
3186.274658
3088.235351
2549.019775
1813.725463
784.313720
-303.921569
-1254.901977
-2117.647216
-3176.470703
-3205.882324
-2696.078369
-2049.019531
-1078.431396
98.039215
1009.803955
2725.490234
3078.431396
3215.686279
2774.509765
2274.509765
1441.176513
294.117645
-715.686279
-1588.235351
-2460.784423
-3215.686279
-3000.000000
-2500.000000
-1784.313720
-754.901977
352.941192
1284.313720
2843.137207
3156.862792
3196.078369
2676.470703
2039.215698
1098.039184
-49.019607
-1970.588256
-2754.902099
-3107.843261
-3235.294189
-2803.921630
-2245.098144
-147.058822
843.137268
1696.078491
2549.019775
3000.000000
3196.078369
3078.431396
2480.392089
1764.705932
774.509826
-284.313720
-2225.490234
-2862.745117
-3166.666748
-3225.490234
-2696.078369
-2029.411743
215.686279
1166.666748
2019.607910
2764.706054
3098.039306
3215.686279
2774.509765
1245.098022
127.450981
-803.921569
-1696.078491
-2549.019775
-3029.411865
-3235.294189
-3029.411865
-2480.392089
-1686.274536
627.450988
1470.588256
2372.549072
2911.764648
3176.470703
3156.862792
2568.627441
803.921569
-303.921569
-1254.901977
-2107.843261
-2813.725585
-3127.450927
-3225.490234
-2029.411743
-1068.627441
88.235298
1000.000000
1813.725463
2637.254882
3049.019775
2794.117675
2313.725585
1480.392211
352.941192
-666.666687
-1549.019653
-2441.176513
-3225.490234
-3058.823486
-2500.000000
-1794.117675
-735.294128
382.352935
2284.313720
2872.549072
3166.666748
3196.078369
2656.862792
2009.803955
1058.823608
-1205.882324
-2058.823486
-2803.921630
-3156.862792
-3235.294189
-2774.509765
-2186.274658
9.803922
872.549011
1715.686279
2558.823486
3029.411865
3205.882324
2960.784423
1558.823608
431.372558
-578.431396
-1500.000000
-2313.725585
-2862.745117
-3186.274658
-3205.882324
-2637.254882
-1970.588256
323.529418
1245.098022
2107.843261
2813.725585
3117.647216
3205.882324
2745.098144
2137.254882
1254.901977
137.254898
-843.137268
-1735.294189
-2578.431396
-3049.019775
-3205.882324
-3029.411865
-2470.588378
-1686.274536
647.058837
1500.000000
2284.313720
2882.353027
3176.470703
3186.274658
2637.254882
833.333374
-245.098037
-1205.882324
-2049.019531
-2813.725585
-3137.254882
-3225.490234
-2117.647216
-1137.254882
19.607843
911.764709
1784.313720
2588.235351
3225.490234
2833.333496
2343.137207
1509.803955
411.764709
-617.647094
-1490.196166
-2970.588378
-3205.882324
-3107.843261
-2519.607910
-1813.725463
-745.098083
352.941192
2245.098144
2852.941162
3166.666748
3205.882324
2676.470703
2049.019531
1068.627441
-68.627449
-980.392150
-1833.333374
-3088.235351
-3215.686279
-2803.921630
-2284.313720
-1411.764770
-264.705902
735.294128
2558.823486
2980.392333
3225.490234
3029.411865
2450.980468
1696.078491
617.647094
-1490.196166
-2382.353027
-2921.568603
-3196.078369
-3166.666748
-2578.431396
-1901.960815
-872.549011
205.882354
1147.058837
2774.509765
3117.647216
3215.686279
2754.902099
2127.450927
1254.901977
117.647064
-1872.549072
-2705.882324
-3049.019775
-3225.490234
-2862.745117
-2343.137207
-245.098037
715.686279
1578.431396
2441.176513
2970.588378
3196.078369
3098.039306
1666.666748
607.843139
-450.980407
-1382.353027
-2235.294189
-2872.549072
-3176.470703
-2598.039306
-1960.784301
-950.980407
137.254898
1088.235351
1950.980468
2705.882324
3215.686279
2784.313720
2176.470703
1303.921630
176.470596
-784.313720
-1666.666748
-3039.215820
-3235.294189
-2950.980468
-2441.176513
-1598.039184
-470.588256
1588.235351
2470.588378
2980.392333
3215.686279
3078.431396
2490.196044
1794.117675
754.901977
-323.529418
-1264.705932
-2127.450927
-3186.274658
-3225.490234
-2725.490234
-2039.215698
-1068.627441
107.843139
2039.215698
2794.117675
3107.843261
3215.686279
2764.706054
2196.078369
1313.725463
-931.372558
-1823.529418
-2647.058837
-3049.019775
-3235.294189
-2950.980468
-2401.960937
-333.333343
666.666687
1549.019653
2431.372558
2960.784423
3196.078369
3107.843261
2529.411865
1852.941162
823.529418
-245.098037
-1205.882324
-2068.627441
-2803.921630
-3137.254882
-3245.098144
-2764.706054
-2186.274658
-9.803922
862.745117
1745.098022
2549.019775
3000.000000
3205.882324
3068.627441
1656.862792
539.215698
-519.607849
-1421.568603
-2294.117675
-2921.568603
-3166.666748
-2578.431396
-1882.353027
-843.137268
264.705902
1196.078491
2049.019531
3156.862792
3235.294189
2745.098144
2137.254882
1215.686279
68.627449
-852.941162
-1745.098022
-2558.823486
-3039.215820
-3235.294189
-2362.745117
-1549.019653
-411.764709
637.254943
1519.607910
2372.549072
3196.078369
3098.039306
2549.019775
1823.529418
803.921569
-284.313720
-1264.705932
-2852.941162
-3186.274658
-3235.294189
-2705.882324
-2058.823486
-1098.039184
68.627449
990.196105
1823.529418
2647.058837
3039.215820
3196.078369
2921.568603
2411.764648
352.941192
-656.862731
-1529.411743
-3009.803955
-3215.686279
-3068.627441
-2500.000000
-1803.921630
-764.705871
343.137268
2254.902099
2823.529541
3176.470703
3196.078369
2696.078369
2049.019531
1107.843139
-1166.666748
-2049.019531
-2803.921630
-3147.058837
-3235.294189
-2774.509765
-2205.882324
-29.411766
901.960815
1774.509887
2568.627441
3009.803955
3205.882324
2352.941162
1558.823608
450.980407
-578.431396
-1490.196166
-2372.549072
-2921.568603
-3088.235351
-2529.411865
-1813.725463
-735.294128
372.549041
1303.921630
2127.450927
3156.862792
3196.078369
2686.274658
2029.411743
1088.235351
-39.215686
-980.392150
-1833.333374
-2666.666748
-3058.823486
-2813.725585
-2284.313720
-1392.156860
-274.509796
745.098083
1598.039184
2460.784423
3205.882324
3039.215820
2441.176513
1696.078491
627.450988
-431.372558
-1343.137329
-2882.353027
-3215.686279
-3176.470703
-2578.431396
-1921.568603
-931.372558
166.666671
1127.451049
1990.196166
2754.902099
3088.235351
3205.882324
2774.509765
2264.705810
1421.568603
303.921569
-686.274536
-1598.039184
-3029.411865
-3235.294189
-3049.019775
-2500.000000
-1774.509887
-705.882385
401.960784
1333.333374
2156.862792
2813.725585
3147.058837
3215.686279
2764.706054
2137.254882
1215.686279
49.019607
-823.529418
-1705.882324
-3078.431396
-3215.686279
-2872.549072
-2372.549072
-1558.823608
-460.784332
617.647094
2441.176513
2960.784423
3176.470703
3098.039306
2529.411865
1833.333374
784.313720
-284.313720
-1254.901977
-2098.039306
-3156.862792
-3235.294189
-2696.078369
-2049.019531
-1078.431396
68.627449
970.588256
2715.686279
3088.235351
3205.882324
2794.117675
2294.117675
1450.980468
323.529418
-696.078430
-1558.823608
-2421.568603
-2931.372558
-3235.294189
-3137.254882
-2519.607910
-1843.137329
-803.921569
303.921569
1245.098022
2823.529541
3147.058837
3176.470703
2715.686279
2068.627441
1147.058837
9.803922
-1872.549072
-2696.078369
-3078.431396
-3235.294189
-2852.941162
-2323.529541
-1490.196166
813.725524
1705.882324
2549.019775
2990.196044
3205.882324
3029.411865
1598.039184
490.196075
-539.215698
-1441.176513
-2343.137207
-2911.764648
-3215.686279
-2539.215820
-1843.137329
-774.509826
333.333343
1284.313720
2117.647216
2774.509765
3127.450927
3215.686279
2754.902099
1147.058837
-19.607843
-931.372558
-1784.313720
-2617.647216
-3039.215820
-3235.294189
-2313.725585
-1460.784301
-343.137268
696.078430
1568.627441
2431.372558
2931.372558
3058.823486
2480.392089
1774.509887
705.882385
-382.352935
-1323.529418
-2166.666748
-3196.078369
-3176.470703
-2647.058837
-1970.588256
-1009.803955
137.254898
1098.039184
1960.784301
2745.098144
3078.431396
2774.509765
2205.882324
1323.529418
196.078430
-774.509826
-1627.451049
-2500.000000
-3235.294189
-3049.019775
-2490.196044
-1735.294189
-647.058837
441.176483
2343.137207
2882.353027
3166.666748
3176.470703
2607.843261
1960.784301
1000.000000
-1205.882324
-2078.431396
-2774.509765
-3147.058837
-3235.294189
-2794.117675
-2176.470703
-1274.509887
-127.450981
843.137268
2647.058837
3019.607910
3205.882324
2921.568603
2421.568603
1607.843139
509.803924
-1549.019653
-2421.568603
-2950.980468
-3235.294189
-3117.647216
-2568.627441
-1823.529418
500.000000
1323.529418
2176.470703
2813.725585
3127.450927
3196.078369
2725.490234
1039.215698
-88.235298
-1000.000000
-1843.137329
-2676.470703
-3088.235351
-3235.294189
-2892.156982
-2392.156982
-1558.823608
774.509826
1637.254882
2500.000000
2970.588378
3196.078369
3127.450927
2539.215820
725.490234
-362.745117
-1313.725463
-2166.666748
-2813.725585
-3156.862792
-3215.686279
-1990.196166
-1009.803955
127.450981
1078.431396
1970.588256
2754.902099
3098.039306
3225.490234
2803.921630
2294.117675
176.470596
-774.509826
-1656.862792
-2500.000000
-2970.588378
-3205.882324
-3098.039306
-1696.078491
-617.647094
450.980407
1343.137329
2205.882324
2833.333496
3166.666748
2578.431396
1921.568603
970.588256
-117.647064
-1098.039184
-1990.196166
-3117.647216
-3235.294189
-2803.921630
-2166.666748
-1254.901977
-98.039215
843.137268
1696.078491
2509.803955
3000.000000
3166.666748
3088.235351
2519.607910
1794.117675
-529.411804
-1421.568603
-2313.725585
-3196.078369
-3137.254882
-2578.431396
-1872.549072
-862.745117
264.705902
1215.686279
2823.529541
3147.058837
3225.490234
2725.490234
2117.647216
1176.470581
39.215686
-1892.156860
-2705.882324
-3068.627441
-3235.294189
-2823.529541
-2313.725585
-1450.980468
833.333374
1696.078491
2539.215820
3019.607910
3205.882324
3039.215820
1588.235351
480.392150
-549.019592
-1441.176513
-2323.529541
-2921.568603
-3186.274658
-2549.019775
-1823.529418
-794.117675
303.921569
1245.098022
2058.823486
2803.921630
3176.470703
2705.882324
2068.627441
1147.058837
9.803922
-852.941162
-1745.098022
-3049.019775
-3225.490234
-2901.960937
-2392.156982
-1549.019653
-421.568634
607.843139
1450.980468
2333.333496
2911.764648
3098.039306
2509.803955
1813.725463
803.921569
-284.313720
-1264.705932
-2107.843261
-3166.666748
-3225.490234
-2735.294189
-2058.823486
-1078.431396
68.627449
980.392150
1813.725463
2627.450927
3039.215820
2803.921630
2294.117675
1431.372558
323.529418
-696.078430
-1549.019653
-2450.980468
-3225.490234
-3068.627441
-2509.803955
-1725.490234
-637.254943
441.176483
1343.137329
2176.470703
2803.921630
3137.254882
2617.647216
1931.372558
980.392150
-1235.294189
-2117.647216
-2803.921630
-3147.058837
-3205.882324
-2803.921630
-2166.666748
29.411766
960.784301
1823.529418
2637.254882
3019.607910
3215.686279
2960.784423
1500.000000
450.980407
-568.627441
-1470.588256
-2343.137207
-2921.568603
-3176.470703
-3176.470703
-2607.843261
-1950.980468
343.137268
1274.509887
2098.039306
2764.706054
3107.843261
3225.490234
2784.313720
1127.451049
-9.803922
-872.549011
-2686.274658
-3049.019775
-3215.686279
-2852.941162
-2343.137207
-1509.803955
-372.549041
1637.254882
2509.803955
3000.000000
3186.274658
3098.039306
2539.215820
1872.549072
-441.176483
-1382.353027
-2254.902099
-2862.745117
-3147.058837
-3196.078369
-2705.882324
-2039.215698
-1058.823608
88.235298
1029.411743
1901.960815
2666.666748
3058.823486
3215.686279
2843.137207
2352.941162
1529.411743
-784.313720
-1647.058837
-2529.411865
-3019.607910
-3215.686279
-3049.019775
-2480.392089
-549.019592
539.215698
1431.372558
2303.921630
2852.941162
3137.254882
3156.862792
2647.058837
2009.803955
1058.823608
-78.431373
-1000.000000
-1833.333374
-2676.470703
-3049.019775
-3215.686279
-2882.353027
-2401.960937
-303.921569
715.686279
1568.627441
2441.176513
2980.392333
3215.686279
3107.843261
2509.803955
1803.921630
803.921569
-303.921569
-1274.509887
-2137.254882
-2813.725585
-3156.862792
-3245.098144
-2774.509765
-2147.058837
39.215686
960.784301
1803.921630
2617.647216
3039.215820
3215.686279
2911.764648
1460.784301
333.333343
-656.862731
-1539.215698
-2431.372558
-2970.588378
-3176.470703
-2509.803955
-1735.294189
-627.450988
431.372558
1343.137329
2196.078369
3176.470703
3166.666748
2617.647216
1980.392211
1019.607849
-127.450981
-1098.039184
-2784.313720
-3137.254882
-3235.294189
-2784.313720
-2166.666748
-1274.509887
-107.843139
1892.156860
2676.470703
3049.019775
3215.686279
2843.137207
2352.941162
1549.019653
441.176483
-607.843139
-1509.803955
-2382.353027
-2931.372558
-3176.470703
-3156.862792
-2607.843261
-1901.960815
-882.352966
245.098037
2147.058837
2803.921630
3147.058837
3225.490234
2764.706054
2176.470703
1274.509887
-1009.803955
-1901.960815
-2686.274658
-3068.627441
-3245.098144
-2833.333496
-2333.333496
-1500.000000
-431.372558
607.843139
1460.784301
2362.745117
2882.353027
3156.862792
3156.862792
2598.039306
1960.784301
980.392150
-1264.705932
-2107.843261
-2813.725585
-3156.862792
-3235.294189
-2774.509765
-2137.254882
68.627449
960.784301
1823.529418
2647.058837
3009.803955
3176.470703
2931.372558
2421.568603
1627.451049
539.215698
