-1549.019653
-2421.568603
-2970.588378
-3068.627441
-2490.196044
-1725.490234
-656.862731
431.372558
1362.745117
2215.686279
3166.666748
3176.470703
2627.450927
1970.588256
1000.000000
-39.215686
-970.588256
-2754.902099
-3117.647216
-3245.098144
-2794.117675
-2284.313720
-1421.568603
-323.529418
1745.098022
2558.823486
3000.000000
3186.274658
3039.215820
2470.588378
1774.509887
735.294128
-343.137268
-1313.725463
-2147.058837
-2833.333496
-3166.666748
-3245.098144
-2754.902099
-2107.843261
-1196.078491
-29.411766
1941.176513
2705.882324
3098.039306
3205.882324
2823.529541
2284.313720
1480.392211
352.941192
-637.254943
-1539.215698
-3009.803955
-3225.490234
-3068.627441
-1627.451049
-509.803924
529.411804
1431.372558
2284.313720
2901.960937
3166.666748
2539.215820
1862.745117
843.137268
-235.294128
-1186.274536
-2029.411743
-2784.313720
-3235.294189
-2715.686279
-2078.431396
-1127.451049
29.411766
941.176513
1803.921630
3049.019775
3205.882324
2803.921630
2313.725585
1480.392211
343.137268
-676.470581
-2500.000000
-2980.392333
-3205.882324
-3107.843261
-2529.411865
-1784.313720
519.607849
1421.568603
2284.313720
2852.941162
3156.862792
3166.666748
2637.254882
901.960815
-176.470596
-1137.254882
-2019.607910
-2784.313720
-3127.450927
-3235.294189
-2156.862792
-1215.686279
-49.019607
862.745117
1745.098022
2568.627441
3000.000000
2960.784423
2421.568603
1686.274536
549.019592
-480.392150
-1392.156860
-2254.902099
-3205.882324
-3176.470703
-2598.039306
-1931.372558
-921.568664
186.274520
2107.843261
2803.921630
3137.254882
3196.078369
2754.902099
2166.666748
1274.509887
-1009.803955
-1921.568603
-2725.490234
-3078.431396
-3235.294189
-2843.137207
-2323.529541
-186.274520
774.509826
1637.254882
2490.196044
2990.196044
3176.470703
3068.627441
1676.470581
588.235290
-460.784332
-1392.156860
-2254.902099
-2882.353027
-3186.274658
-2568.627441
-1921.568603
-892.156860
215.686279
1166.666748
2019.607910
3127.450927
3196.078369
2745.098144
2147.058837
1274.509887
137.254898
-833.333374
-2666.666748
-3098.039306
-3235.294189
-2892.156982
-2392.156982
-1558.823608
-431.372558
1627.451049
2480.392089
2950.980468
3186.274658
3088.235351
2500.000000
1862.745117
833.333374
-264.705902
-1235.294189
-2068.627441
-2803.921630
-3156.862792
-3215.686279
-2784.313720
-2156.862792
-1254.901977
-88.235298
1872.549072
2676.470703
3039.215820
3215.686279
2872.549072
2392.156982
1558.823608
-725.490234
-1598.039184
-2480.392089
-2970.588378
-3205.882324
-3098.039306
-2539.215820
-598.039245
441.176483
1382.353027
2245.098144
2843.137207
3166.666748
2568.627441
1941.176513
960.784301
-98.039215
-1029.411743
-1941.176513
-2745.098144
-3225.490234
-2803.921630
-2205.882324
-1313.725463
-147.058822
813.725524
1676.470581
3029.411865
3186.274658
2931.372558
2411.764648
1617.647094
509.803924
-519.607849
-2352.941162
-2950.980468
-3225.490234
-3156.862792
-2568.627441
-1843.137329
460.784332
1372.549072
2205.882324
2813.725585
3137.254882
3205.882324
2705.882324
970.588256
-98.039215
-990.196105
-1882.353027
-2686.274658
-3078.431396
-3254.902099
-2245.098144
-1392.156860
-245.098037
705.882385
1588.235351
2460.784423
2980.392333
2980.392333
2460.784423
1676.470581
617.647094
-460.784332
-1372.549072
-2245.098144
-3205.882324
-3156.862792
-2588.235351
-1931.372558
-911.764709
186.274520
1137.254882
2000.000000
2715.686279
3078.431396
3196.078369
2813.725585
2294.117675
1450.980468
343.137268
-666.666687
-1549.019653
-2441.176513
-3235.294189
-3068.627441
-2490.196044
-1705.882324
-617.647094
460.784332
1352.941162
2205.882324
2833.333496
3147.058837
2578.431396
1921.568603
980.392150
-1245.098022
-2098.039306
-2794.117675
-3137.254882
-3254.902099
-2784.313720
-2176.470703
-9.803922
882.352966
1745.098022
2558.823486
3000.000000
3176.470703
3068.627441
1627.451049
539.215698
-500.000000
-1362.745117
-2225.490234
-2833.333496
-3166.666748
-2617.647216
-1941.176513
-911.764709
176.470596
1147.058837
1960.784301
2735.294189
3205.882324
2774.509765
2166.666748
1284.313720
147.058822
-784.313720
-1656.862792
-3049.019775
-3235.294189
-2941.176513
-2411.764648
-1607.843139
-450.980407
1578.431396
2431.372558
2950.980468
3205.882324
3098.039306
2519.607910
1833.333374
-450.980407
-1372.549072
-2245.098144
-2852.941162
-3156.862792
-3215.686279
-2696.078369
-931.372558
156.862747
1117.647094
1950.980468
2745.098144
3107.843261
3205.882324
2803.921630
2313.725585
1421.568603
-862.745117
-1735.294189
-2598.039306
-3235.294189
-2882.353027
-2372.549072
-1539.215698
-401.960784
627.450988
1490.196166
2980.392333
3186.274658
3068.627441
2509.803955
1794.117675
764.705871
-333.333343
-2235.294189
-2852.941162
-3176.470703
-3225.490234
-2705.882324
-2019.607910
-1088.235351
88.235298
1009.803955
1872.549072
3098.039306
3205.882324
2784.313720
2264.705810
1421.568603
313.725494
-696.078430
-1568.627441
-2460.784423
-2980.392333
-3186.274658
-3107.843261
-2519.607910
-1813.725463
-754.901977
1411.764770
2284.313720
2852.941162
3166.666748
3196.078369
2647.058837
1990.196166
1058.823608
-78.431373
-1000.000000
-2754.902099
-3107.843261
-3225.490234
-2215.686279
-1294.117675
-156.862747
833.333374
1705.882324
2529.411865
2990.196044
2882.353027
2382.353027
1598.039184
490.196075
-558.823547
-1431.372558
-2352.941162
-3205.882324
-3107.843261
-2558.823486
-1823.529418
-774.509826
323.529418
1254.901977
2833.333496
3166.666748
3176.470703
2696.078369
2049.019531
1117.647094
9.803922
-862.745117
-1735.294189
-2598.039306
-3039.215820
-3225.490234
-2980.392333
-2460.784423
-1656.862792
-558.823547
480.392150
1431.372558
2911.764648
3176.470703
3127.450927
2578.431396
1921.568603
911.764709
-176.470596
-2127.450927
-2803.921630
-3156.862792
-3235.294189
-2745.098144
-2166.666748
-1235.294189
-98.039215
833.333374
1715.686279
2568.627441
3029.411865
3196.078369
3000.000000
2490.196044
1745.098022
715.686279
-333.333343
-2254.902099
-2862.745117
-3176.470703
-3205.882324
-2666.666748
-2000.000000
-1098.039184
1166.666748
2029.411743
2774.509765
3127.450927
3245.098144
2745.098144
2215.686279
1362.745117
235.294128
-764.705871
-1617.647094
-2500.000000
-2960.784423
-3235.294189
-3107.843261
-2549.019775
-1833.333374
-794.117675
1411.764770
2254.902099
2823.529541
3156.862792
3186.274658
2637.254882
2039.215698
1068.627441
-78.431373
-1019.607849
-2794.117675
-3117.647216
-3215.686279
-2127.450927
-1215.686279
-58.823532
872.549011
1715.686279
2549.019775
3000.000000
2970.588378
2411.764648
1656.862792
549.019592
-509.803924
-1411.764770
-2294.117675
-3176.470703
-3137.254882
-2558.823486
-1862.745117
-862.745117
264.705902
1215.686279
2803.921630
3147.058837
3186.274658
2754.902099
2098.039306
1225.490234
68.627449
-1872.549072
-2705.882324
-3088.235351
-3215.686279
-2843.137207
-2343.137207
-235.294128
784.313720
1627.451049
2441.176513
2970.588378
3196.078369
3058.823486
1647.058837
598.039245
-470.588256
-1401.960815
-2254.902099
-2872.549072
-3196.078369
-2627.450927
-1941.176513
-921.568664
196.078430
1127.451049
1941.176513
2735.294189
3205.882324
2784.313720
2176.470703
1303.921630
156.862747
-813.725524
-1676.470581
-3068.627441
-3225.490234
-2921.568603
-2411.764648
-1588.235351
-441.176483
1607.843139
2460.784423
2970.588378
3196.078369
3078.431396
2519.607910
1774.509887
-480.392150
-1382.353027
-2284.313720
-2872.549072
-3166.666748
-3235.294189
-2666.666748
-882.352966
215.686279
1176.470581
1990.196166
2754.902099
3117.647216
3215.686279
2774.509765
2245.098144
1362.745117
-931.372558
-1823.529418
-2617.647216
-3235.294189
-2823.529541
-2303.921630
-1470.588256
-323.529418
686.274536
1568.627441
2980.392333
3166.666748
3049.019775
2470.588378
1745.098022
676.470581
-382.352935
-2303.921630
-2892.156982
-3186.274658
-3205.882324
-2627.450927
-1960.784301
-1009.803955
147.058822
1088.235351
1970.588256
2735.294189
3098.039306
3205.882324
2803.921630
2284.313720
1421.568603
323.529418
-696.078430
-2509.803955
-2980.392333
-3205.882324
-3058.823486
-2500.000000
-1813.725463
-725.490234
1421.568603
2264.705810
2911.764648
3147.058837
3215.686279
2656.862792
2019.607910
1058.823608
-39.215686
-990.196105
-2745.098144
-3098.039306
-3235.294189
-2784.313720
-2284.313720
-1431.372558
-274.509796
735.294128
1598.039184
2460.784423
2950.980468
3176.470703
3088.235351
2529.411865
1823.529418
-480.392150
-1401.960815
-2254.902099
-2892.156982
-3166.666748
-3205.882324
-2666.666748
-921.568664
166.666671
1147.058837
1990.196166
2735.294189
3088.235351
2735.294189
2137.254882
1264.705932
127.450981
-833.333374
-1686.274536
-2568.627441
-3225.490234
-2882.353027
-2392.156982
-1549.019653
-441.176483
607.843139
1470.588256
2960.784423
3196.078369
3107.843261
2529.411865
1803.921630
774.509826
-303.921569
-2215.686279
-2852.941162
-3156.862792
-3205.882324
-2676.470703
-2029.411743
-1039.215698
98.039215
1019.607849
1882.353027
3088.235351
3205.882324
2784.313720
2235.294189
1382.353027
245.098037
-715.686279
-2558.823486
-3019.607910
-3215.686279
-3029.411865
-2470.588378
-1676.470581
647.058837
1490.196166
2372.549072
2901.960937
3186.274658
3166.666748
2568.627441
745.098083
-333.333343
-1294.117675
-2137.254882
-2813.725585
-3137.254882
-3205.882324
-2754.902099
-2117.647216
-1186.274536
1127.451049
2000.000000
2705.882324
3078.431396
3235.294189
2813.725585
2323.529541
196.078430
-774.509826
-1637.254882
-2490.196044
-3000.000000
-3215.686279
-3127.450927
-1725.490234
-647.058837
450.980407
1343.137329
2176.470703
2803.921630
3137.254882
2647.058837
1990.196166
1029.411743
-117.647064
-1088.235351
-1990.196166
-2774.509765
-3225.490234
-2794.117675
-2166.666748
-1274.509887
-107.843139
852.941162
2676.470703
3049.019775
3225.490234
2921.568603
2411.764648
1598.039184
500.000000
-1509.803955
-2392.156982
-2960.784423
-3186.274658
-3166.666748
-2568.627441
-1892.156860
421.568634
1352.941162
2205.882324
2823.529541
3147.058837
3196.078369
2725.490234
2049.019531
1137.254882
-9.803922
-882.352966
-1764.705932
-2607.843261
-3058.823486
-3225.490234
-2970.588378
-2431.372558
-1637.254882
676.470581
1529.411743
2382.353027
2921.568603
3186.274658
3127.450927
2539.215820
705.882385
-362.745117
-1313.725463
-2196.078369
-2833.333496
-3166.666748
-3215.686279
-2000.000000
-1107.843139
88.235298
990.196105
1852.941162
2647.058837
3186.274658
2813.725585
2303.921630
1480.392211
333.333343
-666.666687
-1558.823608
-3019.607910
-3225.490234
-3049.019775
-2500.000000
-1803.921630
-745.098083
343.137268
2254.902099
2823.529541
3147.058837
3186.274658
2686.274658
2029.411743
1117.647094
-1205.882324
-2049.019531
-2803.921630
-3137.254882
-3225.490234
-2784.313720
-2166.666748
-9.803922
872.549011
1705.882324
2539.215820
3009.803955
3196.078369
2401.960937
1578.431396
470.588256
-578.431396
-1480.392211
-2372.549072
-2921.568603
-3098.039306
-2519.607910
-1813.725463
-803.921569
303.921569
1274.509887
2117.647216
3147.058837
3196.078369
2735.294189
2078.431396
1137.254882
0.000000
-774.509826
-2588.235351
-3029.411865
-3225.490234
-2970.588378
-2441.176513
-1617.647094
-529.411804
1568.627441
2401.960937
2941.176513
3176.470703
3107.843261
2509.803955
1833.333374
833.333374
-284.313720
-1225.490234
-2098.039306
-2803.921630
-3137.254882
-3235.294189
-2784.313720
-2147.058837
-1235.294189
-88.235298
1882.353027
2676.470703
3058.823486
3205.882324
2843.137207
2362.745117
1519.607910
450.980407
-578.431396
-1500.000000
-2911.764648
-3215.686279
-3137.254882
-1774.509887
-725.490234
352.941192
1294.117675
2156.862792
2803.921630
3137.254882
2647.058837
1990.196166
1049.019653
-78.431373
-1019.607849
-1921.568603
-2715.686279
-3254.902099
-2784.313720
-2254.902099
-1352.941162
-196.078430
774.509826
1627.451049
3029.411865
3205.882324
2950.980468
2450.980468
1656.862792
588.235290
-490.196075
-1401.960815
-2274.509765
-2862.745117
-3196.078369
-2568.627441
-1901.960815
-862.745117
225.490203
1137.254882
2019.607910
3117.647216
3225.490234
2725.490234
2098.039306
1225.490234
88.235298
-823.529418
-2617.647216
-3039.215820
-3235.294189
-2901.960937
-2401.960937
-1568.627441
735.294128
1588.235351
2450.980468
2990.196044
3176.470703
3078.431396
2500.000000
725.490234
-362.745117
-1323.529418
-2156.862792
-2823.529541
-3137.254882
-3225.490234
-2009.803955
-1029.411743
117.647064
1088.235351
1950.980468
2725.490234
3078.431396
2745.098144
2205.882324
1333.333374
176.470596
-784.313720
-1666.666748
-2509.803955
-3215.686279
-2960.784423
-2431.372558
-1617.647094
-500.000000
490.196075
2333.333496
2911.764648
3156.862792
3156.862792
2607.843261
1921.568603
960.784301
-1254.901977
-2088.235351
-2803.921630
-3137.254882
-3215.686279
-2774.509765
-2127.450927
49.019607
931.372558
1803.921630
2607.843261
3019.607910
3215.686279
2941.176513
1500.000000
450.980407
-558.823547
-1480.392211
-2362.745117
-2931.372558
-3186.274658
-2529.411865
-1803.921630
-764.705871
343.137268
1264.705932
2117.647216
3147.058837
3196.078369
2725.490234
2039.215698
1088.235351
-29.411766
-980.392150
-2735.294189
-3098.039306
-3245.098144
-2823.529541
-2313.725585
-1421.568603
-294.117645
1754.901977
2568.627441
3029.411865
3225.490234
2970.588378
2431.372558
1656.862792
578.431396
-480.392150
-1392.156860
-2911.764648
-3215.686279
-3166.666748
-2598.039306
-1892.156860
-882.352966
205.882354
2156.862792
2803.921630
3137.254882
3196.078369
2725.490234
2107.843261
1245.098022
98.039215
-823.529418
-1705.882324
-3058.823486
-3215.686279
-2882.353027
-2401.960937
-1578.431396
-450.980407
578.431396
1460.784301
2333.333496
2882.353027
3166.666748
3166.666748
2598.039306
1950.980468
960.784301
-1245.098022
-2117.647216
-2803.921630
-3137.254882
-3235.294189
-2764.706054
-2147.058837
39.215686
980.392150
1813.725463
2617.647216
3039.215820
3186.274658
2313.725585
1450.980468
343.137268
-666.666687
-1549.019653
-2441.176513
-2980.392333
-3068.627441
-2500.000000
-1784.313720
-735.294128
352.941192
1303.921630
2147.058837
3127.450927
3215.686279
2676.470703
2019.607910
1098.039184
-29.411766
-960.784301
-2745.098144
-3098.039306
-3205.882324
-2813.725585
-2303.921630
-1460.784301
-333.333343
1715.686279
2568.627441
3000.000000
3176.470703
3058.823486
2500.000000
1813.725463
852.941162
-254.901962
-1235.294189
-2078.431396
-2794.117675
-3137.254882
-3235.294189
-2784.313720
-2117.647216
-1215.686279
-58.823532
1892.156860
2696.078369
3068.627441
3215.686279
2813.725585
2343.137207
1529.411743
411.764709
-617.647094
-1529.411743
-2990.196044
-3235.294189
-3088.235351
-1647.058837
-529.411804
529.411804
1411.764770
2264.705810
2862.745117
3176.470703
2568.627441
1901.960815
921.568664
-166.666671
-1137.254882
-2009.803955
-2784.313720
-3225.490234
-2754.902099
-2127.450927
-1254.901977
-98.039215
813.725524
1715.686279
3039.215820
3196.078369
2911.764648
2382.353027
1598.039184
500.000000
-460.784332
-2343.137207
-2921.568603
-3215.686279
-3186.274658
-2588.235351
-1892.156860
382.352935
1303.921630
2166.666748
2803.921630
3137.254882
3215.686279
2715.686279
1039.215698
-98.039215
-1009.803955
-1882.353027
-2725.490234
-3088.235351
-3225.490234
-2235.294189
-1343.137329
-166.666671
784.313720
1705.882324
2519.607910
2980.392333
2931.372558
2401.960937
1647.058837
549.019592
-500.000000
-1362.745117
-2215.686279
-3196.078369
-3215.686279
-2607.843261
-1950.980468
-941.176513
156.862747
2117.647216
2764.706054
3127.450927
3186.274658
2764.706054
2156.862792
1313.725463
-1009.803955
-1921.568603
-2715.686279
-3117.647216
-3235.294189
-2823.529541
-2313.725585
-176.470596
794.117675
1656.862792
2509.803955
2960.784423
3196.078369
3049.019775
2500.000000
1843.137329
813.725524
-294.117645
-1254.901977
-2107.843261
-2774.509765
-3127.450927
-3235.294189
-2764.706054
-2156.862792
68.627449
970.588256
1833.333374
2637.254882
3029.411865
3215.686279
2911.764648
1460.784301
362.745117
-666.666687
-1529.411743
-2441.176513
-2960.784423
-3205.882324
-2500.000000
-1794.117675
-725.490234
372.549041
1294.117675
2147.058837
3147.058837
3186.274658
2686.274658
2029.411743
1078.431396
-49.019607
-1000.000000
-2715.686279
-3107.843261
-3215.686279
-2833.333496
-2333.333496
-1441.176513
-284.313720
1745.098022
2568.627441
3009.803955
3196.078369
3019.607910
2460.784423
1696.078491
-598.039245
-1490.196166
-2352.941162
-2921.568603
-3196.078369
-3186.274658
-2578.431396
-745.098083
303.921569
1264.705932
2107.843261
2813.725585
3147.058837
2666.666748
2049.019531
1127.451049
-19.607843
-931.372558
-1813.725463
-2647.058837
-3235.294189
-2813.725585
-2294.117675
-1421.568603
-294.117645
715.686279
1588.235351
3000.000000
3186.274658
3039.215820
2490.196044
1774.509887
745.098083
-313.725494
-2254.902099
-2852.941162
-3176.470703
-3235.294189
-2686.274658
-2000.000000
-1127.451049
1156.862792
2019.607910
2764.706054
3117.647216
3205.882324
2754.902099
1215.686279
88.235298
-833.333374
-1725.490234
-2549.019775
-3019.607910
-3205.882324
-2382.353027
-1558.823608
-411.764709
598.039245
1450.980468
2323.529541
2921.568603
3098.039306
2519.607910
1843.137329
823.529418
-264.705902
-1205.882324
-2078.431396
-3166.666748
-3225.490234
-2725.490234
-2049.019531
-1098.039184
49.019607
921.568664
1774.509887
2598.039306
3009.803955
3215.686279
2990.196044
2431.372558
1676.470581
588.235290
-470.588256
-1401.960815
-2274.509765
-3186.274658
-3166.666748
-2578.431396
-1882.353027
-872.549011
235.294128
1176.470581
2803.921630
3147.058837
3205.882324
2764.706054
2147.058837
1274.509887
117.647064
-803.921569
-1676.470581
-2549.019775
-3225.490234
-2901.960937
-2401.960937
-313.725494
696.078430
1549.019653
2392.156982
2941.176513
3156.862792
3117.647216
1735.294189
666.666687
-392.156860
-1333.333374
-2225.490234
-2823.529541
-3166.666748
-2627.450927
-1970.588256
-960.784301
117.647064
1078.431396
1941.176513
2715.686279
3068.627441
3196.078369
2813.725585
2284.313720
1431.372558
294.117645
-696.078430
-1568.627441
-2460.784423
-2980.392333
-3196.078369
-2480.392089
-1696.078491
-598.039245
480.392150
1382.353027
2235.294189
2833.333496
3166.666748
2607.843261
1931.372558
921.568664
-156.862747
-1137.254882
-1990.196166
-2784.313720
-3107.843261
-3245.098144
-2147.058837
-1245.098022
-88.235298
843.137268
1725.490234
2549.019775
2990.196044
2911.764648
2421.568603
1607.843139
490.196075
-549.019592
-1431.372558
-2333.333496
-3196.078369
-3117.647216
-2549.019775
-1852.941162
-803.921569
294.117645
2176.470703
2803.921630
3107.843261
3186.274658
2705.882324
2078.431396
1166.666748
-1147.058837
-2029.411743
-2784.313720
-3098.039306
-3225.490234
-2813.725585
-2235.294189
-1333.333374
-166.666671
823.529418
2617.647216
3049.019775
3215.686279
2931.372558
2431.372558
1617.647094
519.607849
-519.607849
-1450.980468
-2303.921630
-2892.156982
-3196.078369
-3196.078369
-2656.862792
-1990.196166
274.509796
1225.490234
2049.019531
2745.098144
3107.843261
3215.686279
2754.902099
2205.882324
1362.745117
196.078430
-1784.313720
-2637.254882
-3058.823486
-2833.333496
-2343.137207
-1450.980468
-333.333343
676.470581
1539.215698
2421.568603
3215.686279
3058.823486
2519.607910
1764.705932
725.490234
-352.941192
-1313.725463
-2892.156982
-3166.666748
-3186.274658
-2627.450927
-1990.196166
-1000.000000
49.019607
1970.588256
2715.686279
3088.235351
3205.882324
2813.725585
2274.509765
1431.372558
303.921569
-705.882385
-1588.235351
-2470.588378
-3000.000000
-3215.686279
-3137.254882
-2549.019775
-1852.941162
-803.921569
284.313720
2215.686279
2833.333496
3147.058837
3176.470703
2705.882324
2078.431396
1137.254882
9.803922
-843.137268
-1754.901977
-3088.235351
-3215.686279
-2852.941162
-2343.137207
-245.098037
725.490234
1588.235351
2460.784423
2960.784423
3205.882324
3088.235351
2519.607910
1833.333374
784.313720
-1372.549072
-2235.294189
-2872.549072
-3176.470703
-3225.490234
-2715.686279
-2029.411743
215.686279
1156.862792
2009.803955
2803.921630
3107.843261
3205.882324
2117.647216
1196.078491
88.235298
-843.137268
-1725.490234
-2568.627441
-3019.607910
-2892.156982
-2382.353027
-1549.019653
-431.372558
607.843139
1480.392211
2382.353027
3186.274658
3058.823486
2490.196044
1803.921630
794.117675
-313.725494
-1264.705932
-2117.647216
-2803.921630
-3166.666748
-3235.294189
-2764.706054
-2117.647216
-1196.078491
-58.823532
862.745117
1696.078491
2558.823486
3205.882324
2862.745117
2343.137207
1539.215698
441.176483
-578.431396
-1470.588256
-2970.588378
-3225.490234
-3107.843261
-2549.019775
-1823.529418
-754.901977
333.333343
1284.313720
2098.039306
2764.706054
3127.450927
3215.686279
2784.313720
2176.470703
1294.117675
137.254898
-803.921569
-1696.078491
-3039.215820
-3225.490234
-2931.372558
-2411.764648
-1578.431396
-441.176483
588.235290
1470.588256
2333.333496
2862.745117
3078.431396
2509.803955
1803.921630
-509.803924
-1401.960815
-2254.902099
-2852.941162
-3186.274658
-3196.078369
-2676.470703
-852.941162
215.686279
1176.470581
2000.000000
2725.490234
3078.431396
3186.274658
2166.666748
1264.705932
156.862747
-813.725524
-1686.274536
-2549.019775
-3019.607910
-2921.568603
-2441.176513
-1588.235351
-480.392150
568.627441
1450.980468
2303.921630
2882.353027
3166.666748
3176.470703
1862.745117
833.333374
-264.705902
-2196.078369
-2823.529541
-3147.058837
-3245.098144
-2725.490234
-2078.431396
-1127.451049
1156.862792
2000.000000
2745.098144
3088.235351
3225.490234
2803.921630
2294.117675
156.862747
-823.529418
-1696.078491
-2539.215820
-3000.000000
-3196.078369
-3088.235351
-1666.666748
-568.627441
519.607849
1392.156860
2254.902099
2833.333496
3176.470703
3205.882324
2676.470703
2009.803955
1068.627441
-68.627449
-1000.000000
-1833.333374
-2647.058837
-3078.431396
-3225.490234
-2911.764648
-1441.176513
-294.117645
705.882385
1598.039184
2450.980468
2980.392333
3186.274658
3088.235351
2509.803955
1813.725463
-490.196075
-1411.764770
-2274.509765
-3186.274658
-3166.666748
-2598.039306
-1921.568603
-901.960815
186.274520
1156.862792
2784.313720
3098.039306
3225.490234
2774.509765
2156.862792
1323.529418
127.450981
-1872.549072
-2696.078369
-3078.431396
-3205.882324
-2872.549072
-2392.156982
-1529.411743
754.901977
1627.451049
2470.588378
2960.784423
3186.274658
3068.627441
2490.196044
1784.313720
735.294128
-343.137268
-1303.921630
-2127.450927
-2843.137207
-3166.666748
-3235.294189
-2735.294189
-2117.647216
-1186.274536
1147.058837
1970.588256
2745.098144
3098.039306
3205.882324
2794.117675
2303.921630
1431.372558
294.117645
-686.274536
-2529.411865
-3029.411865
-3215.686279
-3029.411865
-2470.588378
-1676.470581
-617.647094
1480.392211
2372.549072
2901.960937
3186.274658
3156.862792
2558.823486
735.294128
-333.333343
-1274.509887
-2137.254882
-2823.529541
-3156.862792
-3215.686279
-2019.607910
-1039.215698
88.235298
1019.607849
1892.156860
2656.862792
3049.019775
2784.313720
2225.490234
1382.353027
245.098037
-705.882385
-1558.823608
-2450.980468
-3225.490234
-3039.215820
-2490.196044
-1705.882324
-627.450988
470.588256
1372.549072
2205.882324
2823.529541
3176.470703
3205.882324
2705.882324
2068.627441
1117.647094
-9.803922
-882.352966
-1774.509887
-2617.647216
-3049.019775
-3215.686279
-3009.803955
-1519.607910
-401.960784
627.450988
1490.196166
2401.960937
2911.764648
3186.274658
2490.196044
1794.117675
774.509826
-323.529418
-1284.313720
-2147.058837
-2803.921630
-3225.490234
-2676.470703
-2000.000000
-1117.647094
9.803922
862.745117
1715.686279
3068.627441
3196.078369
2843.137207
2343.137207
1539.215698
431.372558
-588.235290
-2411.764648
-2950.980468
-3205.882324
-3098.039306
-2539.215820
-1813.725463
500.000000
1303.921630
2176.470703
2803.921630
3166.666748
3235.294189
2745.098144
1039.215698
-117.647064
-1068.627441
-1960.784301
-2754.902099
-3127.450927
-3225.490234
-2186.274658
-1313.725463
-147.058822
833.333374
1715.686279
2529.411865
3019.607910
2901.960937
2401.960937
1558.823608
490.196075
-539.215698
-1450.980468
-2303.921630
-3245.098144
-3156.862792
-2558.823486
-1843.137329
-794.117675
313.725494
2225.490234
2813.725585
3137.254882
3186.274658
2686.274658
2058.823486
1137.254882
-1156.862792
-2009.803955
-2784.313720
-3137.254882
-3225.490234
-2784.313720
-2205.882324
-39.215686
892.156860
1764.705932
2568.627441
2990.196044
3205.882324
3000.000000
1647.058837
588.235290
-470.588256
-1392.156860
-2284.313720
-2882.353027
-3196.078369
-2568.627441
-1911.764770
-872.549011
215.686279
1176.470581
2029.411743
3137.254882
3205.882324
2754.902099
2117.647216
1235.294189
98.039215
-833.333374
-2656.862792
-3049.019775
-3235.294189
-2921.568603
-2411.764648
-1568.627441
-431.372558
1647.058837
2480.392089
2950.980468
3186.274658
3058.823486
2490.196044
1803.921630
-509.803924
-1401.960815
-2274.509765
-2882.353027
-3205.882324
-3215.686279
-1901.960815
-882.352966
205.882354
1166.666748
2029.411743
2745.098144
3078.431396
2764.706054
2137.254882
1264.705932
127.450981
-843.137268
-1715.686279
-2578.431396
-3205.882324
-2882.353027
-2352.941162
-1539.215698
-392.156860
598.039245
1490.196166
2950.980468
3176.470703
3088.235351
2509.803955
1813.725463
774.509826
-284.313720
-1264.705932
-2098.039306
-2794.117675
-3205.882324
-2705.882324
-2039.215698
176.470596
1117.647094
1950.980468
2676.470703
3039.215820
3205.882324
2784.313720
1264.705932
137.254898
-823.529418
-1705.882324
-2568.627441
-3049.019775
-3235.294189
-2411.764648
-1588.235351
-441.176483
598.039245
1470.588256
2333.333496
2872.549072
3117.647216
2529.411865
1803.921630
764.705871
-303.921569
-1245.098022
-2107.843261
-3166.666748
-3205.882324
-2705.882324
-2039.215698
-1049.019653
98.039215
1980.392211
2754.902099
3088.235351
3225.490234
2784.313720
2245.098144
1411.764770
-882.352966
-1754.901977
-2598.039306
-3029.411865
-3245.098144
-2990.196044
-2450.980468
-450.980407
578.431396
1450.980468
2333.333496
2911.764648
3186.274658
3176.470703
2617.647216
1950.980468
970.588256
-117.647064
-1088.235351
-1990.196166
-2784.313720
-3117.647216
-3245.098144
-2803.921630
-2264.705810
-107.843139
882.352966
1735.294189
2549.019775
3000.000000
3186.274658
3058.823486
1647.058837
549.019592
-500.000000
-1352.941162
-2215.686279
-2852.941162
-3176.470703
-3235.294189
-2715.686279
-2019.607910
-1078.431396
68.627449
990.196105
1823.529418
2637.254882
3029.411865
3205.882324
2882.353027
1450.980468
333.333343
-676.470581
-1568.627441
-2441.176513
-2970.588378
-3205.882324
-2490.196044
-1715.686279
-647.058837
450.980407
1333.333374
2196.078369
2833.333496
3147.058837
3215.686279
2715.686279
2068.627441
1147.058837
9.803922
-852.941162
-1715.686279
-2558.823486
-3039.215820
-3225.490234
-2362.745117
-1509.803955
-392.156860
627.450988
1480.392211
2343.137207
2921.568603
3098.039306
2519.607910
1823.529418
803.921569
-274.509796
-1225.490234
-2098.039306
-3166.666748
-3235.294189
-2725.490234
-2068.627441
-1127.451049
19.607843
1950.980468
2715.686279
3068.627441
3196.078369
2813.725585
2303.921630
1480.392211
-803.921569
-1705.882324
-2588.235351
-3009.803955
-3205.882324
-3039.215820
-2480.392089
-441.176483
617.647094
1470.588256
2323.529541
2911.764648
3176.470703
3166.666748
2607.843261
1950.980468
950.980407
-107.843139
-1098.039184
-1980.392211
-2764.706054
-3117.647216
-3245.098144
-2803.921630
-2264.705810
-127.450981
852.941162
1715.686279
2568.627441
3009.803955
3196.078369
2990.196044
1588.235351
480.392150
-558.823547
-1470.588256
-2343.137207
-2921.568603
-3215.686279
-2539.215820
-1813.725463
-794.117675
333.333343
1254.901977
2107.843261
3147.058837
3205.882324
2676.470703
2068.627441
1137.254882
-19.607843
-960.784301
-2735.294189
-3107.843261
-2784.313720
-2196.078369
-1333.333374
-147.058822
1872.549072
2637.254882
3049.019775
3205.882324
2882.353027
2372.549072
1588.235351
480.392150
-578.431396
-1470.588256
-2970.588378
-3215.686279
-3107.843261
-1725.490234
-607.843139
460.784332
1343.137329
2205.882324
2833.333496
3176.470703
2578.431396
1970.588256
970.588256
-107.843139
-1107.843139
-1970.588256
-2754.902099
-3107.843261
-3245.098144
-2774.509765
-1274.509887
-147.058822
833.333374
1696.078491
2529.411865
3000.000000
3205.882324
2411.764648
1627.451049
558.823547
-500.000000
-1352.941162
-2235.294189
-2862.745117
-3186.274658
-2588.235351
-1931.372558
-911.764709
176.470596
1107.843139
1970.588256
2725.490234
3088.235351
3215.686279
2137.254882
1235.294189
88.235298
-813.725524
-1676.470581
-2588.235351
-3029.411865
-2901.960937
-2401.960937
-1578.431396
-421.568634
617.647094
1470.588256
2323.529541
2882.353027
3156.862792
3166.666748
2588.235351
1941.176513
931.372558
-147.058822
-1098.039184
-1980.392211
-2754.902099
-3117.647216
-2774.509765
-2147.058837
-1254.901977
-98.039215
833.333374
1715.686279
2539.215820
3196.078369
2901.960937
2392.156982
1588.235351
480.392150
-558.823547
-1460.784301
-2980.392333
-3215.686279
-3088.235351
-2549.019775
-1813.725463
-784.313720
1382.353027
2245.098144
2833.333496
3147.058837
3186.274658
2705.882324
2039.215698
-215.686279
-1186.274536
-2058.823486
-2794.117675
-3127.450927
-3235.294189
-2784.313720
-1156.862792
-9.803922
862.745117
1725.490234
2558.823486
3009.803955
3186.274658
3039.215820
2470.588378
1715.686279
637.254943
-431.372558
-1382.353027
-2245.098144
-2852.941162
-3186.274658
-3225.490234
-2676.470703
-921.568664
166.666671
1107.843139
1980.392211
2745.098144
3078.431396
3196.078369
2186.274658
1284.313720
156.862747
-823.529418
-1696.078491
-2549.019775
-3009.803955
-2931.372558
-2401.960937
-1588.235351
-470.588256
598.039245
1450.980468
2941.176513
3205.882324
3127.450927
2519.607910
1862.745117
833.333374
-274.509796
-2215.686279
-2862.745117
-3186.274658
-3235.294189
-2725.490234
-2078.431396
-1117.647094
1186.274536
2019.607910
2745.098144
3098.039306
3196.078369
2774.509765
2254.902099
1401.960815
254.901962
-725.490234
-1598.039184
-2460.784423
-2980.392333
-3205.882324
-3098.039306
-2539.215820
-1803.921630
-764.705871
352.941192
1264.705932
2107.843261
3156.862792
3186.274658
2666.666748
2019.607910
1068.627441
-68.627449
-980.392150
-2745.098144
-3107.843261
-3235.294189
-2823.529541
-2284.313720
-1401.960815
-284.313720
1754.901977
2598.039306
3000.000000
3196.078369
3049.019775
2480.392089
1745.098022
-539.215698
-1460.784301
-2323.529541
-2901.960937
-3186.274658
-3215.686279
-2637.254882
-803.921569
294.117645
1245.098022
2098.039306
2794.117675
3107.843261
2705.882324
2088.235351
1156.862792
0.000000
-774.509826
-1656.862792
-2509.803955
-3225.490234
-2980.392333
-2450.980468
-1666.666748
-529.411804
519.607849
1411.764770
2284.313720
2862.745117
3156.862792
2529.411865
1862.745117
882.352966
-205.882354
-1176.470581
-2049.019531
-2784.313720
-3215.686279
-2725.490234
-2088.235351
-1147.058837
-29.411766
892.156860
1745.098022
3078.431396
3205.882324
2833.333496
2323.529541
1509.803955
421.568634
-627.450988
-2470.588378
-2970.588378
-3235.294189
-3098.039306
-2519.607910
-1774.509887
-725.490234
1392.156860
2274.509765
2872.549072
3176.470703
3196.078369
2666.666748
931.372558
-147.058822
-1117.647094
-2009.803955
-2774.509765
-3127.450927
-3225.490234
-2156.862792
-1245.098022
-98.039215
823.529418
1666.666748
2539.215820
2990.196044
2901.960937
2382.353027
1617.647094
500.000000
-460.784332
-1401.960815
-2264.705810
-3205.882324
-3176.470703
-2588.235351
-1921.568603
-892.156860
215.686279
1166.666748
2000.000000
2696.078369
3078.431396
2764.706054
2186.274658
1294.117675
166.666671
-803.921569
-1696.078491
-2568.627441
-3225.490234
-2931.372558
-2411.764648
-1578.431396
-450.980407
578.431396
1450.980468
2343.137207
2872.549072
3156.862792
2549.019775
1852.941162
823.529418
-264.705902
-1215.686279
-2058.823486
-2803.921630
-3225.490234
-2725.490234
-2088.235351
-1127.451049
39.215686
931.372558
1803.921630
2588.235351
3000.000000
3166.666748
2372.549072
1568.627441
470.588256
-549.019592
-2421.568603
-2960.784423
-3225.490234
-3127.450927
-2539.215820
-1843.137329
470.588256
1392.156860
2215.686279
2833.333496
3147.058837
3186.274658
2696.078369
2058.823486
1137.254882
-29.411766
-941.176513
-2745.098144
-3107.843261
-3245.098144
-2813.725585
-2313.725585
-1411.764770
882.352966
1754.901977
2558.823486
3000.000000
3186.274658
3039.215820
2470.588378
549.019592
-509.803924
-1421.568603
-2284.313720
-2882.353027
-3196.078369
-3225.490234
-1911.764770
-901.960815
215.686279
1166.666748
2019.607910
2764.706054
3098.039306
2774.509765
2176.470703
1294.117675
127.450981
-813.725524
-1686.274536
-2578.431396
-3254.902099
-2892.156982
-2401.960937
-1568.627441
-450.980407
558.823547
2431.372558
2901.960937
3196.078369
3098.039306
2539.215820
1852.941162
843.137268
-1352.941162
-2235.294189
-2852.941162
-3176.470703
-3215.686279
-2686.274658
-2049.019531
225.490203
1156.862792
2000.000000
2725.490234
3088.235351
3215.686279
2813.725585
2303.921630
1470.588256
343.137268
-1705.882324
-2558.823486
-3029.411865
-3235.294189
-3019.607910
-2480.392089
-1696.078491
617.647094
1490.196166
2362.745117
2911.764648
3176.470703
3147.058837
2588.235351
1931.372558
931.372558
-166.666671
-1137.254882
-2009.803955
-2764.706054
-3117.647216
-3254.902099
-2803.921630
-2235.294189
-1352.941162
950.980407
1794.117675
2588.235351
3009.803955
3196.078369
2960.784423
2411.764648
1617.647094
549.019592
-490.196075
-2382.353027
-2960.784423
-3225.490234
-3156.862792
-2578.431396
-1892.156860
-882.352966
1352.941162
2205.882324
2823.529541
3147.058837
3196.078369
2696.078369
2068.627441
1147.058837
39.215686
-911.764709
-1784.313720
-2617.647216
-3049.019775
-3245.098144
-2980.392333
-2450.980468
-1647.058837
-529.411804
1539.215698
2421.568603
2941.176513
3196.078369
3098.039306
2529.411865
1882.353027
862.745117
-225.490203
-1186.274536
-2833.333496
-3176.470703
-3235.294189
-1990.196166
-1019.607849
147.058822
1078.431396
1950.980468
2754.902099
3088.235351
2774.509765
2205.882324
1313.725463
196.078430
-745.098083
-1617.647094
-2500.000000
-3245.098144
-3068.627441
-2480.392089
-1735.294189
-647.058837
411.764709
1323.529418
2901.960937
3186.274658
3137.254882
2617.647216
1950.980468
1009.803955
-98.039215
-2009.803955
-2794.117675
-3127.450927
-3254.902099
-2794.117675
-2215.686279
-29.411766
872.549011
1735.294189
2568.627441
3029.411865
3225.490234
2980.392333
1519.607910
411.764709
-588.235290
-1470.588256
-2352.941162
-2911.764648
-3225.490234
-2549.019775
-1813.725463
-754.901977
333.333343
1274.509887
2107.843261
2794.117675
3186.274658
2676.470703
2029.411743
1068.627441
-58.823532
-1000.000000
-1823.529418
-3088.235351
-3235.294189
-2813.725585
-2284.313720
-1411.764770
-274.509796
1745.098022
2558.823486
3009.803955
3196.078369
2980.392333
2441.176513
1686.274536
-627.450988
-1529.411743
-2431.372558
-2960.784423
-3235.294189
-3147.058837
-2549.019775
-715.686279
401.960784
1303.921630
2176.470703
2813.725585
3117.647216
3196.078369
2735.294189
2127.450927
1215.686279
68.627449
-872.549011
-1725.490234
-2578.431396
-3019.607910
-3235.294189
-3009.803955
-2460.784423
-401.960784
607.843139
1500.000000
2274.509765
2872.549072
3166.666748
3176.470703
2666.666748
1990.196166
1049.019653
-1235.294189
-2088.235351
-2823.529541
-3137.254882
-3225.490234
-2784.313720
-2156.862792
39.215686
950.980407
1833.333374
2627.450927
3029.411865
3205.882324
2931.372558
1470.588256
323.529418
-676.470581
-1549.019653
-2431.372558
-2970.588378
-3196.078369
-2500.000000
-1803.921630
-745.098083
333.333343
1284.313720
2127.450927
2745.098144
3107.843261
3215.686279
2774.509765
1098.039184
0.000000
-774.509826
-1637.254882
-2509.803955
-2990.196044
-3215.686279
-2441.176513
-1637.254882
-490.196075
529.411804
1441.176513
2313.725585
2872.549072
3166.666748
3156.862792
2627.450927
882.352966
-205.882354
-1196.078491
-2058.823486
-2784.313720
-3117.647216
-3235.294189
-2803.921630
-2196.078369
-1294.117675
-147.058822
823.529418
1705.882324
2539.215820
3000.000000
3019.607910
2431.372558
1666.666748
607.843139
-441.176483
-1392.156860
-2245.098144
-3186.274658
-3166.666748
-2598.039306
-1941.176513
-892.156860
186.274520
2107.843261
2784.313720
3156.862792
3215.686279
2754.902099
2137.254882
1264.705932
137.254898
-823.529418
-1686.274536
-2568.627441
-3215.686279
-2892.156982
-2401.960937
-1578.431396
-441.176483
598.039245
2460.784423
2950.980468
3215.686279
3078.431396
2500.000000
1882.353027
872.549011
-1343.137329
-2196.078369
-2833.333496
-3156.862792
-3225.490234
-2745.098144
-2098.039306
127.450981
1078.431396
1960.784301
2735.294189
3098.039306
3225.490234
2803.921630
1303.921630
186.274520
-803.921569
-1666.666748
-2549.019775
-2980.392333
-3205.882324
-2431.372558
-1598.039184
-490.196075
568.627441
1450.980468
2303.921630
3196.078369
3078.431396
2549.019775
1862.745117
833.333374
-264.705902
-1235.294189
-2833.333496
-3176.470703
-3235.294189
-2725.490234
-2068.627441
-1137.254882
19.607843
1960.784301
2735.294189
3088.235351
3196.078369
2803.921630
2274.509765
1460.784301
352.941192
-666.666687
-1558.823608
-3009.803955
-3254.902099
-3078.431396
-1607.843139
-490.196075
539.215698
1441.176513
2303.921630
2892.156982
3186.274658
2539.215820
1862.745117
872.549011
-225.490203
-1215.686279
-2029.411743
-2794.117675
-3225.490234
-2725.490234
-2098.039306
-1137.254882
0.000000
754.901977
1637.254882
2480.392089
2980.392333
3205.882324
2411.764648
1637.254882
558.823547
-500.000000
-1362.745117
-2215.686279
-2862.745117
-3186.274658
-2607.843261
-1921.568603
-931.372558
147.058822
1107.843139
1941.176513
3137.254882
3215.686279
2764.706054
2147.058837
1284.313720
137.254898
-813.725524
-2656.862792
-3058.823486
-3235.294189
-2882.353027
-2392.156982
-1549.019653
-431.372558
607.843139
1480.392211
2362.745117
3205.882324
3078.431396
2509.803955
1794.117675
754.901977
-333.333343
-1284.313720
-2156.862792
-2813.725585
-3166.666748
-3235.294189
-2754.902099
-2127.450927
-1205.882324
-39.215686
901.960815
1764.705932
2588.235351
3215.686279
2843.137207
2382.353027
1549.019653
431.372558
-588.235290
-1480.392211
-2352.941162
-2931.372558
-3215.686279
-2529.411865
-1803.921630
-725.490234
352.941192
1303.921630
2137.254882
2784.313720
3186.274658
2696.078369
2039.215698
1078.431396
-68.627449
-990.196105
-1862.745117
-3127.450927
-3235.294189
-2813.725585
-2264.705810
-1431.372558
-264.705902
745.098083
1598.039184
2450.980468
2980.392333
3186.274658
3078.431396
2519.607910
1833.333374
794.117675
-284.313720
-1254.901977
-2107.843261
-2813.725585
-3127.450927
-3235.294189
-2029.411743
-1068.627441
88.235298
1009.803955
1892.156860
2666.666748
3049.019775
2784.313720
2264.705810
1421.568603
294.117645
-696.078430
-1568.627441
-2441.176513
-3235.294189
-3058.823486
-2460.784423
-1676.470581
-588.235290
490.196075
1372.549072
2235.294189
2862.745117
3176.470703
3196.078369
2666.666748
2019.607910
1088.235351
-49.019607
-960.784301
-1833.333374
-2676.470703
-3254.902099
-2813.725585
-2313.725585
-1431.372558
-274.509796
705.882385
1568.627441
2441.176513
2950.980468
3196.078369
3088.235351
2539.215820
1803.921630
794.117675
-303.921569
-1254.901977
-2107.843261
-2843.137207
-3215.686279
-2676.470703
-2049.019531
-1088.235351
88.235298
1000.000000
1813.725463
2627.450927
3039.215820
3186.274658
2333.333496
1470.588256
343.137268
-686.274536
-1578.431396
-2460.784423
-2990.196044
-3049.019775
-2470.588378
-1705.882324
-617.647094
480.392150
1401.960815
2215.686279
3205.882324
3156.862792
2598.039306
1941.176513
980.392150
-127.450981
-1088.235351
-2784.313720
-3147.058837
-3235.294189
-2794.117675
-2186.274658
-1274.509887
1000.000000
1833.333374
2647.058837
3029.411865
3205.882324
2892.156982
2421.568603
343.137268
-666.666687
-1588.235351
-2450.980468
-2950.980468
-3225.490234
-3117.647216
-1745.098022
-656.862731
421.568634
1362.745117
2196.078369
2803.921630
3117.647216
3186.274658
2715.686279
2088.235351
1127.451049
9.803922
-843.137268
-1705.882324
-2588.235351
-3029.411865
-3235.294189
-3000.000000
-2480.392089
-1735.294189
-637.254943
450.980407
1323.529418
2215.686279
2813.725585
3176.470703
2598.039306
1950.980468
980.392150
-98.039215
-1019.607849
-1901.960815
-3117.647216
-3235.294189
-2803.921630
-2235.294189
-1323.529418
-196.078430
794.117675
1656.862792
2480.392089
2970.588378
2950.980468
2421.568603
1627.451049
-656.862731
-1529.411743
-2401.960937
-2950.980468
-3205.882324
-3137.254882
-2568.627441
-1833.333374
-774.509826
313.725494
2205.882324
2843.137207
3147.058837
3225.490234
2705.882324
2058.823486
1156.862792
-1137.254882
-1990.196166
-2774.509765
-3147.058837
-3254.902099
-2784.313720
-2245.098144
-107.843139
872.549011
1735.294189
2578.431396
3009.803955
3196.078369
3000.000000
2490.196044
1764.705932
735.294128
-1421.568603
-2294.117675
-2901.960937
-3205.882324
-3196.078369
-2647.058837
-2000.000000
196.078430
1127.451049
1980.392211
2754.902099
3078.431396
3215.686279
2794.117675
1264.705932
117.647064
-843.137268
-1745.098022
-2568.627441
-3019.607910
-3205.882324
-2382.353027
-1578.431396
-431.372558
607.843139
1480.392211
2362.745117
2911.764648
3196.078369
3156.862792
2558.823486
754.901977
-284.313720
-1274.509887
-2117.647216
-2813.725585
-3147.058837
-3225.490234
-2049.019531
-1098.039184
49.019607
950.980407
1794.117675
2617.647216
3205.882324
2833.333496
2333.333496
1460.784301
372.549041
-647.058837
-1529.411743
-3000.000000
-3196.078369
-3147.058837
-2539.215820
-1833.333374
-774.509826
333.333343
2215.686279
2833.333496
3176.470703
3215.686279
2705.882324
2039.215698
1088.235351
-49.019607
-960.784301
-1823.529418
-3107.843261
-3215.686279
-2813.725585
-2294.117675
-1431.372558
-274.509796
735.294128
2519.607910
2990.196044
3215.686279
3039.215820
2509.803955
1735.294189
676.470581
-1470.588256
-2343.137207
-2921.568603
-3186.274658
-3176.470703
-2598.039306
-1921.568603
343.137268
1274.509887
2088.235351
2813.725585
3137.254882
3235.294189
2019.607910
1098.039184
-19.607843
-941.176513
-1813.725463
-2666.666748
-3068.627441
-2813.725585
-2294.117675
-1421.568603
-274.509796
715.686279
1568.627441
2431.372558
3205.882324
3029.411865
2450.980468
1705.882324
627.450988
-431.372558
-1372.549072
-2901.960937
-3196.078369
-3186.274658
-2607.843261
-1931.372558
-931.372558
176.470596
1127.451049
1960.784301
2725.490234
3215.686279
2764.706054
2156.862792
1294.117675
147.058822
-803.921569
-1656.862792
-2529.411865
-3009.803955
-3245.098144
-3058.823486
-2490.196044
-1715.686279
-627.450988
460.784332
1352.941162
2205.882324
2813.725585
3215.686279
2617.647216
1941.176513
950.980407
-107.843139
-1068.627441
-1970.588256
-2754.902099
-3117.647216
-3235.294189
-2813.725585
-2284.313720
-1392.156860
892.156860
1764.705932
2578.431396
2980.392333
3176.470703
2980.392333
2450.980468
431.372558
-607.843139
-1490.196166
-2352.941162
-2950.980468
-3205.882324
-3176.470703
-1803.921630
-745.098083
372.549041
1284.313720
2117.647216
2784.313720
3127.450927
3215.686279
2735.294189
2147.058837
-29.411766
-950.980407
-1823.529418
-2647.058837
-3058.823486
-3254.902099
-2931.372558
-1441.176513
-303.921569
705.882385
1588.235351
2431.372558
2941.176513
3186.274658
2490.196044
1715.686279
637.254943
-450.980407
-1372.549072
-2225.490234
-2862.745117
-3166.666748
-2627.450927
-1941.176513
-950.980407
137.254898
1107.843139
2764.706054
3117.647216
3215.686279
2784.313720
2166.666748
1274.509887
137.254898
-823.529418
-1696.078491
-2558.823486
-3039.215820
-2911.764648
-2392.156982
-1578.431396
-441.176483
627.450988
1470.588256
2960.784423
3166.666748
3107.843261
2539.215820
1823.529418
774.509826
-294.117645
-2235.294189
-2852.941162
-3186.274658
-3225.490234
-2696.078369
-2049.019531
-1098.039184
58.823532
980.392150
1833.333374
3078.431396
3205.882324
2794.117675
2313.725585
1450.980468
333.333343
-656.862731
-2529.411865
-3019.607910
-3225.490234
-3029.411865
-2490.196044
-1745.098022
-656.862731
1470.588256
2323.529541
2901.960937
3166.666748
3166.666748
2598.039306
1931.372558
941.176513
-117.647064
-1088.235351
-1990.196166
-2784.313720
-3137.254882
-2774.509765
-2147.058837
-1254.901977
-88.235298
1862.745117
2666.666748
3058.823486
3205.882324
2872.549072
2352.941162
1539.215698
431.372558
-617.647094
-1490.196166
-2382.353027
-2941.176513
-3215.686279
-3156.862792
-2558.823486
-1872.549072
-862.745117
254.901962
2166.666748
2784.313720
3117.647216
3205.882324
2725.490234
2098.039306
1205.882324
58.823532
-843.137268
-1735.294189
-3088.235351
-3235.294189
-2862.745117
-1372.549072
-235.294128
754.901977
1617.647094
2460.784423
2960.784423
3196.078369
2480.392089
1696.078491
647.058837
-441.176483
-1382.353027
-2245.098144
-2872.549072
-3176.470703
-2617.647216
-1931.372558
-950.980407
156.862747
1117.647094
1980.392211
3127.450927
3215.686279
2764.706054
2176.470703
1313.725463
156.862747
-813.725524
-2666.666748
-3058.823486
-3235.294189
-2901.960937
-2401.960937
-1578.431396
735.294128
1607.843139
2441.176513
2950.980468
3176.470703
3098.039306
2529.411865
656.862731
-431.372558
-1352.941162
-2205.882324
-2852.941162
-3176.470703
-3205.882324
-1941.176513
-921.568664
176.470596
1137.254882
1990.196166
2754.902099
3078.431396
3205.882324
2794.117675
2284.313720
1401.960815
294.117645
-725.490234
-1578.431396
-2450.980468
-2970.588378
-3235.294189
-3127.450927
-1715.686279
-627.450988
470.588256
1362.745117
2225.490234
2843.137207
3127.450927
2617.647216
1960.784301
980.392150
-88.235298
-1019.607849
-1911.764770
-2705.882324
-3245.098144
-2784.313720
-2235.294189
-1352.941162
-196.078430
784.313720
2588.235351
3019.607910
3166.666748
2950.980468
2411.764648
1666.666748
578.431396
-490.196075
-1401.960815
-2274.509765
-2882.353027
-3176.470703
-2578.431396
-1901.960815
-862.745117
235.294128
1166.666748
2794.117675
3117.647216
3186.274658
2725.490234
2107.843261
1225.490234
58.823532
-1901.960815
-2676.470703
-3107.843261
-3245.098144
-2852.941162
-2352.941162
-1509.803955
803.921569
1696.078491
2539.215820
2990.196044
3176.470703
3049.019775
2470.588378
1764.705932
715.686279
-382.352935
-1333.333374
-2196.078369
-2843.137207
-3176.470703
-3235.294189
-2725.490234
-2098.039306
-1147.058837
1156.862792
2039.215698
2745.098144
3088.235351
3205.882324
2764.706054
2254.902099
1401.960815
264.705902
-715.686279
-1607.843139
-2460.784423
-2990.196044
-3225.490234
-3088.235351
-2539.215820
-1774.509887
-745.098083
352.941192
1274.509887
2127.450927
2794.117675
3117.647216
3225.490234
2764.706054
1078.431396
-49.019607
-970.588256
-1852.941162
-2656.862792
-3058.823486
-3205.882324
-2284.313720
-1411.764770
-254.901962
725.490234
1588.235351
2460.784423
3196.078369
3000.000000
2500.000000
1843.137329
794.117675
-323.529418
-1274.509887
-2117.647216
-2803.921630
-3166.666748
-3225.490234
-2039.215698
-1078.431396
88.235298
1009.803955
1882.353027
2656.862792
3225.490234
2774.509765
2284.313720
1401.960815
274.509796
-696.078430
-1568.627441
-3019.607910
-3215.686279
-3058.823486
-2500.000000
-1774.509887
-745.098083
352.941192
2254.902099
2833.333496
3156.862792
3156.862792
2676.470703
2039.215698
1098.039184
-1186.274536
-2068.627441
-2803.921630
-3147.058837
-3225.490234
-2774.509765
-2215.686279
-39.215686
901.960815
1745.098022
2558.823486
2990.196044
3176.470703
3009.803955
2460.784423
1705.882324
617.647094
-1500.000000
-2313.725585
-2921.568603
-3127.450927
-2549.019775
-1872.549072
-833.333374
284.313720
1225.490234
2068.627441
3147.058837
3215.686279
2715.686279
2098.039306
1176.470581
29.411766
-872.549011
-1745.098022
-2568.627441
-3029.411865
-2872.549072
-2352.941162
-1509.803955
-411.764709
617.647094
1490.196166
2382.353027
3186.274658
3058.823486
2529.411865
1803.921630
745.098083
-323.529418
-1264.705932
-2882.353027
-3186.274658
-3215.686279
-2666.666748
-2009.803955
-1029.411743
107.843139
1088.235351
1960.784301
2715.686279
3078.431396
3196.078369
2794.117675
2284.313720
1460.784301
323.529418
-686.274536
-1558.823608
-2421.568603
-2950.980468
-3215.686279
-2490.196044
-1735.294189
-637.254943
441.176483
1352.941162
2186.274658
2813.725585
3166.666748
2607.843261
1970.588256
980.392150
-98.039215
-1039.215698
-1911.764770
-3156.862792
-3254.902099
-2794.117675
-2196.078369
-1313.725463
-156.862747
823.529418
1686.274536
2539.215820
3029.411865
2872.549072
2382.353027
1568.627441
-725.490234
-1578.431396
-2480.392089
-2970.588378
-3215.686279
-3107.843261
-2529.411865
-598.039245
470.588256
1401.960815
2235.294189
2833.333496
3127.450927
3186.274658
1931.372558
921.568664
-156.862747
-1127.451049
-1990.196166
-2774.509765
-3137.254882
-3245.098144
-2794.117675
-2235.294189
-78.431373
882.352966
1754.901977
2558.823486
3000.000000
3205.882324
3068.627441
1666.666748
578.431396
-500.000000
-1323.529418
-2186.274658
-2833.333496
-3176.470703
-2607.843261
-1921.568603
-950.980407
147.058822
1088.235351
1950.980468
2735.294189
3098.039306
3215.686279
2803.921630
2284.313720
1460.784301
343.137268
-666.666687
-1539.215698
-2441.176513
-2970.588378
-3205.882324
-2490.196044
-1745.098022
-656.862731
450.980407
1352.941162
2196.078369
2794.117675
3186.274658
2607.843261
1941.176513
980.392150
-88.235298
-1039.215698
-1921.568603
-3117.647216
-3235.294189
-2774.509765
-2225.490234
-1352.941162
-166.666671
1852.941162
2656.862792
3049.019775
3215.686279
2901.960937
2401.960937
1578.431396
470.588256
-568.627441
-1450.980468
-2333.333496
-2901.960937
-3205.882324
-3196.078369
-2598.039306
-1970.588256
-960.784301
137.254898
1088.235351
1980.392211
2725.490234
3068.627441
2774.509765
2196.078369
1313.725463
156.862747
-813.725524
-1676.470581
-2549.019775
-3225.490234
-2941.176513
-2431.372558
-1598.039184
-480.392150
588.235290
2411.764648
2941.176513
3186.274658
3127.450927
2549.019775
1862.745117
833.333374
-1362.745117
-2245.098144
-2872.549072
-3166.666748
-3196.078369
-2705.882324
-2058.823486
176.470596
1117.647094
1970.588256
2754.902099
3098.039306
3225.490234
2774.509765
2303.921630
1441.176513
303.921569
-686.274536
-1568.627441
-2470.588378
-3000.000000
-3225.490234
-3156.862792
-2558.823486
-1843.137329
450.980407
1333.333374
2215.686279
2813.725585
3127.450927
3196.078369
2705.882324
2088.235351
1147.058837
0.000000
-1803.921630
-2637.254882
-3058.823486
-3225.490234
-2921.568603
-2411.764648
-1607.843139
725.490234
1578.431396
2470.588378
2990.196044
3186.274658
3078.431396
2509.803955
647.058837
-421.568634
-1343.137329
-2215.686279
-2852.941162
-3186.274658
-3215.686279
-1950.980468
-950.980407
137.254898
1107.843139
1960.784301
2735.294189
3098.039306
3186.274658
2813.725585
2294.117675
1431.372558
313.725494
-696.078430
-2529.411865
-3019.607910
-3225.490234
-3058.823486
-2509.803955
-1735.294189
-637.254943
1470.588256
2343.137207
2901.960937
3186.274658
3166.666748
2588.235351
1921.568603
950.980407
-137.254898
-1117.647094
-2794.117675
-3147.058837
-3245.098144
-2803.921630
-1166.666748
19.607843
911.764709
1784.313720
2598.039306
3029.411865
2833.333496
2352.941162
1519.607910
421.568634
-627.450988
-1509.803955
-2382.353027
-3235.294189
-3078.431396
-2519.607910
-1794.117675
-725.490234
352.941192
1294.117675
2852.941162
3166.666748
3186.274658
2647.058837
2009.803955
1049.019653
-58.823532
-1000.000000
-1813.725463
-2656.862792
-3235.294189
-2803.921630
-2294.117675
-1421.568603
-323.529418
705.882385
1568.627441
2431.372558
2950.980468
3196.078369
2460.784423
1705.882324
666.666687
-421.568634
-1382.353027
-2215.686279
-2862.745117
-3196.078369
-2627.450927
-1960.784301
-950.980407
147.058822
1088.235351
1941.176513
3127.450927
3215.686279
2764.706054
2176.470703
1303.921630
176.470596
-794.117675
-2617.647216
-3029.411865
-3225.490234
-2950.980468
-2411.764648
-1588.235351
705.882385
1578.431396
2450.980468
2970.588378
3205.882324
3107.843261
2509.803955
637.254943
-421.568634
-1382.353027
-2225.490234
-2852.941162
-3196.078369
-3235.294189
-1941.176513
-921.568664
176.470596
1117.647094
1941.176513
2735.294189
3098.039306
2764.706054
2186.274658
1294.117675
156.862747
-813.725524
-1676.470581
-2539.215820
-3225.490234
-2941.176513
-2421.568603
-1617.647094
-509.803924
549.019592
2401.960937
2941.176513
3176.470703
3107.843261
2539.215820
1892.156860
862.745117
-1343.137329
-2196.078369
-2843.137207
-3176.470703
-3245.098144
-2745.098144
-2098.039306
127.450981
1098.039184
1960.784301
2715.686279
3078.431396
3215.686279
2794.117675
1352.941162
186.274520
-813.725524
-1686.274536
-2529.411865
-3009.803955
-3225.490234
-2421.568603
-1627.451049
-490.196075
558.823547
1450.980468
2294.117675
3176.470703
3117.647216
2558.823486
1852.941162
852.941162
-254.901962
-1215.686279
-2833.333496
-3156.862792
-3245.098144
-2705.882324
-2098.039306
-1156.862792
0.000000
1843.137329
2637.254882
3039.215820
3205.882324
2911.764648
2401.960937
1617.647094
-686.274536
-1588.235351
-2460.784423
-2980.392333
-3235.294189
-3107.843261
-1676.470581
-598.039245
480.392150
1362.745117
2264.705810
2833.333496
3147.058837
2588.235351
1931.372558
950.980407
-107.843139
-1098.039184
-1980.392211
-2774.509765
-3225.490234
-2794.117675
-2166.666748
-1254.901977
-98.039215
823.529418
1696.078491
3019.607910
3205.882324
2921.568603
2441.176513
1627.451049
529.411804
-519.607849
-2392.156982
-2950.980468
-3215.686279
-3147.058837
-2558.823486
-1872.549072
421.568634
1343.137329
2176.470703
2803.921630
3117.647216
3186.274658
2715.686279
1000.000000
-29.411766
-950.980407
-1813.725463
-2656.862792
-3049.019775
-3235.294189
-2303.921630
-1431.372558
-294.117645
696.078430
1578.431396
2450.980468
2960.784423
3029.411865
2470.588378
1725.490234
656.862731
-421.568634
-1343.137329
-2215.686279
-2843.137207
-3186.274658
-3225.490234
-2696.078369
-2039.215698
-1078.431396
107.843139
1039.215698
1931.372558
2715.686279
3078.431396
2745.098144
2205.882324
1352.941162
186.274520
-774.509826
-1647.058837
-2460.784423
-2970.588378
-3225.490234
-3098.039306
-1647.058837
-539.215698
529.411804
1392.156860
2264.705810
2872.549072
3166.666748
2578.431396
1911.764770
901.960815
-1294.117675
-2156.862792
-2823.529541
-3186.274658
-3225.490234
-2735.294189
-2088.235351
147.058822
1107.843139
1970.588256
2725.490234
3058.823486
3196.078369
2803.921630
1323.529418
156.862747
-803.921569
-1686.274536
-2568.627441
-3039.215820
-3225.490234
-2401.960937
-1607.843139
-480.392150
568.627441
1460.784301
2333.333496
3196.078369
3098.039306
2529.411865
1862.745117
813.725524
-245.098037
-1196.078491
-2833.333496
-3166.666748
-3215.686279
-2735.294189
-2068.627441
-1156.862792
29.411766
1941.176513
2725.490234
3078.431396
3205.882324
2823.529541
2303.921630
1450.980468
333.333343
-666.666687
-1549.019653
-2431.372558
-2980.392333
-3225.490234
-3127.450927
-2539.215820
-1833.333374
-784.313720
323.529418
2215.686279
2833.333496
3137.254882
3196.078369
2696.078369
2058.823486
1137.254882
-1156.862792
-2029.411743
-2784.313720
-3137.254882
-3205.882324
-2794.117675
-1156.862792
0.000000
784.313720
1666.666748
2500.000000
2970.588378
3196.078369
2480.392089
1725.490234
666.666687
-401.960784
-1352.941162
-2196.078369
-2843.137207
-3176.470703
-3235.294189
-2725.490234
-2058.823486
147.058822
1107.843139
1970.588256
2735.294189
3078.431396
3205.882324
2166.666748
1274.509887
137.254898
-823.529418
-1686.274536
-2549.019775
-3029.411865
-2911.764648
-2372.549072
-1568.627441
-441.176483
607.843139
1480.392211
2352.941162
3176.470703
3088.235351
2500.000000
1872.549072
872.549011
-196.078430
-1166.666748
-2823.529541
-3166.666748
-3245.098144
-2745.098144
-2107.843261
-1176.470581
-39.215686
1931.372558
2715.686279
3058.823486
3196.078369
2823.529541
2323.529541
205.882354
-754.901977
-1627.451049
-2509.803955
-3009.803955
-3235.294189
-3078.431396
-1656.862792
-529.411804
519.607849
1411.764770
2264.705810
2852.941162
3166.666748
2558.823486
1901.960815
892.156860
-166.666671
-1137.254882
-2000.000000
-2735.294189
-3235.294189
-2794.117675
-2176.470703
-1284.313720
-117.647064
892.156860
1715.686279
2549.019775
3019.607910
3196.078369
2392.156982
1607.843139
490.196075
-1558.823608
-2450.980468
-2980.392333
-3205.882324
-3107.843261
-2519.607910
-1833.333374
490.196075
1401.960815
2245.098144
2843.137207
3156.862792
3205.882324
2656.862792
931.372558
-156.862747
-1137.254882
-2009.803955
-2803.921630
-3117.647216
-3225.490234
-2137.254882
-1254.901977
-88.235298
833.333374
1725.490234
2549.019775
3186.274658
2901.960937
2401.960937
1588.235351
500.000000
-500.000000
-1362.745117
-2901.960937
-3205.882324
-3196.078369
-2627.450927
-1970.588256
-960.784301
117.647064
2049.019531
2784.313720
3088.235351
3196.078369
2764.706054
2215.686279
1323.529418
-960.784301
-1823.529418
-2647.058837
-3049.019775
-3235.294189
-2911.764648
-2401.960937
-1578.431396
-431.372558
607.843139
1460.784301
2343.137207
2892.156982
3205.882324
3156.862792
2568.627441
1941.176513
980.392150
-1254.901977
-2088.235351
-2813.725585
-3137.254882
-3254.902099
-2764.706054
-2166.666748
29.411766
950.980407
1794.117675
2607.843261
3049.019775
3205.882324
2941.176513
2382.353027
1607.843139
519.607849
-558.823547
-1450.980468
-2323.529541
-2901.960937
-3176.470703
-3186.274658
-2627.450927
-1980.392211
313.725494
1245.098022
2078.431396
2764.706054
3107.843261
3215.686279
2754.902099
2176.470703
1294.117675
156.862747
-794.117675
-1686.274536
-2549.019775
-3000.000000
-3215.686279
-3107.843261
-2519.607910
-1784.313720
539.215698
1450.980468
2294.117675
2862.745117
3166.666748
3196.078369
2637.254882
843.137268
-225.490203
-1166.666748
-2029.411743
-2784.313720
-3186.274658
-3235.294189
-2794.117675
-2186.274658
-1303.921630
1029.411743
1901.960815
2686.274658
3058.823486
3225.490234
2833.333496
2352.941162
1509.803955
382.352935
-627.450988
-1519.607910
-2392.156982
-2941.176513
-3235.294189
-3127.450927
-2558.823486
-1852.941162
-823.529418
1382.353027
2225.490234
2823.529541
3147.058837
3196.078369
2715.686279
2058.823486
1127.451049
-9.803922
-872.549011
-1764.705932
-2568.627441
-3029.411865
-3225.490234
-2990.196044
-2460.784423
-1647.058837
-539.215698
1539.215698
2450.980468
2960.784423
3176.470703
3117.647216
2519.607910
1882.353027
-392.156860
-1333.333374
-2205.882324
-2862.745117
-3186.274658
-3235.294189
-2696.078369
-970.588256
137.254898
1078.431396
1980.392211
2745.098144
3088.235351
2754.902099
2186.274658
1313.725463
156.862747
-803.921569
-1696.078491
-2558.823486
-3235.294189
-2911.764648
-2401.960937
-1578.431396
-431.372558
588.235290
1480.392211
2941.176513
3156.862792
3058.823486
2519.607910
1823.529418
823.529418
-274.509796
-1235.294189
-2078.431396
-2794.117675
-3225.490234
-2715.686279
-2058.823486
205.882354
1156.862792
2000.000000
2705.882324
3078.431396
3186.274658
2803.921630
1333.333374
166.666671
-784.313720
-1666.666748
-2539.215820
-3019.607910
-3235.294189
-2441.176513
-1617.647094
-490.196075
558.823547
1441.176513
2323.529541
2862.745117
3107.843261
2558.823486
1852.941162
833.333374
-284.313720
-1245.098022
-2088.235351
-3196.078369
-3205.882324
-2715.686279
-2068.627441
-1107.843139
49.019607
1950.980468
2725.490234
3078.431396
3205.882324
2794.117675
2303.921630
1441.176513
-872.549011
-1725.490234
-2598.039306
-3029.411865
-3215.686279
-3029.411865
-2450.980468
-421.568634
607.843139
1480.392211
2372.549072
2911.764648
3176.470703
3176.470703
2598.039306
1941.176513
960.784301
-117.647064
-1098.039184
-1970.588256
-2764.706054
-3107.843261
-3235.294189
-2784.313720
-2264.705810
-117.647064
843.137268
1705.882324
2539.215820
2980.392333
3196.078369
3009.803955
1588.235351
480.392150
-568.627441
-1460.784301
-2362.745117
-2911.764648
-3215.686279
-2539.215820
-1843.137329
-774.509826
343.137268
1284.313720
2107.843261
3147.058837
3196.078369
2705.882324
2068.627441
1117.647094
-19.607843
-941.176513
-2745.098144
-3107.843261
-3225.490234
-2813.725585
-2323.529541
-1460.784301
-313.725494
1735.294189
2558.823486
3009.803955
3225.490234
3019.607910
2480.392089
1696.078491
627.450988
-441.176483
-1362.745117
-2235.294189
-2872.549072
-3196.078369
-3235.294189
-2676.470703
-2039.215698
-1068.627441
78.431373
1990.196166
2754.902099
3078.431396
3196.078369
2784.313720
2245.098144
1421.568603
-892.156860
-1754.901977
-2598.039306
-3058.823486
-3225.490234
-2980.392333
-1529.411743
-372.549041
627.450988
1509.803955
2392.156982
2911.764648
3166.666748
2519.607910
1803.921630
784.313720
-303.921569
-1274.509887
-2127.450927
-2823.529541
-3225.490234
-2705.882324
-2019.607910
-1098.039184
58.823532
980.392150
1833.333374
3039.215820
3205.882324
2813.725585
2294.117675
1450.980468
323.529418
-666.666687
-2539.215820
-3000.000000
-3225.490234
-3098.039306
-2539.215820
-1803.921630
-754.901977
1411.764770
2254.902099
2852.941162
3156.862792
3176.470703
2656.862792
921.568664
-147.058822
-1107.843139
-1990.196166
-2764.706054
-3137.254882
-3215.686279
-2137.254882
-1205.882324
-58.823532
872.549011
1745.098022
2549.019775
3000.000000
2970.588378
2421.568603
1656.862792
568.627441
-500.000000
-1352.941162
-2215.686279
-3215.686279
-3205.882324
-2617.647216
-1941.176513
-941.176513
186.274520
1127.451049
1970.588256
2745.098144
3107.843261
