2441.176513
2960.784423
3186.274658
3088.235351
2509.803955
598.039245
-460.784332
-1392.156860
-2245.098144
-2843.137207
-3166.666748
-3205.882324
-1911.764770
-911.764709
196.078430
1127.451049
1941.176513
2735.294189
3058.823486
3205.882324
2784.313720
2264.705810
156.862747
-843.137268
-1705.882324
-2568.627441
-3019.607910
-3205.882324
-3000.000000
-1656.862792
-529.411804
539.215698
1431.372558
2245.098144
2823.529541
3127.450927
2558.823486
1892.156860
911.764709
-186.274520
-1156.862792
-2000.000000
-2735.294189
-3107.843261
-3245.098144
-2794.117675
-2264.705810
-1421.568603
-284.313720
715.686279
1568.627441
2450.980468
2950.980468
3000.000000
2509.803955
1803.921630
774.509826
-323.529418
-1274.509887
-2127.450927
-3147.058837
-3215.686279
-2696.078369
-1980.392211
-1049.019653
88.235298
980.392150
1823.529418
2627.450927
3049.019775
3186.274658
2892.156982
2392.156982
1568.627441
480.392150
-539.215698
-1450.980468
-2313.725585
-2901.960937
-3176.470703
-3166.666748
-1852.941162
-794.117675
294.117645
1245.098022
2088.235351
2764.706054
3078.431396
2686.274658
2000.000000
1186.274536
68.627449
-852.941162
-1735.294189
-2578.431396
-3215.686279
-2862.745117
-2362.745117
-1519.607910
-421.568634
627.450988
1480.392211
2950.980468
3166.666748
3068.627441
2509.803955
1784.313720
735.294128
-323.529418
-2235.294189
-2862.745117
-3156.862792
-3205.882324
-2656.862792
-2000.000000
166.666671
1127.451049
1970.588256
2735.294189
3078.431396
3186.274658
2774.509765
1264.705932
127.450981
-813.725524
-1686.274536
-2568.627441
-3019.607910
-3225.490234
-2392.156982
-1568.627441
-421.568634
598.039245
1480.392211
2352.941162
2872.549072
3147.058837
3166.666748
2568.627441
784.313720
-303.921569
-1274.509887
-2107.843261
-2803.921630
-3156.862792
-3215.686279
-2029.411743
-1058.823608
88.235298
1000.000000
1833.333374
2656.862792
3000.000000
3196.078369
2970.588378
2450.980468
450.980407
-578.431396
-1450.980468
-2323.529541
-3205.882324
-3117.647216
-2529.411865
-1813.725463
-754.901977
362.745117
1294.117675
2147.058837
2794.117675
3107.843261
2676.470703
1960.784301
1078.431396
-49.019607
-960.784301
-1823.529418
-2627.450927
-3235.294189
-2823.529541
-2284.313720
-1450.980468
-303.921569
715.686279
2529.411865
2980.392333
3196.078369
3019.607910
2460.784423
1676.470581
676.470581
-1460.784301
-2343.137207
-2921.568603
-3205.882324
-3166.666748
-2578.431396
-1970.588256
372.549041
1313.725463
2137.254882
2784.313720
3098.039306
3205.882324
2745.098144
2088.235351
1245.098022
127.450981
-852.941162
-1745.098022
-2578.431396
-3029.411865
-3225.490234
-3039.215820
-2470.588378
-1637.254882
656.862731
1529.411743
2401.960937
2921.568603
3166.666748
3117.647216
2519.607910
1892.156860
862.745117
-225.490203
-1176.470581
-2019.607910
-2774.509765
-3107.843261
-3235.294189
-2784.313720
-2205.882324
-1323.529418
-176.470596
784.313720
1666.666748
3009.803955
3215.686279
2941.176513
2401.960937
1627.451049
519.607849
-509.803924
-2392.156982
-2931.372558
-3215.686279
-3137.254882
-2558.823486
-1892.156860
-843.137268
1352.941162
2186.274658
2823.529541
3156.862792
3205.882324
2715.686279
2000.000000
1176.470581
68.627449
-852.941162
-2676.470703
-3078.431396
-3215.686279
-2872.549072
-2382.353027
-1549.019653
-401.960784
1637.254882
2460.784423
2980.392333
3205.882324
3058.823486
2509.803955
1764.705932
715.686279
-362.745117
-1313.725463
-2156.862792
-2843.137207
-3147.058837
-3205.882324
-2725.490234
-2029.411743
-1137.254882
-19.607843
1921.568603
2686.274658
3058.823486
3186.274658
2794.117675
2303.921630
1460.784301
352.941192
-656.862731
-1539.215698
-2421.568603
-2931.372558
-3205.882324
-3147.058837
-1745.098022
-686.274536
431.372558
1343.137329
2215.686279
2813.725585
3176.470703
2607.843261
1980.392211
1000.000000
-58.823532
-990.196105
-1852.941162
-3098.039306
-3235.294189
-2803.921630
-2245.098144
-1431.372558
-284.313720
725.490234
2529.411865
3000.000000
3176.470703
3049.019775
2500.000000
1862.745117
833.333374
-245.098037
-1205.882324
-2058.823486
-3147.058837
-3215.686279
-2735.294189
-2009.803955
-1137.254882
9.803922
862.745117
2607.843261
2990.196044
3235.294189
2882.353027
2401.960937
1529.411743
441.176483
-1588.235351
-2500.000000
-2941.176513
-3176.470703
-3127.450927
-2568.627441
-1872.549072
460.784332
1372.549072
2225.490234
2823.529541
3137.254882
3205.882324
2696.078369
2000.000000
1196.078491
78.431373
-843.137268
-1735.294189
-2568.627441
-3029.411865
-3235.294189
-3000.000000
-2500.000000
-1823.529418
519.607849
1401.960815
2274.509765
2833.333496
3147.058837
3176.470703
2686.274658
931.372558
-156.862747
-1137.254882
-1990.196166
-2764.706054
-3088.235351
-3225.490234
-2794.117675
-2254.902099
-1352.941162
-186.274520
764.705871
1637.254882
2490.196044
2941.176513
3186.274658
3058.823486
2490.196044
549.019592
-490.196075
-1392.156860
-2274.509765
-2872.549072
-3166.666748
-3196.078369
-1960.784301
-901.960815
205.882354
1127.451049
1970.588256
2745.098144
3039.215820
3186.274658
2774.509765
2254.902099
1431.372558
284.313720
-705.882385
-1588.235351
-2460.784423
-2980.392333
-3225.490234
-3098.039306
-1686.274536
-607.843139
470.588256
1401.960815
2254.902099
2843.137207
3117.647216
3186.274658
2676.470703
2019.607910
1098.039184
-29.411766
-960.784301
-1813.725463
-2656.862792
-3039.215820
-3205.882324
-2901.960937
-1441.176513
-264.705902
735.294128
1558.823608
2431.372558
2931.372558
3196.078369
2441.176513
1686.274536
627.450988
-431.372558
-1392.156860
-2225.490234
-2833.333496
-3186.274658
-2588.235351
-1931.372558
-931.372558
186.274520
1137.254882
2774.509765
3088.235351
3186.274658
2725.490234
2098.039306
1264.705932
127.450981
-1862.745117
-2656.862792
-3078.431396
-3245.098144
-2892.156982
-2333.333496
-1500.000000
725.490234
1588.235351
2450.980468
2960.784423
3156.862792
3078.431396
2509.803955
1833.333374
803.921569
-313.725494
-2225.490234
-2862.745117
-3156.862792
-3225.490234
-2676.470703
-1990.196166
-1068.627441
1245.098022
2058.823486
2754.902099
3068.627441
3196.078369
2754.902099
2186.274658
1333.333374
166.666671
-794.117675
-1656.862792
-2529.411865
-3029.411865
-3235.294189
-3019.607910
-2470.588378
-1656.862792
-617.647094
1500.000000
2303.921630
2872.549072
3127.450927
3147.058837
2598.039306
1970.588256
1019.607849
-107.843139
-1078.431396
-1960.784301
-2754.902099
-3098.039306
-3215.686279
-2803.921630
-2294.117675
-1401.960815
-264.705902
1745.098022
2549.019775
3019.607910
3205.882324
3009.803955
2480.392089
1696.078491
-598.039245
-1490.196166
-2382.353027
-2931.372558
-3186.274658
-3137.254882
-1794.117675
-725.490234
362.745117
1303.921630
2117.647216
2803.921630
3137.254882
3205.882324
2725.490234
2049.019531
1225.490234
88.235298
-823.529418
-1715.686279
-2549.019775
-3039.215820
-3205.882324
-2990.196044
-2460.784423
-1676.470581
-607.843139
490.196075
2333.333496
2872.549072
3156.862792
3156.862792
2578.431396
1950.980468
941.176513
-1284.313720
-2156.862792
-2823.529541
-3127.450927
-3205.882324
-2725.490234
-2058.823486
-1176.470581
-39.215686
911.764709
1745.098022
2568.627441
3009.803955
2852.941162
2352.941162
1539.215698
421.568634
-588.235290
-1480.392211
-2382.353027
-3196.078369
-3068.627441
-2519.607910
-1794.117675
-735.294128
372.549041
1294.117675
2843.137207
3147.058837
3186.274658
2666.666748
2009.803955
1098.039184
-9.803922
-1960.784301
-2745.098144
-3078.431396
-3235.294189
-2784.313720
-2264.705810
-1421.568603
-294.117645
725.490234
1598.039184
2441.176513
2941.176513
3176.470703
3068.627441
2509.803955
1852.941162
794.117675
-284.313720
-2205.882324
-2843.137207
-3147.058837
-3235.294189
-2705.882324
-1990.196166
-1098.039184
1225.490234
2039.215698
2764.706054
3088.235351
3196.078369
2735.294189
1176.470581
39.215686
-872.549011
-1745.098022
-2578.431396
-3039.215820
-3215.686279
-2352.941162
-1529.411743
-382.352935
647.058837
1500.000000
2333.333496
2892.156982
3156.862792
3156.862792
2598.039306
833.333374
-264.705902
-1205.882324
-2078.431396
-2794.117675
-3107.843261
-3235.294189
-2009.803955
-1078.431396
58.823532
970.588256
1813.725463
2617.647216
3009.803955
2794.117675
2294.117675
1460.784301
343.137268
-656.862731
-1539.215698
-2421.568603
-3215.686279
-3049.019775
-2490.196044
-1715.686279
-637.254943
450.980407
1343.137329
2196.078369
2833.333496
3147.058837
2637.254882
1931.372558
980.392150
-1245.098022
-2078.431396
-2813.725585
-3147.058837
-3215.686279
-2784.313720
-2107.843261
19.607843
941.176513
2666.666748
3029.411865
3205.882324
2813.725585
1333.333374
205.882354
-774.509826
-1647.058837
-2500.000000
-2980.392333
-3196.078369
-2480.392089
-1696.078491
-627.450988
470.588256
1382.353027
2215.686279
3156.862792
3186.274658
2607.843261
1950.980468
970.588256
-98.039215
-1029.411743
-2784.313720
-3137.254882
-3215.686279
-2784.313720
-2205.882324
-1343.137329
-176.470596
794.117675
1686.274536
2519.607910
3186.274658
2921.568603
2441.176513
1617.647094
529.411804
-539.215698
-1441.176513
-2950.980468
-3205.882324
-3127.450927
-2558.823486
-1872.549072
-833.333374
303.921569
2176.470703
2794.117675
3137.254882
3196.078369
2715.686279
2039.215698
1156.862792
9.803922
-833.333374
-1715.686279
-2558.823486
-3029.411865
-3215.686279
-3000.000000
-2490.196044
-1715.686279
-627.450988
431.372558
2313.725585
2862.745117
3176.470703
3166.666748
2578.431396
1960.784301
990.196105
-1264.705932
-2088.235351
-2803.921630
-3156.862792
-3215.686279
-2784.313720
-2098.039306
19.607843
921.568664
1794.117675
2617.647216
3009.803955
3225.490234
2941.176513
2401.960937
1607.843139
529.411804
-1539.215698
-2431.372558
-2950.980468
-3205.882324
-3117.647216
-2549.019775
-1843.137329
-784.313720
333.333343
1264.705932
2843.137207
3147.058837
3196.078369
2676.470703
2029.411743
1127.451049
-19.607843
-1941.176513
-2725.490234
-3098.039306
-3225.490234
-2803.921630
-2274.509765
-1450.980468
843.137268
1696.078491
2519.607910
2990.196044
3196.078369
3019.607910
1558.823608
490.196075
-539.215698
-1441.176513
-2323.529541
-2892.156982
-3166.666748
-3166.666748
-2588.235351
-1941.176513
-892.156860
196.078430
1127.451049
1970.588256
2725.490234
3088.235351
3205.882324
2774.509765
2245.098144
1421.568603
294.117645
-696.078430
-2539.215820
-3019.607910
-3205.882324
-3019.607910
-2480.392089
-1715.686279
-637.254943
1470.588256
2352.941162
2921.568603
3176.470703
3166.666748
2588.235351
1931.372558
921.568664
-137.254898
-1107.843139
-2784.313720
-3098.039306
-3225.490234
-2784.313720
-2127.450927
-1264.705932
-117.647064
1872.549072
2686.274658
3039.215820
3215.686279
2843.137207
2362.745117
254.901962
-715.686279
-1588.235351
-2450.980468
-2950.980468
-3186.274658
-3098.039306
-1686.274536
-588.235290
490.196075
1352.941162
2215.686279
2813.725585
3137.254882
3196.078369
2715.686279
1990.196166
-186.274520
-1147.058837
-2019.607910
-2784.313720
-3098.039306
-3215.686279
-2784.313720
-1215.686279
-68.627449
882.352966
1715.686279
2539.215820
2980.392333
3176.470703
2362.745117
1549.019653
470.588256
-588.235290
-1450.980468
-2352.941162
-2901.960937
-3186.274658
-3166.666748
-2568.627441
-774.509826
343.137268
1264.705932
2823.529541
3147.058837
3186.274658
2666.666748
1980.392211
1078.431396
-49.019607
-1960.784301
-2754.902099
-3078.431396
-3225.490234
-2803.921630
-2254.902099
-1431.372558
862.745117
1725.490234
2558.823486
3009.803955
3186.274658
3019.607910
2441.176513
460.784332
-578.431396
-1490.196166
-2333.333496
-2901.960937
-3176.470703
-3156.862792
-1813.725463
-774.509826
343.137268
1264.705932
2107.843261
2813.725585
3107.843261
3205.882324
2735.294189
2068.627441
1215.686279
78.431373
-843.137268
-1725.490234
-2568.627441
-3029.411865
-3215.686279
-2990.196044
-2480.392089
-1666.666748
-578.431396
1519.607910
2362.745117
2921.568603
3186.274658
3137.254882
2558.823486
1901.960815
-392.156860
-1343.137329
-2186.274658
-2833.333496
-3147.058837
-3225.490234
-2735.294189
-2039.215698
-1107.843139
58.823532
950.980407
1803.921630
2617.647216
3196.078369
2813.725585
2274.509765
1509.803955
382.352935
-647.058837
-1519.607910
-2990.196044
-3205.882324
-3098.039306
-2519.607910
-1794.117675
-715.686279
401.960784
2264.705810
2852.941162
3147.058837
3186.274658
2637.254882
1980.392211
1039.215698
-98.039215
-1039.215698
-1950.980468
-3117.647216
-3215.686279
-2784.313720
-2196.078369
-1333.333374
-156.862747
833.333374
2607.843261
3019.607910
3186.274658
2911.764648
2392.156982
1578.431396
490.196075
-549.019592
-1441.176513
-2313.725585
-2921.568603
-3205.882324
-3176.470703
-2607.843261
-1950.980468
-960.784301
127.450981
1107.843139
2754.902099
3098.039306
3196.078369
2725.490234
2186.274658
1372.549072
215.686279
-754.901977
-1627.451049
-2490.196044
-3225.490234
-2990.196044
-2431.372558
-1627.451049
-549.019592
519.607849
1401.960815
2901.960937
3176.470703
3137.254882
2568.627441
1921.568603
931.372558
-137.254898
-2117.647216
-2794.117675
-3156.862792
-3235.294189
-2764.706054
-2088.235351
-1215.686279
-68.627449
843.137268
1715.686279
3039.215820
3186.274658
2862.745117
2372.549072
1519.607910
470.588256
-578.431396
-2431.372558
-2950.980468
-3215.686279
-3078.431396
-2539.215820
-1794.117675
509.803924
1411.764770
2254.902099
2852.941162
3156.862792
3137.254882
2647.058837
882.352966
-176.470596
-1127.451049
-2000.000000
-2725.490234
-3088.235351
-3215.686279
-2186.274658
-1303.921630
-147.058822
813.725524
1676.470581
2539.215820
3000.000000
3196.078369
3088.235351
2480.392089
578.431396
-470.588256
-1392.156860
-2254.902099
-2852.941162
-3166.666748
-3205.882324
-1911.764770
-892.156860
235.294128
1166.666748
2009.803955
2735.294189
3117.647216
2735.294189
2078.431396
1205.882324
78.431373
-833.333374
-1735.294189
-2568.627441
-3235.294189
-2882.353027
-2352.941162
-1509.803955
-401.960784
598.039245
1450.980468
2343.137207
2931.372558
3196.078369
2500.000000
1892.156860
862.745117
-1323.529418
-2176.470703
-2823.529541
-3147.058837
-3215.686279
-2735.294189
-2019.607910
137.254898
1098.039184
1960.784301
2715.686279
3088.235351
3156.862792
2764.706054
1323.529418
166.666671
-784.313720
-1676.470581
-2500.000000
-2980.392333
-3029.411865
-2441.176513
-1656.862792
656.862731
1539.215698
2401.960937
2931.372558
3166.666748
3127.450927
2558.823486
725.490234
-352.941192
-1303.921630
-2166.666748
-2794.117675
-3166.666748
-3225.490234
-1980.392211
-1000.000000
68.627449
970.588256
1823.529418
2627.450927
3196.078369
2794.117675
2284.313720
1460.784301
352.941192
-647.058837
-1539.215698
-3000.000000
-3205.882324
-3117.647216
-2519.607910
-1833.333374
-764.705871
323.529418
2225.490234
2833.333496
3147.058837
3186.274658
2647.058837
1990.196166
1088.235351
-1196.078491
-2049.019531
-2784.313720
-3117.647216
-3225.490234
-2803.921630
-2176.470703
-39.215686
901.960815
1745.098022
2568.627441
3009.803955
3196.078369
2990.196044
2431.372558
1696.078491
607.843139
-450.980407
-1372.549072
-2225.490234
-3186.274658
-3156.862792
-2598.039306
-1941.176513
-931.372558
156.862747
1107.843139
2784.313720
3107.843261
3186.274658
2754.902099
2137.254882
1294.117675
137.254898
-1852.941162
-2666.666748
-3068.627441
-3215.686279
-2852.941162
-2333.333496
-1500.000000
-460.784332
588.235290
1460.784301
2970.588378
3186.274658
3098.039306
2519.607910
1862.745117
833.333374
-264.705902
-2186.274658
-2823.529541
-3147.058837
-3205.882324
-2715.686279
-2000.000000
-1196.078491
1098.039184
1941.176513
2745.098144
3098.039306
3205.882324
2794.117675
1303.921630
156.862747
-803.921569
-1686.274536
-2539.215820
-3000.000000
-3205.882324
-2441.176513
-1617.647094
-539.215698
509.803924
1411.764770
2274.509765
2843.137207
3127.450927
2549.019775
1911.764770
911.764709
-176.470596
-1156.862792
-2000.000000
-3098.039306
-3215.686279
-2784.313720
-2186.274658
-1303.921630
-147.058822
803.921569
1666.666748
2500.000000
2941.176513
3176.470703
3068.627441
2509.803955
1833.333374
754.901977
-323.529418
-1274.509887
-2137.254882
-3166.666748
-3196.078369
-1950.980468
-901.960815
186.274520
1137.254882
1970.588256
2745.098144
3068.627441
2754.902099
2107.843261
1254.901977
107.843139
-852.941162
-1696.078491
-2568.627441
-3215.686279
-2882.353027
-2372.549072
-1539.215698
-401.960784
617.647094
1480.392211
2352.941162
2892.156982
3147.058837
3137.254882
2558.823486
1941.176513
921.568664
-147.058822
-1107.843139
-1980.392211
-2764.706054
-3235.294189
-2754.902099
-2127.450927
-1235.294189
-88.235298
852.941162
1705.882324
3029.411865
3166.666748
2862.745117
2352.941162
1549.019653
441.176483
-607.843139
-1480.392211
-2372.549072
-2941.176513
-3196.078369
-3166.666748
-2588.235351
-1911.764770
-882.352966
235.294128
1196.078491
2019.607910
3127.450927
3176.470703
2715.686279
2058.823486
1205.882324
78.431373
-852.941162
-1735.294189
-2578.431396
-3000.000000
-2950.980468
-2450.980468
-1627.451049
-509.803924
529.411804
1421.568603
2254.902099
3166.666748
3137.254882
2549.019775
1911.764770
892.156860
-166.666671
-1137.254882
-2009.803955
-2784.313720
-3107.843261
-3196.078369
-2784.313720
-2235.294189
-1352.941162
-205.882354
784.313720
1637.254882
2500.000000
3166.666748
3009.803955
2460.784423
1705.882324
637.254943
-441.176483
-1362.745117
-2225.490234
-2852.941162
-3156.862792
-2588.235351
-1960.784301
-931.372558
176.470596
1117.647094
1980.392211
2725.490234
3196.078369
2754.902099
2127.450927
1284.313720
156.862747
-813.725524
-1725.490234
-3058.823486
-3215.686279
-2852.941162
-2382.353027
-1529.411743
-421.568634
607.843139
1500.000000
2323.529541
2872.549072
3098.039306
2529.411865
1892.156860
882.352966
-205.882354
-1186.274536
-2039.215698
-3166.666748
-3235.294189
-2745.098144
-2029.411743
-1127.451049
9.803922
852.941162
1735.294189
2549.019775
2990.196044
3205.882324
3000.000000
2480.392089
1784.313720
705.882385
-362.745117
-1333.333374
-2166.666748
-3186.274658
-3196.078369
-2627.450927
-1980.392211
-960.784301
107.843139
1068.627441
1921.568603
2686.274658
3058.823486
2774.509765
2186.274658
1323.529418
186.274520
-764.705871
-1647.058837
-2500.000000
-3225.490234
-3009.803955
-2470.588378
-1676.470581
-627.450988
460.784332
1382.353027
2872.549072
3156.862792
3147.058837
2598.039306
1960.784301
1000.000000
-49.019607
-1970.588256
-2754.902099
-3107.843261
-3225.490234
-2784.313720
-2264.705810
-1421.568603
-294.117645
725.490234
1549.019653
3000.000000
3186.274658
3049.019775
2470.588378
1784.313720
735.294128
-343.137268
-2245.098144
-2862.745117
-3166.666748
-3205.882324
-2676.470703
-1990.196166
-1009.803955
1254.901977
2098.039306
2774.509765
3117.647216
3176.470703
2764.706054
1176.470581
29.411766
-882.352966
-1794.117675
-2588.235351
-3029.411865
-3225.490234
-2970.588378
-2411.764648
-1617.647094
676.470581
1558.823608
2401.960937
2931.372558
3196.078369
3078.431396
2539.215820
666.666687
-411.764709
-1343.137329
-2196.078369
-2843.137207
-3127.450927
-3235.294189
-1980.392211
-970.588256
127.450981
1078.431396
1970.588256
2735.294189
3039.215820
2745.098144
2166.666748
1303.921630
186.274520
-784.313720
-1656.862792
-2529.411865
-3000.000000
-3196.078369
-3088.235351
-1656.862792
-568.627441
509.803924
1401.960815
2264.705810
2843.137207
3127.450927
2568.627441
1950.980468
911.764709
-156.862747
-1127.451049
-1990.196166
-2764.706054
-3225.490234
-2774.509765
-2117.647216
-1254.901977
-107.843139
882.352966
1745.098022
2578.431396
3000.000000
3186.274658
2401.960937
1607.843139
-696.078430
-1558.823608
-2421.568603
-2950.980468
-3058.823486
-2500.000000
-1803.921630
-735.294128
362.745117
1303.921630
2852.941162
3098.039306
3176.470703
2666.666748
1980.392211
1068.627441
-58.823532
-1980.392211
-2774.509765
-3117.647216
-3235.294189
-2784.313720
-2225.490234
-1362.745117
950.980407
1803.921630
2607.843261
3000.000000
3205.882324
3009.803955
2450.980468
519.607849
-539.215698
-1431.372558
-2303.921630
-2901.960937
-3176.470703
-3186.274658
-1882.353027
-852.941162
264.705902
1215.686279
2068.627441
2774.509765
3196.078369
2686.274658
2039.215698
1156.862792
39.215686
-901.960815
-1784.313720
-3088.235351
-3235.294189
-2823.529541
-2303.921630
-1490.196166
-323.529418
676.470581
2519.607910
2970.588378
3156.862792
3049.019775
2490.196044
1754.901977
735.294128
-1421.568603
-2303.921630
-2872.549072
-3196.078369
-3205.882324
-2637.254882
-852.941162
254.901962
1186.274536
2039.215698
2764.706054
3068.627441
3186.274658
2098.039306
1196.078491
78.431373
-843.137268
-1725.490234
-2578.431396
-3029.411865
-2852.941162
-2343.137207
-1500.000000
-470.588256
578.431396
1450.980468
2323.529541
3186.274658
3068.627441
2500.000000
1892.156860
901.960815
-205.882354
-1156.862792
-2803.921630
-3137.254882
-3235.294189
-2754.902099
-2068.627441
-1205.882324
-58.823532
872.549011
1745.098022
2539.215820
2990.196044
3186.274658
3009.803955
2460.784423
1676.470581
627.450988
-441.176483
-1352.941162
-2901.960937
-3166.666748
-3186.274658
-2588.235351
-1970.588256
-931.372558
176.470596
1107.843139
1970.588256
2745.098144
3196.078369
2725.490234
2137.254882
1264.705932
166.666671
-823.529418
-1686.274536
-3049.019775
-3215.686279
-2882.353027
-2392.156982
-1558.823608
-431.372558
598.039245
1470.588256
2333.333496
2872.549072
3156.862792
3156.862792
2568.627441
1970.588256
950.980407
-107.843139
-1107.843139
-1970.588256
-2745.098144
-3098.039306
-3225.490234
-2147.058837
-1313.725463
-137.254898
833.333374
1735.294189
2558.823486
3000.000000
2931.372558
2401.960937
1637.254882
558.823547
-490.196075
-1411.764770
-2294.117675
-3205.882324
-3156.862792
-2558.823486
-1862.745117
-823.529418
225.490203
1176.470581
2794.117675
3117.647216
3186.274658
2725.490234
2039.215698
1176.470581
39.215686
-862.745117
-1745.098022
-2598.039306
-3235.294189
-2872.549072
-2362.745117
-1509.803955
-392.156860
607.843139
1490.196166
2980.392333
3176.470703
3088.235351
2490.196044
1784.313720
745.098083
-313.725494
-2225.490234
-2833.333496
-3166.666748
-3235.294189
-2676.470703
-2000.000000
166.666671
1098.039184
1960.784301
2735.294189
3078.431396
3205.882324
2774.509765
1303.921630
186.274520
-764.705871
-1647.058837
-2500.000000
-2950.980468
-3205.882324
-3098.039306
-2519.607910
-1823.529418
500.000000
1333.333374
2176.470703
2813.725585
3098.039306
3196.078369
2735.294189
1049.019653
-78.431373
-1029.411743
-1921.568603
-2725.490234
-3088.235351
-3205.882324
-2196.078369
-1303.921630
-166.666671
803.921569
1656.862792
2500.000000
2950.980468
3009.803955
2421.568603
1637.254882
588.235290
-470.588256
-1372.549072
-2254.902099
-3176.470703
-3176.470703
-2598.039306
-1950.980468
-941.176513
176.470596
1117.647094
1960.784301
2715.686279
3049.019775
3186.274658
2764.706054
2264.705810
1490.196166
333.333343
-686.274536
-1549.019653
-2441.176513
-3196.078369
-3049.019775
-2470.588378
-1715.686279
-637.254943
441.176483
1343.137329
2225.490234
2813.725585
3137.254882
2598.039306
1950.980468
1000.000000
-49.019607
-1960.784301
-2754.902099
-3098.039306
-3215.686279
-2803.921630
-2284.313720
-147.058822
823.529418
1686.274536
2519.607910
3000.000000
3205.882324
3078.431396
1676.470581
617.647094
-441.176483
-1382.353027
-2235.294189
-2852.941162
-3156.862792
-3205.882324
-2676.470703
-2000.000000
127.450981
1078.431396
1941.176513
2735.294189
3078.431396
3245.098144
2794.117675
1274.509887
137.254898
-813.725524
-1696.078491
-2539.215820
-2990.196044
-3196.078369
-2411.764648
-1539.215698
-470.588256
578.431396
1460.784301
2303.921630
2882.353027
3078.431396
2480.392089
1823.529418
794.117675
-303.921569
-1274.509887
-2088.235351
-2784.313720
-3127.450927
-3254.902099
-2019.607910
-1107.843139
39.215686
950.980407
1794.117675
2588.235351
3019.607910
2774.509765
2284.313720
1470.588256
362.745117
-637.254943
-1539.215698
-2421.568603
-3225.490234
-3078.431396
-2509.803955
-1745.098022
-676.470581
401.960784
2264.705810
2872.549072
3156.862792
3186.274658
2656.862792
2000.000000
1137.254882
0.000000
-764.705871
-1656.862792
-2519.607910
-3225.490234
-2970.588378
-2431.372558
-1617.647094
-519.607849
529.411804
1421.568603
2274.509765
2882.353027
3156.862792
3196.078369
2627.450927
1960.784301
1039.215698
-58.823532
-980.392150
-1862.745117
-2666.666748
-3225.490234
-2803.921630
-2254.902099
-1411.764770
-274.509796
696.078430
1578.431396
3019.607910
3166.666748
3019.607910
2470.588378
1705.882324
647.058837
-421.568634
-2343.137207
-2882.353027
-3186.274658
-3156.862792
-2607.843261
-1950.980468
323.529418
1284.313720
2088.235351
2764.706054
3078.431396
3196.078369
2745.098144
1127.451049
-9.803922
-892.156860
-1754.901977
-2598.039306
-3029.411865
-3205.882324
-2950.980468
-2421.568603
-1637.254882
676.470581
1529.411743
2392.156982
2921.568603
3166.666748
3137.254882
2529.411865
705.882385
-392.156860
-1333.333374
-2176.470703
-2813.725585
-3147.058837
-3225.490234
-1980.392211
-990.196105
98.039215
1000.000000
1833.333374
2617.647216
3009.803955
2803.921630
2294.117675
1470.588256
333.333343
-686.274536
-1539.215698
-2431.372558
-2950.980468
-3205.882324
-3117.647216
-1745.098022
-656.862731
450.980407
1333.333374
2186.274658
2774.509765
3098.039306
2617.647216
1970.588256
1000.000000
-49.019607
-960.784301
-1823.529418
-2656.862792
-3058.823486
-3235.294189
-2862.745117
-2362.745117
-1519.607910
-411.764709
617.647094
1490.196166
2362.745117
2892.156982
3156.862792
2490.196044
1813.725463
764.705871
-313.725494
-1274.509887
-2117.647216
-2784.313720
-3127.450927
-3225.490234
-2774.509765
-2088.235351
-1215.686279
-58.823532
882.352966
1696.078491
2549.019775
3000.000000
2970.588378
2431.372558
1598.039184
-656.862731
-1529.411743
-2441.176513
-2950.980468
-3196.078369
-3127.450927
-2539.215820
-676.470581
401.960784
1323.529418
2166.666748
2803.921630
3117.647216
3205.882324
2705.882324
2009.803955
1137.254882
-1127.451049
-1980.392211
-2774.509765
-3088.235351
-3235.294189
-2813.725585
-2225.490234
-1372.549072
-215.686279
764.705871
2578.431396
3009.803955
3196.078369
2980.392333
2421.568603
1617.647094
598.039245
-1519.607910
-2372.549072
-2931.372558
-3196.078369
-3176.470703
-2568.627441
-1921.568603
372.549041
1303.921630
2156.862792
2813.725585
3117.647216
3176.470703
2705.882324
2058.823486
1205.882324
58.823532
-1872.549072
-2676.470703
-3078.431396
-3235.294189
-2852.941162
-2343.137207
-1500.000000
725.490234
1598.039184
2441.176513
2960.784423
3176.470703
3098.039306
2519.607910
656.862731
-431.372558
-1372.549072
-2215.686279
-2823.529541
-3156.862792
-3215.686279
-1950.980468
-970.588256
147.058822
1107.843139
1950.980468
2735.294189
3068.627441
3205.882324
2764.706054
2274.509765
156.862747
-813.725524
-1656.862792
-2539.215820
-2990.196044
-3196.078369
-3039.215820
-1598.039184
-500.000000
490.196075
1382.353027
2215.686279
2823.529541
3166.666748
2568.627441
1941.176513
941.176513
-137.254898
-1127.451049
-1990.196166
-3127.450927
-3205.882324
-2774.509765
-2107.843261
-1235.294189
-88.235298
862.745117
2647.058837
3039.215820
3215.686279
2872.549072
2382.353027
1549.019653
460.784332
-1588.235351
-2460.784423
-2980.392333
-3196.078369
-3088.235351
-2509.803955
-1794.117675
-715.686279
362.745117
1303.921630
2127.450927
2754.902099
3098.039306
3205.882324
2764.706054
2107.843261
1264.705932
147.058822
-1862.745117
-2686.274658
-3049.019775
-3215.686279
-2843.137207
-2352.941162
-1509.803955
784.313720
1647.058837
2480.392089
2980.392333
3186.274658
3039.215820
1617.647094
539.215698
-490.196075
-1411.764770
-2274.509765
-2882.353027
-3166.666748
-2568.627441
-1892.156860
-882.352966
235.294128
1166.666748
2019.607910
2745.098144
3196.078369
2745.098144
2058.823486
1215.686279
88.235298
-823.529418
-1715.686279
-3039.215820
-3205.882324
-2872.549072
-2372.549072
-1549.019653
-411.764709
627.450988
1470.588256
2333.333496
2901.960937
3156.862792
3127.450927
2558.823486
1950.980468
941.176513
-156.862747
-1127.451049
-1990.196166
-3147.058837
-3205.882324
-2774.509765
-2088.235351
-1205.882324
-58.823532
872.549011
1735.294189
2578.431396
3009.803955
3186.274658
2980.392333
2431.372558
1647.058837
617.647094
-450.980407
-1372.549072
-2235.294189
-3176.470703
-3186.274658
-2607.843261
-1941.176513
-931.372558
186.274520
1137.254882
2794.117675
3107.843261
3186.274658
2745.098144
2078.431396
1205.882324
117.647064
-843.137268
-1735.294189
-2568.627441
-3019.607910
-3215.686279
-2990.196044
-2431.372558
-1617.647094
-529.411804
509.803924
1392.156860
2264.705810
2833.333496
3147.058837
3196.078369
2676.470703
2029.411743
1049.019653
-68.627449
-990.196105
-1852.941162
-3098.039306
-3225.490234
-2803.921630
-1284.313720
-137.254898
823.529418
1696.078491
2500.000000
2950.980468
3156.862792
2450.980468
1666.666748
617.647094
-460.784332
-1382.353027
-2245.098144
-2862.745117
-3156.862792
-2578.431396
-1921.568603
-901.960815
215.686279
1156.862792
2000.000000
2725.490234
3049.019775
3156.862792
2196.078369
1323.529418
186.274520
-754.901977
-1637.254882
-2500.000000
-2980.392333
-3009.803955
-2460.784423
-1666.666748
-598.039245
460.784332
1382.353027
2225.490234
3147.058837
3117.647216
2578.431396
1941.176513
950.980407
-117.647064
-1098.039184
-2794.117675
-3127.450927
-3235.294189
-2774.509765
-2107.843261
-1264.705932
-107.843139
843.137268
1725.490234
2549.019775
3186.274658
2872.549072
2372.549072
1568.627441
441.176483
-568.627441
-1460.784301
-2970.588378
-3225.490234
-3117.647216
-2539.215820
-1833.333374
-764.705871
323.529418
1254.901977
2088.235351
2784.313720
3098.039306
3196.078369
2735.294189
2088.235351
1264.705932
127.450981
-823.529418
-1696.078491
-2549.019775
-3009.803955
-3225.490234
-2401.960937
-1568.627441
-431.372558
588.235290
1460.784301
2303.921630
2872.549072
3117.647216
2509.803955
1843.137329
794.117675
-303.921569
-1254.901977
-2137.254882
-3147.058837
-3235.294189
-2705.882324
-2000.000000
-1147.058837
9.803922
862.745117
2617.647216
3019.607910
3196.078369
2872.549072
2392.156982
1558.823608
490.196075
-549.019592
-1450.980468
-2303.921630
-3215.686279
-3117.647216
-2549.019775
-637.254943
431.372558
1343.137329
2176.470703
2794.117675
3127.450927
3205.882324
1960.784301
1000.000000
-49.019607
-950.980407
-1803.921630
-2617.647216
-3049.019775
-2803.921630
-2294.117675
-1441.176513
-284.313720
745.098083
1578.431396
2431.372558
2941.176513
3186.274658
3068.627441
1696.078491
637.254943
-441.176483
-1372.549072
-2205.882324
-2833.333496
-3156.862792
-2598.039306
-1960.784301
-950.980407
156.862747
1098.039184
1960.784301
2715.686279
3205.882324
2745.098144
2186.274658
1323.529418
166.666671
-784.313720
-1656.862792
-3029.411865
-3215.686279
-2911.764648
-2392.156982
-1558.823608
-450.980407
568.627441
1460.784301
2313.725585
2872.549072
3147.058837
3147.058837
2617.647216
862.745117
-225.490203
-1186.274536
-2039.215698
-2774.509765
-3117.647216
-3245.098144
-2078.431396
-1147.058837
9.803922
862.745117
1735.294189
2568.627441
3019.607910
2852.941162
2362.745117
1529.411743
411.764709
-607.843139
-1490.196166
-2362.745117
-3205.882324
-3107.843261
-2500.000000
-1862.745117
-803.921569
294.117645
1254.901977
2088.235351
2754.902099
3127.450927
3196.078369
2745.098144
2137.254882
29.411766
-911.764709
-1774.509887
-2607.843261
-3009.803955
-3205.882324
-2950.980468
-1490.196166
-372.549041
637.254943
1509.803955
2362.745117
2911.764648
3186.274658
2480.392089
1774.509887
754.901977
-333.333343
-1313.725463
-2137.254882
-2813.725585
-3137.254882
-3215.686279
-2735.294189
-1049.019653
107.843139
1088.235351
1941.176513
2735.294189
3088.235351
3215.686279
2774.509765
2284.313720
1460.784301
343.137268
-676.470581
-1539.215698
-2431.372558
-2941.176513
-3186.274658
-3127.450927
-2539.215820
-656.862731
431.372558
1343.137329
2176.470703
2794.117675
3117.647216
3186.274658
1950.980468
990.196105
-78.431373
-1029.411743
-1921.568603
-2715.686279
-3078.431396
-3205.882324
-2813.725585
-2303.921630
-166.666671
813.725524
1676.470581
2500.000000
2941.176513
3176.470703
3068.627441
1705.882324
607.843139
-460.784332
-1382.353027
-2245.098144
-2872.549072
-3166.666748
-2598.039306
-1941.176513
-941.176513
186.274520
1147.058837
2000.000000
2705.882324
3058.823486
3166.666748
2784.313720
1323.529418
176.470596
-754.901977
-1637.254882
-2500.000000
-2960.784423
-3205.882324
-3117.647216
-2509.803955
-1803.921630
-725.490234
343.137268
1274.509887
2098.039306
2784.313720
3127.450927
3196.078369
2745.098144
1127.451049
-9.803922
-882.352966
-1764.705932
-2598.039306
-3019.607910
-3205.882324
-2362.745117
-1509.803955
-392.156860
637.254943
1500.000000
2303.921630
2852.941162
3117.647216
2539.215820
1843.137329
803.921569
-274.509796
-1245.098022
-2098.039306
-3166.666748
-3166.666748
-2705.882324
-2049.019531
-1107.843139
58.823532
1941.176513
2715.686279
3078.431396
3196.078369
2794.117675
2254.902099
1421.568603
-862.745117
-1725.490234
-2578.431396
-3029.411865
-3215.686279
-3000.000000
-2490.196044
-1745.098022
-676.470581
421.568634
2294.117675
2852.941162
3156.862792
3176.470703
2637.254882
1980.392211
1000.000000
-1186.274536
-2049.019531
-2784.313720
-3107.843261
-3225.490234
-2764.706054
-2186.274658
-9.803922
852.941162
1735.294189
2539.215820
2990.196044
3176.470703
2990.196044
1578.431396
450.980407
-549.019592
-1450.980468
-2323.529541
-2892.156982
-3196.078369
-3205.882324
-2607.843261
-1960.784301
343.137268
1294.117675
2127.450927
2764.706054
3088.235351
3205.882324
2735.294189
2088.235351
1245.098022
107.843139
-852.941162
-1735.294189
-2568.627441
-3019.607910
-3225.490234
-3000.000000
-2490.196044
-1735.294189
568.627441
1450.980468
2313.725585
2882.353027
3166.666748
3156.862792
2578.431396
833.333374
-264.705902
-1235.294189
-2078.431396
-2803.921630
-3137.254882
-3215.686279
-2058.823486
-1117.647094
39.215686
980.392150
1803.921630
2627.450927
3029.411865
3215.686279
2901.960937
2401.960937
372.549041
-627.450988
-1509.803955
-2392.156982
-2931.372558
-3196.078369
-3137.254882
-1784.313720
-705.882385
392.156860
1303.921630
2137.254882
2794.117675
3186.274658
2627.450927
2000.000000
1117.647094
19.607843
-901.960815
-1774.509887
-3078.431396
-3225.490234
-2833.333496
-2343.137207
-1500.000000
-460.784332
598.039245
2421.568603
2941.176513
3196.078369
3088.235351
2529.411865
1852.941162
784.313720
-1392.156860
-2254.902099
-2843.137207
-3156.862792
-3225.490234
-2686.274658
-2000.000000
137.254898
1058.823608
1931.372558
2705.882324
3058.823486
3235.294189
2803.921630
2284.313720
1460.784301
323.529418
-666.666687
-1549.019653
-2421.568603
-2960.784423
-3205.882324
-3098.039306
-2529.411865
-1813.725463
-803.921569
313.725494
1254.901977
2098.039306
2774.509765
3098.039306
3186.274658
2725.490234
2176.470703
1313.725463
-960.784301
-1862.745117
-2647.058837
-3058.823486
-3225.490234
-2882.353027
-2382.353027
-284.313720
715.686279
1607.843139
2450.980468
2960.784423
3166.666748
3068.627441
2500.000000
1872.549072
882.352966
-1352.941162
-2176.470703
-2833.333496
-3147.058837
-3215.686279
-2725.490234
-2088.235351
147.058822
1098.039184
1931.372558
2745.098144
3078.431396
3196.078369
2784.313720
2274.509765
1450.980468
372.549041
-627.450988
-1519.607910
-2421.568603
-2941.176513
-3186.274658
-3137.254882
-2558.823486
-1892.156860
411.764709
1343.137329
2166.666748
2803.921630
3137.254882
3215.686279
2715.686279
2098.039306
1166.666748
9.803922
-843.137268
-1715.686279
-2578.431396
-3009.803955
-3235.294189
-3009.803955
-2450.980468
-1666.666748
647.058837
1500.000000
2333.333496
2911.764648
3176.470703
3147.058837
2607.843261
852.941162
-225.490203
-1196.078491
-2039.215698
-2784.313720
-3127.450927
-3235.294189
-2774.509765
-2186.274658
-1294.117675
1009.803955
1911.764770
2676.470703
3029.411865
3176.470703
2803.921630
2333.333496
274.509796
-725.490234
-1607.843139
-2480.392089
-2970.588378
-3225.490234
-3098.039306
-1696.078491
-607.843139
490.196075
1392.156860
2235.294189
2833.333496
3156.862792
2588.235351
1901.960815
950.980407
-137.254898
-1107.843139
-2000.000000
-2715.686279
-3088.235351
-3235.294189
-2813.725585
-1313.725463
-147.058822
823.529418
1696.078491
2519.607910
3000.000000
3186.274658
3078.431396
2509.803955
1794.117675
774.509826
-294.117645
-1264.705932
-2098.039306
-2794.117675
-3127.450927
-3225.490234
-2754.902099
-1117.647094
39.215686
941.176513
1823.529418
2607.843261
2990.196044
3205.882324
2931.372558
2421.568603
1607.843139
-715.686279
-1568.627441
-2460.784423
-2990.196044
-3186.274658
-3058.823486
-2509.803955
-1794.117675
-735.294128
372.549041
1303.921630
2127.450927
2774.509765
3088.235351
3186.274658
2735.294189
2127.450927
1215.686279
-1088.235351
-1960.784301
-2745.098144
-3098.039306
-3215.686279
-2823.529541
-2274.509765
-1421.568603
-264.705902
725.490234
2519.607910
2970.588378
3176.470703
3029.411865
2480.392089
1745.098022
696.078430
-1450.980468
-2294.117675
-2911.764648
-3176.470703
-3176.470703
-2617.647216
-1970.588256
303.921569
1235.294189
2088.235351
2784.313720
3107.843261
3196.078369
2029.411743
1098.039184
-49.019607
-950.980407
-1813.725463
-2647.058837
-3058.823486
-2803.921630
-2294.117675
-1450.980468
-294.117645
666.666687
1539.215698
2431.372558
3205.882324
3049.019775
2460.784423
1705.882324
647.058837
-411.764709
-1343.137329
-2205.882324
-2843.137207
-3166.666748
-2627.450927
-1960.784301
-960.784301
147.058822
1098.039184
1941.176513
2705.882324
3215.686279
2745.098144
2186.274658
1284.313720
166.666671
-803.921569
-1666.666748
-3049.019775
-3205.882324
-2921.568603
-2392.156982
-1578.431396
-460.784332
578.431396
1460.784301
2313.725585
2862.745117
3147.058837
3156.862792
2588.235351
1941.176513
950.980407
-127.450981
-1078.431396
-1950.980468
-3137.254882
-3205.882324
-2784.313720
-2166.666748
-1264.705932
-88.235298
833.333374
1725.490234
2558.823486
3019.607910
3166.666748
3009.803955
2470.588378
1696.078491
656.862731
-411.764709
-1333.333374
-2196.078369
-2823.529541
-3156.862792
-3225.490234
-2715.686279
-2019.607910
-1088.235351
68.627449
1950.980468
2715.686279
3098.039306
3205.882324
2794.117675
2245.098144
1421.568603
303.921569
-686.274536
-1568.627441
-2460.784423
-2970.588378
-3205.882324
-3088.235351
-2509.803955
-1823.529418
-754.901977
352.941192
2235.294189
2833.333496
3137.254882
3196.078369
2676.470703
2039.215698
1068.627441
-29.411766
-980.392150
-1843.137329
-3098.039306
-3235.294189
-2784.313720
-2284.313720
-1450.980468
-294.117645
735.294128
2519.607910
2990.196044
3186.274658
3029.411865
2460.784423
1686.274536
627.450988
-421.568634
-1343.137329
-2215.686279
-2852.941162
-3176.470703
-3215.686279
-2666.666748
-1970.588256
-1039.215698
78.431373
1009.803955
2725.490234
3078.431396
3176.470703
2774.509765
2235.294189
1382.353027
264.705902
-735.294128
-1598.039184
-2490.196044
-3225.490234
-3000.000000
-2480.392089
-1745.098022
-696.078430
382.352935
1303.921630
2862.745117
3147.058837
3156.862792
2637.254882
1990.196166
1049.019653
-78.431373
-1990.196166
-2774.509765
-3107.843261
-3235.294189
-2784.313720
-2205.882324
-39.215686
892.156860
1735.294189
2588.235351
3019.607910
3176.470703
2990.196044
2411.764648
1656.862792
578.431396
-470.588256
-2333.333496
-2921.568603
-3186.274658
-3186.274658
-2568.627441
-1911.764770
382.352935
1303.921630
2156.862792
2803.921630
3117.647216
3166.666748
2725.490234
1049.019653
-88.235298
-1029.411743
-1921.568603
-2705.882324
-3088.235351
-3225.490234
-2205.882324
-1323.529418
-156.862747
823.529418
1696.078491
2529.411865
2970.588378
2901.960937
2392.156982
1598.039184
509.803924
-529.411804
-1431.372558
-2323.529541
-3196.078369
-3127.450927
-2549.019775
-1852.941162
-833.333374
274.509796
2196.078369
2774.509765
3107.843261
3186.274658
2715.686279
2088.235351
1166.666748
-1117.647094
-2000.000000
-2745.098144
-3088.235351
-3225.490234
-2813.725585
-2303.921630
-1411.764770
-274.509796
725.490234
1578.431396
2441.176513
2941.176513
3156.862792
3068.627441
2509.803955
1803.921630
803.921569
-303.921569
-1254.901977
-2107.843261
-2803.921630
-3137.254882
-3235.294189
-2764.706054
-1078.431396
68.627449
990.196105
1823.529418
2647.058837
3029.411865
3186.274658
2872.549072
2372.549072
1568.627441
450.980407
-568.627441
-1460.784301
-2323.529541
-2901.960937
-3176.470703
-3176.470703
-2607.843261
-1921.568603
-931.372558
186.274520
2078.431396
2764.706054
3098.039306
3186.274658
2754.902099
2186.274658
1284.313720
-1000.000000
-1823.529418
-2647.058837
-3049.019775
-3196.078369
-2901.960937
-2392.156982
-313.725494
686.274536
1549.019653
2411.764648
2921.568603
3176.470703
3117.647216
1715.686279
666.666687
-431.372558
-1362.745117
-2215.686279
-2843.137207
-3156.862792
-2607.843261
-1941.176513
-941.176513
186.274520
1127.451049
1960.784301
3117.647216
3196.078369
2745.098144
2147.058837
1284.313720
156.862747
-803.921569
-2637.254882
-3019.607910
-3235.294189
-2931.372558
-2392.156982
-1588.235351
-460.784332
1617.647094
2450.980468
2970.588378
3196.078369
3068.627441
2480.392089
1803.921630
764.705871
-284.313720
-1284.313720
-2852.941162
-3166.666748
-3215.686279
-2676.470703
-2019.607910
-1068.627441
98.039215
1990.196166
2735.294189
3098.039306
3215.686279
2764.706054
2245.098144
1392.156860
294.117645
-696.078430
-1588.235351
-2450.980468
-2970.588378
-3215.686279
-3107.843261
-2529.411865
-1803.921630
-754.901977
362.745117
2235.294189
2843.137207
3137.254882
3196.078369
2686.274658
2019.607910
1098.039184
-39.215686
-970.588256
-1852.941162
-3107.843261
-3225.490234
-2794.117675
-2264.705810
-1421.568603
-294.117645
735.294128
2519.607910
2970.588378
3166.666748
2382.353027
1558.823608
470.588256
-558.823547
-1450.980468
-2313.725585
-2921.568603
-3117.647216
-2529.411865
-1833.333374
-764.705871
333.333343
1254.901977
2078.431396
2764.706054
3078.431396
3205.882324
2009.803955
1068.627441
-39.215686
-950.980407
-1823.529418
-2666.666748
-3049.019775
-2794.117675
-2284.313720
-1431.372558
-274.509796
705.882385
1578.431396
2411.764648
3186.274658
3029.411865
2460.784423
1696.078491
627.450988
-421.568634
-1362.745117
-2892.156982
-3176.470703
-3176.470703
-2598.039306
-1980.392211
-941.176513
166.666671
1107.843139
1970.588256
2715.686279
3215.686279
2745.098144
2147.058837
1284.313720
137.254898
-823.529418
-1686.274536
-3049.019775
-3215.686279
-2921.568603
-2382.353027
-1578.431396
-450.980407
1607.843139
2441.176513
2980.392333
3186.274658
3068.627441
2490.196044
1764.705932
-509.803924
-1401.960815
-2264.705810
-2852.941162
-3166.666748
-3215.686279
-2647.058837
-1980.392211
-990.196105
98.039215
1990.196166
2745.098144
3088.235351
3215.686279
2754.902099
2235.294189
1392.156860
-901.960815
-1774.509887
-2588.235351
-3039.215820
-3225.490234
-2960.784423
-2441.176513
-1627.451049
-529.411804
529.411804
2382.353027
2901.960937
3186.274658
3147.058837
2558.823486
1892.156860
892.156860
-1294.117675
-2156.862792
-2813.725585
-3147.058837
-3205.882324
-2735.294189
-2078.431396
147.058822
1098.039184
1941.176513
2745.098144
3088.235351
3196.078369
2156.862792
1294.117675
166.666671
-803.921569
-1676.470581
-2509.803955
-3000.000000
-3039.215820
-2450.980468
-1676.470581
-578.431396
500.000000
1303.921630
2176.470703
3176.470703
3186.274658
2647.058837
2000.000000
1107.843139
-9.803922
-882.352966
-1764.705932
-2617.647216
-3049.019775
-3225.490234
-2960.784423
-2401.960937
-1617.647094
-519.607849
549.019592
1421.568603
2284.313720
2852.941162
3147.058837
3176.470703
2637.254882
892.156860
-156.862747
-1156.862792
-2000.000000
-2725.490234
-3078.431396
-3205.882324
-2803.921630
-2284.313720
-1401.960815
872.549011
1745.098022
2558.823486
3196.078369
2862.745117
2362.745117
1539.215698
431.372558
-578.431396
-1480.392211
-2990.196044
-3205.882324
-3088.235351
-2509.803955
-1784.313720
-764.705871
343.137268
2235.294189
2843.137207
3117.647216
3176.470703
2666.666748
2019.607910
1088.235351
-1196.078491
-2068.627441
-2803.921630
-3127.450927
-3215.686279
-2754.902099
-1156.862792
0.000000
784.313720
1637.254882
2500.000000
2950.980468
3166.666748
3088.235351
2529.411865
1803.921630
803.921569
-313.725494
-1254.901977
-2098.039306
-2794.117675
-3137.254882
-3215.686279
-2754.902099
-2137.254882
49.019607
931.372558
1813.725463
2588.235351
3019.607910
3186.274658
2911.764648
2421.568603
1637.254882
539.215698
-1539.215698
-2431.372558
-2950.980468
-3205.882324
-3088.235351
-2539.215820
-1833.333374
500.000000
1333.333374
2176.470703
2794.117675
3107.843261
3205.882324
2715.686279
2078.431396
1137.254882
0.000000
-1813.725463
-2647.058837
-3029.411865
-3215.686279
-2931.372558
-2382.353027
-1568.627441
-441.176483
598.039245
1490.196166
2352.941162
2911.764648
3166.666748
3156.862792
2558.823486
774.509826
-294.117645
-2215.686279
-2852.941162
-3186.274658
-2578.431396
-1911.764770
-941.176513
166.666671
1107.843139
1980.392211
2735.294189
3205.882324
2754.902099
2166.666748
1245.098022
147.058822
-774.509826
-1676.470581
-3058.823486
-3205.882324
-2882.353027
-2372.549072
-1578.431396
-441.176483
578.431396
2431.372558
2941.176513
3176.470703
3088.235351
2519.607910
1833.333374
764.705871
-294.117645
-1245.098022
-2107.843261
-3156.862792
-3205.882324
-2676.470703
-960.784301
156.862747
1107.843139
1980.392211
2725.490234
3058.823486
3205.882324
2137.254882
1274.509887
156.862747
-843.137268
-1686.274536
-2558.823486
-3029.411865
-2892.156982
-2392.156982
-1549.019653
-411.764709
617.647094
1460.784301
2333.333496
2862.745117
3137.254882
3147.058837
1794.117675
764.705871
-303.921569
-1274.509887
-2117.647216
-2803.921630
-3137.254882
-2696.078369
-2019.607910
-1068.627441
49.019607
960.784301
1813.725463
2607.843261
3000.000000
3186.274658
2990.196044
2441.176513
1686.274536
578.431396
-480.392150
-1382.353027
-2245.098144
-2852.941162
-3156.862792
-2578.431396
-1892.156860
-882.352966
225.490203
1147.058837
1990.196166
2745.098144
3186.274658
2764.706054
2127.450927
1254.901977
98.039215
-784.313720
-1656.862792
-2509.803955
-2990.196044
-3205.882324
-2411.764648
-1578.431396
-470.588256
1578.431396
2460.784423
2941.176513
3156.862792
3049.019775
2509.803955
1784.313720
-480.392150
-1401.960815
-2264.705810
-2872.549072
-3166.666748
-3205.882324
-2666.666748
-1990.196166
-1029.411743
127.450981
1088.235351
1950.980468
2725.490234
3098.039306
3205.882324
2764.706054
2284.313720
196.078430
-754.901977
-1627.451049
-2490.196044
-2990.196044
-3186.274658
-3068.627441
-2509.803955
-1764.705932
-696.078430
372.549041
1274.509887
2117.647216
2774.509765
3107.843261
2666.666748
2009.803955
1078.431396
-58.823532
-990.196105
-1852.941162
-2666.666748
-3078.431396
-3235.294189
-2862.745117
-1352.941162
-215.686279
764.705871
1598.039184
2431.372558
2950.980468
3166.666748
2431.372558
1666.666748
598.039245
-480.392150
-1392.156860
-2245.098144
-2852.941162
-3186.274658
-2588.235351
-1931.372558
-901.960815
176.470596
1137.254882
2784.313720
3088.235351
3215.686279
2764.706054
2166.666748
1264.705932
127.450981
-823.529418
-1705.882324
-2568.627441
-3009.803955
-2911.764648
-2401.960937
-1598.039184
-431.372558
598.039245
1460.784301
2970.588378
3196.078369
3107.843261
2529.411865
1813.725463
784.313720
-294.117645
-2205.882324
-2803.921630
-3137.254882
-3196.078369
-2705.882324
-2049.019531
-1098.039184
1196.078491
2049.019531
2774.509765
3078.431396
3196.078369
2764.706054
2205.882324
1343.137329
215.686279
-764.705871
-2578.431396
-3019.607910
-3215.686279
-2352.941162
-1500.000000
-480.392150
568.627441
1431.372558
2294.117675
2862.745117
3098.039306
2509.803955
1862.745117
843.137268
-245.098037
-1215.686279
-2058.823486
-3147.058837
-3186.274658
-2725.490234
-2078.431396
-1137.254882
-9.803922
882.352966
2656.862792
3058.823486
3215.686279
2852.941162
2333.333496
1529.411743
411.764709
-1607.843139
-2480.392089
-2980.392333
-3205.882324
-3078.431396
-2509.803955
-558.823547
500.000000
1343.137329
2186.274658
2794.117675
3127.450927
3245.098144
1941.176513
950.980407
-98.039215
-1000.000000
-1852.941162
-2666.666748
-3058.823486
-2803.921630
-2254.902099
-1411.764770
-274.509796
715.686279
1578.431396
2431.372558
3205.882324
3029.411865
2421.568603
1666.666748
617.647094
-431.372558
-1372.549072
-2892.156982
-3166.666748
-3166.666748
-2588.235351
-1931.372558
-921.568664
176.470596
1137.254882
1970.588256
2735.294189
3068.627441
3186.274658
2774.509765
2284.313720
1392.156860
303.921569
-696.078430
-1568.627441
-3000.000000
-3225.490234
-3078.431396
-2519.607910
-1764.705932
-715.686279
362.745117
1303.921630
2147.058837
2794.117675
3166.666748
2637.254882
2029.411743
1039.215698
-58.823532
-1009.803955
-1901.960815
-3107.843261
-3225.490234
-2774.509765
-2205.882324
-1343.137329
-196.078430
764.705871
1637.254882
2470.588378
2980.392333
2941.176513
2401.960937
1627.451049
-666.666687
-1539.215698
-2421.568603
-2960.784423
-3205.882324
-3107.843261
-2519.607910
-627.450988
460.784332
1352.941162
2205.882324
2803.921630
3098.039306
3176.470703
1950.980468
990.196105
-88.235298
-1019.607849
-1901.960815
-2705.882324
-3078.431396
-2784.313720
-2235.294189
-1343.137329
-196.078430
784.313720
1666.666748
2480.392089
2970.588378
3176.470703
3039.215820
1637.254882
568.627441
-490.196075
-1411.764770
-2245.098144
-2882.353027
-3176.470703
-2588.235351
-1911.764770
-892.156860
205.882354
1147.058837
2000.000000
2715.686279
3078.431396
3196.078369
2774.509765
2284.313720
1470.588256
343.137268
-676.470581
-1539.215698
-2421.568603
-2931.372558
-3186.274658
-2500.000000
-1803.921630
-745.098083
343.137268
1264.705932
2088.235351
2754.902099
3215.686279
2686.274658
2009.803955
1088.235351
-49.019607
-941.176513
-1803.921630
-3068.627441
-3215.686279
-2803.921630
-2284.313720
-1431.372558
-274.509796
1754.901977
2539.215820
3000.000000
3186.274658
3039.215820
2500.000000
1843.137329
-480.392150
-1362.745117
-2274.509765
-2843.137207
-3166.666748
-3196.078369
-2686.274658
-892.156860
186.274520
1156.862792
1980.392211
2735.294189
3078.431396
3166.666748
2754.902099
2225.490234
1392.156860
264.705902
-715.686279
-1588.235351
-2460.784423
-3215.686279
-2990.196044
-2460.784423
-1676.470581
-588.235290
509.803924
2333.333496
2872.549072
3156.862792
3147.058837
2588.235351
1911.764770
941.176513
-1294.117675
-2137.254882
-2823.529541
-3127.450927
-3215.686279
-2754.902099
-2137.254882
88.235298
990.196105
1833.333374
2627.450927
3029.411865
3176.470703
2882.353027
2401.960937
1578.431396
490.196075
-1588.235351
-2470.588378
-2980.392333
-3205.882324
-3068.627441
-2519.607910
-1794.117675
509.803924
1392.156860
2264.705810
2823.529541
3127.450927
3186.274658
2647.058837
2009.803955
1058.823608
-68.627449
-990.196105
-1862.745117
-2686.274658
-3068.627441
-3235.294189
-2862.745117
-2343.137207
-1500.000000
-480.392150
578.431396
1441.176513
2323.529541
2872.549072
3176.470703
3186.274658
1843.137329
823.529418
-254.901962
-1235.294189
-2068.627441
-2774.509765
-3098.039306
-2754.902099
-2107.843261
-1166.666748
-9.803922
862.745117
1715.686279
2509.803955
2990.196044
3176.470703
3029.411865
2470.588378
1715.686279
627.450988
-431.372558
-1343.137329
-2225.490234
-2872.549072
-3166.666748
-2617.647216
-1941.176513
-911.764709
176.470596
1137.254882
1980.392211
2735.294189
3039.215820
3196.078369
2764.706054
2245.098144
1441.176513
294.117645
-715.686279
-1578.431396
-2460.784423
-2980.392333
-3205.882324
-2460.784423
-1676.470581
-568.627441
509.803924
1411.764770
2245.098144
2833.333496
3137.254882
3186.274658
2666.666748
2019.607910
1078.431396
-58.823532
-1000.000000
-1823.529418
-2637.254882
-3049.019775
-3196.078369
-2303.921630
-1431.372558
-294.117645
696.078430
1558.823608
2401.960937
2950.980468
3078.431396
2470.588378
1705.882324
676.470581
-411.764709
-1333.333374
-2196.078369
-3166.666748
-3186.274658
-2607.843261
-1950.980468
-960.784301
156.862747
2078.431396
2784.313720
3107.843261
3196.078369
2745.098144
2147.058837
1303.921630
-980.392150
-1843.137329
-2647.058837
-3068.627441
-3205.882324
-2882.353027
-2382.353027
-284.313720
705.882385
1558.823608
2431.372558
2980.392333
3225.490234
3098.039306
1715.686279
666.666687
-421.568634
-1382.353027
-2205.882324
-2833.333496
-3147.058837
-2617.647216
-1950.980468
-960.784301
127.450981
1088.235351
1950.980468
2715.686279
3098.039306
3196.078369
2813.725585
1303.921630
205.882354
-774.509826
-1647.058837
-2519.607910
-2990.196044
-3205.882324
-2450.980468
-1627.451049
-549.019592
519.607849
1401.960815
2254.902099
3176.470703
3127.450927
2568.627441
1892.156860
931.372558
-147.058822
-1137.254882
-2794.117675
-3117.647216
-3225.490234
-2764.706054
-2137.254882
-1254.901977
-88.235298
1872.549072
2676.470703
3068.627441
3186.274658
2843.137207
2343.137207
1549.019653
450.980407
-568.627441
-1450.980468
-2941.176513
-3196.078369
-3107.843261
-2539.215820
-1813.725463
-794.117675
333.333343
2205.882324
2823.529541
3166.666748
2568.627441
1911.764770
941.176513
-147.058822
-1107.843139
-1980.392211
-2754.902099
-3254.902099
-2764.706054
-2166.666748
-1274.509887
-127.450981
843.137268
1725.490234
2549.019775
3000.000000
3205.882324
2431.372558
1647.058837
558.823547
-470.588256
-1401.960815
-2274.509765
-2862.745117
-3156.862792
-2578.431396
-1882.353027
-843.137268
225.490203
1156.862792
1990.196166
3137.254882
3196.078369
2725.490234
2088.235351
1176.470581
49.019607
-852.941162
-2666.666748
-3049.019775
-3235.294189
-2862.745117
-2352.941162
-1500.000000
-490.196075
539.215698
1470.588256
2294.117675
2882.353027
3137.254882
3166.666748
2627.450927
1970.588256
1009.803955
-117.647064
-1098.039184
-2794.117675
-3127.450927
-3225.490234
-2754.902099
-2166.666748
-1274.509887
-127.450981
1862.745117
2656.862792
3049.019775
3225.490234
2862.745117
2362.745117
1519.607910
392.156860
-607.843139
-1490.196166
-2980.392333
-3186.274658
-3058.823486
-2490.196044
-1764.705932
-696.078430
382.352935
1313.725463
2156.862792
2764.706054
3196.078369
2656.862792
2009.803955
-235.294128
-1196.078491
-2039.215698
-2794.117675
-3127.450927
-3225.490234
-2774.509765
-1166.666748
0.000000
774.509826
1627.451049
2450.980468
2931.372558
3176.470703
3068.627441
2509.803955
1794.117675
-509.803924
-1431.372558
-2284.313720
-2882.353027
-3186.274658
-3205.882324
-2647.058837
-862.745117
254.901962
1196.078491
2029.411743
2735.294189
3088.235351
3186.274658
2098.039306
1205.882324
68.627449
-852.941162
-1725.490234
-2568.627441
-3029.411865
-2872.549072
-2372.549072
-1539.215698
-421.568634
637.254943
1500.000000
2313.725585
2862.745117
3166.666748
3147.058837
1852.941162
852.941162
-235.294128
-1205.882324
-2058.823486
-2803.921630
-3107.843261
-2696.078369
-2068.627441
-1127.451049
9.803922
862.745117
1715.686279
2549.019775
3009.803955
3196.078369
2970.588378
2421.568603
1666.666748
578.431396
-490.196075
-1392.156860
-2254.902099
-2852.941162
-3147.058837
-2607.843261
-1921.568603
-892.156860
186.274520
1137.254882
1960.784301
2745.098144
3049.019775
3205.882324
2794.117675
1254.901977
127.450981
-833.333374
-1696.078491
-2549.019775
-3009.803955
-3205.882324
-2382.353027
-1539.215698
-421.568634
598.039245
1460.784301
2313.725585
2882.353027
3147.058837
3156.862792
2607.843261
1941.176513
941.176513
-127.450981
-1117.647094
-1950.980468
-2764.706054
-3098.039306
-3245.098144
-2166.666748
-1294.117675
-107.843139
862.745117
1715.686279
2558.823486
2970.588378
2862.745117
2362.745117
1529.411743
431.372558
-607.843139
-1509.803955
-2352.941162
-3225.490234
-3088.235351
-2500.000000
-1852.941162
-794.117675
294.117645
2196.078369
2803.921630
3127.450927
3205.882324
2715.686279
2068.627441
1156.862792
-1147.058837
-2000.000000
-2725.490234
-3088.235351
-3225.490234
-2813.725585
-2284.313720
-1431.372558
-274.509796
725.490234
2509.803955
2980.392333
3176.470703
3049.019775
2470.588378
1725.490234
666.666687
-1460.784301
-2352.941162
-2911.764648
-3166.666748
-3166.666748
-2578.431396
-1921.568603
362.745117
1294.117675
2137.254882
2774.509765
3127.450927
3196.078369
2745.098144
2137.254882
1254.901977
98.039215
-823.529418
-1696.078491
-2549.019775
-3029.411865
-3235.294189
-3058.823486
-2470.588378
-1666.666748
637.254943
1509.803955
2362.745117
2901.960937
3166.666748
3117.647216
2558.823486
1901.960815
901.960815
-166.666671
-2107.843261
-2784.313720
-3137.254882
-3225.490234
-2754.902099
-2147.058837
-1235.294189
-88.235298
833.333374
1725.490234
2558.823486
3019.607910
3215.686279
3009.803955
2450.980468
490.196075
-549.019592
-1441.176513
-2323.529541
-2892.156982
-3156.862792
-3156.862792
-1843.137329
-784.313720
294.117645
1245.098022
2078.431396
2794.117675
3176.470703
2696.078369
2058.823486
1137.254882
-9.803922
-882.352966
-1774.509887
-3098.039306
-3225.490234
-2882.353027
-2352.941162
-1519.607910
-411.764709
607.843139
2470.588378
2970.588378
2990.196044
2431.372558
1676.470581
617.647094
-1500.000000
-2294.117675
-2901.960937
-3186.274658
-3196.078369
-2607.843261
-1931.372558
-931.372558
156.862747
1088.235351
1960.784301
2735.294189
3098.039306
3215.686279
2774.509765
2274.509765
1450.980468
343.137268
-1705.882324
-2549.019775
-3009.803955
-3196.078369
-3019.607910
-2470.588378
-1696.078491
-617.647094
470.588256
1362.745117
2892.156982
3186.274658
3137.254882
2558.823486
1921.568603
941.176513
-137.254898
-2078.431396
-2794.117675
-3156.862792
-3225.490234
-2764.706054
-2176.470703
-1274.509887
1009.803955
1911.764770
2715.686279
3068.627441
3196.078369
2813.725585
1372.549072
254.901962
-735.294128
-1578.431396
-2460.784423
-2970.588378
-3196.078369
-3078.431396
-2519.607910
-1774.509887
519.607849
1401.960815
2274.509765
2852.941162
3137.254882
3166.666748
2627.450927
921.568664
-186.274520
-1137.254882
-2009.803955
-2754.902099
-3127.450927
-3215.686279
-2137.254882
-1215.686279
-68.627449
862.745117
1715.686279
2539.215820
3019.607910
2843.137207
2382.353027
1578.431396
470.588256
-558.823547
-1450.980468
-2333.333496
-2901.960937
-3205.882324
-3186.274658
-1813.725463
-754.901977
1421.568603
2254.902099
2843.137207
3137.254882
3186.274658
2656.862792
2019.607910
1068.627441
-29.411766
-1009.803955
-1892.156860
-2686.274658
-3058.823486
-3176.470703
-2843.137207
-1343.137329
-205.882354
774.509826
1617.647094
2480.392089
2960.784423
3196.078369
2431.372558
1676.470581
607.843139
-460.784332
-1382.353027
-2235.294189
-2852.941162
-3166.666748
-2568.627441
-1911.764770
-862.745117
205.882354
1186.274536
2794.117675
3117.647216
3205.882324
2735.294189
2107.843261
1176.470581
58.823532
-1892.156860
-2686.274658
-3078.431396
-3225.490234
-2823.529541
-2323.529541
-1480.392211
823.529418
1686.274536
2519.607910
2980.392333
3186.274658
3029.411865
2470.588378
1745.098022
676.470581
-382.352935
-2294.117675
-2901.960937
-3156.862792
-3205.882324
-2617.647216
-1960.784301
-980.392150
1245.098022
2088.235351
2764.706054
3098.039306
3225.490234
2745.098144
2186.274658
1284.313720
166.666671
-803.921569
-1676.470581
-2529.411865
-2990.196044
-3205.882324
-3029.411865
-2470.588378
-1696.078491
-607.843139
1490.196166
2362.745117
2901.960937
3137.254882
3127.450927
2539.215820
1892.156860
911.764709
-166.666671
-1117.647094
-2000.000000
-2735.294189
-3078.431396
-3225.490234
-2813.725585
-2294.117675
-1421.568603
-274.509796
1745.098022
2578.431396
3019.607910
3186.274658
2980.392333
2441.176513
1666.666748
598.039245
-460.784332
-1392.156860
-2921.568603
-3186.274658
-3176.470703
-1813.725463
-754.901977
333.333343
1254.901977
2107.843261
2784.313720
3098.039306
2676.470703
2058.823486
1117.647094
-19.607843
-931.372558
-1794.117675
-2617.647216
-3225.490234
-2813.725585
-2294.117675
-1421.568603
-294.117645
715.686279
1578.431396
3009.803955
3196.078369
3000.000000
2450.980468
1764.705932
735.294128
-323.529418
-1294.117675
-2156.862792
-2813.725585
-3196.078369
-2656.862792
-1970.588256
264.705902
1196.078491
2039.215698
2774.509765
3088.235351
3196.078369
2764.706054
1196.078491
58.823532
-852.941162
-1715.686279
-2568.627441
-3029.411865
-3205.882324
-2362.745117
-1519.607910
-401.960784
617.647094
1480.392211
2352.941162
2892.156982
3068.627441
2500.000000
1862.745117
872.549011
-215.686279
-1186.274536
-2019.607910
-2784.313720
-3107.843261
-3225.490234
-2098.039306
-1186.274536
-39.215686
882.352966
1745.098022
2549.019775
2980.392333
2803.921630
2313.725585
1539.215698
401.960784
-607.843139
-1490.196166
-2362.745117
-2921.568603
-3186.274658
-3147.058837
-2558.823486
-1882.353027
-892.156860
245.098037
1147.058837
2000.000000
2735.294189
3058.823486
2754.902099
2196.078369
1323.529418
176.470596
-784.313720
-1637.254882
-2500.000000
-3215.686279
-3029.411865
-2460.784423
-1696.078491
-607.843139
480.392150
1372.549072
2215.686279
2833.333496
3137.254882
3205.882324
2676.470703
2009.803955
1107.843139
-29.411766
-950.980407
-1813.725463
-2647.058837
-3205.882324
-2823.529541
-2294.117675
-1411.764770
-274.509796
705.882385
1549.019653
3000.000000
3186.274658
3058.823486
2500.000000
1852.941162
823.529418
-264.705902
-2186.274658
-2823.529541
-3137.254882
-3225.490234
-2715.686279
-2058.823486
-1107.843139
39.215686
941.176513
1823.529418
2607.843261
3019.607910
3176.470703
2921.568603
2421.568603
1627.451049
549.019592
-519.607849
-2372.549072
-2911.764648
-3166.666748
-3156.862792
-2568.627441
-1872.549072
-862.745117
1352.941162
2205.882324
2803.921630
3098.039306
3176.470703
2696.078369
1009.803955
-107.843139
-1088.235351
-1960.784301
-2754.902099
-3107.843261
-3215.686279
-2166.666748
-1274.509887
-117.647064
843.137268
1715.686279
2539.215820
2970.588378
2882.353027
2392.156982
1578.431396
460.784332
-568.627441
-1460.784301
-2333.333496
-3186.274658
-3107.843261
-2519.607910
-1803.921630
-784.313720
333.333343
1284.313720
2088.235351
2774.509765
3098.039306
2696.078369
2068.627441
1117.647094
-1166.666748
-2019.607910
