225.490203
117.647064
-19.607843
-117.647064
-186.274520
-303.921569
-431.372558
-500.000000
-450.980407
-176.470596
-68.627449
9.803922
117.647064
205.882354
313.725494
441.176483
431.372558
294.117645
127.450981
29.411766
-29.411766
-147.058822
-274.509796
-421.568634
-529.411804
-539.215698
-441.176483
-264.705902
-137.254898
-39.215686
49.019607
156.862747
274.509796
450.980407
519.607849
352.941192
215.686279
107.843139
-9.803922
-88.235298
-176.470596
-333.333343
-490.196075
-421.568634
-294.117645
-176.470596
-68.627449
29.411766
117.647064
215.686279
352.941192
441.176483
480.392150
401.960784
264.705902
156.862747
49.019607
-58.823532
-127.450981
-235.294128
-392.156860
-529.411804
-382.352935
-215.686279
-127.450981
-39.215686
68.627449
176.470596
421.568634
490.196075
441.176483
343.137268
225.490203
98.039215
0.000000
-117.647064
-343.137268
-480.392150
-529.411804
-460.784332
-333.333343
-205.882354
-68.627449
19.607843
117.647064
186.274520
441.176483
480.392150
372.549041
245.098037
137.254898
19.607843
-68.627449
-313.725494
-441.176483
-519.607849
-519.607849
-392.156860
-235.294128
-98.039215
98.039215
186.274520
323.529418
421.568634
460.784332
392.156860
284.313720
156.862747
68.627449
-29.411766
-107.843139
-411.764709
-529.411804
-549.019592
-421.568634
-117.647064
-9.803922
88.235298
156.862747
284.313720
431.372558
460.784332
303.921569
166.666671
78.431373
-19.607843
-127.450981
-215.686279
-352.941192
-500.000000
-480.392150
-303.921569
-166.666671
-58.823532
19.607843
117.647064
362.745117
441.176483
450.980407
362.745117
245.098037
137.254898
39.215686
-58.823532
-137.254898
-254.901962
-411.764709
-480.392150
-480.392150
-382.352935
-225.490203
-137.254898
-19.607843
78.431373
137.254898
274.509796
401.960784
490.196075
470.588256
362.745117
215.686279
98.039215
-9.803922
-98.039215
-205.882354
-362.745117
-470.588256
-568.627441
-490.196075
-352.941192
-98.039215
9.803922
78.431373
176.470596
352.941192
441.176483
500.000000
421.568634
284.313720
147.058822
78.431373
-29.411766
-137.254898
-254.901962
-372.549041
-500.000000
-480.392150
-411.764709
-284.313720
-166.666671
-68.627449
39.215686
147.058822
235.294128
323.529418
441.176483
480.392150
392.156860
264.705902
147.058822
68.627449
-156.862747
-294.117645
-411.764709
-509.803924
-509.803924
-401.960784
-264.705902
9.803922
107.843139
196.078430
303.921569
431.372558
460.784332
431.372558
294.117645
166.666671
78.431373
-19.607843
-127.450981
-176.470596
-323.529418
-441.176483
-480.392150
-411.764709
-294.117645
-166.666671
49.019607
117.647064
225.490203
372.549041
490.196075
509.803924
411.764709
117.647064
0.000000
-68.627449
-156.862747
-294.117645
-431.372558
-500.000000
-549.019592
-225.490203
-107.843139
-9.803922
98.039215
147.058822
284.313720
401.960784
431.372558
274.509796
176.470596
58.823532
-29.411766
-137.254898
-254.901962
-470.588256
-490.196075
-411.764709
-284.313720
-156.862747
-58.823532
68.627449
303.921569
431.372558
519.607849
490.196075
343.137268
186.274520
88.235298
-127.450981
-186.274520
-313.725494
-431.372558
-490.196075
-421.568634
-284.313720
-68.627449
39.215686
107.843139
205.882354
392.156860
470.588256
470.588256
215.686279
88.235298
0.000000
-68.627449
-176.470596
-284.313720
-421.568634
-529.411804
-509.803924
-401.960784
-245.098037
-147.058822
-29.411766
68.627449
166.666671
284.313720
401.960784
509.803924
500.000000
323.529418
196.078430
98.039215
9.803922
-196.078430
-343.137268
-450.980407
-558.823547
-490.196075
-343.137268
-215.686279
29.411766
127.450981
254.901962
382.352935
441.176483
480.392150
382.352935
127.450981
19.607843
-58.823532
-156.862747
-264.705902
-441.176483
-470.588256
-333.333343
-186.274520
-117.647064
0.000000
98.039215
147.058822
284.313720
421.568634
500.000000
519.607849
343.137268
68.627449
-19.607843
-98.039215
-176.470596
-333.333343
-441.176483
-500.000000
-294.117645
-176.470596
-39.215686
19.607843
137.254898
254.901962
372.549041
490.196075
401.960784
274.509796
147.058822
19.607843
-49.019607
-156.862747
-284.313720
-480.392150
-460.784332
-323.529418
-225.490203
-107.843139
-19.607843
88.235298
196.078430
303.921569
401.960784
450.980407
333.333343
186.274520
58.823532
-29.411766
-127.450981
-215.686279
-470.588256
-490.196075
-382.352935
-254.901962
-137.254898
-39.215686
49.019607
274.509796
411.764709
460.784332
460.784332
352.941192
225.490203
107.843139
-107.843139
-245.098037
-392.156860
-490.196075
-539.215698
-480.392150
-323.529418
-176.470596
-58.823532
19.607843
117.647064
352.941192
460.784332
480.392150
392.156860
235.294128
147.058822
39.215686
-176.470596
-323.529418
-460.784332
-539.215698
-490.196075
-372.549041
-225.490203
29.411766
107.843139
245.098037
333.333343
470.588256
470.588256
382.352935
156.862747
29.411766
-49.019607
-127.450981
-264.705902
-392.156860
-490.196075
-343.137268
-205.882354
-117.647064
-9.803922
88.235298
186.274520
284.313720
421.568634
460.784332
441.176483
323.529418
196.078430
117.647064
0.000000
-88.235298
-176.470596
-343.137268
-450.980407
-519.607849
-313.725494
-166.666671
-88.235298
0.000000
88.235298
186.274520
362.745117
450.980407
411.764709
264.705902
156.862747
78.431373
-49.019607
-117.647064
-215.686279
-529.411804
-549.019592
-421.568634
-254.901962
-127.450981
-58.823532
49.019607
303.921569
392.156860
480.392150
450.980407
352.941192
205.882354
117.647064
-117.647064
-215.686279
-343.137268
-470.588256
-509.803924
-460.784332
-294.117645
-39.215686
39.215686
147.058822
274.509796
421.568634
509.803924
480.392150
235.294128
137.254898
9.803922
-98.039215
-166.666671
-303.921569
-431.372558
-519.607849
-460.784332
-372.549041
-225.490203
19.607843
107.843139
235.294128
382.352935
509.803924
509.803924
401.960784
147.058822
39.215686
-58.823532
-137.254898
-245.098037
-392.156860
-490.196075
-392.156860
-225.490203
-98.039215
-39.215686
58.823532
166.666671
323.529418
480.392150
421.568634
333.333343
215.686279
88.235298
-19.607843
-107.843139
-205.882354
-343.137268
-441.176483
-500.000000
-274.509796
-147.058822
-68.627449
39.215686
137.254898
235.294128
372.549041
500.000000
401.960784
264.705902
107.843139
29.411766
-68.627449
-166.666671
-421.568634
-490.196075
-441.176483
-343.137268
-196.078430
-98.039215
0.000000
58.823532
166.666671
303.921569
421.568634
411.764709
303.921569
166.666671
78.431373
-29.411766
-117.647064
-215.686279
-480.392150
-509.803924
-421.568634
-284.313720
-156.862747
-58.823532
58.823532
284.313720
431.372558
529.411804
500.000000
352.941192
205.882354
98.039215
-78.431373
-196.078430
-313.725494
-441.176483
-509.803924
-441.176483
-343.137268
-205.882354
-78.431373
9.803922
68.627449
352.941192
431.372558
480.392150
372.549041
284.313720
137.254898
58.823532
-137.254898
-264.705902
-382.352935
-480.392150
-490.196075
-362.745117
-235.294128
-19.607843
98.039215
166.666671
323.529418
421.568634
539.215698
480.392150
186.274520
68.627449
-39.215686
-127.450981
-196.078430
-352.941192
-431.372558
-500.000000
-421.568634
-313.725494
-166.666671
39.215686
127.450981
254.901962
401.960784
490.196075
519.607849
392.156860
88.235298
19.607843
-98.039215
-147.058822
-303.921569
-421.568634
-470.588256
-333.333343
-205.882354
-88.235298
19.607843
117.647064
205.882354
362.745117
470.588256
372.549041
235.294128
147.058822
39.215686
-68.627449
-147.058822
-254.901962
-401.960784
-470.588256
-490.196075
-254.901962
-127.450981
-19.607843
68.627449
156.862747
274.509796
411.764709
421.568634
294.117645
176.470596
78.431373
-29.411766
-117.647064
-235.294128
-470.588256
-490.196075
-392.156860
-264.705902
-156.862747
-39.215686
49.019607
284.313720
421.568634
519.607849
500.000000
343.137268
205.882354
88.235298
0.000000
-58.823532
-156.862747
-264.705902
-509.803924
-490.196075
-333.333343
-205.882354
-98.039215
-19.607843
78.431373
323.529418
431.372558
480.392150
450.980407
284.313720
196.078430
78.431373
-137.254898
-264.705902
-411.764709
-519.607849
-549.019592
-450.980407
-274.509796
-19.607843
78.431373
166.666671
294.117645
401.960784
460.784332
441.176483
333.333343
186.274520
98.039215
-9.803922
-215.686279
-352.941192
-460.784332
-490.196075
-450.980407
-352.941192
-196.078430
39.215686
127.450981
245.098037
421.568634
500.000000
480.392150
382.352935
147.058822
9.803922
-68.627449
-186.274520
-303.921569
-441.176483
-519.607849
-352.941192
-205.882354
-107.843139
-9.803922
98.039215
147.058822
284.313720
519.607849
460.784332
303.921569
156.862747
58.823532
-29.411766
-137.254898
-225.490203
-480.392150
-480.392150
-401.960784
-254.901962
-147.058822
-39.215686
49.019607
147.058822
235.294128
382.352935
460.784332
450.980407
372.549041
235.294128
127.450981
49.019607
-68.627449
-137.254898
-264.705902
-411.764709
-460.784332
-460.784332
-352.941192
-225.490203
-117.647064
-9.803922
78.431373
137.254898
264.705902
401.960784
500.000000
303.921569
196.078430
88.235298
-19.607843
-117.647064
-205.882354
-343.137268
-500.000000
-490.196075
-313.725494
-186.274520
-78.431373
19.607843
98.039215
362.745117
431.372558
470.588256
372.549041
245.098037
147.058822
39.215686
-186.274520
-294.117645
-441.176483
-490.196075
-480.392150
-343.137268
-215.686279
-117.647064
0.000000
78.431373
166.666671
343.137268
470.588256
539.215698
303.921569
166.666671
58.823532
-29.411766
-254.901962
-392.156860
-500.000000
-529.411804
-421.568634
-294.117645
-156.862747
58.823532
176.470596
274.509796
372.549041
460.784332
460.784332
343.137268
88.235298
-9.803922
-78.431373
-196.078430
-352.941192
-470.588256
-539.215698
-303.921569
-166.666671
-58.823532
19.607843
127.450981
225.490203
352.941192
480.392150
392.156860
274.509796
137.254898
19.607843
-49.019607
-176.470596
-401.960784
-490.196075
-460.784332
-343.137268
-225.490203
-98.039215
0.000000
176.470596
333.333343
470.588256
500.000000
411.764709
313.725494
196.078430
98.039215
0.000000
-78.431373
-176.470596
-343.137268
-460.784332
-529.411804
-519.607849
-392.156860
-235.294128
-98.039215
-19.607843
88.235298
176.470596
323.529418
431.372558
549.019592
480.392150
323.529418
186.274520
68.627449
-19.607843
-127.450981
-205.882354
-352.941192
-460.784332
-549.019592
-460.784332
-343.137268
-225.490203
-98.039215
9.803922
107.843139
196.078430
352.941192
460.784332
372.549041
254.901962
147.058822
39.215686
-68.627449
-137.254898
-245.098037
-362.745117
-460.784332
-480.392150
-362.745117
-254.901962
-127.450981
-29.411766
58.823532
156.862747
294.117645
431.372558
519.607849
313.725494
215.686279
117.647064
-19.607843
-117.647064
-196.078430
-303.921569
-529.411804
-431.372558
-303.921569
-156.862747
-68.627449
29.411766
117.647064
215.686279
333.333343
441.176483
480.392150
225.490203
98.039215
9.803922
-88.235298
-176.470596
-274.509796
-411.764709
-460.784332
-343.137268
-225.490203
-117.647064
0.000000
68.627449
176.470596
392.156860
460.784332
392.156860
303.921569
176.470596
68.627449
-19.607843
-98.039215
-196.078430
-323.529418
-441.176483
-490.196075
-421.568634
-284.313720
-166.666671
-68.627449
19.607843
117.647064
215.686279
490.196075
490.196075
401.960784
284.313720
156.862747
39.215686
-49.019607
-313.725494
-470.588256
-519.607849
-490.196075
-343.137268
-215.686279
-78.431373
127.450981
215.686279
352.941192
441.176483
500.000000
401.960784
303.921569
176.470596
88.235298
-39.215686
-98.039215
-421.568634
-509.803924
-578.431396
-431.372558
-137.254898
-29.411766
78.431373
176.470596
303.921569
431.372558
470.588256
323.529418
225.490203
98.039215
0.000000
-98.039215
-196.078430
-343.137268
-490.196075
-441.176483
-303.921569
-196.078430
-107.843139
0.000000
88.235298
343.137268
441.176483
470.588256
392.156860
284.313720
147.058822
39.215686
-137.254898
-254.901962
-382.352935
-460.784332
-460.784332
-343.137268
-235.294128
9.803922
78.431373
166.666671
323.529418
431.372558
500.000000
490.196075
323.529418
196.078430
78.431373
-9.803922
-98.039215
-196.078430
-284.313720
-411.764709
-470.588256
-441.176483
-313.725494
-196.078430
-98.039215
0.000000
68.627449
156.862747
284.313720
392.156860
470.588256
431.372558
343.137268
205.882354
88.235298
-9.803922
-88.235298
-186.274520
-313.725494
-441.176483
-500.000000
-460.784332
-352.941192
-245.098037
-107.843139
0.000000
78.431373
323.529418
401.960784
460.784332
411.764709
156.862747
49.019607
-19.607843
-147.058822
-245.098037
-401.960784
-480.392150
-372.549041
-205.882354
-98.039215
-39.215686
49.019607
176.470596
254.901962
382.352935
450.980407
460.784332
343.137268
117.647064
-29.411766
-78.431373
-196.078430
-323.529418
-450.980407
-480.392150
-303.921569
-186.274520
-88.235298
19.607843
107.843139
205.882354
352.941192
470.588256
352.941192
235.294128
127.450981
19.607843
-58.823532
-176.470596
-401.960784
-490.196075
-450.980407
-343.137268
-225.490203
-107.843139
0.000000
68.627449
156.862747
274.509796
411.764709
421.568634
294.117645
166.666671
68.627449
-9.803922
-117.647064
-205.882354
-460.784332
-519.607849
-411.764709
-303.921569
-166.666671
-68.627449
39.215686
274.509796
382.352935
500.000000
460.784332
343.137268
225.490203
127.450981
-107.843139
-225.490203
-323.529418
-450.980407
-509.803924
-421.568634
-323.529418
-186.274520
-98.039215
-9.803922
98.039215
323.529418
411.764709
470.588256
372.549041
294.117645
156.862747
39.215686
-127.450981
-284.313720
-401.960784
-470.588256
-509.803924
-372.549041
-264.705902
-9.803922
88.235298
186.274520
333.333343
421.568634
509.803924
509.803924
156.862747
68.627449
-29.411766
-137.254898
-235.294128
-401.960784
-490.196075
-549.019592
-450.980407
-284.313720
-156.862747
58.823532
147.058822
274.509796
421.568634
480.392150
460.784332
343.137268
107.843139
-9.803922
-78.431373
-156.862747
-284.313720
-411.764709
-470.588256
-352.941192
-196.078430
-68.627449
19.607843
117.647064
176.470596
323.529418
490.196075
362.745117
254.901962
127.450981
39.215686
-49.019607
-156.862747
-284.313720
-411.764709
-509.803924
-519.607849
-225.490203
-107.843139
-19.607843
68.627449
186.274520
313.725494
441.176483
421.568634
313.725494
196.078430
78.431373
-19.607843
-107.843139
-215.686279
-470.588256
-519.607849
-401.960784
-294.117645
-166.666671
-49.019607
78.431373
284.313720
411.764709
509.803924
490.196075
352.941192
215.686279
68.627449
0.000000
-78.431373
-147.058822
-254.901962
-519.607849
-470.588256
-323.529418
-215.686279
-98.039215
-19.607843
98.039215
362.745117
460.784332
549.019592
421.568634
284.313720
147.058822
58.823532
-176.470596
-274.509796
-421.568634
-509.803924
-509.803924
-382.352935
-254.901962
-19.607843
98.039215
176.470596
294.117645
421.568634
470.588256
441.176483
196.078430
98.039215
-49.019607
-117.647064
-196.078430
-362.745117
-450.980407
-421.568634
-284.313720
-166.666671
-49.019607
29.411766
147.058822
225.490203
460.784332
421.568634
323.529418
215.686279
117.647064
9.803922
-107.843139
-186.274520
-450.980407
-500.000000
-480.392150
-362.745117
-225.490203
-107.843139
9.803922
245.098037
372.549041
490.196075
529.411804
401.960784
264.705902
137.254898
49.019607
-39.215686
-137.254898
-372.549041
-470.588256
-470.588256
-352.941192
-235.294128
-107.843139
-49.019607
176.470596
284.313720
392.156860
460.784332
421.568634
303.921569
176.470596
68.627449
-19.607843
-117.647064
-205.882354
-372.549041
-470.588256
-539.215698
-450.980407
-303.921569
-166.666671
-68.627449
0.000000
215.686279
333.333343
441.176483
480.392150
401.960784
284.313720
156.862747
49.019607
-49.019607
-137.254898
-235.294128
-519.607849
-529.411804
-401.960784
-274.509796
-29.411766
78.431373
196.078430
333.333343
450.980407
500.000000
401.960784
186.274520
78.431373
9.803922
-107.843139
-225.490203
-372.549041
-460.784332
-549.019592
-460.784332
-362.745117
-215.686279
-88.235298
19.607843
88.235298
392.156860
490.196075
509.803924
382.352935
245.098037
137.254898
39.215686
-58.823532
-147.058822
-284.313720
-411.764709
-519.607849
-549.019592
-401.960784
-274.509796
-9.803922
98.039215
176.470596
303.921569
411.764709
480.392150
421.568634
323.529418
196.078430
88.235298
19.607843
-98.039215
-196.078430
-294.117645
-421.568634
-500.000000
-431.372558
-323.529418
-205.882354
-107.843139
137.254898
215.686279
352.941192
460.784332
470.588256
382.352935
284.313720
137.254898
39.215686
-39.215686
-127.450981
-264.705902
-411.764709
-519.607849
-558.823547
-411.764709
-294.117645
-166.666671
68.627449
166.666671
294.117645
411.764709
529.411804
480.392150
352.941192
205.882354
78.431373
0.000000
-68.627449
-313.725494
-421.568634
-519.607849
-431.372558
-343.137268
-205.882354
-78.431373
107.843139
205.882354
343.137268
431.372558
470.588256
343.137268
264.705902
19.607843
-68.627449
-156.862747
-274.509796
-421.568634
-480.392150
-480.392150
-215.686279
-117.647064
9.803922
98.039215
176.470596
343.137268
441.176483
529.411804
470.588256
333.333343
186.274520
-39.215686
-156.862747
-264.705902
-421.568634
-509.803924
-519.607849
-441.176483
-117.647064
-49.019607
68.627449
176.470596
303.921569
431.372558
500.000000
352.941192
215.686279
107.843139
-9.803922
-78.431373
-186.274520
-313.725494
-558.823547
-470.588256
-333.333343
-196.078430
-88.235298
19.607843
88.235298
176.470596
333.333343
431.372558
480.392150
235.294128
117.647064
49.019607
-58.823532
-274.509796
-411.764709
-480.392150
-450.980407
-343.137268
-215.686279
-98.039215
98.039215
166.666671
303.921569
401.960784
470.588256
401.960784
284.313720
49.019607
-29.411766
-127.450981
-225.490203
-372.549041
-460.784332
-519.607849
-245.098037
-137.254898
-49.019607
49.019607
137.254898
274.509796
421.568634
509.803924
509.803924
362.745117
235.294128
98.039215
19.607843
-88.235298
-294.117645
-401.960784
-490.196075
-450.980407
-215.686279
-88.235298
29.411766
98.039215
186.274520
323.529418
411.764709
382.352935
245.098037
117.647064
29.411766
-58.823532
-166.666671
-245.098037
-450.980407
-450.980407
-352.941192
-225.490203
-107.843139
-19.607843
68.627449
303.921569
401.960784
450.980407
411.764709
284.313720
186.274520
78.431373
-117.647064
-215.686279
-362.745117
-441.176483
-480.392150
-382.352935
-254.901962
-39.215686
68.627449
137.254898
264.705902
362.745117
480.392150
431.372558
205.882354
78.431373
-9.803922
-98.039215
-196.078430
-333.333343
-450.980407
-509.803924
-284.313720
-176.470596
-78.431373
19.607843
107.843139
215.686279
352.941192
470.588256
529.411804
411.764709
303.921569
166.666671
49.019607
-29.411766
-127.450981
-235.294128
-352.941192
-460.784332
-401.960784
-264.705902
-137.254898
-39.215686
58.823532
147.058822
264.705902
372.549041
480.392150
450.980407
343.137268
78.431373
0.000000
-88.235298
-166.666671
-421.568634
-490.196075
-450.980407
-303.921569
-205.882354
-98.039215
19.607843
235.294128
362.745117
441.176483
509.803924
421.568634
274.509796
156.862747
-78.431373
-156.862747
-294.117645
-421.568634
-490.196075
-470.588256
-352.941192
-98.039215
0.000000
78.431373
186.274520
313.725494
421.568634
470.588256
303.921569
176.470596
68.627449
-49.019607
-127.450981
-196.078430
-343.137268
-490.196075
-421.568634
-274.509796
-147.058822
-49.019607
58.823532
137.254898
215.686279
372.549041
441.176483
450.980407
333.333343
215.686279
127.450981
39.215686
-78.431373
-176.470596
-294.117645
-441.176483
-431.372558
-303.921569
-166.666671
-98.039215
0.000000
78.431373
156.862747
294.117645
392.156860
460.784332
411.764709
166.666671
88.235298
-39.215686
-107.843139
-382.352935
-470.588256
-490.196075
-392.156860
-274.509796
-147.058822
-49.019607
137.254898
274.509796
362.745117
460.784332
411.764709
313.725494
196.078430
-29.411766
-98.039215
-176.470596
-323.529418
-421.568634
-470.588256
-401.960784
-176.470596
-58.823532
49.019607
107.843139
205.882354
343.137268
421.568634
352.941192
235.294128
127.450981
19.607843
-78.431373
-156.862747
-294.117645
-480.392150
-421.568634
-313.725494
-186.274520
-98.039215
9.803922
78.431373
362.745117
450.980407
519.607849
431.372558
303.921569
156.862747
68.627449
-137.254898
-284.313720
-401.960784
-490.196075
-480.392150
-362.745117
-235.294128
-9.803922
88.235298
186.274520
303.921569
401.960784
480.392150
460.784332
323.529418
205.882354
88.235298
0.000000
-78.431373
-196.078430
-313.725494
-450.980407
-509.803924
-470.588256
-352.941192
-225.490203
-107.843139
0.000000
58.823532
176.470596
441.176483
500.000000
411.764709
284.313720
58.823532
-29.411766
-107.843139
-215.686279
-343.137268
-460.784332
-490.196075
-264.705902
-117.647064
-19.607843
68.627449
166.666671
303.921569
421.568634
431.372558
294.117645
186.274520
88.235298
-9.803922
-107.843139
-205.882354
-431.372558
-470.588256
-382.352935
-274.509796
-166.666671
-68.627449
39.215686
225.490203
362.745117
431.372558
431.372558
352.941192
235.294128
117.647064
-107.843139
-215.686279
-333.333343
-480.392150
-549.019592
-480.392150
-343.137268
-68.627449
9.803922
107.843139
225.490203
362.745117
470.588256
519.607849
235.294128
117.647064
29.411766
-49.019607
-176.470596
-284.313720
-431.372558
-500.000000
-490.196075
-372.549041
-254.901962
-156.862747
-49.019607
49.019607
147.058822
264.705902
372.549041
450.980407
460.784332
205.882354
78.431373
0.000000
-107.843139
-186.274520
-333.333343
-460.784332
-549.019592
-294.117645
-186.274520
-98.039215
9.803922
117.647064
225.490203
362.745117
450.980407
382.352935
254.901962
147.058822
49.019607
-49.019607
-156.862747
-382.352935
-450.980407
-470.588256
-352.941192
-235.294128
-147.058822
-29.411766
186.274520
323.529418
441.176483
490.196075
431.372558
313.725494
186.274520
-39.215686
-147.058822
-225.490203
-372.549041
-490.196075
-490.196075
-421.568634
-127.450981
-29.411766
68.627449
147.058822
274.509796
372.549041
470.588256
303.921569
156.862747
78.431373
-19.607843
-107.843139
-186.274520
-323.529418
-539.215698
-450.980407
-313.725494
-166.666671
-68.627449
49.019607
117.647064
205.882354
343.137268
411.764709
441.176483
254.901962
137.254898
19.607843
-68.627449
-147.058822
-254.901962
-382.352935
-441.176483
-352.941192
-186.274520
-117.647064
0.000000
68.627449
147.058822
460.784332
509.803924
460.784332
313.725494
186.274520
88.235298
-9.803922
-264.705902
-401.960784
-509.803924
-539.215698
-441.176483
-313.725494
-156.862747
58.823532
156.862747
264.705902
372.549041
441.176483
431.372558
333.333343
88.235298
-29.411766
-78.431373
-186.274520
-323.529418
-411.764709
-450.980407
-421.568634
-186.274520
-58.823532
29.411766
127.450981
215.686279
352.941192
411.764709
343.137268
254.901962
117.647064
19.607843
-78.431373
-156.862747
-264.705902
-490.196075
-431.372558
-323.529418
-196.078430
-68.627449
-19.607843
98.039215
303.921569
401.960784
450.980407
362.745117
264.705902
147.058822
39.215686
-127.450981
-235.294128
-362.745117
-480.392150
-509.803924
-362.745117
-245.098037
-9.803922
88.235298
176.470596
294.117645
411.764709
500.000000
421.568634
205.882354
98.039215
-19.607843
-107.843139
-176.470596
-333.333343
-441.176483
-509.803924
-460.784332
-323.529418
-205.882354
39.215686
117.647064
235.294128
362.745117
450.980407
480.392150
362.745117
117.647064
0.000000
-78.431373
-186.274520
-284.313720
-421.568634
-519.607849
-343.137268
-196.078430
-98.039215
-9.803922
88.235298
186.274520
294.117645
431.372558
500.000000
421.568634
303.921569
166.666671
88.235298
0.000000
-88.235298
-323.529418
-431.372558
-470.588256
-421.568634
-294.117645
-166.666671
-68.627449
147.058822
235.294128
372.549041
490.196075
500.000000
372.549041
264.705902
39.215686
-78.431373
-147.058822
-274.509796
-401.960784
-509.803924
-480.392150
-215.686279
-98.039215
-9.803922
78.431373
186.274520
313.725494
421.568634
411.764709
294.117645
156.862747
68.627449
-9.803922
-117.647064
-225.490203
-421.568634
-480.392150
-392.156860
-264.705902
-147.058822
-39.215686
39.215686
225.490203
362.745117
441.176483
421.568634
313.725494
186.274520
107.843139
0.000000
-88.235298
-166.666671
-294.117645
-460.784332
-441.176483
-313.725494
-186.274520
19.607843
107.843139
215.686279
362.745117
480.392150
490.196075
392.156860
117.647064
39.215686
-58.823532
-166.666671
-294.117645
-441.176483
-490.196075
-313.725494
-215.686279
-78.431373
-9.803922
78.431373
166.666671
303.921569
450.980407
392.156860
264.705902
166.666671
68.627449
-29.411766
-107.843139
-392.156860
-490.196075
-529.411804
-421.568634
-294.117645
-196.078430
-49.019607
147.058822
254.901962
392.156860
470.588256
421.568634
352.941192
196.078430
-19.607843
-107.843139
-196.078430
-323.529418
-411.764709
-470.588256
-401.960784
-166.666671
-49.019607
49.019607
137.254898
254.901962
382.352935
470.588256
323.529418
205.882354
127.450981
9.803922
-78.431373
-166.666671
-323.529418
-450.980407
-519.607849
-509.803924
-352.941192
-98.039215
-9.803922
98.039215
176.470596
303.921569
431.372558
480.392150
284.313720
156.862747
68.627449
-49.019607
-127.450981
-264.705902
-392.156860
-470.588256
-372.549041
-235.294128
-127.450981
-29.411766
49.019607
156.862747
274.509796
392.156860
460.784332
450.980407
196.078430
78.431373
0.000000
-78.431373
-284.313720
-411.764709
-460.784332
-401.960784
-303.921569
-166.666671
-78.431373
117.647064
235.294128
352.941192
470.588256
509.803924
401.960784
274.509796
29.411766
-68.627449
-156.862747
-284.313720
-421.568634
-480.392150
-470.588256
-196.078430
-98.039215
9.803922
88.235298
156.862747
284.313720
431.372558
392.156860
264.705902
156.862747
68.627449
-29.411766
-117.647064
-215.686279
-490.196075
-519.607849
-411.764709
-274.509796
-166.666671
-58.823532
49.019607
284.313720
382.352935
480.392150
441.176483
362.745117
215.686279
117.647064
-117.647064
-205.882354
-343.137268
-421.568634
-470.588256
-401.960784
-274.509796
-58.823532
39.215686
147.058822
254.901962
401.960784
460.784332
519.607849
372.549041
254.901962
117.647064
39.215686
-58.823532
-137.254898
-254.901962
-382.352935
-450.980407
-431.372558
-333.333343
-215.686279
0.000000
78.431373
137.254898
274.509796
382.352935
421.568634
421.568634
303.921569
196.078430
78.431373
0.000000
-58.823532
-147.058822
-274.509796
-421.568634
-480.392150
-431.372558
-323.529418
-196.078430
-98.039215
0.000000
88.235298
156.862747
284.313720
382.352935
480.392150
431.372558
313.725494
186.274520
78.431373
-9.803922
-98.039215
-313.725494
-421.568634
-480.392150
-421.568634
-303.921569
-205.882354
-88.235298
127.450981
235.294128
392.156860
450.980407
490.196075
401.960784
264.705902
-9.803922
-68.627449
-156.862747
-313.725494
-431.372558
-480.392150
-470.588256
-196.078430
-98.039215
0.000000
88.235298
156.862747
284.313720
421.568634
411.764709
284.313720
166.666671
68.627449
-49.019607
-117.647064
-254.901962
-450.980407
-460.784332
-372.549041
-254.901962
-137.254898
-49.019607
49.019607
245.098037
362.745117
450.980407
411.764709
323.529418
196.078430
98.039215
9.803922
-88.235298
-186.274520
-294.117645
-431.372558
-519.607849
-500.000000
-352.941192
-235.294128
-137.254898
-19.607843
49.019607
147.058822
264.705902
392.156860
450.980407
450.980407
333.333343
196.078430
107.843139
0.000000
-78.431373
-137.254898
-264.705902
-411.764709
-480.392150
-372.549041
-225.490203
-107.843139
0.000000
88.235298
166.666671
450.980407
490.196075
411.764709
284.313720
166.666671
68.627449
-39.215686
-254.901962
-411.764709
-490.196075
-529.411804
-411.764709
-294.117645
-156.862747
58.823532
137.254898
274.509796
372.549041
441.176483
421.568634
313.725494
88.235298
-19.607843
-88.235298
-176.470596
-333.333343
-401.960784
-470.588256
-303.921569
-156.862747
-58.823532
29.411766
147.058822
254.901962
401.960784
431.372558
352.941192
215.686279
107.843139
9.803922
-78.431373
-186.274520
-431.372558
-460.784332
-421.568634
-313.725494
-196.078430
-78.431373
0.000000
88.235298
156.862747
274.509796
382.352935
450.980407
392.156860
294.117645
176.470596
88.235298
0.000000
-98.039215
-137.254898
-274.509796
-480.392150
-431.372558
-323.529418
-176.470596
-98.039215
9.803922
107.843139
323.529418
401.960784
460.784332
372.549041
284.313720
147.058822
58.823532
-137.254898
-235.294128
-352.941192
-490.196075
-470.588256
-362.745117
-245.098037
-9.803922
78.431373
196.078430
323.529418
411.764709
519.607849
450.980407
166.666671
58.823532
-29.411766
-127.450981
-235.294128
-372.549041
-441.176483
-392.156860
-264.705902
-147.058822
-58.823532
29.411766
127.450981
215.686279
480.392150
450.980407
362.745117
225.490203
117.647064
0.000000
-88.235298
-186.274520
-441.176483
-519.607849
-480.392150
-352.941192
-205.882354
-88.235298
9.803922
78.431373
166.666671
274.509796
411.764709
450.980407
421.568634
303.921569
176.470596
78.431373
-19.607843
-127.450981
-215.686279
-431.372558
-460.784332
-411.764709
-284.313720
-137.254898
-58.823532
29.411766
117.647064
225.490203
343.137268
450.980407
431.372558
362.745117
225.490203
117.647064
29.411766
-68.627449
-186.274520
-274.509796
-470.588256
-431.372558
-333.333343
-205.882354
-98.039215
9.803922
68.627449
166.666671
303.921569
401.960784
470.588256
411.764709
333.333343
196.078430
88.235298
-9.803922
-88.235298
-166.666671
-284.313720
-500.000000
-460.784332
-343.137268
-196.078430
-78.431373
39.215686
68.627449
352.941192
431.372558
470.588256
382.352935
264.705902
147.058822
49.019607
-127.450981
-274.509796
-382.352935
-431.372558
-441.176483
-333.333343
-196.078430
0.000000
58.823532
156.862747
274.509796
382.352935
441.176483
421.568634
196.078430
58.823532
-49.019607
-107.843139
-205.882354
-352.941192
-460.784332
-372.549041
-245.098037
-137.254898
-49.019607
58.823532
156.862747
274.509796
441.176483
421.568634
313.725494
196.078430
88.235298
0.000000
-88.235298
-137.254898
-392.156860
-470.588256
-421.568634
-313.725494
-196.078430
-98.039215
-19.607843
196.078430
333.333343
411.764709
460.784332
372.549041
274.509796
137.254898
-68.627449
-166.666671
-294.117645
-401.960784
-460.784332
-480.392150
-362.745117
-98.039215
-9.803922
68.627449
186.274520
294.117645
401.960784
441.176483
284.313720
166.666671
68.627449
-29.411766
-98.039215
-215.686279
-333.333343
-529.411804
-411.764709
-323.529418
-176.470596
-49.019607
49.019607
117.647064
372.549041
490.196075
470.588256
343.137268
205.882354
127.450981
9.803922
-176.470596
-323.529418
-401.960784
-480.392150
-421.568634
-313.725494
-186.274520
39.215686
127.450981
225.490203
362.745117
450.980407
470.588256
382.352935
127.450981
19.607843
-58.823532
-176.470596
-294.117645
-411.764709
-490.196075
-470.588256
-196.078430
-98.039215
-19.607843
78.431373
186.274520
303.921569
411.764709
401.960784
264.705902
127.450981
58.823532
-29.411766
-117.647064
-215.686279
-500.000000
-470.588256
-392.156860
-284.313720
-147.058822
-39.215686
49.019607
274.509796
401.960784
500.000000
460.784332
333.333343
225.490203
88.235298
-107.843139
-196.078430
-323.529418
-450.980407
-500.000000
-490.196075
-343.137268
-78.431373
19.607843
107.843139
205.882354
343.137268
421.568634
470.588256
245.098037
117.647064
29.411766
-58.823532
-137.254898
-225.490203
-382.352935
-460.784332
-450.980407
-362.745117
-215.686279
-127.450981
-29.411766
68.627449
137.254898
254.901962
382.352935
441.176483
450.980407
166.666671
78.431373
-19.607843
-107.843139
-186.274520
-313.725494
-421.568634
-401.960784
-284.313720
-166.666671
-49.019607
29.411766
137.254898
254.901962
382.352935
470.588256
509.803924
382.352935
264.705902
127.450981
29.411766
-68.627449
-137.254898
-245.098037
-362.745117
-450.980407
-352.941192
-225.490203
-117.647064
-9.803922
78.431373
137.254898
294.117645
450.980407
441.176483
294.117645
166.666671
68.627449
-29.411766
-137.254898
-225.490203
-441.176483
-470.588256
-382.352935
-254.901962
-137.254898
-39.215686
29.411766
107.843139
215.686279
343.137268
480.392150
362.745117
264.705902
127.450981
0.000000
-78.431373
-156.862747
-274.509796
-382.352935
-460.784332
-460.784332
-343.137268
-205.882354
-107.843139
-9.803922
88.235298
176.470596
294.117645
411.764709
500.000000
500.000000
313.725494
176.470596
98.039215
0.000000
-68.627449
-137.254898
-245.098037
-470.588256
-450.980407
-333.333343
-205.882354
-98.039215
0.000000
68.627449
333.333343
441.176483
519.607849
450.980407
343.137268
225.490203
88.235298
-147.058822
-225.490203
-362.745117
-450.980407
-470.588256
-382.352935
-264.705902
-49.019607
58.823532
117.647064
215.686279
362.745117
441.176483
421.568634
205.882354
88.235298
0.000000
-68.627449
-166.666671
-274.509796
-382.352935
-490.196075
-352.941192
-225.490203
-88.235298
19.607843
88.235298
156.862747
303.921569
480.392150
392.156860
284.313720
156.862747
58.823532
-49.019607
-127.450981
-392.156860
-450.980407
-450.980407
-362.745117
-235.294128
-117.647064
-29.411766
166.666671
323.529418
431.372558
480.392150
431.372558
323.529418
225.490203
-39.215686
-107.843139
-196.078430
-333.333343
-401.960784
-450.980407
-372.549041
-137.254898
-49.019607
68.627449
137.254898
264.705902
421.568634
509.803924
294.117645
166.666671
68.627449
-19.607843
-107.843139
-176.470596
-303.921569
-509.803924
-450.980407
-313.725494
-196.078430
-98.039215
29.411766
137.254898
333.333343
421.568634
431.372558
343.137268
225.490203
127.450981
39.215686
-49.019607
-156.862747
-264.705902
-392.156860
-460.784332
-372.549041
-235.294128
-127.450981
98.039215
186.274520
323.529418
401.960784
441.176483
372.549041
245.098037
147.058822
39.215686
-49.019607
-127.450981
-254.901962
-362.745117
-441.176483
-509.803924
-411.764709
-264.705902
-166.666671
68.627449
137.254898
245.098037
382.352935
470.588256
460.784332
362.745117
205.882354
98.039215
9.803922
-68.627449
-303.921569
-441.176483
-519.607849
-480.392150
-362.745117
-196.078430
-88.235298
88.235298
186.274520
303.921569
401.960784
392.156860
274.509796
147.058822
39.215686
-49.019607
-127.450981
-225.490203
-480.392150
-480.392150
-352.941192
-235.294128
-117.647064
9.803922
78.431373
264.705902
382.352935
450.980407
411.764709
264.705902
166.666671
68.627449
-147.058822
-254.901962
-382.352935
-480.392150
-519.607849
-431.372558
-294.117645
-29.411766
49.019607
137.254898
245.098037
362.745117
441.176483
431.372558
235.294128
88.235298
-9.803922
-88.235298
-186.274520
-284.313720
-401.960784
-480.392150
-431.372558
-313.725494
-196.078430
-88.235298
0.000000
88.235298
176.470596
313.725494
431.372558
509.803924
460.784332
343.137268
215.686279
117.647064
-19.607843
-107.843139
-215.686279
-343.137268
-450.980407
-519.607849
-431.372558
-323.529418
-176.470596
19.607843
117.647064
225.490203
352.941192
431.372558
441.176483
333.333343
127.450981
-9.803922
-68.627449
-137.254898
-264.705902
-401.960784
-450.980407
-313.725494
-205.882354
-78.431373
0.000000
58.823532
127.450981
284.313720
382.352935
441.176483
313.725494
196.078430
78.431373
-19.607843
-107.843139
-215.686279
-450.980407
-450.980407
-372.549041
-254.901962
-137.254898
-58.823532
39.215686
264.705902
392.156860
490.196075
421.568634
333.333343
196.078430
98.039215
-107.843139
-196.078430
-362.745117
-431.372558
-490.196075
-441.176483
-294.117645
-58.823532
39.215686
156.862747
235.294128
392.156860
460.784332
480.392150
205.882354
88.235298
9.803922
-98.039215
-156.862747
-294.117645
-441.176483
-421.568634
-313.725494
-176.470596
-98.039215
-9.803922
88.235298
186.274520
313.725494
382.352935
450.980407
411.764709
303.921569
196.078430
78.431373
-29.411766
-117.647064
-215.686279
-352.941192
-441.176483
-392.156860
-284.313720
-176.470596
-78.431373
39.215686
117.647064
225.490203
441.176483
450.980407
333.333343
215.686279
117.647064
0.000000
-58.823532
-127.450981
-392.156860
-460.784332
-431.372558
-313.725494
-176.470596
-98.039215
-9.803922
186.274520
323.529418
460.784332
509.803924
450.980407
303.921569
176.470596
-39.215686
-137.254898
-225.490203
-362.745117
-450.980407
-460.784332
-372.549041
-127.450981
-19.607843
68.627449
156.862747
274.509796
382.352935
460.784332
411.764709
313.725494
196.078430
78.431373
-9.803922
-88.235298
-176.470596
-313.725494
-431.372558
-529.411804
-450.980407
-333.333343
-215.686279
-88.235298
-9.803922
78.431373
166.666671
303.921569
421.568634
500.000000
401.960784
294.117645
186.274520
88.235298
0.000000
-98.039215
-176.470596
-313.725494
-470.588256
-450.980407
-333.333343
-205.882354
-107.843139
0.000000
88.235298
352.941192
431.372558
480.392150
421.568634
294.117645
166.666671
49.019607
-127.450981
-215.686279
-372.549041
-431.372558
-490.196075
-392.156860
-264.705902
-19.607843
58.823532
176.470596
274.509796
392.156860
460.784332
421.568634
196.078430
88.235298
-9.803922
-88.235298
-176.470596
-294.117645
-411.764709
-480.392150
-411.764709
-303.921569
-196.078430
39.215686
137.254898
225.490203
343.137268
421.568634
450.980407
343.137268
127.450981
9.803922
-58.823532
-137.254898
-254.901962
-411.764709
-490.196075
-313.725494
-205.882354
-78.431373
0.000000
78.431373
176.470596
294.117645
421.568634
382.352935
274.509796
176.470596
58.823532
-39.215686
-107.843139
-205.882354
-490.196075
-539.215698
-411.764709
-274.509796
-156.862747
-58.823532
49.019607
127.450981
254.901962
401.960784
509.803924
500.000000
352.941192
235.294128
107.843139
29.411766
-29.411766
-137.254898
-235.294128
-490.196075
-470.588256
-313.725494
-215.686279
-98.039215
-29.411766
68.627449
166.666671
294.117645
392.156860
470.588256
411.764709
323.529418
186.274520
78.431373
-9.803922
-117.647064
-205.882354
-362.745117
-470.588256
-401.960784
-274.509796
-166.666671
-78.431373
39.215686
107.843139
186.274520
333.333343
401.960784
470.588256
352.941192
245.098037
147.058822
29.411766
-49.019607
-147.058822
-235.294128
-480.392150
-490.196075
-362.745117
-254.901962
-127.450981
-29.411766
49.019607
176.470596
294.117645
411.764709
460.784332
284.313720
166.666671
58.823532
-9.803922
-245.098037
-372.549041
-490.196075
-529.411804
-421.568634
-294.117645
-176.470596
58.823532
98.039215
215.686279
323.529418
421.568634
450.980407
323.529418
107.843139
9.803922
-88.235298
-166.666671
-264.705902
-421.568634
-509.803924
-303.921569
-166.666671
-98.039215
0.000000
88.235298
166.666671
294.117645
431.372558
372.549041
284.313720
156.862747
58.823532
-49.019607
-127.450981
-382.352935
-500.000000
-460.784332
-392.156860
-254.901962
-137.254898
-58.823532
49.019607
127.450981
215.686279
352.941192
441.176483
431.372558
323.529418
205.882354
107.843139
19.607843
-78.431373
-156.862747
-441.176483
-509.803924
-450.980407
-343.137268
-225.490203
-88.235298
-9.803922
98.039215
156.862747
274.509796
372.549041
441.176483
401.960784
313.725494
166.666671
58.823532
-19.607843
-98.039215
-186.274520
-470.588256
-519.607849
-431.372558
-303.921569
-166.666671
-39.215686
19.607843
127.450981
254.901962
392.156860
460.784332
333.333343
205.882354
107.843139
-9.803922
-196.078430
-333.333343
-450.980407
-500.000000
-500.000000
-333.333343
-196.078430
9.803922
98.039215
186.274520
313.725494
460.784332
490.196075
441.176483
147.058822
58.823532
-39.215686
-127.450981
-245.098037
-382.352935
-460.784332
-411.764709
-284.313720
-147.058822
-29.411766
68.627449
176.470596
264.705902
450.980407
431.372558
313.725494
196.078430
88.235298
0.000000
-88.235298
-166.666671
-274.509796
-401.960784
-470.588256
-313.725494
-186.274520
-68.627449
19.607843
117.647064
205.882354
362.745117
470.588256
372.549041
254.901962
137.254898
49.019607
-39.215686
-117.647064
-431.372558
-500.000000
-509.803924
-411.764709
-274.509796
-137.254898
-39.215686
176.470596
264.705902
392.156860
441.176483
372.549041
294.117645
147.058822
-29.411766
-137.254898
-254.901962
-382.352935
-460.784332
-490.196075
-382.352935
-147.058822
-39.215686
58.823532
127.450981
235.294128
392.156860
441.176483
441.176483
333.333343
186.274520
88.235298
29.411766
-88.235298
-176.470596
-274.509796
-392.156860
-431.372558
-450.980407
-333.333343
-78.431373
9.803922
68.627449
166.666671
294.117645
401.960784
450.980407
411.764709
294.117645
176.470596
58.823532
-156.862747
-254.901962
-392.156860
-480.392150
-500.000000
-431.372558
-303.921569
-29.411766
58.823532
147.058822
264.705902
372.549041
450.980407
431.372558
225.490203
107.843139
-9.803922
-88.235298
-156.862747
-303.921569
-401.960784
-480.392150
-421.568634
-313.725494
-205.882354
19.607843
117.647064
205.882354
352.941192
431.372558
441.176483
392.156860
235.294128
127.450981
49.019607
-58.823532
-166.666671
-254.901962
-392.156860
-480.392150
-352.941192
-245.098037
-107.843139
-19.607843
68.627449
156.862747
245.098037
372.549041
441.176483
411.764709
313.725494
196.078430
98.039215
0.000000
-68.627449
-147.058822
-264.705902
-392.156860
-460.784332
-480.392150
-362.745117
-245.098037
-137.254898
0.000000
58.823532
137.254898
274.509796
392.156860
450.980407
460.784332
343.137268
215.686279
117.647064
0.000000
-68.627449
-156.862747
-254.901962
-392.156860
-450.980407
-441.176483
-313.725494
-215.686279
-127.450981
98.039215
176.470596
333.333343
421.568634
470.588256
401.960784
313.725494
166.666671
68.627449
-39.215686
-137.254898
-254.901962
-392.156860
-470.588256
-480.392150
-421.568634
-284.313720
-166.666671
-49.019607
137.254898
245.098037
362.745117
441.176483
431.372558
323.529418
205.882354
-9.803922
-107.843139
-205.882354
-352.941192
-460.784332
-509.803924
-431.372558
-176.470596
-88.235298
29.411766
107.843139
186.274520
333.333343
411.764709
392.156860
235.294128
137.254898
39.215686
-98.039215
-156.862747
-274.509796
-431.372558
-500.000000
-460.784332
-382.352935
-107.843139
-9.803922
78.431373
196.078430
313.725494
441.176483
509.803924
274.509796
156.862747
49.019607
-29.411766
-117.647064
-215.686279
-343.137268
-539.215698
-392.156860
-274.509796
-166.666671
-49.019607
58.823532
137.254898
235.294128
372.549041
441.176483
450.980407
205.882354
98.039215
9.803922
-98.039215
-323.529418
-441.176483
-470.588256
-421.568634
-264.705902
-205.882354
-98.039215
127.450981
245.098037
392.156860
480.392150
500.000000
372.549041
235.294128
29.411766
-78.431373
-166.666671
-294.117645
-441.176483
-509.803924
-500.000000
-215.686279
-98.039215
-29.411766
68.627449
176.470596
313.725494
431.372558
382.352935
294.117645
156.862747
58.823532
-9.803922
-117.647064
-215.686279
-470.588256
-558.823547
-421.568634
-284.313720
-196.078430
-68.627449
49.019607
245.098037
382.352935
441.176483
460.784332
343.137268
205.882354
127.450981
9.803922
-88.235298
-176.470596
-294.117645
-441.176483
-519.607849
-509.803924
-352.941192
-245.098037
-117.647064
-29.411766
88.235298
313.725494
411.764709
431.372558
382.352935
284.313720
147.058822
68.627449
-147.058822
-274.509796
-401.960784
-509.803924
-519.607849
-401.960784
-284.313720
-9.803922
68.627449
166.666671
284.313720
392.156860
441.176483
421.568634
303.921569
205.882354
78.431373
0.000000
-78.431373
-166.666671
-264.705902
-382.352935
-480.392150
-450.980407
-352.941192
-215.686279
-137.254898
88.235298
176.470596
333.333343
411.764709
480.392150
392.156860
264.705902
147.058822
49.019607
-19.607843
-107.843139
-205.882354
-362.745117
-441.176483
-500.000000
-411.764709
-294.117645
-176.470596
-58.823532
19.607843
107.843139
235.294128
382.352935
431.372558
480.392150
343.137268
235.294128
156.862747
49.019607
-58.823532
-264.705902
-382.352935
-450.980407
-450.980407
-352.941192
-245.098037
-147.058822
98.039215
176.470596
303.921569
392.156860
460.784332
382.352935
284.313720
156.862747
58.823532
-29.411766
-117.647064
-392.156860
-480.392150
-500.000000
-411.764709
-294.117645
-156.862747
-58.823532
107.843139
225.490203
362.745117
421.568634
303.921569
196.078430
98.039215
-9.803922
-107.843139
-196.078430
-333.333343
-470.588256
-431.372558
-303.921569
-196.078430
-58.823532
39.215686
117.647064
343.137268
431.372558
450.980407
323.529418
225.490203
117.647064
9.803922
-176.470596
-323.529418
-431.372558
-490.196075
-421.568634
-323.529418
-205.882354
19.607843
127.450981
215.686279
362.745117
450.980407
500.000000
401.960784
147.058822
39.215686
-39.215686
-147.058822
-235.294128
-362.745117
-441.176483
-372.549041
-245.098037
-117.647064
-29.411766
58.823532
166.666671
294.117645
392.156860
470.588256
421.568634
313.725494
196.078430
78.431373
0.000000
-58.823532
-156.862747
-254.901962
-411.764709
-509.803924
-490.196075
-352.941192
-235.294128
-107.843139
117.647064
225.490203
343.137268
441.176483
470.588256
372.549041
284.313720
147.058822
49.019607
-39.215686
-147.058822
-235.294128
-343.137268
-441.176483
-460.784332
-235.294128
-117.647064
-49.019607
58.823532
166.666671
264.705902
382.352935
431.372558
333.333343
215.686279
88.235298
-9.803922
-78.431373
-176.470596
-303.921569
-470.588256
-401.960784
-274.509796
-166.666671
-78.431373
0.000000
107.843139
333.333343
392.156860
450.980407
372.549041
254.901962
117.647064
58.823532
-166.666671
-274.509796
-382.352935
-431.372558
-431.372558
-362.745117
-225.490203
0.000000
88.235298
176.470596
303.921569
411.764709
480.392150
441.176483
147.058822
49.019607
-39.215686
-117.647064
-205.882354
-323.529418
-411.764709
-382.352935
-264.705902
-166.666671
-29.411766
39.215686
117.647064
225.490203
480.392150
470.588256
343.137268
225.490203
127.450981
19.607843
-78.431373
-156.862747
-284.313720
-421.568634
-500.000000
-303.921569
-176.470596
-78.431373
-9.803922
205.882354
352.941192
450.980407
490.196075
401.960784
294.117645
156.862747
-68.627449
-147.058822
-254.901962
-362.745117
-450.980407
-470.588256
-343.137268
-107.843139
0.000000
88.235298
156.862747
284.313720
411.764709
500.000000
313.725494
186.274520
98.039215
-9.803922
-117.647064
-225.490203
-333.333343
-470.588256
-441.176483
-313.725494
-186.274520
-88.235298
19.607843
117.647064
352.941192
421.568634
431.372558
333.333343
215.686279
117.647064
29.411766
-186.274520
-333.333343
-401.960784
-480.392150
-411.764709
-294.117645
-186.274520
49.019607
117.647064
215.686279
362.745117
480.392150
490.196075
411.764709
284.313720
176.470596
58.823532
-58.823532
-137.254898
-254.901962
-411.764709
-490.196075
-500.000000
-411.764709
-284.313720
-166.666671
39.215686
117.647064
245.098037
343.137268
431.372558
401.960784
303.921569
68.627449
-9.803922
-117.647064
-215.686279
-352.941192
-431.372558
-480.392150
-411.764709
-166.666671
-68.627449
49.019607
117.647064
215.686279
382.352935
460.784332
490.196075
401.960784
274.509796
19.607843
-78.431373
-166.666671
-254.901962
-490.196075
-401.960784
-323.529418
-205.882354
-98.039215
-19.607843
88.235298
303.921569
421.568634
490.196075
401.960784
294.117645
166.666671
68.627449
-147.058822
-245.098037
-362.745117
-431.372558
-450.980407
-352.941192
-254.901962
-9.803922
58.823532
186.274520
274.509796
411.764709
460.784332
421.568634
196.078430
78.431373
-19.607843
-98.039215
-186.274520
-313.725494
-421.568634
-372.549041
-274.509796
-147.058822
-58.823532
29.411766
98.039215
215.686279
480.392150
509.803924
372.549041
254.901962
137.254898
19.607843
-68.627449
-137.254898
-401.960784
-450.980407
-421.568634
-323.529418
-186.274520
-98.039215
0.000000
186.274520
323.529418
441.176483
480.392150
431.372558
294.117645
176.470596
-58.823532
-137.254898
-245.098037
-352.941192
-441.176483
-450.980407
-343.137268
-254.901962
-137.254898
-49.019607
156.862747
264.705902
392.156860
431.372558
421.568634
294.117645
186.274520
88.235298
-19.607843
-98.039215
-205.882354
-421.568634
-500.000000
-392.156860
-294.117645
-166.666671
-88.235298
0.000000
196.078430
333.333343
431.372558
470.588256
235.294128
98.039215
39.215686
-49.019607
-156.862747
-264.705902
-411.764709
-441.176483
-352.941192
-245.098037
-117.647064
0.000000
39.215686
156.862747
421.568634
500.000000
421.568634
303.921569
186.274520
88.235298
9.803922
-98.039215
-323.529418
-411.764709
-529.411804
-460.784332
-333.333343
-205.882354
-88.235298
117.647064
225.490203
352.941192
411.764709
421.568634
343.137268
186.274520
9.803922
-88.235298
-166.666671
-264.705902
-431.372558
-500.000000
-431.372558
-196.078430
-107.843139
9.803922
88.235298
186.274520
303.921569
441.176483
382.352935
264.705902
166.666671
58.823532
-29.411766
-117.647064
-205.882354
-460.784332
-480.392150
-362.745117
-254.901962
-137.254898
-39.215686
68.627449
274.509796
401.960784
441.176483
431.372558
323.529418
205.882354
78.431373
-98.039215
-196.078430
-333.333343
-431.372558
-460.784332
-392.156860
-284.313720
-68.627449
39.215686
156.862747
245.098037
372.549041
480.392150
490.196075
382.352935
254.901962
137.254898
49.019607
-49.019607
-147.058822
-245.098037
-352.941192
-480.392150
-480.392150
-372.549041
-264.705902
-9.803922
78.431373
176.470596
323.529418
392.156860
470.588256
431.372558
313.725494
205.882354
98.039215
0.000000
-78.431373
-166.666671
-264.705902
-392.156860
-460.784332
-401.960784
-333.333343
-215.686279
9.803922
88.235298
205.882354
343.137268
431.372558
500.000000
431.372558
294.117645
49.019607
-49.019607
-156.862747
-225.490203
-362.745117
-441.176483
-470.588256
-264.705902
-147.058822
-29.411766
68.627449
156.862747
284.313720
431.372558
382.352935
294.117645
166.666671
68.627449
-9.803922
-107.843139
-196.078430
-441.176483
-539.215698
-421.568634
-303.921569
-186.274520
-78.431373
19.607843
225.490203
362.745117
421.568634
421.568634
323.529418
215.686279
107.843139
-107.843139
-205.882354
-333.333343
-431.372558
-460.784332
-421.568634
-303.921569
-78.431373
19.607843
117.647064
205.882354
372.549041
450.980407
480.392150
215.686279
127.450981
19.607843
-88.235298
-166.666671
-294.117645
-372.549041
-460.784332
-352.941192
-235.294128
-127.450981
0.000000
58.823532
137.254898
264.705902
382.352935
450.980407
411.764709
323.529418
196.078430
88.235298
0.000000
-58.823532
-137.254898
-254.901962
-392.156860
-460.784332
-313.725494
-196.078430
-49.019607
9.803922
107.843139
205.882354
333.333343
441.176483
362.745117
235.294128
147.058822
58.823532
-49.019607
-117.647064
-431.372558
-480.392150
-480.392150
-392.156860
-245.098037
-147.058822
-29.411766
156.862747
274.509796
401.960784
441.176483
411.764709
294.117645
166.666671
88.235298
0.000000
-107.843139
-205.882354
-421.568634
-470.588256
-411.764709
-303.921569
-156.862747
-78.431373
0.000000
186.274520
313.725494
431.372558
470.588256
372.549041
264.705902
117.647064
-78.431373
-166.666671
-303.921569
-401.960784
-450.980407
-470.588256
-333.333343
-117.647064
-9.803922
78.431373
176.470596
274.509796
382.352935
441.176483
294.117645
156.862747
58.823532
-39.215686
-137.254898
-245.098037
-372.549041
-460.784332
-362.745117
-235.294128
-127.450981
-29.411766
39.215686
127.450981
401.960784
460.784332
450.980407
343.137268
205.882354
98.039215
-19.607843
-117.647064
-333.333343
-431.372558
-450.980407
-382.352935
-274.509796
-156.862747
-58.823532
29.411766
117.647064
205.882354
333.333343
401.960784
431.372558
352.941192
235.294128
127.450981
29.411766
-68.627449
-274.509796
-431.372558
-509.803924
-460.784332
-333.333343
-235.294128
-117.647064
98.039215
166.666671
303.921569
401.960784
460.784332
401.960784
274.509796
176.470596
58.823532
-29.411766
-98.039215
-196.078430
-333.333343
-431.372558
-460.784332
-392.156860
-284.313720
-156.862747
-68.627449
19.607843
98.039215
215.686279
343.137268
490.196075
362.745117
245.098037
127.450981
19.607843
-49.019607
-147.058822
-441.176483
-470.588256
-460.784332
-343.137268
-205.882354
-98.039215
-19.607843
166.666671
303.921569
411.764709
441.176483
372.549041
245.098037
137.254898
-49.019607
-137.254898
-245.098037
-392.156860
-480.392150
-460.784332
-382.352935
-245.098037
-137.254898
-29.411766
49.019607
254.901962
372.549041
441.176483
411.764709
313.725494
196.078430
98.039215
-137.254898
-235.294128
-382.352935
-441.176483
-509.803924
-411.764709
-294.117645
-58.823532
29.411766
127.450981
215.686279
343.137268
401.960784
450.980407
215.686279
107.843139
9.803922
-78.431373
-176.470596
-284.313720
-431.372558
-519.607849
-490.196075
-372.549041
-225.490203
9.803922
78.431373
176.470596
323.529418
431.372558
470.588256
421.568634
127.450981
39.215686
-29.411766
-137.254898
-215.686279
-343.137268
-450.980407
-362.745117
-245.098037
-117.647064
-19.607843
58.823532
186.274520
294.117645
421.568634
401.960784
284.313720
166.666671
78.431373
-9.803922
-107.843139
-343.137268
-480.392150
-519.607849
-441.176483
-294.117645
-196.078430
-68.627449
147.058822
235.294128
362.745117
431.372558
401.960784
343.137268
215.686279
-9.803922
-88.235298
-156.862747
-303.921569
-431.372558
-529.411804
-460.784332
-156.862747
-78.431373
19.607843
98.039215
196.078430
352.941192
431.372558
490.196075
382.352935
284.313720
166.666671
39.215686
-68.627449
-147.058822
-264.705902
-421.568634
-470.588256
-500.000000
-421.568634
-137.254898
-49.019607
39.215686
156.862747
254.901962
382.352935
450.980407
431.372558
323.529418
196.078430
107.843139
0.000000
-68.627449
-127.450981
-245.098037
-392.156860
-480.392150
-470.588256
-362.745117
-254.901962
-137.254898
-19.607843
88.235298
137.254898
264.705902
372.549041
441.176483
450.980407
303.921569
196.078430
68.627449
-127.450981
-215.686279
-372.549041
-460.784332
-460.784332
-431.372558
-284.313720
-68.627449
49.019607
127.450981
215.686279
343.137268
431.372558
441.176483
333.333343
205.882354
107.843139
19.607843
-58.823532
-147.058822
-254.901962
-372.549041
-450.980407
-441.176483
-333.333343
-205.882354
-107.843139
-19.607843
68.627449
156.862747
401.960784
470.588256
411.764709
313.725494
196.078430
88.235298
-29.411766
-215.686279
-343.137268
-431.372558
-470.588256
-372.549041
-245.098037
-137.254898
58.823532
166.666671
274.509796
411.764709
460.784332
421.568634
343.137268
78.431373
-19.607843
-88.235298
-186.274520
-303.921569
-421.568634
-470.588256
-401.960784
-294.117645
-186.274520
-98.039215
117.647064
215.686279
362.745117
431.372558
470.588256
352.941192
235.294128
0.000000
-58.823532
-147.058822
-254.901962
-372.549041
-441.176483
-441.176483
-225.490203
-107.843139
9.803922
98.039215
137.254898
274.509796
401.960784
401.960784
294.117645
166.666671
68.627449
-39.215686
-127.450981
-225.490203
-372.549041
-460.784332
-470.588256
-392.156860
-156.862747
-58.823532
58.823532
127.450981
215.686279
382.352935
431.372558
323.529418
196.078430
88.235298
0.000000
-78.431373
-156.862747
-274.509796
-480.392150
-431.372558
-294.117645
-196.078430
-98.039215
0.000000
68.627449
323.529418
421.568634
490.196075
411.764709
294.117645
176.470596
68.627449
-49.019607
-107.843139
-225.490203
-372.549041
-470.588256
-352.941192
-245.098037
-147.058822
68.627449
156.862747
303.921569
421.568634
470.588256
450.980407
343.137268
225.490203
107.843139
0.000000
-68.627449
-156.862747
-274.509796
-382.352935
-450.980407
-431.372558
-303.921569
-205.882354
-117.647064
88.235298
196.078430
323.529418
431.372558
460.784332
401.960784
264.705902
166.666671
68.627449
-29.411766
-235.294128
-372.549041
-441.176483
-470.588256
-352.941192
-254.901962
-156.862747
68.627449
147.058822
284.313720
382.352935
450.980407
411.764709
284.313720
98.039215
-19.607843
-98.039215
-196.078430
-323.529418
-392.156860
-470.588256
-274.509796
-166.666671
-88.235298
49.019607
137.254898
245.098037
382.352935
470.588256
490.196075
411.764709
274.509796
19.607843
-78.431373
-147.058822
-264.705902
-529.411804
-480.392150
-333.333343
-196.078430
-88.235298
19.607843
98.039215
323.529418
401.960784
490.196075
372.549041
274.509796
166.666671
49.019607
-117.647064
-225.490203
-372.549041
-431.372558
-460.784332
-362.745117
-245.098037
-147.058822
-29.411766
49.019607
117.647064
225.490203
352.941192
411.764709
333.333343
215.686279
107.843139
9.803922
-196.078430
-333.333343
-431.372558
-480.392150
-392.156860
-284.313720
-156.862747
58.823532
147.058822
264.705902
392.156860
470.588256
500.000000
372.549041
107.843139
0.000000
-68.627449
-137.254898
-254.901962
-392.156860
-500.000000
-450.980407
-343.137268
-225.490203
-127.450981
88.235298
186.274520
333.333343
411.764709
480.392150
421.568634
303.921569
49.019607
-39.215686
-117.647064
-205.882354
-343.137268
-421.568634
-470.588256
-254.901962
-137.254898
-49.019607
49.019607
147.058822
264.705902
392.156860
392.156860
313.725494
196.078430
78.431373
9.803922
-88.235298
-186.274520
-313.725494
-431.372558
-490.196075
-421.568634
-166.666671
-78.431373
19.607843
78.431373
186.274520
294.117645
392.156860
392.156860
274.509796
147.058822
49.019607
-39.215686
-117.647064
-215.686279
-450.980407
-480.392150
-352.941192
-245.098037
-127.450981
-29.411766
68.627449
264.705902
392.156860
441.176483
401.960784
274.509796
176.470596
78.431373
0.000000
-98.039215
-196.078430
-303.921569
-470.588256
-401.960784
-274.509796
-166.666671
-88.235298
19.607843
98.039215
352.941192
450.980407
460.784332
392.156860
254.901962
