627.450988
705.882385
745.098083
686.274536
568.627441
137.254898
-127.450981
-323.529418
-519.607849
-666.666687
-754.901977
-764.705871
-500.000000
-284.313720
-49.019607
176.470596
382.352935
578.431396
696.078430
754.901977
725.490234
617.647094
460.784332
235.294128
0.000000
-186.274520
-401.960784
-568.627441
-696.078430
-764.705871
-745.098083
-411.764709
-205.882354
68.627449
274.509796
460.784332
637.254943
715.686279
745.098083
676.470581
558.823547
382.352935
-147.058822
-372.549041
-568.627441
-666.666687
-774.509826
-754.901977
-647.058837
-215.686279
19.607843
245.098037
431.372558
607.843139
705.882385
735.294128
558.823547
372.549041
156.862747
-137.254898
-333.333343
-529.411804
-666.666687
-745.098083
-627.450988
-470.588256
-294.117645
-19.607843
205.882354
392.156860
705.882385
735.294128
715.686279
578.431396
421.568634
166.666671
-88.235298
-519.607849
-666.666687
-764.705871
-784.313720
-656.862731
-529.411804
-313.725494
205.882354
411.764709
588.235290
686.274536
735.294128
715.686279
588.235290
156.862747
-107.843139
-303.921569
-509.803924
-647.058837
-745.098083
-764.705871
-509.803924
-294.117645
-29.411766
166.666671
362.745117
549.019592
666.666687
715.686279
588.235290
441.176483
205.882354
-39.215686
-274.509796
-470.588256
-637.254943
-745.098083
-754.901977
-696.078430
-343.137268
-107.843139
137.254898
343.137268
539.215698
676.470581
725.490234
607.843139
470.588256
245.098037
-19.607843
-235.294128
-431.372558
-607.843139
-784.313720
-705.882385
-578.431396
-401.960784
-127.450981
117.647064
323.529418
509.803924
666.666687
715.686279
627.450988
490.196075
274.509796
29.411766
-186.274520
-401.960784
-588.235290
-774.509826
-725.490234
-598.039245
-441.176483
-186.274520
68.627449
274.509796
647.058837
715.686279
735.294128
647.058837
529.411804
343.137268
78.431373
-147.058822
-568.627441
-686.274536
-764.705871
-745.098083
-627.450988
-470.588256
-254.901962
9.803922
205.882354
401.960784
705.882385
745.098083
676.470581
568.627441
401.960784
176.470596
-88.235298
-509.803924
-676.470581
-754.901977
-764.705871
-666.666687
-519.607849
-323.529418
205.882354
392.156860
578.431396
696.078430
735.294128
686.274536
598.039245
176.470596
-78.431373
-264.705902
-480.392150
-656.862731
-725.490234
-774.509826
-529.411804
-343.137268
-58.823532
156.862747
352.941192
558.823547
666.666687
715.686279
588.235290
431.372558
205.882354
-39.215686
-245.098037
-441.176483
-735.294128
-754.901977
-686.274536
-568.627441
-362.745117
-117.647064
137.254898
558.823547
666.666687
735.294128
725.490234
598.039245
450.980407
264.705902
-19.607843
-205.882354
-421.568634
-617.647094
-764.705871
-686.274536
-598.039245
-401.960784
-147.058822
88.235298
294.117645
666.666687
735.294128
754.901977
637.254943
509.803924
303.921569
78.431373
-401.960784
-607.843139
-705.882385
-784.313720
-715.686279
-598.039245
-450.980407
88.235298
284.313720
480.392150
627.450988
715.686279
735.294128
666.666687
529.411804
362.745117
117.647064
-107.843139
-578.431396
-686.274536
-784.313720
-764.705871
-627.450988
-470.588256
-264.705902
264.705902
450.980407
617.647094
705.882385
745.098083
696.078430
558.823547
382.352935
156.862747
-98.039215
-294.117645
-500.000000
-637.254943
-745.098083
-764.705871
-666.666687
-549.019592
-382.352935
176.470596
352.941192
549.019592
656.862731
715.686279
735.294128
617.647094
470.588256
274.509796
9.803922
-186.274520
-617.647094
-715.686279
-774.509826
-725.490234
-392.156860
-137.254898
117.647064
333.333343
500.000000
656.862731
715.686279
617.647094
490.196075
294.117645
49.019607
-176.470596
-372.549041
-568.627441
-774.509826
-735.294128
-598.039245
-450.980407
-215.686279
39.215686
245.098037
460.784332
598.039245
705.882385
637.254943
539.215698
362.745117
88.235298
-137.254898
-333.333343
-539.215698
-774.509826
-754.901977
-627.450988
-470.588256
-264.705902
-9.803922
186.274520
617.647094
705.882385
745.098083
715.686279
588.235290
421.568634
166.666671
-88.235298
-519.607849
-666.666687
-754.901977
-764.705871
-656.862731
-519.607849
-323.529418
196.078430
392.156860
568.627441
696.078430
725.490234
715.686279
588.235290
460.784332
225.490203
-39.215686
-480.392150
-656.862731
-745.098083
-764.705871
-519.607849
-323.529418
-68.627449
147.058822
352.941192
539.215698
656.862731
715.686279
735.294128
617.647094
490.196075
274.509796
29.411766
-196.078430
-401.960784
-598.039245
-715.686279
-764.705871
-588.235290
-421.568634
-196.078430
49.019607
264.705902
460.784332
617.647094
705.882385
745.098083
666.666687
549.019592
382.352935
127.450981
-127.450981
-313.725494
-500.000000
-666.666687
-745.098083
-764.705871
-509.803924
-323.529418
-58.823532
166.666671
362.745117
568.627441
666.666687
696.078430
578.431396
431.372558
205.882354
-58.823532
-254.901962
-470.588256
-754.901977
-764.705871
-666.666687
-549.019592
-372.549041
-117.647064
127.450981
568.627441
676.470581
735.294128
725.490234
607.843139
470.588256
245.098037
-274.509796
-480.392150
-647.058837
-725.490234
-784.313720
-676.470581
-558.823547
-107.843139
137.254898
343.137268
539.215698
666.666687
725.490234
745.098083
450.980407
235.294128
-29.411766
-235.294128
-450.980407
-627.450988
-715.686279
-774.509826
-745.098083
-588.235290
-421.568634
-196.078430
68.627449
274.509796
480.392150
627.450988
715.686279
745.098083
686.274536
352.941192
78.431373
-156.862747
-352.941192
-558.823547
-676.470581
-764.705871
-617.647094
-470.588256
-235.294128
0.000000
186.274520
372.549041
578.431396
686.274536
735.294128
715.686279
598.039245
450.980407
205.882354
-39.215686
-254.901962
-441.176483
-617.647094
-725.490234
-754.901977
-558.823547
-372.549041
-127.450981
117.647064
323.529418
539.215698
666.666687
735.294128
607.843139
470.588256
254.901962
19.607843
-205.882354
-401.960784
-715.686279
-764.705871
-715.686279
-578.431396
-421.568634
-176.470596
78.431373
529.411804
666.666687
735.294128
745.098083
647.058837
509.803924
323.529418
-205.882354
-411.764709
-607.843139
-715.686279
-794.117675
-725.490234
-588.235290
-156.862747
68.627449
294.117645
490.196075
637.254943
715.686279
754.901977
500.000000
333.333343
98.039215
-127.450981
-343.137268
-549.019592
-686.274536
-745.098083
-627.450988
-460.784332
-225.490203
9.803922
215.686279
411.764709
588.235290
735.294128
686.274536
558.823547
392.156860
176.470596
-88.235298
-303.921569
-647.058837
-764.705871
-754.901977
-676.470581
-529.411804
-313.725494
-58.823532
401.960784
598.039245
696.078430
725.490234
715.686279
598.039245
441.176483
-98.039215
-284.313720
-470.588256
-666.666687
-745.098083
-764.705871
-676.470581
-323.529418
-58.823532
166.666671
362.745117
549.019592
656.862731
735.294128
578.431396
441.176483
225.490203
-29.411766
-274.509796
-450.980407
-637.254943
-735.294128
-666.666687
-558.823547
-382.352935
-98.039215
117.647064
333.333343
676.470581
725.490234
745.098083
617.647094
480.392150
284.313720
0.000000
-421.568634
-607.843139
-715.686279
-784.313720
-725.490234
-607.843139
-431.372558
98.039215
303.921569
490.196075
647.058837
705.882385
715.686279
637.254943
313.725494
58.823532
-156.862747
-362.745117
-558.823547
-696.078430
-774.509826
-598.039245
-441.176483
-196.078430
19.607843
254.901962
450.980407
627.450988
745.098083
647.058837
549.019592
372.549041
137.254898
-107.843139
-333.333343
-666.666687
-764.705871
-764.705871
-627.450988
-490.196075
-274.509796
-9.803922
431.372558
598.039245
686.274536
764.705871
705.882385
578.431396
401.960784
186.274520
-68.627449
-294.117645
-480.392150
-656.862731
-735.294128
-764.705871
-686.274536
-568.627441
-362.745117
-107.843139
127.450981
549.019592
666.666687
725.490234
725.490234
607.843139
470.588256
254.901962
-264.705902
-470.588256
-656.862731
-735.294128
-774.509826
-696.078430
-568.627441
-98.039215
117.647064
323.529418
519.607849
647.058837
705.882385
735.294128
460.784332
254.901962
-9.803922
-196.078430
-392.156860
-588.235290
-696.078430
-715.686279
-588.235290
-401.960784
-176.470596
78.431373
274.509796
470.588256
725.490234
725.490234
647.058837
509.803924
323.529418
78.431373
-147.058822
-362.745117
-549.019592
-696.078430
-774.509826
-754.901977
-627.450988
-490.196075
-264.705902
-19.607843
186.274520
401.960784
578.431396
735.294128
686.274536
578.431396
392.156860
176.470596
-68.627449
-274.509796
-656.862731
-764.705871
-774.509826
-637.254943
-529.411804
-323.529418
-68.627449
382.352935
578.431396
676.470581
745.098083
735.294128
598.039245
441.176483
-88.235298
-294.117645
-500.000000
-666.666687
-735.294128
-764.705871
-686.274536
-333.333343
-88.235298
147.058822
352.941192
549.019592
676.470581
735.294128
617.647094
450.980407
254.901962
-29.411766
-235.294128
-431.372558
-617.647094
-705.882385
-764.705871
-715.686279
-588.235290
-137.254898
107.843139
313.725494
666.666687
745.098083
745.098083
598.039245
470.588256
274.509796
29.411766
-186.274520
-627.450988
-705.882385
-774.509826
-705.882385
-568.627441
-421.568634
-205.882354
333.333343
529.411804
656.862731
735.294128
754.901977
647.058837
509.803924
333.333343
78.431373
-137.254898
-598.039245
-705.882385
-774.509826
-745.098083
-431.372558
-205.882354
68.627449
284.313720
470.588256
637.254943
705.882385
745.098083
656.862731
549.019592
401.960784
147.058822
-107.843139
-352.941192
-509.803924
-656.862731
-754.901977
-754.901977
-500.000000
-294.117645
-49.019607
156.862747
382.352935
578.431396
686.274536
725.490234
735.294128
607.843139
460.784332
-58.823532
-274.509796
-470.588256
-666.666687
-764.705871
-676.470581
-549.019592
-343.137268
-88.235298
137.254898
343.137268
539.215698
656.862731
735.294128
745.098083
627.450988
490.196075
294.117645
29.411766
-176.470596
-392.156860
-588.235290
-784.313720
-715.686279
-588.235290
-411.764709
-186.274520
68.627449
284.313720
647.058837
715.686279
735.294128
627.450988
539.215698
343.137268
78.431373
-382.352935
-568.627441
-696.078430
-754.901977
-745.098083
-627.450988
-460.784332
39.215686
264.705902
460.784332
627.450988
715.686279
754.901977
686.274536
558.823547
392.156860
147.058822
-98.039215
-303.921569
-519.607849
-676.470581
-745.098083
-774.509826
-656.862731
-549.019592
-343.137268
186.274520
362.745117
568.627441
686.274536
725.490234
725.490234
598.039245
196.078430
-49.019607
-264.705902
-470.588256
-637.254943
-735.294128
-764.705871
-529.411804
-343.137268
-88.235298
147.058822
343.137268
558.823547
676.470581
725.490234
598.039245
450.980407
225.490203
0.000000
-196.078430
-392.156860
-588.235290
-754.901977
-715.686279
-588.235290
-441.176483
-176.470596
68.627449
274.509796
470.588256
607.843139
705.882385
735.294128
676.470581
558.823547
382.352935
117.647064
-127.450981
-323.529418
-519.607849
-764.705871
-774.509826
-637.254943
-519.607849
-284.313720
-19.607843
196.078430
598.039245
696.078430
735.294128
715.686279
578.431396
401.960784
176.470596
-313.725494
-509.803924
-656.862731
-774.509826
-774.509826
-666.666687
-539.215698
-19.607843
225.490203
392.156860
588.235290
686.274536
754.901977
725.490234
401.960784
176.470596
-78.431373
-274.509796
-490.196075
-647.058837
-745.098083
-764.705871
-686.274536
-578.431396
-372.549041
156.862747
352.941192
558.823547
686.274536
745.098083
735.294128
627.450988
500.000000
294.117645
39.215686
-196.078430
-392.156860
-578.431396
-715.686279
-764.705871
-598.039245
-441.176483
-176.470596
78.431373
284.313720
460.784332
637.254943
735.294128
647.058837
529.411804
333.333343
78.431373
-156.862747
-343.137268
-715.686279
-774.509826
-754.901977
-617.647094
-450.980407
-235.294128
29.411766
470.588256
627.450988
705.882385
735.294128
666.666687
549.019592
382.352935
147.058822
-117.647064
-333.333343
-519.607849
-676.470581
-764.705871
-764.705871
-656.862731
-509.803924
-323.529418
-68.627449
147.058822
598.039245
686.274536
745.098083
705.882385
588.235290
431.372558
235.294128
-274.509796
-490.196075
-647.058837
-754.901977
-764.705871
-686.274536
-558.823547
-68.627449
156.862747
343.137268
549.019592
666.666687
735.294128
735.294128
431.372558
225.490203
-29.411766
-254.901962
-450.980407
-617.647094
-715.686279
-676.470581
-558.823547
-372.549041
-117.647064
127.450981
333.333343
529.411804
725.490234
715.686279
607.843139
470.588256
274.509796
0.000000
-176.470596
-382.352935
-715.686279
-784.313720
-725.490234
-598.039245
-441.176483
-196.078430
58.823532
245.098037
460.784332
627.450988
735.294128
656.862731
539.215698
352.941192
117.647064
-137.254898
-343.137268
-696.078430
-784.313720
-754.901977
-627.450988
-480.392150
-254.901962
0.000000
411.764709
607.843139
696.078430
735.294128
696.078430
588.235290
411.764709
-107.843139
-303.921569
-509.803924
-676.470581
-774.509826
-764.705871
-656.862731
-294.117645
-39.215686
186.274520
392.156860
578.431396
686.274536
735.294128
578.431396
401.960784
186.274520
-68.627449
-274.509796
-470.588256
-647.058837
-764.705871
-686.274536
-539.215698
-352.941192
-78.431373
147.058822
343.137268
676.470581
725.490234
725.490234
617.647094
450.980407
235.294128
-19.607843
-235.294128
-647.058837
-725.490234
-764.705871
-676.470581
-578.431396
-392.156860
-127.450981
98.039215
313.725494
500.000000
647.058837
705.882385
735.294128
647.058837
549.019592
372.549041
137.254898
-127.450981
-578.431396
-686.274536
-764.705871
-764.705871
-627.450988
-480.392150
-254.901962
254.901962
450.980407
627.450988
696.078430
735.294128
696.078430
558.823547
382.352935
156.862747
-78.431373
-303.921569
-490.196075
-656.862731
-745.098083
-774.509826
-676.470581
-558.823547
-362.745117
-107.843139
372.549041
549.019592
676.470581
754.901977
735.294128
588.235290
441.176483
-39.215686
-254.901962
-470.588256
-627.450988
-745.098083
-774.509826
-705.882385
-343.137268
-88.235298
137.254898
333.333343
539.215698
656.862731
725.490234
598.039245
470.588256
254.901962
9.803922
-215.686279
-401.960784
-588.235290
-774.509826
-715.686279
-607.843139
-401.960784
-166.666671
78.431373
294.117645
647.058837
725.490234
735.294128
627.450988
519.607849
333.333343
58.823532
-147.058822
-362.745117
-568.627441
-696.078430
-784.313720
-745.098083
-637.254943
-490.196075
-274.509796
-19.607843
186.274520
401.960784
696.078430
725.490234
696.078430
558.823547
411.764709
176.470596
-68.627449
-500.000000
-676.470581
-745.098083
-754.901977
-666.666687
-539.215698
-352.941192
186.274520
382.352935
578.431396
696.078430
735.294128
735.294128
607.843139
196.078430
-49.019607
-264.705902
-450.980407
-637.254943
-725.490234
-764.705871
-686.274536
-568.627441
-392.156860
-147.058822
343.137268
558.823547
666.666687
725.490234
588.235290
441.176483
235.294128
-19.607843
-225.490203
-431.372558
-607.843139
-764.705871
-666.666687
-578.431396
-382.352935
-137.254898
117.647064
313.725494
519.607849
656.862731
715.686279
745.098083
637.254943
519.607849
323.529418
78.431373
-137.254898
-362.745117
-549.019592
-774.509826
-725.490234
-607.843139
-450.980407
-235.294128
39.215686
235.294128
647.058837
705.882385
735.294128
656.862731
539.215698
382.352935
107.843139
-362.745117
-558.823547
-696.078430
-764.705871
-754.901977
-617.647094
-480.392150
29.411766
254.901962
431.372558
627.450988
705.882385
735.294128
686.274536
352.941192
117.647064
-117.647064
-333.333343
-529.411804
-666.666687
-774.509826
-627.450988
-490.196075
-264.705902
-9.803922
196.078430
392.156860
588.235290
745.098083
715.686279
558.823547
411.764709
176.470596
-68.627449
-284.313720
-480.392150
-754.901977
-764.705871
-647.058837
-539.215698
-313.725494
-68.627449
147.058822
362.745117
549.019592
666.666687
745.098083
588.235290
460.784332
215.686279
-9.803922
-225.490203
-441.176483
-617.647094
-725.490234
-774.509826
-715.686279
-598.039245
-431.372558
-196.078430
49.019607
500.000000
647.058837
715.686279
745.098083
647.058837
549.019592
372.549041
98.039215
-117.647064
-333.333343
-529.411804
-686.274536
-764.705871
-764.705871
-647.058837
-529.411804
-313.725494
-49.019607
156.862747
588.235290
696.078430
725.490234
715.686279
598.039245
441.176483
215.686279
-284.313720
-500.000000
-647.058837
-735.294128
-764.705871
-666.666687
-568.627441
-78.431373
156.862747
352.941192
549.019592
696.078430
735.294128
745.098083
450.980407
205.882354
-9.803922
-235.294128
-441.176483
-607.843139
-705.882385
-784.313720
-705.882385
-598.039245
-421.568634
-156.862747
78.431373
303.921569
460.784332
647.058837
705.882385
735.294128
656.862731
333.333343
68.627449
-156.862747
-372.549041
-558.823547
-676.470581
-754.901977
-598.039245
-460.784332
-245.098037
39.215686
235.294128
441.176483
617.647094
735.294128
656.862731
568.627441
382.352935
117.647064
-127.450981
-313.725494
-696.078430
-774.509826
-754.901977
-637.254943
-490.196075
-274.509796
-19.607843
441.176483
617.647094
696.078430
735.294128
676.470581
568.627441
401.960784
-117.647064
-352.941192
-529.411804
-666.666687
-774.509826
-774.509826
-647.058837
-254.901962
-9.803922
186.274520
392.156860
578.431396
705.882385
735.294128
725.490234
588.235290
441.176483
245.098037
-29.411766
-245.098037
-450.980407
-627.450988
-715.686279
-784.313720
-715.686279
-598.039245
-127.450981
107.843139
333.333343
509.803924
676.470581
696.078430
745.098083
500.000000
303.921569
39.215686
-186.274520
-382.352935
-568.627441
-705.882385
-725.490234
-588.235290
-441.176483
-196.078430
39.215686
274.509796
460.784332
715.686279
745.098083
647.058837
519.607849
333.333343
88.235298
-147.058822
-343.137268
-696.078430
-764.705871
-745.098083
-627.450988
-470.588256
-264.705902
-9.803922
205.882354
401.960784
568.627441
676.470581
725.490234
725.490234
588.235290
441.176483
225.490203
-9.803922
-235.294128
-656.862731
-715.686279
-764.705871
-686.274536
-568.627441
-362.745117
-147.058822
362.745117
558.823547
666.666687
745.098083
745.098083
627.450988
470.588256
-39.215686
-254.901962
-450.980407
-617.647094
-715.686279
-754.901977
-705.882385
-372.549041
-127.450981
127.450981
333.333343
519.607849
666.666687
735.294128
617.647094
460.784332
264.705902
29.411766
-205.882354
-411.764709
-598.039245
-705.882385
-686.274536
-578.431396
-411.764709
-166.666671
78.431373
294.117645
470.588256
647.058837
705.882385
725.490234
656.862731
539.215698
362.745117
107.843139
-107.843139
-333.333343
-539.215698
-666.666687
-745.098083
-637.254943
-470.588256
-245.098037
0.000000
166.666671
392.156860
696.078430
764.705871
725.490234
598.039245
421.568634
186.274520
-49.019607
-254.901962
-656.862731
-754.901977
-764.705871
-647.058837
-549.019592
-352.941192
-107.843139
362.745117
549.019592
686.274536
735.294128
735.294128
607.843139
470.588256
245.098037
0.000000
-205.882354
-401.960784
-578.431396
-686.274536
-764.705871
-735.294128
-607.843139
-460.784332
-225.490203
323.529418
470.588256
647.058837
735.294128
754.901977
656.862731
539.215698
58.823532
-156.862747
-372.549041
-568.627441
-715.686279
-764.705871
-764.705871
-441.176483
-215.686279
49.019607
254.901962
450.980407
607.843139
705.882385
745.098083
705.882385
568.627441
411.764709
166.666671
-78.431373
-284.313720
-470.588256
-656.862731
-735.294128
-764.705871
-656.862731
-313.725494
-49.019607
186.274520
362.745117
558.823547
666.666687
735.294128
588.235290
411.764709
225.490203
-29.411766
-245.098037
-431.372558
-627.450988
-774.509826
-656.862731
-568.627441
-372.549041
-117.647064
117.647064
352.941192
666.666687
725.490234
735.294128
607.843139
470.588256
264.705902
-9.803922
-205.882354
-411.764709
-607.843139
-715.686279
-705.882385
-578.431396
-411.764709
127.450981
313.725494
529.411804
676.470581
725.490234
735.294128
647.058837
509.803924
303.921569
68.627449
-156.862747
-588.235290
-715.686279
-774.509826
-735.294128
-411.764709
-176.470596
68.627449
294.117645
470.588256
647.058837
696.078430
735.294128
647.058837
529.411804
78.431373
-156.862747
-352.941192
-558.823547
-784.313720
-735.294128
-617.647094
-441.176483
-235.294128
29.411766
225.490203
441.176483
607.843139
686.274536
745.098083
696.078430
568.627441
411.764709
176.470596
-88.235298
-294.117645
-480.392150
-774.509826
-754.901977
-666.666687
-539.215698
-333.333343
-58.823532
156.862747
578.431396
686.274536
735.294128
725.490234
598.039245
450.980407
225.490203
-19.607843
-470.588256
-656.862731
-754.901977
-764.705871
-686.274536
-558.823547
-382.352935
156.862747
362.745117
558.823547
676.470581
735.294128
735.294128
617.647094
490.196075
284.313720
9.803922
-186.274520
-382.352935
-588.235290
-696.078430
-774.509826
-745.098083
-617.647094
-470.588256
39.215686
264.705902
450.980407
627.450988
725.490234
764.705871
676.470581
568.627441
401.960784
127.450981
-88.235298
-303.921569
-490.196075
-666.666687
-764.705871
-774.509826
-656.862731
-539.215698
-333.333343
196.078430
362.745117
578.431396
676.470581
735.294128
715.686279
607.843139
196.078430
-68.627449
-284.313720
-470.588256
-656.862731
-725.490234
-764.705871
-529.411804
-323.529418
-68.627449
137.254898
362.745117
549.019592
656.862731
715.686279
598.039245
450.980407
225.490203
-19.607843
-235.294128
-450.980407
-725.490234
-774.509826
-686.274536
-352.941192
-68.627449
156.862747
568.627441
686.274536
725.490234
725.490234
617.647094
470.588256
245.098037
-274.509796
-480.392150
-647.058837
-745.098083
-784.313720
-696.078430
-558.823547
-98.039215
147.058822
352.941192
539.215698
666.666687
715.686279
735.294128
470.588256
235.294128
9.803922
-205.882354
-431.372558
-617.647094
-705.882385
-764.705871
-715.686279
-588.235290
-441.176483
88.235298
303.921569
490.196075
637.254943
705.882385
764.705871
647.058837
313.725494
29.411766
-166.666671
-362.745117
-578.431396
-715.686279
-774.509826
-617.647094
-460.784332
-235.294128
58.823532
254.901962
441.176483
607.843139
745.098083
656.862731
549.019592
352.941192
98.039215
-127.450981
-333.333343
-676.470581
-754.901977
-735.294128
-617.647094
-480.392150
-264.705902
0.000000
411.764709
578.431396
686.274536
735.294128
696.078430
558.823547
431.372558
-98.039215
-294.117645
-490.196075
-656.862731
-764.705871
-764.705871
-656.862731
-303.921569
-58.823532
176.470596
382.352935
578.431396
696.078430
745.098083
568.627441
421.568634
186.274520
-39.215686
-284.313720
-460.784332
-637.254943
-764.705871
-666.666687
-539.215698
-362.745117
-98.039215
137.254898
323.529418
686.274536
735.294128
735.294128
598.039245
470.588256
264.705902
-19.607843
-225.490203
-647.058837
-715.686279
-764.705871
-696.078430
-578.431396
-411.764709
-156.862747
88.235298
294.117645
490.196075
656.862731
725.490234
735.294128
656.862731
519.607849
352.941192
98.039215
-127.450981
-568.627441
-696.078430
-784.313720
-745.098083
-637.254943
-470.588256
-274.509796
274.509796
450.980407
627.450988
696.078430
725.490234
686.274536
568.627441
98.039215
-137.254898
-333.333343
-529.411804
-666.666687
-774.509826
-764.705871
-480.392150
-264.705902
0.000000
176.470596
392.156860
578.431396
686.274536
725.490234
735.294128
617.647094
470.588256
-58.823532
-254.901962
-450.980407
-656.862731
-784.313720
-656.862731
-539.215698
-352.941192
-98.039215
147.058822
333.333343
509.803924
656.862731
715.686279
745.098083
627.450988
500.000000
303.921569
68.627449
-147.058822
-362.745117
-568.627441
-696.078430
-725.490234
-598.039245
-450.980407
-235.294128
19.607843
235.294128
411.764709
607.843139
705.882385
735.294128
696.078430
588.235290
411.764709
186.274520
-68.627449
-264.705902
-470.588256
-647.058837
-764.705871
-656.862731
-529.411804
-352.941192
-78.431373
147.058822
343.137268
696.078430
735.294128
725.490234
607.843139
441.176483
225.490203
-9.803922
-215.686279
-647.058837
-725.490234
-784.313720
-686.274536
-568.627441
-382.352935
-147.058822
88.235298
294.117645
480.392150
647.058837
705.882385
754.901977
637.254943
509.803924
343.137268
88.235298
-147.058822
-568.627441
-705.882385
-754.901977
-745.098083
-627.450988
-460.784332
-264.705902
274.509796
450.980407
647.058837
715.686279
754.901977
676.470581
558.823547
117.647064
-137.254898
-362.745117
-529.411804
-676.470581
-745.098083
-754.901977
-470.588256
-264.705902
-9.803922
205.882354
411.764709
588.235290
705.882385
735.294128
715.686279
588.235290
441.176483
215.686279
-39.215686
-245.098037
-450.980407
-647.058837
-735.294128
-774.509826
-705.882385
-372.549041
-107.843139
137.254898
343.137268
558.823547
656.862731
715.686279
627.450988
460.784332
254.901962
19.607843
-205.882354
-421.568634
-627.450988
-774.509826
-696.078430
-578.431396
-411.764709
-166.666671
88.235298
303.921569
676.470581
725.490234
745.098083
637.254943
509.803924
303.921569
49.019607
-156.862747
-382.352935
-558.823547
-696.078430
-725.490234
-598.039245
-470.588256
88.235298
294.117645
490.196075
656.862731
725.490234
745.098083
656.862731
539.215698
362.745117
107.843139
-137.254898
-549.019592
-696.078430
-794.117675
-764.705871
-450.980407
-235.294128
29.411766
235.294128
431.372558
617.647094
696.078430
754.901977
686.274536
578.431396
127.450981
-107.843139
-333.333343
-519.607849
-784.313720
-745.098083
-647.058837
-490.196075
-284.313720
-9.803922
186.274520
392.156860
588.235290
696.078430
696.078430
578.431396
421.568634
176.470596
-78.431373
-274.509796
-470.588256
-754.901977
-774.509826
-666.666687
-549.019592
-343.137268
-88.235298
137.254898
578.431396
666.666687
745.098083
715.686279
578.431396
441.176483
225.490203
-284.313720
-470.588256
-647.058837
-725.490234
-754.901977
-666.666687
-568.627441
-58.823532
156.862747
362.745117
549.019592
666.666687
735.294128
735.294128
450.980407
225.490203
-39.215686
-245.098037
-441.176483
-617.647094
-715.686279
-666.666687
-578.431396
-372.549041
-137.254898
107.843139
323.529418
519.607849
725.490234
735.294128
627.450988
470.588256
274.509796
0.000000
-147.058822
-372.549041
-696.078430
-764.705871
-745.098083
-598.039245
-450.980407
-225.490203
49.019607
470.588256
627.450988
696.078430
735.294128
647.058837
558.823547
362.745117
-137.254898
-362.745117
-558.823547
-696.078430
-794.117675
-764.705871
-647.058837
-225.490203
29.411766
254.901962
431.372558
607.843139
686.274536
735.294128
549.019592
372.549041
137.254898
-117.647064
-323.529418
-529.411804
-676.470581
-764.705871
-647.058837
-490.196075
-274.509796
0.000000
147.058822
362.745117
705.882385
745.098083
725.490234
588.235290
431.372558
225.490203
-29.411766
-490.196075
-666.666687
-754.901977
-774.509826
-656.862731
-558.823547
-362.745117
166.666671
372.549041
588.235290
696.078430
715.686279
735.294128
627.450988
196.078430
-58.823532
-264.705902
-431.372558
-637.254943
-725.490234
-774.509826
-549.019592
-372.549041
-127.450981
107.843139
323.529418
539.215698
656.862731
754.901977
607.843139
480.392150
245.098037
9.803922
-196.078430
-401.960784
-725.490234
-784.313720
-715.686279
-598.039245
-431.372558
-176.470596
68.627449
490.196075
647.058837
715.686279
745.098083
637.254943
519.607849
323.529418
-196.078430
-382.352935
-588.235290
-705.882385
-774.509826
-735.294128
-617.647094
-196.078430
78.431373
274.509796
450.980407
627.450988
725.490234
754.901977
676.470581
558.823547
382.352935
137.254898
-117.647064
-313.725494
-519.607849
-656.862731
-764.705871
-774.509826
-647.058837
-539.215698
-313.725494
-68.627449
137.254898
352.941192
676.470581
754.901977
715.686279
598.039245
441.176483
235.294128
-19.607843
-480.392150
-647.058837
-754.901977
-774.509826
-676.470581
-558.823547
-362.745117
156.862747
362.745117
558.823547
676.470581
725.490234
745.098083
598.039245
235.294128
-49.019607
-225.490203
-441.176483
-617.647094
-705.882385
-784.313720
-715.686279
-598.039245
-421.568634
117.647064
323.529418
519.607849
656.862731
735.294128
725.490234
637.254943
264.705902
9.803922
-196.078430
-392.156860
-598.039245
-696.078430
-774.509826
-735.294128
-450.980407
-205.882354
39.215686
264.705902
460.784332
627.450988
705.882385
745.098083
676.470581
568.627441
411.764709
147.058822
-98.039215
-313.725494
-500.000000
-666.666687
-764.705871
-754.901977
-529.411804
-343.137268
-88.235298
156.862747
343.137268
549.019592
676.470581
715.686279
735.294128
598.039245
480.392150
264.705902
19.607843
-176.470596
-411.764709
-607.843139
-705.882385
-784.313720
-735.294128
-401.960784
-156.862747
78.431373
284.313720
480.392150
647.058837
725.490234
637.254943
519.607849
323.529418
78.431373
-147.058822
-352.941192
-568.627441
-764.705871
-735.294128
-607.843139
-460.784332
-225.490203
39.215686
235.294128
647.058837
715.686279
735.294128
656.862731
568.627441
352.941192
127.450981
-352.941192
-558.823547
-676.470581
-754.901977
-735.294128
-647.058837
-490.196075
39.215686
225.490203
431.372558
627.450988
705.882385
754.901977
696.078430
578.431396
411.764709
176.470596
-49.019607
-274.509796
-470.588256
-647.058837
-745.098083
-764.705871
-686.274536
-578.431396
-382.352935
156.862747
362.745117
549.019592
656.862731
725.490234
725.490234
607.843139
215.686279
-29.411766
-254.901962
-450.980407
-627.450988
-715.686279
-774.509826
-549.019592
-372.549041
-107.843139
137.254898
352.941192
539.215698
676.470581
725.490234
598.039245
470.588256
264.705902
-9.803922
-215.686279
-401.960784
-715.686279
-764.705871
-696.078430
-588.235290
-411.764709
-176.470596
78.431373
519.607849
647.058837
715.686279
725.490234
647.058837
519.607849
323.529418
58.823532
-166.666671
-352.941192
-568.627441
-696.078430
-764.705871
-754.901977
-637.254943
-480.392150
-294.117645
-9.803922
186.274520
578.431396
686.274536
735.294128
705.882385
568.627441
401.960784
186.274520
-313.725494
-529.411804
-656.862731
-764.705871
-764.705871
-647.058837
-539.215698
-29.411766
186.274520
392.156860
598.039245
705.882385
735.294128
725.490234
421.568634
166.666671
-68.627449
-303.921569
-480.392150
-666.666687
-735.294128
-666.666687
-529.411804
-303.921569
-78.431373
156.862747
362.745117
568.627441
745.098083
705.882385
588.235290
441.176483
225.490203
-39.215686
-245.098037
-656.862731
-745.098083
-764.705871
-686.274536
-568.627441
-382.352935
-107.843139
362.745117
568.627441
676.470581
745.098083
745.098083
598.039245
460.784332
-39.215686
-254.901962
-450.980407
-627.450988
-715.686279
-764.705871
-686.274536
-372.549041
-107.843139
137.254898
333.333343
529.411804
676.470581
735.294128
754.901977
647.058837
490.196075
313.725494
58.823532
-166.666671
-382.352935
-578.431396
-696.078430
-794.117675
-725.490234
-607.843139
-215.686279
49.019607
254.901962
460.784332
617.647094
705.882385
735.294128
676.470581
558.823547
411.764709
156.862747
-352.941192
-529.411804
-666.666687
-764.705871
-754.901977
-627.450988
-519.607849
9.803922
205.882354
392.156860
598.039245
686.274536
735.294128
725.490234
401.960784
176.470596
-58.823532
-284.313720
-480.392150
-666.666687
-745.098083
-666.666687
-539.215698
-313.725494
-68.627449
147.058822
362.745117
549.019592
666.666687
735.294128
735.294128
647.058837
490.196075
274.509796
9.803922
-166.666671
-401.960784
-588.235290
-705.882385
-774.509826
-745.098083
-617.647094
-460.784332
68.627449
264.705902
460.784332
637.254943
715.686279
745.098083
666.666687
343.137268
78.431373
-137.254898
-362.745117
-549.019592
-676.470581
-774.509826
-617.647094
-460.784332
-254.901962
9.803922
215.686279
421.568634
598.039245
676.470581
735.294128
705.882385
588.235290
411.764709
205.882354
-58.823532
-254.901962
-470.588256
-656.862731
-735.294128
-754.901977
-558.823547
-352.941192
-98.039215
127.450981
343.137268
519.607849
647.058837
764.705871
607.843139
470.588256
254.901962
0.000000
-186.274520
-382.352935
-588.235290
-774.509826
-735.294128
-598.039245
-421.568634
-186.274520
49.019607
274.509796
450.980407
647.058837
725.490234
647.058837
539.215698
362.745117
88.235298
-372.549041
-558.823547
-696.078430
-774.509826
-764.705871
-627.450988
-470.588256
-245.098037
-9.803922
186.274520
401.960784
558.823547
666.666687
745.098083
715.686279
588.235290
441.176483
235.294128
-19.607843
-480.392150
-637.254943
-735.294128
-774.509826
-676.470581
-558.823547
-382.352935
156.862747
352.941192
558.823547
686.274536
725.490234
745.098083
607.843139
480.392150
274.509796
9.803922
-186.274520
-392.156860
-607.843139
-705.882385
-784.313720
-715.686279
-617.647094
-450.980407
58.823532
254.901962
460.784332
627.450988
715.686279
745.098083
666.666687
558.823547
392.156860
127.450981
-98.039215
-549.019592
-666.666687
-774.509826
-764.705871
-480.392150
-264.705902
0.000000
176.470596
382.352935
568.627441
686.274536
705.882385
578.431396
411.764709
186.274520
-39.215686
-274.509796
-470.588256
-764.705871
-764.705871
-656.862731
-549.019592
-352.941192
-78.431373
137.254898
578.431396
686.274536
686.274536
568.627441
431.372558
176.470596
-58.823532
-264.705902
-460.784332
-647.058837
-735.294128
-764.705871
-676.470581
-558.823547
-372.549041
-127.450981
107.843139
539.215698
666.666687
735.294128
745.098083
637.254943
500.000000
294.117645
58.823532
-176.470596
-382.352935
-578.431396
-696.078430
-774.509826
-745.098083
-627.450988
-480.392150
-274.509796
0.000000
186.274520
382.352935
568.627441
676.470581
715.686279
578.431396
401.960784
186.274520
-68.627449
-274.509796
-470.588256
-656.862731
-774.509826
-666.666687
-549.019592
-343.137268
-68.627449
156.862747
362.745117
676.470581
735.294128
745.098083
598.039245
441.176483
215.686279
-19.607843
-490.196075
-647.058837
-745.098083
-764.705871
-686.274536
-578.431396
-382.352935
-137.254898
107.843139
343.137268
509.803924
647.058837
735.294128
754.901977
490.196075
264.705902
9.803922
-186.274520
-382.352935
-578.431396
-715.686279
-715.686279
-568.627441
-431.372558
-196.078430
333.333343
529.411804
666.666687
715.686279
764.705871
656.862731
500.000000
333.333343
88.235298
-137.254898
-343.137268
-549.019592
-686.274536
-745.098083
-754.901977
-637.254943
-490.196075
-284.313720
245.098037
460.784332
627.450988
696.078430
725.490234
686.274536
558.823547
411.764709
186.274520
-78.431373
-284.313720
-666.666687
-764.705871
-754.901977
-666.666687
-303.921569
-39.215686
186.274520
411.764709
568.627441
696.078430
745.098083
735.294128
627.450988
460.784332
-58.823532
-284.313720
-470.588256
-647.058837
-754.901977
-656.862731
-539.215698
-343.137268
-98.039215
156.862747
343.137268
539.215698
676.470581
725.490234
754.901977
617.647094
490.196075
294.117645
39.215686
-186.274520
-382.352935
-598.039245
-764.705871
-735.294128
-588.235290
-441.176483
-205.882354
78.431373
284.313720
627.450988
705.882385
725.490234
637.254943
509.803924
313.725494
68.627449
-147.058822
-568.627441
-705.882385
-784.313720
-745.098083
-617.647094
-470.588256
-254.901962
0.000000
186.274520
392.156860
588.235290
676.470581
725.490234
725.490234
588.235290
450.980407
245.098037
-19.607843
-225.490203
-647.058837
-735.294128
-754.901977
-676.470581
-568.627441
-401.960784
-156.862747
78.431373
294.117645
490.196075
735.294128
745.098083
637.254943
500.000000
313.725494
49.019607
-166.666671
-588.235290
-715.686279
-774.509826
-745.098083
-441.176483
-186.274520
58.823532
274.509796
480.392150
627.450988
686.274536
656.862731
529.411804
323.529418
68.627449
-127.450981
-343.137268
-549.019592
-764.705871
-745.098083
-617.647094
-450.980407
-225.490203
9.803922
205.882354
401.960784
588.235290
705.882385
754.901977
715.686279
598.039245
431.372558
215.686279
-39.215686
-264.705902
-450.980407
-637.254943
-725.490234
-764.705871
-696.078430
-362.745117
-107.843139
137.254898
333.333343
529.411804
627.450988
725.490234
598.039245
460.784332
264.705902
-9.803922
-186.274520
-421.568634
-588.235290
-784.313720
-696.078430
-598.039245
-401.960784
-176.470596
78.431373
284.313720
656.862731
715.686279
745.098083
627.450988
519.607849
323.529418
78.431373
-156.862747
-578.431396
-696.078430
-764.705871
-735.294128
-617.647094
-460.784332
-225.490203
9.803922
215.686279
421.568634
696.078430
735.294128
686.274536
568.627441
392.156860
166.666671
-78.431373
-303.921569
-500.000000
-656.862731
-754.901977
-764.705871
-676.470581
-558.823547
-362.745117
-98.039215
137.254898
313.725494
519.607849
745.098083
735.294128
637.254943
460.784332
284.313720
0.000000
-166.666671
-607.843139
-696.078430
-764.705871
-725.490234
-598.039245
-441.176483
-176.470596
313.725494
500.000000
647.058837
705.882385
735.294128
637.254943
529.411804
58.823532
-147.058822
-372.549041
-549.019592
-696.078430
-794.117675
-754.901977
-441.176483
-225.490203
39.215686
245.098037
450.980407
617.647094
705.882385
666.666687
558.823547
362.745117
117.647064
-127.450981
-333.333343
-539.215698
-774.509826
-745.098083
-627.450988
-480.392150
-274.509796
-19.607843
205.882354
607.843139
705.882385
754.901977
686.274536
568.627441
401.960784
166.666671
-88.235298
-519.607849
-666.666687
-754.901977
-784.313720
-656.862731
-509.803924
-333.333343
-78.431373
147.058822
362.745117
568.627441
696.078430
725.490234
745.098083
617.647094
490.196075
274.509796
9.803922
-431.372558
-627.450988
-715.686279
-774.509826
-735.294128
-588.235290
-421.568634
117.647064
333.333343
519.607849
666.666687
745.098083
764.705871
647.058837
284.313720
19.607843
-205.882354
-392.156860
-598.039245
-705.882385
-774.509826
-598.039245
-421.568634
-205.882354
49.019607
274.509796
460.784332
627.450988
686.274536
745.098083
666.666687
588.235290
392.156860
156.862747
-88.235298
-303.921569
-509.803924
-647.058837
-764.705871
-754.901977
-519.607849
-303.921569
-39.215686
156.862747
382.352935
568.627441
676.470581
696.078430
558.823547
431.372558
176.470596
-39.215686
-264.705902
-480.392150
-754.901977
-764.705871
-666.666687
-549.019592
-333.333343
-98.039215
137.254898
568.627441
676.470581
745.098083
735.294128
617.647094
480.392150
254.901962
0.000000
-186.274520
-382.352935
-578.431396
-696.078430
-774.509826
-764.705871
-637.254943
-460.784332
-235.294128
9.803922
215.686279
627.450988
725.490234
754.901977
676.470581
578.431396
382.352935
137.254898
-107.843139
-323.529418
-519.607849
-676.470581
-754.901977
-647.058837
-490.196075
0.000000
176.470596
382.352935
578.431396
686.274536
735.294128
735.294128
598.039245
450.980407
225.490203
-9.803922
-470.588256
-637.254943
-735.294128
-754.901977
-549.019592
-362.745117
-88.235298
147.058822
333.333343
558.823547
656.862731
715.686279
607.843139
460.784332
245.098037
0.000000
-196.078430
-372.549041
-705.882385
-764.705871
-735.294128
-598.039245
-421.568634
-205.882354
58.823532
490.196075
656.862731
725.490234
754.901977
637.254943
549.019592
343.137268
88.235298
-127.450981
-343.137268
-549.019592
-666.666687
-774.509826
-764.705871
-450.980407
-235.294128
19.607843
225.490203
401.960784
598.039245
715.686279
686.274536
558.823547
382.352935
156.862747
-98.039215
-294.117645
-519.607849
-764.705871
-764.705871
-647.058837
-509.803924
-313.725494
-68.627449
166.666671
607.843139
686.274536
735.294128
696.078430
578.431396
421.568634
205.882354
-323.529418
-519.607849
-656.862731
-764.705871
-774.509826
-656.862731
-519.607849
-39.215686
186.274520
382.352935
568.627441
686.274536
735.294128
725.490234
441.176483
186.274520
-58.823532
-294.117645
-460.784332
-666.666687
-745.098083
-666.666687
-539.215698
-333.333343
-68.627449
166.666671
352.941192
549.019592
686.274536
735.294128
735.294128
637.254943
225.490203
-29.411766
-235.294128
-441.176483
-617.647094
-725.490234
-784.313720
-549.019592
-401.960784
-147.058822
107.843139
323.529418
519.607849
647.058837
735.294128
647.058837
500.000000
294.117645
49.019607
-176.470596
-372.549041
-715.686279
-774.509826
-725.490234
-598.039245
-441.176483
-205.882354
58.823532
470.588256
647.058837
735.294128
735.294128
656.862731
529.411804
362.745117
-186.274520
-401.960784
-588.235290
-696.078430
-784.313720
-754.901977
-627.450988
-205.882354
49.019607
274.509796
450.980407
637.254943
686.274536
735.294128
549.019592
352.941192
117.647064
-137.254898
-343.137268
-529.411804
-676.470581
-745.098083
-627.450988
-490.196075
-264.705902
0.000000
156.862747
372.549041
558.823547
686.274536
745.098083
735.294128
607.843139
480.392150
245.098037
0.000000
-186.274520
-392.156860
-578.431396
-705.882385
-725.490234
-598.039245
-431.372558
-205.882354
49.019607
284.313720
480.392150
715.686279
735.294128
666.666687
519.607849
333.333343
78.431373
-147.058822
-362.745117
-549.019592
-686.274536
-784.313720
-607.843139
-441.176483
-245.098037
19.607843
215.686279
431.372558
578.431396
745.098083
666.666687
568.627441
401.960784
137.254898
-98.039215
-313.725494
-676.470581
-774.509826
-754.901977
-656.862731
-500.000000
-323.529418
-68.627449
401.960784
578.431396
676.470581
745.098083
696.078430
588.235290
431.372558
235.294128
-29.411766
-245.098037
-460.784332
-745.098083
-764.705871
-666.666687
-568.627441
-382.352935
-117.647064
117.647064
578.431396
676.470581
735.294128
745.098083
627.450988
470.588256
264.705902
-264.705902
-450.980407
-637.254943
-715.686279
-764.705871
-696.078430
-578.431396
-117.647064
137.254898
343.137268
539.215698
666.666687
735.294128
754.901977
637.254943
509.803924
303.921569
-215.686279
-431.372558
-607.843139
-705.882385
-764.705871
-715.686279
-578.431396
-127.450981
78.431373
294.117645
480.392150
666.666687
725.490234
745.098083
500.000000
323.529418
58.823532
-166.666671
-372.549041
-558.823547
-696.078430
-764.705871
-617.647094
-460.784332
-215.686279
49.019607
245.098037
421.568634
627.450988
705.882385
745.098083
696.078430
382.352935
117.647064
-127.450981
-333.333343
-509.803924
-656.862731
-764.705871
-637.254943
-470.588256
-284.313720
-19.607843
196.078430
401.960784
588.235290
735.294128
686.274536
578.431396
411.764709
186.274520
-78.431373
-303.921569
-666.666687
-745.098083
-764.705871
-647.058837
-519.607849
-333.333343
-68.627449
411.764709
588.235290
686.274536
745.098083
715.686279
578.431396
441.176483
-98.039215
-294.117645
-490.196075
-647.058837
-735.294128
-784.313720
-666.666687
-323.529418
-68.627449
147.058822
352.941192
549.019592
676.470581
745.098083
598.039245
411.764709
225.490203
-29.411766
-264.705902
-441.176483
-637.254943
-764.705871
-666.666687
-558.823547
-362.745117
-117.647064
127.450981
333.333343
686.274536
725.490234
725.490234
617.647094
460.784332
274.509796
9.803922
-196.078430
-637.254943
-705.882385
-774.509826
-725.490234
-598.039245
-411.764709
-176.470596
333.333343
519.607849
656.862731
735.294128
745.098083
637.254943
500.000000
343.137268
88.235298
-147.058822
-362.745117
-549.019592
-686.274536
-764.705871
-735.294128
-647.058837
-480.392150
-284.313720
245.098037
441.176483
617.647094
696.078430
754.901977
705.882385
588.235290
137.254898
-117.647064
-323.529418
-519.607849
-686.274536
-764.705871
-774.509826
-500.000000
-303.921569
-49.019607
156.862747
362.745117
558.823547
686.274536
725.490234
715.686279
598.039245
450.980407
254.901962
0.000000
-196.078430
-392.156860
-598.039245
-696.078430
-774.509826
-745.098083
-607.843139
-470.588256
-235.294128
29.411766
245.098037
431.372558
607.843139
705.882385
745.098083
686.274536
568.627441
421.568634
-127.450981
-323.529418
-519.607849
-666.666687
-754.901977
-764.705871
-656.862731
-274.509796
-49.019607
196.078430
392.156860
568.627441
686.274536
745.098083
725.490234
617.647094
470.588256
245.098037
-284.313720
-470.588256
-656.862731
-745.098083
-754.901977
-686.274536
-558.823547
-98.039215
147.058822
352.941192
529.411804
676.470581
735.294128
754.901977
450.980407
245.098037
-19.607843
-245.098037
-441.176483
-607.843139
-715.686279
-676.470581
-558.823547
-372.549041
-127.450981
107.843139
313.725494
519.607849
735.294128
745.098083
627.450988
500.000000
284.313720
29.411766
-186.274520
-617.647094
-725.490234
-784.313720
-735.294128
-598.039245
-421.568634
-186.274520
313.725494
500.000000
666.666687
725.490234
745.098083
647.058837
539.215698
58.823532
-176.470596
-382.352935
-568.627441
-686.274536
-784.313720
-754.901977
-441.176483
-196.078430
29.411766
254.901962
421.568634
627.450988
705.882385
656.862731
539.215698
362.745117
107.843139
-137.254898
-343.137268
-549.019592
-754.901977
-754.901977
-627.450988
-470.588256
-254.901962
0.000000
176.470596
588.235290
676.470581
745.098083
705.882385
598.039245
421.568634
205.882354
-49.019607
-490.196075
-666.666687
-754.901977
-774.509826
-676.470581
-558.823547
-352.941192
166.666671
362.745117
568.627441
676.470581
745.098083
745.098083
598.039245
460.784332
245.098037
-29.411766
-235.294128
-441.176483
-607.843139
-715.686279
-764.705871
-735.294128
-598.039245
-441.176483
107.843139
313.725494
529.411804
656.862731
725.490234
725.490234
637.254943
284.313720
29.411766
-186.274520
-372.549041
-607.843139
-715.686279
-774.509826
-588.235290
-421.568634
-176.470596
58.823532
274.509796
470.588256
656.862731
745.098083
637.254943
529.411804
333.333343
78.431373
-147.058822
-362.745117
-715.686279
-774.509826
-745.098083
-607.843139
-441.176483
-235.294128
19.607843
460.784332
637.254943
725.490234
745.098083
676.470581
549.019592
382.352935
147.058822
-107.843139
-333.333343
-519.607849
-764.705871
-764.705871
-637.254943
-490.196075
-284.313720
-29.411766
205.882354
392.156860
578.431396
686.274536
754.901977
725.490234
588.235290
441.176483
215.686279
-294.117645
-509.803924
-656.862731
-745.098083
-764.705871
-686.274536
-549.019592
-68.627449
156.862747
362.745117
558.823547
686.274536
735.294128
745.098083
607.843139
480.392150
274.509796
0.000000
-421.568634
-617.647094
-696.078430
-764.705871
-725.490234
-607.843139
-421.568634
98.039215
303.921569
480.392150
637.254943
696.078430
725.490234
656.862731
313.725494
58.823532
-156.862747
-362.745117
-568.627441
-696.078430
-764.705871
-598.039245
-450.980407
-215.686279
39.215686
254.901962
450.980407
617.647094
745.098083
656.862731
539.215698
352.941192
107.843139
-147.058822
-343.137268
-686.274536
-794.117675
-754.901977
-637.254943
-480.392150
-254.901962
-19.607843
441.176483
627.450988
715.686279
735.294128
656.862731
568.627441
382.352935
-137.254898
-333.333343
-549.019592
-676.470581
-754.901977
-754.901977
-656.862731
-264.705902
0.000000
176.470596
392.156860
578.431396
676.470581
715.686279
588.235290
421.568634
186.274520
-78.431373
-294.117645
-480.392150
-647.058837
-745.098083
-784.313720
-696.078430
-568.627441
-382.352935
-117.647064
117.647064
352.941192
509.803924
676.470581
715.686279
725.490234
480.392150
284.313720
19.607843
-186.274520
-392.156860
-588.235290
-705.882385
-725.490234
-588.235290
-450.980407
-196.078430
49.019607
254.901962
460.784332
725.490234
745.098083
656.862731
549.019592
372.549041
88.235298
-117.647064
-578.431396
-686.274536
-764.705871
-735.294128
-627.450988
-480.392150
-264.705902
264.705902
460.784332
647.058837
715.686279
774.509826
686.274536
568.627441
98.039215
-147.058822
-362.745117
-529.411804
-656.862731
-774.509826
-754.901977
-480.392150
-254.901962
19.607843
196.078430
401.960784
588.235290
696.078430
735.294128
705.882385
588.235290
421.568634
205.882354
-39.215686
-274.509796
-450.980407
-637.254943
-725.490234
-774.509826
-696.078430
-362.745117
-107.843139
137.254898
333.333343
549.019592
647.058837
745.098083
607.843139
470.588256
254.901962
9.803922
-186.274520
-401.960784
-607.843139
-764.705871
-715.686279
-578.431396
-401.960784
-176.470596
68.627449
284.313720
470.588256
627.450988
705.882385
735.294128
647.058837
549.019592
362.745117
127.450981
-127.450981
-333.333343
-539.215698
-676.470581
-754.901977
-627.450988
-490.196075
-274.509796
-9.803922
176.470596
382.352935
705.882385
745.098083
705.882385
578.431396
431.372558
186.274520
-68.627449
-509.803924
-686.274536
-745.098083
-764.705871
-656.862731
-529.411804
-343.137268
186.274520
382.352935
588.235290
686.274536
754.901977
725.490234
598.039245
186.274520
-78.431373
-294.117645
-480.392150
-656.862731
-745.098083
-784.313720
-529.411804
-323.529418
-78.431373
137.254898
343.137268
539.215698
676.470581
745.098083
725.490234
637.254943
480.392150
264.705902
19.607843
-176.470596
-382.352935
-607.843139
-696.078430
-784.313720
-735.294128
-431.372558
-176.470596
68.627449
294.117645
480.392150
627.450988
715.686279
627.450988
519.607849
333.333343
68.627449
-147.058822
-362.745117
-558.823547
-764.705871
-735.294128
-617.647094
-450.980407
-245.098037
0.000000
176.470596
401.960784
598.039245
705.882385
735.294128
715.686279
578.431396
441.176483
225.490203
-29.411766
-235.294128
-441.176483
-617.647094
-754.901977
-676.470581
-558.823547
-372.549041
-137.254898
107.843139
313.725494
686.274536
745.098083
745.098083
617.647094
509.803924
274.509796
19.607843
-441.176483
-617.647094
-715.686279
-764.705871
-696.078430
-588.235290
-411.764709
117.647064
313.725494
519.607849
656.862731
705.882385
754.901977
656.862731
284.313720
19.607843
-196.078430
-392.156860
-578.431396
-705.882385
-764.705871
-735.294128
-607.843139
-460.784332
-215.686279
49.019607
235.294128
441.176483
617.647094
696.078430
745.098083
705.882385
588.235290
117.647064
-117.647064
-323.529418
-539.215698
-666.666687
-745.098083
-764.705871
-490.196075
-284.313720
-19.607843
186.274520
392.156860
588.235290
696.078430
686.274536
578.431396
401.960784
166.666671
-78.431373
-284.313720
-480.392150
-764.705871
-745.098083
-656.862731
-529.411804
-343.137268
-58.823532
156.862747
568.627441
676.470581
745.098083
725.490234
607.843139
441.176483
235.294128
-284.313720
-480.392150
-647.058837
-754.901977
-774.509826
-666.666687
-549.019592
-58.823532
147.058822
372.549041
529.411804
666.666687
725.490234
745.098083
627.450988
490.196075
284.313720
39.215686
-196.078430
-392.156860
-578.431396
-705.882385
-784.313720
-725.490234
-617.647094
-450.980407
78.431373
274.509796
470.588256
647.058837
715.686279
754.901977
656.862731
313.725494
68.627449
-137.254898
-352.941192
-549.019592
-686.274536
-784.313720
-607.843139
-470.588256
-235.294128
9.803922
205.882354
421.568634
588.235290
745.098083
676.470581
578.431396
382.352935
156.862747
-98.039215
-294.117645
-480.392150
-774.509826
-774.509826
-656.862731
-509.803924
-294.117645
-39.215686
176.470596
372.549041
568.627441
696.078430
735.294128
725.490234
588.235290
470.588256
235.294128
-9.803922
-205.882354
-421.568634
-735.294128
-784.313720
-696.078430
-588.235290
-392.156860
-176.470596
88.235298
529.411804
656.862731
735.294128
745.098083
647.058837
509.803924
323.529418
-205.882354
-401.960784
-617.647094
-725.490234
-784.313720
-735.294128
-598.039245
-166.666671
78.431373
274.509796
480.392150
637.254943
705.882385
745.098083
637.254943
549.019592
352.941192
107.843139
-372.549041
-549.019592
-696.078430
-784.313720
-617.647094
-460.784332
-215.686279
49.019607
245.098037
431.372558
627.450988
715.686279
745.098083
715.686279
578.431396
392.156860
156.862747
-68.627449
-303.921569
-480.392150
-676.470581
-735.294128
-647.058837
-509.803924
-343.137268
-78.431373
166.666671
362.745117
558.823547
754.901977
725.490234
588.235290
441.176483
245.098037
-29.411766
-245.098037
-441.176483
-637.254943
-725.490234
-774.509826
-725.490234
-588.235290
-411.764709
-166.666671
68.627449
274.509796
470.588256
637.254943
735.294128
647.058837
519.607849
323.529418
68.627449
-156.862747
-362.745117
-568.627441
-686.274536
-764.705871
-754.901977
-460.784332
-215.686279
39.215686
245.098037
431.372558
637.254943
696.078430
666.666687
549.019592
362.745117
127.450981
-127.450981
-333.333343
-539.215698
-764.705871
-754.901977
-627.450988
-480.392150
-264.705902
9.803922
205.882354
617.647094
705.882385
745.098083
696.078430
578.431396
401.960784
176.470596
-313.725494
-509.803924
-666.666687
-754.901977
-764.705871
-656.862731
-529.411804
-29.411766
186.274520
392.156860
558.823547
676.470581
725.490234
735.294128
411.764709
186.274520
-49.019607
-274.509796
-480.392150
-647.058837
-725.490234
-656.862731
-549.019592
-333.333343
-88.235298
147.058822
343.137268
549.019592
735.294128
725.490234
607.843139
450.980407
254.901962
-9.803922
-215.686279
-647.058837
-725.490234
-774.509826
-696.078430
-578.431396
-401.960784
-166.666671
333.333343
539.215698
666.666687
735.294128
745.098083
627.450988
490.196075
0.000000
-186.274520
-401.960784
-588.235290
-715.686279
-774.509826
-745.098083
-431.372558
-215.686279
68.627449
274.509796
450.980407
627.450988
715.686279
725.490234
656.862731
558.823547
392.156860
-137.254898
-362.745117
-549.019592
-676.470581
-764.705871
-627.450988
-441.176483
-235.294128
19.607843
225.490203
421.568634
598.039245
686.274536
754.901977
539.215698
401.960784
166.666671
-107.843139
-529.411804
-676.470581
-774.509826
-774.509826
-647.058837
-500.000000
-313.725494
225.490203
421.568634
607.843139
696.078430
745.098083
715.686279
568.627441
176.470596
-88.235298
-294.117645
-500.000000
-656.862731
-745.098083
-774.509826
-549.019592
-333.333343
-68.627449
147.058822
343.137268
549.019592
666.666687
735.294128
588.235290
441.176483
225.490203
-29.411766
-245.098037
-441.176483
-745.098083
-754.901977
-686.274536
-558.823547
-392.156860
-127.450981
107.843139
549.019592
666.666687
754.901977
745.098083
627.450988
480.392150
294.117645
-235.294128
-431.372558
-607.843139
-735.294128
-784.313720
-696.078430
-568.627441
-117.647064
117.647064
343.137268
529.411804
647.058837
725.490234
735.294128
470.588256
264.705902
0.000000
-186.274520
-372.549041
-558.823547
-705.882385
-735.294128
-617.647094
-421.568634
-205.882354
58.823532
274.509796
470.588256
705.882385
745.098083
647.058837
539.215698
362.745117
88.235298
-137.254898
-558.823547
-686.274536
-764.705871
-764.705871
-637.254943
-480.392150
-245.098037
264.705902
450.980407
647.058837
705.882385
715.686279
676.470581
578.431396
98.039215
-156.862747
-343.137268
-539.215698
-666.666687
-774.509826
-764.705871
-470.588256
-235.294128
9.803922
186.274520
401.960784
598.039245
696.078430
676.470581
568.627441
411.764709
166.666671
-98.039215
-323.529418
-490.196075
-676.470581
-764.705871
-764.705871
-647.058837
-529.411804
-372.549041
-107.843139
156.862747
333.333343
519.607849
666.666687
715.686279
598.039245
460.784332
235.294128
9.803922
-196.078430
-421.568634
-598.039245
-764.705871
-705.882385
-578.431396
-411.764709
-176.470596
78.431373
303.921569
647.058837
715.686279
745.098083
637.254943
519.607849
313.725494
58.823532
-401.960784
-598.039245
-705.882385
-784.313720
-725.490234
-617.647094
-470.588256
58.823532
294.117645
470.588256
637.254943
715.686279
754.901977
666.666687
333.333343
49.019607
-147.058822
-362.745117
-568.627441
-676.470581
-764.705871
-764.705871
-637.254943
-500.000000
-303.921569
-19.607843
186.274520
392.156860
578.431396
705.882385
735.294128
715.686279
588.235290
176.470596
-78.431373
-284.313720
-480.392150
-637.254943
-735.294128
-764.705871
-519.607849
-333.333343
-68.627449
147.058822
343.137268
539.215698
666.666687
725.490234
598.039245
441.176483
225.490203
-29.411766
-235.294128
-441.176483
-735.294128
-764.705871
-676.470581
-568.627441
-382.352935
-107.843139
127.450981
568.627441
656.862731
735.294128
725.490234
627.450988
450.980407
254.901962
-254.901962
-460.784332
-627.450988
-725.490234
-774.509826
-696.078430
-578.431396
-127.450981
127.450981
343.137268
509.803924
656.862731
745.098083
764.705871
637.254943
519.607849
303.921569
58.823532
-411.764709
-598.039245
-725.490234
-774.509826
-588.235290
-411.764709
-176.470596
68.627449
264.705902
480.392150
637.254943
715.686279
745.098083
637.254943
529.411804
372.549041
117.647064
-117.647064
-343.137268
-529.411804
-676.470581
-784.313720
-637.254943
-480.392150
-274.509796
0.000000
166.666671
382.352935
558.823547
715.686279
725.490234
745.098083
617.647094
480.392150
254.901962
9.803922
-186.274520
-411.764709
-598.039245
-715.686279
-774.509826
-588.235290
-421.568634
-176.470596
58.823532
284.313720
470.588256
647.058837
735.294128
647.058837
519.607849
323.529418
58.823532
-166.666671
-362.745117
-705.882385
-764.705871
-725.490234
-607.843139
-450.980407
-235.294128
29.411766
460.784332
647.058837
725.490234
754.901977
676.470581
558.823547
392.156860
137.254898
-117.647064
-333.333343
-529.411804
-666.666687
-754.901977
-774.509826
-647.058837
-519.607849
-303.921569
-58.823532
166.666671
588.235290
676.470581
725.490234
715.686279
588.235290
421.568634
225.490203
-294.117645
-490.196075
-656.862731
-745.098083
-784.313720
-676.470581
-558.823547
-49.019607
156.862747
362.745117
558.823547
686.274536
735.294128
735.294128
450.980407
205.882354
-39.215686
-254.901962
-450.980407
-637.254943
-705.882385
-656.862731
-568.627441
-372.549041
-98.039215
117.647064
323.529418
519.607849
715.686279
735.294128
588.235290
480.392150
254.901962
19.607843
-205.882354
-392.156860
-588.235290
-705.882385
-774.509826
-745.098083
-617.647094
-441.176483
-215.686279
39.215686
254.901962
431.372558
637.254943
735.294128
627.450988
529.411804
362.745117
127.450981
-127.450981
-343.137268
-705.882385
-794.117675
-745.098083
-637.254943
-470.588256
-264.705902
9.803922
431.372558
607.843139
715.686279
754.901977
676.470581
568.627441
401.960784
-117.647064
-343.137268
-529.411804
-666.666687
-754.901977
-764.705871
-647.058837
-264.705902
0.000000
166.666671
372.549041
578.431396
666.666687
754.901977
735.294128
607.843139
460.784332
264.705902
-284.313720
-460.784332
-647.058837
-735.294128
-784.313720
-696.078430
-578.431396
-98.039215
137.254898
343.137268
539.215698
676.470581
725.490234
754.901977
460.784332
254.901962
9.803922
-196.078430
-401.960784
-598.039245
-705.882385
-705.882385
-568.627441
-411.764709
-156.862747
98.039215
284.313720
500.000000
715.686279
735.294128
627.450988
519.607849
333.333343
68.627449
-156.862747
-362.745117
-558.823547
-676.470581
-784.313720
-735.294128
-637.254943
-500.000000
-9.803922
205.882354
392.156860
588.235290
696.078430
725.490234
725.490234
598.039245
431.372558
215.686279
-39.215686
-245.098037
-450.980407
-647.058837
-715.686279
-774.509826
-715.686279
-598.039245
-401.960784
137.254898
323.529418
519.607849
656.862731
735.294128
735.294128
666.666687
519.607849
313.725494
58.823532
-166.666671
-607.843139
-705.882385
-754.901977
-735.294128
-617.647094
-450.980407
-205.882354
303.921569
480.392150
637.254943
725.490234
725.490234
666.666687
529.411804
49.019607
-186.274520
-372.549041
-558.823547
-715.686279
-784.313720
-764.705871
-431.372558
-215.686279
49.019607
254.901962
441.176483
617.647094
705.882385
656.862731
549.019592
362.745117
107.843139
-127.450981
-323.529418
-549.019592
-784.313720
-764.705871
-627.450988
-480.392150
-254.901962
-19.607843
205.882354
637.254943
696.078430
745.098083
686.274536
568.627441
401.960784
156.862747
-333.333343
-529.411804
-656.862731
-764.705871
-774.509826
-647.058837
-500.000000
-9.803922
186.274520
382.352935
568.627441
686.274536
754.901977
715.686279
588.235290
450.980407
235.294128
-19.607843
-470.588256
-647.058837
-745.098083
-784.313720
-686.274536
-578.431396
-382.352935
156.862747
362.745117
549.019592
666.666687
725.490234
745.098083
627.450988
225.490203
-29.411766
-245.098037
-421.568634
-627.450988
-715.686279
-764.705871
-568.627441
-401.960784
147.058822
333.333343
549.019592
666.666687
745.098083
617.647094
441.176483
254.901962
-9.803922
-235.294128
-421.568634
-725.490234
-774.509826
-686.274536
-558.823547
-401.960784
-156.862747
88.235298
549.019592
666.666687
725.490234
745.098083
647.058837
500.000000
343.137268
-205.882354
-401.960784
-598.039245
-715.686279
-774.509826
-735.294128
-598.039245
-176.470596
78.431373
313.725494
490.196075
637.254943
696.078430
735.294128
509.803924
313.725494
58.823532
-156.862747
-372.549041
-558.823547
-676.470581
-754.901977
-607.843139
-421.568634
-215.686279
19.607843
254.901962
441.176483
705.882385
764.705871
656.862731
549.019592
362.745117
117.647064
-127.450981
-549.019592
-696.078430
-774.509826
-754.901977
-627.450988
-480.392150
-264.705902
254.901962
450.980407
627.450988
715.686279
735.294128
676.470581
568.627441
107.843139
-117.647064
-343.137268
-529.411804
-676.470581
-745.098083
-754.901977
-490.196075
-264.705902
0.000000
166.666671
362.745117
558.823547
686.274536
715.686279
578.431396
431.372558
186.274520
-58.823532
-274.509796
-470.588256
-637.254943
-725.490234
-754.901977
-686.274536
-568.627441
-401.960784
-137.254898
147.058822
323.529418
509.803924
666.666687
725.490234
627.450988
460.784332
284.313720
19.607843
-176.470596
-382.352935
-578.431396
-774.509826
-715.686279
-598.039245
-421.568634
-186.274520
68.627449
274.509796
656.862731
715.686279
754.901977
656.862731
519.607849
313.725494
78.431373
-401.960784
-588.235290
-686.274536
-774.509826
-735.294128
-607.843139
-460.784332
68.627449
274.509796
460.784332
647.058837
725.490234
764.705871
666.666687
333.333343
98.039215
-137.254898
-343.137268
-539.215698
-676.470581
-774.509826
-607.843139
-470.588256
-235.294128
9.803922
205.882354
392.156860
578.431396
686.274536
745.098083
705.882385
578.431396
421.568634
205.882354
-39.215686
-254.901962
-460.784332
-637.254943
-715.686279
-774.509826
-549.019592
-372.549041
-107.843139
117.647064
333.333343
539.215698
666.666687
715.686279
598.039245
460.784332
215.686279
0.000000
-196.078430
-382.352935
-588.235290
-705.882385
-774.509826
-735.294128
-617.647094
-470.588256
-215.686279
49.019607
225.490203
431.372558
617.647094
705.882385
647.058837
529.411804
343.137268
137.254898
-127.450981
-333.333343
-529.411804
-774.509826
-764.705871
-627.450988
-480.392150
-274.509796
-19.607843
186.274520
617.647094
696.078430
754.901977
696.078430
578.431396
401.960784
166.666671
-343.137268
-539.215698
-656.862731
-745.098083
-774.509826
-666.666687
-549.019592
-29.411766
196.078430
392.156860
578.431396
696.078430
745.098083
715.686279
401.960784
196.078430
-58.823532
-284.313720
-470.588256
-647.058837
-735.294128
-647.058837
-539.215698
-352.941192
-98.039215
127.450981
362.745117
549.019592
666.666687
745.098083
745.098083
627.450988
254.901962
-9.803922
-205.882354
-421.568634
-715.686279
-774.509826
-676.470581
-578.431396
-392.156860
-147.058822
98.039215
294.117645
490.196075
656.862731
735.294128
745.098083
637.254943
539.215698
323.529418
117.647064
-166.666671
-362.745117
-715.686279
-764.705871
-754.901977
-627.450988
-460.784332
-254.901962
19.607843
470.588256
637.254943
725.490234
745.098083
676.470581
568.627441
392.156860
-156.862747
-362.745117
-558.823547
-686.274536
-764.705871
-754.901977
-637.254943
-235.294128
19.607843
235.294128
411.764709
598.039245
705.882385
745.098083
705.882385
578.431396
421.568634
196.078430
-49.019607
-274.509796
-490.196075
-637.254943
-735.294128
-754.901977
-676.470581
-568.627441
-98.039215
127.450981
352.941192
539.215698
676.470581
745.098083
754.901977
450.980407
235.294128
-9.803922
-186.274520
-421.568634
-607.843139
-705.882385
-686.274536
-558.823547
-401.960784
-166.666671
88.235298
294.117645
490.196075
735.294128
745.098083
656.862731
500.000000
343.137268
88.235298
-147.058822
-343.137268
-696.078430
-764.705871
-745.098083
-627.450988
-460.784332
-245.098037
29.411766
235.294128
431.372558
607.843139
745.098083
656.862731
558.823547
392.156860
137.254898
-107.843139
-333.333343
-519.607849
-666.666687
-745.098083
-774.509826
-647.058837
-549.019592
-343.137268
-58.823532
382.352935
578.431396
696.078430
735.294128
735.294128
607.843139
431.372558
-88.235298
-294.117645
-480.392150
-647.058837
-745.098083
-794.117675
-666.666687
-323.529418
-78.431373
137.254898
362.745117
558.823547
666.666687
735.294128
588.235290
441.176483
225.490203
-39.215686
-254.901962
-450.980407
-637.254943
-725.490234
-774.509826
-715.686279
-568.627441
-431.372558
-176.470596
78.431373
303.921569
470.588256
637.254943
715.686279
754.901977
519.607849
303.921569
58.823532
-166.666671
-362.745117
-568.627441
-686.274536
-725.490234
-607.843139
-441.176483
-215.686279
49.019607
254.901962
460.784332
705.882385
745.098083
647.058837
549.019592
343.137268
98.039215
-117.647064
-558.823547
-686.274536
-754.901977
-754.901977
-637.254943
-500.000000
-284.313720
225.490203
431.372558
617.647094
715.686279
745.098083
696.078430
568.627441
421.568634
196.078430
-58.823532
-264.705902
-676.470581
-754.901977
-774.509826
-666.666687
-558.823547
-343.137268
-98.039215
372.549041
568.627441
686.274536
745.098083
725.490234
578.431396
450.980407
-49.019607
-274.509796
