-29.411766
-9.803922
49.019607
88.235298
156.862747
166.666671
166.666671
117.647064
58.823532
0.000000
-19.607843
-49.019607
-127.450981
-176.470596
-205.882354
-205.882354
-196.078430
-147.058822
-19.607843
9.803922
58.823532
117.647064
156.862747
176.470596
186.274520
117.647064
39.215686
0.000000
-29.411766
-68.627449
-137.254898
-186.274520
-205.882354
-147.058822
-98.039215
-58.823532
-9.803922
0.000000
58.823532
127.450981
156.862747
186.274520
176.470596
78.431373
39.215686
-9.803922
-19.607843
-88.235298
-147.058822
-196.078430
-205.882354
-166.666671
-98.039215
-39.215686
0.000000
29.411766
88.235298
117.647064
176.470596
176.470596
186.274520
88.235298
39.215686
0.000000
-39.215686
-107.843139
-137.254898
-176.470596
-205.882354
-147.058822
-98.039215
-39.215686
-9.803922
19.607843
88.235298
147.058822
205.882354
166.666671
117.647064
68.627449
39.215686
-19.607843
-49.019607
-166.666671
-196.078430
-215.686279
-186.274520
-137.254898
-88.235298
-19.607843
88.235298
98.039215
166.666671
176.470596
176.470596
147.058822
127.450981
58.823532
19.607843
-39.215686
-78.431373
-186.274520
-196.078430
-196.078430
-166.666671
-127.450981
-39.215686
-39.215686
98.039215
147.058822
186.274520
186.274520
176.470596
137.254898
88.235298
19.607843
-19.607843
-39.215686
-107.843139
-156.862747
-205.882354
-215.686279
-186.274520
-147.058822
-88.235298
-49.019607
0.000000
9.803922
147.058822
186.274520
186.274520
186.274520
127.450981
78.431373
39.215686
-58.823532
-127.450981
-176.470596
-205.882354
-205.882354
-176.470596
-147.058822
-19.607843
19.607843
78.431373
117.647064
166.666671
176.470596
205.882354
98.039215
39.215686
9.803922
-29.411766
-78.431373
-137.254898
-176.470596
-205.882354
-166.666671
-98.039215
-39.215686
-9.803922
29.411766
78.431373
117.647064
196.078430
196.078430
147.058822
78.431373
29.411766
-9.803922
-29.411766
-186.274520
-205.882354
-196.078430
-215.686279
-147.058822
-78.431373
-39.215686
9.803922
39.215686
107.843139
147.058822
186.274520
166.666671
127.450981
68.627449
19.607843
-19.607843
-49.019607
-176.470596
-215.686279
-205.882354
-176.470596
-127.450981
-68.627449
-9.803922
88.235298
147.058822
166.666671
196.078430
196.078430
147.058822
98.039215
0.000000
-49.019607
-98.039215
-156.862747
-176.470596
-205.882354
-186.274520
-166.666671
-39.215686
-9.803922
49.019607
88.235298
137.254898
186.274520
176.470596
127.450981
78.431373
19.607843
0.000000
-49.019607
-127.450981
-166.666671
-215.686279
-205.882354
-147.058822
-88.235298
-29.411766
0.000000
39.215686
78.431373
186.274520
205.882354
166.666671
137.254898
58.823532
9.803922
-19.607843
-58.823532
-98.039215
-156.862747
-196.078430
-215.686279
-205.882354
-137.254898
-19.607843
9.803922
49.019607
107.843139
166.666671
196.078430
186.274520
107.843139
49.019607
0.000000
-9.803922
-78.431373
-127.450981
-176.470596
-215.686279
-176.470596
-127.450981
-58.823532
-19.607843
9.803922
78.431373
127.450981
186.274520
196.078430
156.862747
78.431373
49.019607
0.000000
-19.607843
-137.254898
-205.882354
-215.686279
-215.686279
-166.666671
-98.039215
-39.215686
0.000000
9.803922
68.627449
127.450981
147.058822
196.078430
176.470596
156.862747
98.039215
49.019607
9.803922
-19.607843
-58.823532
-186.274520
-205.882354
-215.686279
-166.666671
-98.039215
-68.627449
-19.607843
98.039215
137.254898
166.666671
176.470596
186.274520
156.862747
78.431373
-9.803922
-39.215686
-117.647064
-156.862747
-196.078430
-225.490203
-205.882354
-78.431373
-29.411766
9.803922
39.215686
117.647064
156.862747
186.274520
205.882354
166.666671
127.450981
58.823532
19.607843
0.000000
-68.627449
-117.647064
-176.470596
-186.274520
-196.078430
-176.470596
-147.058822
-29.411766
19.607843
49.019607
107.843139
156.862747
176.470596
196.078430
117.647064
49.019607
19.607843
-29.411766
-78.431373
-137.254898
-176.470596
-205.882354
-166.666671
-107.843139
-49.019607
-9.803922
29.411766
88.235298
176.470596
205.882354
176.470596
127.450981
88.235298
29.411766
-19.607843
-58.823532
-156.862747
-186.274520
-215.686279
-205.882354
-147.058822
-19.607843
29.411766
58.823532
127.450981
186.274520
176.470596
166.666671
117.647064
58.823532
0.000000
-19.607843
-147.058822
-186.274520
-225.490203
-196.078430
-156.862747
-117.647064
-58.823532
0.000000
19.607843
68.627449
137.254898
176.470596
196.078430
147.058822
107.843139
-9.803922
-29.411766
-98.039215
-166.666671
-186.274520
-225.490203
-215.686279
-147.058822
-98.039215
-39.215686
-9.803922
117.647064
156.862747
176.470596
186.274520
176.470596
107.843139
58.823532
-39.215686
-68.627449
-127.450981
-176.470596
-215.686279
-215.686279
-176.470596
-39.215686
0.000000
19.607843
58.823532
117.647064
156.862747
176.470596
147.058822
98.039215
58.823532
0.000000
-19.607843
-78.431373
-147.058822
-176.470596
-205.882354
-166.666671
-107.843139
-58.823532
-9.803922
0.000000
58.823532
166.666671
196.078430
196.078430
147.058822
78.431373
39.215686
-9.803922
-88.235298
-176.470596
-176.470596
-225.490203
-196.078430
-166.666671
-98.039215
-9.803922
58.823532
98.039215
156.862747
176.470596
196.078430
196.078430
147.058822
19.607843
-19.607843
-88.235298
-127.450981
-196.078430
-205.882354
-215.686279
-117.647064
-58.823532
-9.803922
9.803922
68.627449
107.843139
176.470596
166.666671
156.862747
78.431373
39.215686
9.803922
-29.411766
-78.431373
-137.254898
-166.666671
-196.078430
-205.882354
-176.470596
-127.450981
-68.627449
-19.607843
9.803922
68.627449
127.450981
156.862747
196.078430
156.862747
88.235298
19.607843
-9.803922
-29.411766
-107.843139
-156.862747
-225.490203
-196.078430
-147.058822
-107.843139
-58.823532
19.607843
29.411766
137.254898
176.470596
215.686279
186.274520
117.647064
68.627449
9.803922
-68.627449
-117.647064
-156.862747
-196.078430
-196.078430
-166.666671
-117.647064
-78.431373
-29.411766
9.803922
49.019607
156.862747
186.274520
186.274520
156.862747
78.431373
39.215686
0.000000
-98.039215
-156.862747
-196.078430
-205.882354
-205.882354
-166.666671
-107.843139
-9.803922
39.215686
98.039215
137.254898
166.666671
176.470596
166.666671
137.254898
78.431373
19.607843
-9.803922
-137.254898
-166.666671
-205.882354
-205.882354
-196.078430
-137.254898
-68.627449
-9.803922
58.823532
117.647064
166.666671
176.470596
176.470596
166.666671
107.843139
49.019607
9.803922
-19.607843
-147.058822
-176.470596
-205.882354
-225.490203
-98.039215
-78.431373
0.000000
0.000000
49.019607
107.843139
166.666671
186.274520
176.470596
117.647064
58.823532
9.803922
-29.411766
-78.431373
-127.450981
-196.078430
-205.882354
-176.470596
-107.843139
-58.823532
-19.607843
29.411766
147.058822
196.078430
196.078430
186.274520
137.254898
68.627449
49.019607
-58.823532
-107.843139
-156.862747
-205.882354
-205.882354
-196.078430
-137.254898
-9.803922
9.803922
49.019607
98.039215
156.862747
176.470596
176.470596
166.666671
127.450981
58.823532
19.607843
-78.431373
-137.254898
-186.274520
-205.882354
-215.686279
-186.274520
-127.450981
-9.803922
9.803922
68.627449
137.254898
166.666671
166.666671
186.274520
98.039215
29.411766
-9.803922
-29.411766
-98.039215
-147.058822
-166.666671
-215.686279
-156.862747
-88.235298
-49.019607
0.000000
39.215686
78.431373
147.058822
176.470596
205.882354
186.274520
147.058822
107.843139
19.607843
0.000000
-39.215686
-98.039215
-137.254898
-176.470596
-196.078430
-205.882354
-166.666671
-98.039215
-68.627449
19.607843
78.431373
137.254898
176.470596
196.078430
176.470596
137.254898
19.607843
-29.411766
-39.215686
-117.647064
-166.666671
-215.686279
-186.274520
-117.647064
-78.431373
-29.411766
19.607843
58.823532
117.647064
156.862747
196.078430
156.862747
98.039215
58.823532
19.607843
-29.411766
-98.039215
-137.254898
-215.686279
-215.686279
-176.470596
-107.843139
-39.215686
-9.803922
19.607843
88.235298
117.647064
156.862747
196.078430
176.470596
147.058822
68.627449
29.411766
0.000000
-39.215686
-88.235298
-137.254898
-225.490203
-215.686279
-176.470596
-107.843139
-49.019607
0.000000
9.803922
88.235298
137.254898
176.470596
196.078430
147.058822
107.843139
29.411766
-19.607843
-39.215686
-98.039215
-137.254898
-205.882354
-196.078430
-156.862747
-88.235298
-49.019607
9.803922
19.607843
156.862747
166.666671
176.470596
166.666671
107.843139
58.823532
9.803922
-19.607843
-137.254898
-176.470596
-215.686279
-196.078430
-176.470596
-117.647064
-68.627449
9.803922
58.823532
127.450981
166.666671
176.470596
186.274520
166.666671
39.215686
-9.803922
-39.215686
-88.235298
-137.254898
-186.274520
-215.686279
-137.254898
-98.039215
-29.411766
-9.803922
29.411766
88.235298
147.058822
186.274520
176.470596
127.450981
78.431373
0.000000
-9.803922
-39.215686
-127.450981
-156.862747
-186.274520
-215.686279
-147.058822
-68.627449
-9.803922
0.000000
49.019607
78.431373
156.862747
176.470596
186.274520
137.254898
58.823532
29.411766
-9.803922
-39.215686
-127.450981
-205.882354
-215.686279
-176.470596
-147.058822
-88.235298
-29.411766
-9.803922
117.647064
156.862747
176.470596
205.882354
166.666671
117.647064
49.019607
-29.411766
-107.843139
-156.862747
-196.078430
-215.686279
-186.274520
-156.862747
-29.411766
0.000000
19.607843
78.431373
137.254898
166.666671
205.882354
196.078430
58.823532
29.411766
-9.803922
-49.019607
-107.843139
-156.862747
-196.078430
-186.274520
-147.058822
-78.431373
-29.411766
9.803922
49.019607
107.843139
176.470596
186.274520
176.470596
176.470596
98.039215
58.823532
9.803922
-19.607843
-107.843139
-186.274520
-205.882354
-196.078430
-176.470596
-117.647064
-68.627449
9.803922
78.431373
127.450981
186.274520
215.686279
196.078430
147.058822
19.607843
-9.803922
-19.607843
-98.039215
-137.254898
-176.470596
-225.490203
-137.254898
-88.235298
-49.019607
-9.803922
29.411766
78.431373
147.058822
196.078430
196.078430
186.274520
147.058822
29.411766
0.000000
-49.019607
-107.843139
-156.862747
-186.274520
-225.490203
-156.862747
-88.235298
-39.215686
-19.607843
29.411766
107.843139
156.862747
186.274520
186.274520
176.470596
117.647064
0.000000
-9.803922
-58.823532
-127.450981
-225.490203
-215.686279
-176.470596
-147.058822
-58.823532
-39.215686
9.803922
117.647064
186.274520
186.274520
186.274520
156.862747
107.843139
49.019607
-49.019607
-107.843139
-156.862747
-176.470596
-215.686279
-196.078430
-156.862747
-29.411766
19.607843
39.215686
107.843139
156.862747
205.882354
205.882354
107.843139
58.823532
9.803922
-19.607843
-78.431373
-127.450981
-166.666671
-176.470596
-166.666671
-117.647064
-68.627449
-9.803922
0.000000
49.019607
107.843139
196.078430
196.078430
176.470596
107.843139
58.823532
0.000000
-19.607843
-147.058822
-186.274520
-205.882354
-205.882354
-176.470596
-107.843139
-49.019607
0.000000
9.803922
58.823532
117.647064
166.666671
196.078430
196.078430
166.666671
117.647064
49.019607
19.607843
-29.411766
-58.823532
-176.470596
-215.686279
-215.686279
-166.666671
-137.254898
-49.019607
-19.607843
107.843139
147.058822
186.274520
196.078430
176.470596
127.450981
68.627449
-29.411766
-58.823532
-117.647064
-176.470596
-196.078430
-215.686279
-205.882354
-88.235298
-29.411766
29.411766
49.019607
117.647064
176.470596
196.078430
196.078430
166.666671
117.647064
49.019607
-29.411766
-98.039215
-147.058822
-186.274520
-215.686279
-196.078430
-176.470596
-29.411766
-9.803922
19.607843
88.235298
147.058822
196.078430
205.8823