764.705871
1166.666748
1470.588256
1578.431396
1509.803955
1303.921630
941.176513
470.588256
-617.647094
-1019.607849
-1411.764770
-1568.627441
-1627.451049
-1372.549072
-1078.431396
19.607843
460.784332
901.960815
1284.313720
1500.000000
1607.843139
1450.980468
794.117675
274.509796
-254.901962
-696.078430
-1117.647094
-1450.980468
-1588.235351
-1598.039184
-1333.333374
-1000.000000
88.235298
539.215698
941.176513
1303.921630
1509.803955
1578.431396
1421.568603
676.470581
137.254898
-352.941192
-803.921569
-1205.882324
-1509.803955
-1607.843139
-1225.490234
-862.745117
-343.137268
196.078430
656.862731
1029.411743
1411.764770
1558.823608
1303.921630
1009.803955
568.627441
9.803922
-441.176483
-852.941162
-1529.411743
-1627.451049
-1450.980468
-1196.078491
-774.509826
-215.686279
254.901962
715.686279
1127.451049
1431.372558
1509.803955
1264.705932
931.372558
450.980407
-88.235298
-539.215698
-950.980407
-1333.333374
-1558.823608
-1607.843139
-1421.568603
-1166.666748
-735.294128
-186.274520
313.725494
1215.686279
1500.000000
1578.431396
1470.588256
1245.098022
921.568664
421.568634
-647.058837
-1058.823608
-1431.372558
-1588.235351
-1627.451049
-1352.941162
-1029.411743
68.627449
519.607849
931.372558
1303.921630
1519.607910
1588.235351
1117.647094
705.882385
166.666671
-323.529418
-764.705871
-1186.274536
-1490.196166
-1598.039184
-1509.803955
-1274.509887
-931.372558
196.078430
637.254943
1019.607849
1411.764770
1529.411743
1588.235351
1362.745117
1078.431396
627.450988
68.627449
-392.156860
-843.137268
-1264.705932
-1509.803955
-1627.451049
-1480.392211
-1245.098022
-833.333374
284.313720
705.882385
1127.451049
1441.176513
1578.431396
1578.431396
1313.725463
460.784332
-98.039215
-549.019592
-950.980407
-1343.137329
-1558.823608
-1617.647094
-1450.980468
-1176.470581
-735.294128
372.549041
813.725524
1205.882324
1480.392211
1598.039184
1480.392211
1245.098022
313.725494
-225.490203
-686.274536
-1078.431396
-1450.980468
-1598.039184
-1598.039184
-970.588256
-519.607849
49.019607
500.000000
882.352966
1294.117675
1490.196166
1607.843139
1441.176513
1196.078491
215.686279
-303.921569
-745.098083
-1147.058837
-1617.647094
-1500.000000
-1284.313720
-960.784301
-490.196075
68.627449
529.411804
911.764709
1284.313720
1509.803955
1588.235351
1441.176513
1176.470581
784.313720
264.705902
-254.901962
-715.686279
-1127.451049
-1607.843139
-1539.215698
-1284.313720
-960.784301
-470.588256
78.431373
529.411804
1372.549072
1529.411743
1588.235351
1352.941162
1078.431396
656.862731
107.843139
-372.549041
-803.921569
-1245.098022
-1509.803955
-1607.843139
-1490.196166
-1254.901977
-882.352966
-362.745117
176.470596
627.450988
1401.960815
1568.627441
1588.235351
1333.333374
1029.411743
549.019592
9.803922
-931.372558
-1323.529418
-1539.215698
-1617.647094
-1441.176513
-1186.274536
-774.509826
372.549041
784.313720
1186.274536
1460.784301
1568.627441
1490.196166
1274.509887
931.372558
441.176483
-88.235298
-1039.215698
-1411.764770
-1588.235351
-1343.137329
-1000.000000
-588.235290
-29.411766
441.176483
882.352966
1245.098022
1578.431396
1431.372558
1166.666748
774.509826
254.901962
-274.509796
-735.294128
-1490.196166
-1607.843139
-1519.607910
-1264.705932
-931.372558
-450.980407
88.235298
1029.411743
1401.960815
1568.627441
1598.039184
1352.941162
1068.627441
627.450988
-480.392150
-921.568664
-1313.725463
-1519.607910
-1607.843139
-1450.980468
-1196.078491
-176.470596
313.725494
754.901977
1156.862792
1470.588256
1578.431396
1235.294189
882.352966
401.960784
-147.058822
-627.450988
-1019.607849
-1431.372558
-1607.843139
-1352.941162
-1039.215698
-558.823547
0.000000
401.960784
823.529418
1480.392211
1568.627441
1441.176513
1205.882324
833.333374
323.529418
-215.686279
-1156.862792
-1470.588256
-1617.647094
-1558.823608
-1313.725463
-990.196105
-500.000000
578.431396
980.392150
1352.941162
1519.607910
1607.843139
1392.156860
1117.647094
88.235298
-382.352935
-843.137268
-1235.294189
-1529.411743
-1617.647094
-1480.392211
-1245.098022
-901.960815
-362.745117
186.274520
637.254943
1019.607849
1382.353027
1529.411743
1578.431396
1362.745117
1068.627441
617.647094
78.431373
-392.156860
-803.921569
-1225.490234
-1519.607910
-1607.843139
-1205.882324
-813.725524
-294.117645
215.686279
676.470581
1078.431396
1421.568603
1529.411743
1284.313720
970.588256
519.607849
-39.215686
-480.392150
-921.568664
-1313.725463
-1519.607910
-1637.254882
-1147.058837
-715.686279
-166.666671
323.529418
774.509826
1117.647094
1470.588256
1470.588256
1235.294189
892.156860
392.156860
-127.450981
-578.431396
-1029.411743
-1588.235351
-1598.039184
-1333.333374
-1029.411743
-549.019592
-9.803922
421.568634
872.549011
1254.901977
1490.196166
1411.764770
1176.470581
784.313720
284.313720
-264.705902
-696.078430
-1117.647094
-1607.843139
-1549.019653
-1294.117675
-362.745117
156.862747
647.058837
1009.803955
1401.960815
1529.411743
1598.039184
1019.607849
549.019592
39.215686
-441.176483
-882.352966
-1284.313720
-1529.411743
-1450.980468
-1166.666748
-735.294128
-205.882354
284.313720
725.490234
1127.451049
1578.431396
1480.392211
1245.098022
892.156860
450.980407
-107.843139
-558.823547
-1421.568603
-1578.431396
-1607.843139
-1382.353027
-1078.431396
-607.843139
-49.019607
401.960784
833.333374
1225.490234
1588.235351
1431.372558
1225.490234
205.882354
-313.725494
-764.705871
-1176.470581
-1470.588256
-1588.235351
-1549.019653
-901.960815
-392.156860
137.254898
588.235290
1009.803955
1352.941162
1539.215698
1352.941162
1039.215698
588.235290
39.215686
-401.960784
-833.333374
-1245.098022
-1617.647094
-1470.588256
-1196.078491
-803.921569
-294.117645
254.901962
696.078430
1450.980468
1588.235351
1529.411743
1284.313720
970.588256
519.607849
-49.019607
-970.588256
-1352.941162
-1578.431396
-1637.254882
-1411.764770
-1117.647094
-696.078430
-147.058822
343.137268
784.313720
1156.862792
1470.588256
1578.431396
1235.294189
852.941162
352.941192
-176.470596
-617.647094
-1029.411743
-1421.568603
-1607.843139
-1323.529418
-1009.803955
-558.823547
9.803922
441.176483
892.156860
1509.803955
1598.039184
1441.176513
1166.666748
803.921569
274.509796
-254.901962
-705.882385
-1117.647094
-1450.980468
-1588.235351
-1598.039184
-1333.333374
-990.196105
-549.019592
19.607843
460.784332
892.156860
1284.313720
1509.803955
1588.235351
1441.176513
754.901977
235.294128
-274.509796
-725.490234
-1156.862792
-1470.588256
-1627.451049
-1294.117675
-921.568664
-441.176483
117.647064
578.431396
990.196105
1352.941162
1558.823608
1607.843139
1401.960815
627.450988
88.235298
-372.549041
-833.333374
-1529.411743
-1627.451049
-1470.588256
-1254.901977
-833.333374
-313.725494
745.098083
1147.058837
1460.784301
1588.235351
1568.627441
1274.509887
960.784301
-127.450981
-598.039245
-1019.607849
-1401.960815
-1568.627441
-1617.647094
-1392.156860
-598.039245
-49.019607
421.568634
852.941162
1215.686279
1470.588256
1588.235351
1166.666748
784.313720
274.509796
-254.901962
-725.490234
-1117.647094
-1450.980468
-1549.019653
-1303.921630
-960.784301
-470.588256
58.823532
519.607849
921.568664
1313.725463
1509.803955
1607.843139
1127.451049
705.882385
166.666671
-333.333343
-1245.098022
-1519.607910
-1617.647094
-1480.392211
-1235.294189
-872.549011
-333.333343
196.078430
607.843139
1039.215698
1558.823608
1578.431396
1303.921630
1009.803955
539.215698
9.803922
-441.176483
-882.352966
-1294.117675
-1549.019653
-1598.039184
-1460.784301
-1225.490234
-843.137268
-303.921569
235.294128
686.274536
1078.431396
1549.019653
1539.215698
1303.921630
970.588256
529.411804
-9.803922
-441.176483
-1352.941162
-1549.019653
-1401.960815
-1088.235351
-637.254943
-98.039215
892.156860
1264.705932
1490.196166
1588.235351
1431.372558
1186.274536
225.490203
-284.313720
-764.705871
-1156.862792
-1470.588256
-1617.647094
-1549.019653
-911.764709
-431.372558
127.450981
568.627441
990.196105
1352.941162
1539.215698
1352.941162
1068.627441
627.450988
78.431373
-372.549041
-813.725524
-1235.294189
-1490.196166
-1607.843139
-1470.588256
-813.725524
-284.313720
235.294128
676.470581
1068.627441
1421.568603
1578.431396
1284.313720
950.980407
509.803924
-39.215686
-500.000000
-882.352966
-1303.921630
-1598.039184
-1431.372558
-1186.274536
-754.901977
-225.490203
284.313720
735.294128
1470.588256
1558.823608
1509.803955
1264.705932
931.372558
450.980407
-88.235298
-549.019592
-960.784301
-1352.941162
-1539.215698
-1401.960815
-1107.843139
-666.666687
-88.235298
382.352935
803.921569
1509.803955
1588.235351
1460.784301
1245.098022
852.941162
343.137268
-196.078430
-1127.451049
-1470.588256
-1578.431396
-1568.627441
-1303.921630
-990.196105
-519.607849
578.431396
970.588256
1362.745117
1539.215698
1588.235351
1382.353027
1137.254882
686.274536
147.058822
-343.137268
-1274.509887
-1539.215698
-1617.647094
-1460.784301
-1215.686279
-852.941162
-333.333343
735.294128
1147.058837
1450.980468
1568.627441
1558.823608
1294.117675
980.392150
-127.450981
-598.039245
-990.196105
-1392.156860
-1588.235351
-1627.451049
-1401.960815
-617.647094
-49.019607
401.960784
813.725524
1235.294189
1509.803955
1568.627441
1441.176513
1235.294189
862.745117
-245.098037
-676.470581
-1117.647094
-1598.039184
-1549.019653
-1294.117675
-960.784301
-490.196075
68.627449
529.411804
1372.549072
1529.411743
1617.647094
1382.353027
1127.451049
666.666687
166.666671
-843.137268
-1274.509887
-1509.803955
-1627.451049
-1470.588256
-1245.098022
-833.333374
294.117645
725.490234
1137.254882
1441.176513
1598.039184
1578.431396
1333.333374
980.392150
519.607849
-9.803922
-441.176483
-892.156860
-1284.313720
-1529.411743
-1627.451049
-1480.392211
-1196.078491
-813.725524
333.333343
754.901977
1186.274536
1460.784301
1578.431396
1519.607910
1284.313720
382.352935
-156.862747
-627.450988
-1009.803955
-1421.568603
-1568.627441
-1617.647094
-1372.549072
-1088.235351
-617.647094
490.196075
911.764709
1294.117675
1529.411743
1607.843139
1431.372558
1176.470581
137.254898
-323.529418
-784.313720
-1186.274536
-1500.000000
-1598.039184
-1539.215698
-892.156860
-401.960784
156.862747
598.039245
990.196105
1352.941162
1529.411743
1333.333374
1039.215698
598.039245
49.019607
-411.764709
-833.333374
-1235.294189
-1519.607910
-1617.647094
-1480.392211
-813.725524
-284.313720
264.705902
676.470581
1088.235351
1421.568603
1568.627441
1303.921630
960.784301
529.411804
-19.607843
-480.392150
-892.156860
-1303.921630
-1607.843139
-1441.176513
-1127.451049
-725.490234
-166.666671
303.921569
764.705871
1490.196166
1588.235351
1490.196166
1225.490234
872.549011
411.764709
-137.254898
-607.843139
-1009.803955
-1411.764770
-1607.843139
-1352.941162
-1049.019653
-578.431396
-9.803922
421.568634
862.745117
1509.803955
1588.235351
1441.176513
1186.274536
784.313720
284.313720
-254.901962
-1176.470581
-1490.196166
-1617.647094
-1529.411743
-1274.509887
-960.784301
186.274520
627.450988
1029.411743
1382.353027
1539.215698
1588.235351
1352.941162
549.019592
19.607843
-431.372558
-1352.941162
-1539.215698
-1627.451049
-1098.039184
-686.274536
-117.647064
382.352935
823.529418
1215.686279
1460.784301
1460.784301
1205.882324
843.137268
333.333343
-205.882354
-666.666687
-1068.627441
-1598.039184
-1578.431396
-1333.333374
-980.392150
-519.607849
29.411766
500.000000
843.137268
1254.901977
1500.000000
1450.980468
1166.666748
803.921569
284.313720
-225.490203
-676.470581
-1088.235351
-1588.235351
-1539.215698
-1313.725463
-392.156860
137.254898
598.039245
1009.803955
1352.941162
1529.411743
1598.039184
1019.607849
578.431396
29.411766
-411.764709
-862.745117
-1254.901977
-1519.607910
-1460.784301
-1176.470581
-794.117675
-264.705902
274.509796
696.078430
1098.039184
1568.627441
1529.411743
1303.921630
950.980407
480.392150
-58.823532
-509.803924
-1392.156860
-1558.823608
-1617.647094
-1392.156860
-1107.843139
-676.470581
-147.058822
892.156860
1274.509887
1490.196166
1588.235351
1450.980468
1205.882324
843.137268
323.529418
-186.274520
-666.666687
-1049.019653
-1401.960815
-1588.235351
-1303.921630
-990.196105
-539.215698
19.607843
950.980407
1323.529418
1509.803955
1607.843139
1421.568603
1166.666748
715.686279
186.274520
-303.921569
-754.901977
-1500.000000
-1617.647094
-1519.607910
-1284.313720
-372.549041
176.470596
617.647094
1029.411743
1372.549072
1539.215698
1323.529418
1019.607849
578.431396
29.411766
-450.980407
-882.352966
-1294.117675
-1539.215698
-1617.647094
-1490.196166
-1205.882324
-205.882354
303.921569
745.098083
1137.254882
1460.784301
1578.431396
1529.411743
1294.117675
960.784301
500.000000
-9.803922
-441.176483
-892.156860
-1274.509887
-1529.411743
-1637.254882
-1470.588256
-1205.882324
-196.078430
313.725494
754.901977
1166.666748
1470.588256
1558.823608
1519.607910
921.568664
441.176483
-147.058822
-578.431396
-1000.000000
-1362.745117
-1558.823608
-1362.745117
-1068.627441
-617.647094
-88.235298
401.960784
803.921569
1176.470581
1470.588256
1568.627441
1490.196166
1235.294189
882.352966
372.549041
-166.666671
-637.254943
-1029.411743
-1401.960815
-1598.039184
-1343.137329
-1029.411743
-539.215698
29.411766
480.392150
901.960815
1284.313720
1598.039184
1411.764770
1166.666748
764.705871
235.294128
-294.117645
-735.294128
-1490.196166
-1607.843139
-1500.000000
-1284.313720
-921.568664
-450.980407
68.627449
1000.000000
1372.549072
1539.215698
1607.843139
1392.156860
1107.843139
676.470581
147.058822
-323.529418
-794.117675
-1196.078491
-1509.803955
-1627.451049
-1509.803955
-1274.509887
-931.372558
-431.372558
127.450981
1039.215698
1401.960815
1549.019653
1598.039184
1323.529418
1068.627441
588.235290
-519.607849
-941.176513
-1333.333374
-1549.019653
-1617.647094
-1431.372558
-1156.862792
-745.098083
-196.078430
294.117645
725.490234
1137.254882
1450.980468
1598.039184
1539.215698
1303.921630
941.176513
490.196075
-588.235290
-1009.803955
-1392.156860
-1568.627441
-1627.451049
-1392.156860
-1107.843139
-647.058837
-98.039215
382.352935
833.333374
1176.470581
1450.980468
1578.431396
1470.588256
1254.901977
901.960815
421.568634
-676.470581
-1088.235351
-1431.372558
-1588.235351
-1607.843139
-1313.725463
-1009.803955
98.039215
529.411804
950.980407
1333.333374
1529.411743
1598.039184
1411.764770
696.078430
156.862747
-343.137268
-803.921569
-1205.882324
-1500.000000
-1617.647094
-1539.215698
-1294.117675
-931.372558
176.470596
627.450988
1029.411743
1401.960815
1558.823608
1598.039184
1362.745117
558.823547
0.000000
-372.549041
-823.529418
-1225.490234
-1519.607910
-1637.254882
-1215.686279
-813.725524
-313.725494
225.490203
676.470581
1058.823608
1411.764770
1549.019653
1303.921630
990.196105
529.411804
-29.411766
-470.588256
-921.568664
-1323.529418
-1529.411743
-1617.647094
-1156.862792
-735.294128
-176.470596
323.529418
764.705871
1137.254882
1470.588256
1470.588256
1235.294189
892.156860
392.156860
-137.254898
-588.235290
-990.196105
-1568.627441
-1617.647094
-1362.745117
-1088.235351
-598.039245
-58.823532
382.352935
1284.313720
1500.000000
1588.235351
1441.176513
1205.882324
823.529418
313.725494
-225.490203
-666.666687
-1098.039184
-1598.039184
-1549.019653
-1323.529418
-401.960784
107.843139
598.039245
1000.000000
1362.745117
1558.823608
1588.235351
1068.627441
627.450988
98.039215
-362.745117
-813.725524
-1215.686279
-1500.000000
-1470.588256
-1245.098022
-882.352966
-362.745117
176.470596
627.450988
1009.803955
1549.019653
1598.039184
1362.745117
1019.607849
568.627441
19.607843
-431.372558
-1333.333374
-1539.215698
-1617.647094
-1441.176513
-1147.058837
-754.901977
-215.686279
843.137268
1215.686279
1470.588256
1588.235351
1470.588256
1245.098022
911.764709
401.960784
-147.058822
-607.843139
-1009.803955
-1392.156860
-1588.235351
-1627.451049
-1362.745117
-1098.039184
-637.254943
-88.235298
892.156860
1284.313720
1519.607910
1588.235351
1431.372558
1186.274536
803.921569
-313.725494
-754.901977
-1186.274536
-1480.392211
-1617.647094
-1529.411743
-1303.921630
-362.745117
176.470596
637.254943
1039.215698
1382.353027
1558.823608
1313.725463
1000.000000
598.039245
39.215686
-401.960784
-843.137268
-1254.901977
-1617.647094
-1470.588256
-1215.686279
-803.921569
-274.509796
264.705902
696.078430
1450.980468
1549.019653
1539.215698
1313.725463
960.784301
509.803924
-39.215686
-980.392150
-1382.353027
-1558.823608
-1617.647094
-1401.960815
-1107.843139
-715.686279
441.176483
852.941162
1254.901977
1480.392211
1568.627441
1460.784301
1215.686279
264.705902
-274.509796
-725.490234
-1127.451049
-1470.588256
-1598.039184
-1578.431396
-950.980407
-450.980407
88.235298
519.607849
921.568664
1303.921630
1509.803955
1598.039184
1441.176513
1166.666748
745.098083
235.294128
-274.509796
-725.490234
-1127.451049
-1470.588256
-1607.843139
-1578.431396
-921.568664
-431.372558
127.450981
568.627441
990.196105
1343.137329
1519.607910
1352.941162
1078.431396
656.862731
107.843139
-382.352935
-843.137268
-1225.490234
-1519.607910
-1617.647094
-1490.196166
-813.725524
-294.117645
235.294128
676.470581
1068.627441
1421.568603
1568.627441
1588.235351
1303.921630
1009.803955
549.019592
19.607843
-441.176483
-882.352966
-1264.705932
-1617.647094
-1431.372558
-1186.274536
-764.705871
-264.705902
254.901962
725.490234
1450.980468
1588.235351
1490.196166
1274.509887
941.176513
460.784332
-98.039215
-1029.411743
-1401.960815
-1568.627441
-1598.039184
-1362.745117
-1058.823608
19.607843
480.392150
892.156860
1274.509887
1500.000000
1588.235351
1460.784301
774.509826
284.313720
-235.294128
-696.078430
-1098.039184
-1450.980468
-1607.843139
-1294.117675
-950.980407
-500.000000
29.411766
500.000000
862.745117
1245.098022
1607.843139
1421.568603
1205.882324
803.921569
274.509796
-245.098037
-676.470581
-1480.392211
-1598.039184
-1558.823608
-1313.725463
-970.588256
-490.196075
58.823532
990.196105
1352.941162
1558.823608
1598.039184
1411.764770
1088.235351
715.686279
-411.764709
-872.549011
-1254.901977
-1519.607910
-1637.254882
-1480.392211
-1225.490234
-264.705902
294.117645
725.490234
1127.451049
1431.372558
1568.627441
1558.823608
1303.921630
980.392150
539.215698
-9.803922
-431.372558
-882.352966
-1294.117675
-1519.607910
-1607.843139
-1450.980468
-1215.686279
-215.686279
294.117645
764.705871
1147.058837
1460.784301
1568.627441
1509.803955
911.764709
421.568634
-98.039215
-568.627441
-980.392150
-1372.549072
-1558.823608
-1392.156860
-1078.431396
-656.862731
-88.235298
372.549041
813.725524
1196.078491
1588.235351
1441.176513
1215.686279
833.333374
313.725494
-215.686279
-666.666687
-1470.588256
-1578.431396
-1598.039184
-1323.529418
-1000.000000
-539.215698
598.039245
980.392150
1333.333374
1519.607910
1588.235351
1392.156860
1117.647094
78.431373
-382.352935
-833.333374
-1264.705932
-1509.803955
-1627.451049
-1480.392211
-803.921569
-284.313720
264.705902
696.078430
1088.235351
1431.372558
1539.215698
1284.313720
970.588256
519.607849
-49.019607
-480.392150
-921.568664
-1303.921630
-1627.451049
-1421.568603
-1137.254882
-715.686279
-176.470596
313.725494
754.901977
1490.196166
1598.039184
1460.784301
1235.294189
882.352966
401.960784
-127.450981
-588.235290
-1000.000000
-1362.745117
-1607.843139
-1372.549072
-1078.431396
-617.647094
-78.431373
392.156860
843.137268
1480.392211
1598.039184
1450.980468
1215.686279
823.529418
333.333343
-215.686279
-1156.862792
-1480.392211
-1607.843139
-1539.215698
-1313.725463
-950.980407
-490.196075
68.627449
519.607849
911.764709
1303.921630
1509.803955
1588.235351
1421.568603
1176.470581
774.509826
284.313720
-264.705902
-1215.686279
-1500.000000
-1627.451049
-1549.019653
-1323.529418
-970.588256
-470.588256
627.450988
1009.803955
1392.156860
1539.215698
1588.235351
1382.353027
1088.235351
647.058837
98.039215
-382.352935
-1294.117675
-1519.607910
-1617.647094
-1480.392211
-754.901977
-225.490203
294.117645
735.294128
1137.254882
1460.784301
1500.000000
1264.705932
960.784301
509.803924
-29.411766
-509.803924
-921.568664
-1333.333374
-1529.411743
-1627.451049
-1441.176513
-1176.470581
-774.509826
-215.686279
294.117645
735.294128
1147.058837
1441.176513
1558.823608
1264.705932
931.372558
441.176483
-107.843139
-588.235290
-980.392150
-1352.941162
-1558.823608
-1627.451049
-1392.156860
-1117.647094
-686.274536
-127.450981
352.941192
794.117675
1186.274536
1480.392211
1578.431396
1205.882324
813.725524
343.137268
-215.686279
-656.862731
-1068.627441
-1431.372558
-1568.627441
-1313.725463
-970.588256
-509.803924
49.019607
490.196075
892.156860
1529.411743
1588.235351
1421.568603
1147.058837
745.098083
215.686279
-274.509796
-1225.490234
-1509.803955
-1627.451049
-1480.392211
-1274.509887
-892.156860
225.490203
686.274536
1039.215698
1411.764770
1539.215698
1588.235351
1323.529418
500.000000
0.000000
-411.764709
-833.333374
-1245.098022
-1500.000000
-1617.647094
-1235.294189
-843.137268
-343.137268
205.882354
666.666687
1068.627441
1411.764770
1578.431396
1313.725463
1000.000000
568.627441
9.803922
-411.764709
-852.941162
-1539.215698
-1607.843139
-1490.196166
-1166.666748
-784.313720
-254.901962
264.705902
1176.470581
1460.784301
1607.843139
1490.196166
1264.705932
941.176513
431.372558
-647.058837
-1078.431396
-1421.568603
-1588.235351
-1627.451049
-1333.333374
-1039.215698
78.431373
529.411804
941.176513
1333.333374
1519.607910
1578.431396
1098.039184
705.882385
166.666671
-323.529418
-784.313720
-1205.882324
-1509.803955
-1490.196166
-1235.294189
-872.549011
-362.745117
186.274520
647.058837
1029.411743
1558.823608
1549.019653
1303.921630
1000.000000
598.039245
29.411766
-431.372558
-1323.529418
-1529.411743
-1617.647094
-1450.980468
-1186.274536
-784.313720
-225.490203
803.921569
1196.078491
1460.784301
1568.627441
1490.196166
1254.901977
911.764709
441.176483
-117.647064
-588.235290
-980.392150
-1362.745117
-1578.431396
-1617.647094
-1421.568603
-1127.451049
-696.078430
-147.058822
862.745117
1235.294189
1490.196166
1578.431396
1450.980468
1215.686279
843.137268
-284.313720
-715.686279
-1147.058837
-1490.196166
-1617.647094
-1568.627441
-1313.725463
-401.960784
147.058822
598.039245
990.196105
1343.137329
1539.215698
1588.235351
1362.745117
1107.843139
686.274536
-441.176483
-892.156860
-1274.509887
-1627.451049
-1460.784301
-1166.666748
-764.705871
-254.901962
264.705902
705.882385
1470.588256
1588.235351
1509.803955
1274.509887
941.176513
460.784332
-68.627449
-1029.411743
-1392.156860
-1568.627441
-1627.451049
-1382.353027
-1088.235351
-617.647094
480.392150
911.764709
1274.509887
1509.803955
1607.843139
1460.784301
1176.470581
784.313720
274.509796
-225.490203
-1166.666748
-1480.392211
-1607.843139
-1264.705932
-882.352966
-401.960784
147.058822
598.039245
1000.000000
1362.745117
1588.235351
1352.941162
1078.431396
637.254943
49.019607
-382.352935
-843.137268
-1519.607910
-1627.451049
-1460.784301
-1215.686279
-852.941162
-323.529418
215.686279
1156.862792
1431.372558
1588.235351
1529.411743
1274.509887
950.980407
500.000000
-568.627441
-980.392150
-1382.353027
-1558.823608
-1627.451049
-1421.568603
-1107.843139
-78.431373
392.156860
833.333374
1225.490234
1490.196166
1588.235351
1450.980468
1235.294189
892.156860
382.352935
-696.078430
-1098.039184
-1460.784301
-1598.039184
-1313.725463
-980.392150
-500.000000
19.607843
470.588256
892.156860
1264.705932
1500.000000
1578.431396
1441.176513
1205.882324
833.333374
343.137268
-196.078430
-647.058837
-1049.019653
-1441.176513
-1598.039184
-1303.921630
-1009.803955
-490.196075
29.411766
490.196075
882.352966
1264.705932
1588.235351
1421.568603
1147.058837
715.686279
215.686279
-294.117645
-745.098083
-1490.196166
-1598.039184
-1500.000000
-1274.509887
-921.568664
-460.784332
88.235298
519.607849
950.980407
1313.725463
1539.215698
1607.843139
1411.764770
1127.451049
735.294128
225.490203
-264.705902
-735.294128
-1500.000000
-1598.039184
-1539.215698
-1313.725463
-960.784301
-490.196075
68.627449
1000.000000
1362.745117
1519.607910
1578.431396
1382.353027
1117.647094
705.882385
-411.764709
-862.745117
-1245.098022
-1519.607910
-1637.254882
-1490.196166
-1215.686279
-254.901962
274.509796
705.882385
1117.647094
1450.980468
1578.431396
1558.823608
1313.725463
1000.000000
578.431396
19.607843
-431.372558
-862.745117
-1284.313720
-1519.607910
-1607.843139
-1480.392211
-1215.686279
-215.686279
294.117645
735.294128
1127.451049
1441.176513
1558.823608
1539.215698
931.372558
421.568634
-107.843139
-588.235290
-1000.000000
-1352.941162
-1558.823608
-1372.549072
-1088.235351
-627.450988
-78.431373
392.156860
823.529418
1205.882324
1480.392211
1588.235351
1460.784301
823.529418
294.117645
-215.686279
-686.274536
-1480.392211
-1617.647094
-1568.627441
-1294.117675
-950.980407
-509.803924
607.843139
1009.803955
1372.549072
1549.019653
1588.235351
1372.549072
1078.431396
29.411766
-441.176483
-882.352966
-1264.705932
-1519.607910
-1627.451049
-1490.196166
-745.098083
-235.294128
274.509796
715.686279
1117.647094
1431.372558
1558.823608
1274.509887
950.980407
450.980407
-58.823532
-549.019592
-931.372558
-1343.137329
-1607.843139
-1401.960815
-1117.647094
-705.882385
-137.254898
362.745117
803.921569
1186.274536
1470.588256
1588.235351
1460.784301
1245.098022
892.156860
411.764709
-107.843139
-568.627441
-1000.000000
-1362.745117
-1627.451049
-1372.549072
-1078.431396
-627.450988
-78.431373
372.549041
833.333374
1500.000000
1588.235351
1460.784301
1225.490234
872.549011
372.549041
-166.666671
-617.647094
-1009.803955
-1411.764770
-1607.843139
-1333.333374
-1019.607849
-549.019592
-9.803922
431.372558
882.352966
1509.803955
1607.843139
1431.372558
1156.862792
784.313720
225.490203
-264.705902
-1186.274536
-1519.607910
-1617.647094
-1509.803955
-1274.509887
-931.372558
-441.176483
656.862731
1049.019653
1401.960815
1568.627441
1588.235351
1333.333374
1039.215698
568.627441
49.019607
-411.764709
-1313.725463
-1529.411743
-1607.843139
-1450.980468
-1186.274536
-774.509826
-245.098037
764.705871
1176.470581
1450.980468
1578.431396
1490.196166
1303.921630
931.372558
460.784332
-107.843139
-588.235290
-980.392150
-1362.745117
-1568.627441
-1617.647094
-1421.568603
-1127.451049
-686.274536
-137.254898
862.745117
1245.098022
1490.196166
1558.823608
1441.176513
1205.882324
833.333374
-264.705902
-735.294128
-1156.862792
-1470.588256
-1598.039184
-1558.823608
-1313.725463
-421.568634
147.058822
598.039245
1000.000000
1352.941162
1558.823608
1588.235351
1401.960815
1107.843139
705.882385
-411.764709
-843.137268
-1264.705932
-1627.451049
-1460.784301
-1186.274536
-774.509826
-264.705902
264.705902
715.686279
1460.784301
1588.235351
1529.411743
1274.509887
921.568664
480.392150
-58.823532
-1000.000000
-1382.353027
-1568.627441
-1617.647094
-1411.764770
-1107.843139
-666.666687
450.980407
872.549011
1235.294189
1490.196166
1598.039184
1460.784301
1225.490234
852.941162
352.941192
-205.882354
-656.862731
-1068.627441
-1431.372558
-1598.039184
-1607.843139
-1352.941162
-1029.411743
-558.823547
568.627441
970.588256
1333.333374
1529.411743
1588.235351
1382.353027
1117.647094
78.431373
-401.960784
-823.529418
-1245.098022
-1500.000000
-1588.235351
-1509.803955
-1274.509887
-882.352966
-392.156860
137.254898
578.431396
990.196105
1333.333374
1519.607910
1598.039184
1392.156860
1117.647094
49.019607
-392.156860
-843.137268
-1245.098022
-1519.607910
-1617.647094
-1480.392211
-823.529418
-294.117645
245.098037
686.274536
1088.235351
1431.372558
1549.019653
1303.921630
980.392150
519.607849
-19.607843
-500.000000
-882.352966
-1284.313720
-1607.843139
-1431.372558
-1176.470581
-764.705871
-245.098037
303.921569
696.078430
1470.588256
1588.235351
1509.803955
1264.705932
931.372558
470.588256
-78.431373
-529.411804
-960.784301
-1352.941162
-1617.647094
-1382.353027
-1117.647094
-666.666687
-137.254898
362.745117
803.921569
1500.000000
1578.431396
1460.784301
1225.490234
872.549011
392.156860
-137.254898
-1088.235351
-1460.784301
-1598.039184
-1617.647094
-1323.529418
-1009.803955
-539.215698
568.627441
960.784301
1352.941162
1539.215698
1598.039184
1382.353027
647.058837
117.647064
-382.352935
-823.529418
-1215.686279
-1519.607910
-1617.647094
-1205.882324
-823.529418
-303.921569
225.490203
676.470581
1078.431396
1421.568603
1568.627441
1284.313720
990.196105
519.607849
-9.803922
-441.176483
-892.156860
-1549.019653
-1617.647094
-1441.176513
-1176.470581
-745.098083
-235.294128
294.117645
1196.078491
1470.588256
1578.431396
1470.588256
1254.901977
911.764709
450.980407
-637.254943
-1058.823608
-1431.372558
-1578.431396
-1617.647094
-1343.137329
-1049.019653
49.019607
519.607849
911.764709
1303.921630
1519.607910
1588.235351
1431.372558
1176.470581
784.313720
264.705902
-245.098037
-696.078430
-1098.039184
-1450.980468
-1578.431396
-1607.843139
-1333.333374
-1000.000000
78.431373
539.215698
931.372558
1313.725463
1500.000000
1539.215698
1421.568603
725.490234
205.882354
-284.313720
-735.294128
-1166.666748
-1490.196166
-1617.647094
-1558.823608
-1284.313720
-931.372558
-460.784332
88.235298
529.411804
921.568664
1313.725463
1529.411743
1588.235351
1431.372558
666.666687
137.254898
-362.745117
-794.117675
-1225.490234
-1500.000000
-1617.647094
-1254.901977
-882.352966
-382.352935
186.274520
627.450988
1009.803955
1372.549072
1558.823608
1568.627441
1352.941162
578.431396
29.411766
-431.372558
-852.941162
-1284.313720
-1519.607910
-1607.843139
-1186.274536
-754.901977
-225.490203
284.313720
705.882385
1137.254882
1441.176513
1480.392211
1264.705932
921.568664
450.980407
-88.235298
-539.215698
-970.588256
-1372.549072
-1549.019653
-1617.647094
-1098.039184
-656.862731
-98.039215
352.941192
784.313720
1196.078491
1470.588256
1450.980468
1225.490234
862.745117
362.745117
-176.470596
-627.450988
-1049.019653
-1588.235351
-1607.843139
-1333.333374
-990.196105
-539.215698
0.000000
392.156860
1294.117675
1519.607910
1578.431396
1450.980468
1176.470581
813.725524
303.921569
-735.294128
-1166.666748
-1470.588256
-1607.843139
-1539.215698
-1303.921630
-941.176513
-460.784332
78.431373
558.823547
941.176513
1333.333374
1509.803955
1607.843139
1401.960815
1147.058837
754.901977
215.686279
-813.725524
-1215.686279
-1509.803955
-1598.039184
-1460.784301
-1245.098022
-901.960815
245.098037
666.666687
1107.843139
1411.764770
1549.019653
1578.431396
1323.529418
519.607849
-29.411766
-480.392150
-921.568664
-1323.529418
-1529.411743
-1627.451049
-1470.588256
-1166.666748
-754.901977
343.137268
794.117675
1205.882324
1480.392211
1578.431396
1490.196166
1235.294189
901.960815
401.960784
-127.450981
-598.039245
-990.196105
-1372.549072
-1558.823608
-1617.647094
-1078.431396
-627.450988
-58.823532
401.960784
843.137268
1225.490234
1490.196166
1441.176513
1205.882324
813.725524
313.725494
-215.686279
-666.666687
-1078.431396
-1450.980468
-1598.039184
-1607.843139
-1333.333374
-1009.803955
-529.411804
9.803922
450.980407
852.941162
1245.098022
1500.000000
1460.784301
1205.882324
813.725524
343.137268
-215.686279
-666.666687
-1078.431396
-1588.235351
-1558.823608
-1294.117675
-970.588256
-500.000000
19.607843
460.784332
1323.529418
1519.607910
1598.039184
1401.960815
1137.254882
745.098083
225.490203
-794.117675
-1205.882324
-1500.000000
-1617.647094
-1529.411743
-1284.313720
-931.372558
186.274520
637.254943
1058.823608
1392.156860
1558.823608
1617.647094
1352.941162
1058.823608
607.843139
58.823532
-411.764709
-833.333374
-1254.901977
-1509.803955
-1627.451049
-1470.588256
-1254.901977
-882.352966
-372.549041
156.862747
607.843139
1431.372558
1568.627441
1558.823608
1343.137329
1019.607849
568.627441
9.803922
-931.372558
-1323.529418
-1529.411743
-1627.451049
-1450.980468
-1186.274536
-764.705871
372.549041
823.529418
1186.274536
1490.196166
1598.039184
1500.000000
1284.313720
372.549041
-166.666671
-607.843139
-1029.411743
-1421.568603
-1588.235351
-1598.039184
-1019.607849
-558.823547
9.803922
450.980407
872.549011
1254.901977
1490.196166
1431.372558
1176.470581
794.117675
264.705902
-254.901962
-696.078430
-1127.451049
-1588.235351
-1529.411743
-1284.313720
-931.372558
-441.176483
117.647064
1039.215698
1362.745117
1549.019653
1598.039184
1333.333374
1049.019653
607.843139
78.431373
-411.764709
-823.529418
-1235.294189
-1509.803955
-1598.039184
-1480.392211
-1235.294189
-862.745117
-352.941192
196.078430
637.254943
1049.019653
1372.549072
1558.823608
1323.529418
1009.803955
558.823547
9.803922
-421.568634
-862.745117
-1274.509887
-1617.647094
-1450.980468
-1186.274536
-784.313720
-254.901962
235.294128
705.882385
1450.980468
1588.235351
1519.607910
1274.509887
941.176513
480.392150
-49.019607
-500.000000
-911.764709
-1274.509887
-1607.843139
-1431.372558
-1147.058837
-725.490234
-196.078430
313.725494
754.901977
1480.392211
1568.627441
1480.392211
1245.098022
921.568664
431.372558
-117.647064
-1058.823608
-1431.372558
-1588.235351
-1607.843139
-1343.137329
-1029.411743
-568.627441
558.823547
931.372558
1313.725463
1509.803955
1598.039184
1411.764770
1147.058837
745.098083
225.490203
-284.313720
-735.294128
-1156.862792
-1480.392211
-1598.039184
-1549.019653
-1303.921630
-960.784301
-470.588256
598.039245
1000.000000
1362.745117
1529.411743
1607.843139
1382.353027
1117.647094
29.411766
-431.372558
-872.549011
-1254.901977
-1500.000000
-1598.039184
-1470.588256
-1274.509887
-872.549011
-372.549041
147.058822
617.647094
1019.607849
1372.549072
1539.215698
1588.235351
1362.745117
1088.235351
0.000000
-372.549041
-823.529418
-1215.686279
-1509.803955
-1607.843139
-1490.196166
-813.725524
-303.921569
245.098037
676.470581
1058.823608
1401.960815
1519.607910
1303.921630
970.588256
519.607849
-29.411766
-470.588256
-901.960815
-1303.921630
-1627.451049
-1431.372558
-1166.666748
-725.490234
-166.666671
333.333343
754.901977
1147.058837
1460.784301
1568.627441
1529.411743
1274.509887
941.176513
490.196075
-58.823532
-519.607849
-941.176513
-1343.137329
-1617.647094
-1401.960815
-1107.843139
-676.470581
-127.450981
352.941192
803.921569
1490.196166
1578.431396
1460.784301
1245.098022
852.941162
362.745117
-147.058822
-647.058837
-1029.411743
-1431.372558
-1578.431396
-1313.725463
-990.196105
-558.823547
9.803922
441.176483
852.941162
1509.803955
1568.627441
1431.372558
1166.666748
774.509826
274.509796
-254.901962
-1186.274536
-1500.000000
-1598.039184
-1549.019653
-1294.117675
-950.980407
-490.196075
588.235290
1000.000000
1352.941162
1549.019653
1607.843139
1382.353027
1127.451049
686.274536
156.862747
-343.137268
-1254.901977
-1519.607910
-1617.647094
-1460.784301
-1235.294189
-852.941162
-313.725494
735.294128
1127.451049
1450.980468
1578.431396
1549.019653
1294.117675
970.588256
-117.647064
-578.431396
-1009.803955
-1401.960815
-1558.823608
-1617.647094
-1372.549072
-598.039245
-39.215686
431.372558
862.745117
1254.901977
1509.803955
1578.431396
1460.784301
1235.294189
872.549011
362.745117
-176.470596
-656.862731
-1049.019653
-1411.764770
-1558.823608
-1598.039184
-1372.549072
-539.215698
19.607843
460.784332
892.156860
1254.901977
1500.000000
1588.235351
1196.078491
803.921569
284.313720
-235.294128
-686.274536
-1098.039184
-1450.980468
-1549.019653
-1294.117675
-960.784301
-500.000000
39.215686
460.784332
872.549011
1274.509887
1509.803955
1588.235351
1147.058837
735.294128
225.490203
-284.313720
-735.294128
-1147.058837
-1470.588256
-1500.000000
-1264.705932
-950.980407
-490.196075
58.823532
519.607849
950.980407
1519.607910
1578.431396
1401.960815
1137.254882
686.274536
176.470596
-323.529418
-1235.294189
-1529.411743
-1607.843139
-1490.196166
-1225.490234
-843.137268
-343.137268
745.098083
1127.451049
1441.176513
1578.431396
1549.019653
1313.725463
431.372558
-137.254898
-578.431396
-1019.607849
-1382.353027
-1568.627441
-1627.451049
-1058.823608
-588.235290
-9.803922
421.568634
843.137268
1215.686279
1490.196166
1431.372558
1166.666748
794.117675
264.705902
-245.098037
-696.078430
-1098.039184
-1598.039184
-1558.823608
-1294.117675
-970.588256
-490.196075
58.823532
500.000000
1333.333374
1509.803955
1598.039184
1411.764770
1186.274536
735.294128
215.686279
-833.333374
-1235.294189
-1500.000000
-1617.647094
-1500.000000
-1274.509887
-931.372558
-480.392150
68.627449
509.803924
931.372558
1303.921630
1519.607910
1588.235351
1431.372558
1166.666748
764.705871
254.901962
-274.509796
-725.490234
-1137.254882
-1470.588256
-1588.235351
-1588.235351
-1294.117675
-970.588256
-500.000000
19.607843
470.588256
872.549011
1254.901977
1490.196166
1607.843139
1156.862792
745.098083
264.705902
-264.705902
-754.901977
-1127.451049
-1470.588256
-1509.803955
-1284.313720
-911.764709
-441.176483
117.647064
558.823547
960.784301
1529.411743
1578.431396
1372.549072
1088.235351
647.058837
107.843139
-382.352935
-1303.921630
-1529.411743
-1627.451049
-1460.784301
-1196.078491
-813.725524
-294.117645
245.098037
686.274536
1088.235351
1411.764770
1568.627441
1568.627441
1333.333374
980.392150
568.627441
9.803922
-411.764709
-1303.921630
-1529.411743
-1607.843139
-1450.980468
-1186.274536
-774.509826
-245.098037
794.117675
1176.470581
1450.980468
1578.431396
1509.803955
1284.313720
960.784301
450.980407
-49.019607
-509.803924
-941.176513
-1333.333374
-1549.019653
-1617.647094
-1431.372558
-1186.274536
-735.294128
-196.078430
813.725524
1215.686279
1480.392211
1588.235351
1441.176513
1235.294189
882.352966
-245.098037
-705.882385
-1078.431396
-1431.372558
-1588.235351
-1607.843139
-1333.333374
-441.176483
78.431373
568.627441
960.784301
1323.529418
1509.803955
1588.235351
1421.568603
1156.862792
745.098083
235.294128
-284.313720
-745.098083
-1156.862792
-1470.588256
-1607.843139
-1578.431396
-1294.117675
-392.156860
147.058822
598.039245
1019.607849
1411.764770
1549.019653
1588.235351
1039.215698
588.235290
49.019607
-401.960784
-852.941162
-1254.901977
-1480.392211
-1470.588256
-1186.274536
-803.921569
-264.705902
254.901962
705.882385
1107.843139
1431.372558
1578.431396
1578.431396
1303.921630
1000.000000
568.627441
29.411766
-431.372558
-862.745117
-1294.117675
-1519.607910
-1441.176513
-1166.666748
-754.901977
-215.686279
294.117645
764.705871
1137.254882
1578.431396
1470.588256
1264.705932
911.764709
450.980407
-98.039215
-549.019592
-1392.156860
-1588.235351
-1627.451049
-1382.353027
-1058.823608
-637.254943
-68.627449
882.352966
1274.509887
1500.000000
1588.235351
1460.784301
1205.882324
215.686279
-254.901962
-745.098083
-1137.254882
-1470.588256
-1598.039184
-1568.627441
-921.568664
-431.372558
117.647064
578.431396
950.980407
1352.941162
1519.607910
1372.549072
1068.627441
647.058837
98.039215
-352.941192
-813.725524
-1235.294189
-1509.803955
-1617.647094
-1500.000000
-1284.313720
-352.941192
196.078430
637.254943
1049.019653
1401.960815
1549.019653
1303.921630
1009.803955
539.215698
0.000000
-401.960784
-823.529418
-1215.686279
-1617.647094
-1460.784301
-1215.686279
-813.725524
-294.117645
235.294128
686.274536
1431.372558
1568.627441
1529.411743
1294.117675
960.784301
529.411804
-39.215686
-990.196105
-1362.745117
-1558.823608
-1617.647094
-1411.764770
-1117.647094
-696.078430
431.372558
862.745117
1254.901977
1480.392211
1578.431396
1460.784301
1225.490234
245.098037
-264.705902
-705.882385
-1137.254882
-1470.588256
-1607.843139
-1588.235351
-931.372558
-441.176483
98.039215
549.019592
941.176513
1323.529418
1519.607910
1607.843139
1411.764770
1127.451049
117.647064
-382.352935
-803.921569
-1519.607910
-1617.647094
-1470.588256
-1215.686279
-833.333374
-323.529418
205.882354
1147.058837
1450.980468
1588.235351
1539.215698
1303.921630
960.784301
519.607849
-598.039245
-990.196105
-1372.549072
-1558.823608
-1617.647094
-1401.960815
-1127.451049
-49.019607
401.960784
843.137268
1245.098022
1480.392211
1598.039184
1450.980468
1245.098022
892.156860
382.352935
-156.862747
-607.843139
-1029.411743
-1431.372558
-1568.627441
-1617.647094
-1352.941162
-1049.019653
19.607843
470.588256
911.764709
1264.705932
1509.803955
1588.235351
1450.980468
745.098083
235.294128
-274.509796
-725.490234
-1127.451049
-1460.784301
-1607.843139
-1578.431396
-1313.725463
-980.392150
117.647064
588.235290
970.588256
1343.137329
1539.215698
1578.431396
1411.764770
627.450988
88.235298
-382.352935
-823.529418
-1235.294189
-1509.803955
-1607.843139
-1186.274536
-823.529418
-303.921569
235.294128
696.078430
1088.235351
1411.764770
1539.215698
1303.921630
970.588256
519.607849
-39.215686
-500.000000
-901.960815
-1284.313720
-1519.607910
-1637.254882
-1156.862792
-764.705871
-215.686279
294.117645
725.490234
1117.647094
1431.372558
1509.803955
1254.901977
911.764709
441.176483
-88.235298
-558.823547
-960.784301
-1578.431396
-1617.647094
-1392.156860
-1107.843139
-666.666687
-98.039215
362.745117
1254.901977
1490.196166
1588.235351
1460.784301
1215.686279
823.529418
343.137268
-205.882354
-666.666687
-1068.627441
-1607.843139
-1568.627441
-1303.921630
-970.588256
-500.000000
0.000000
401.960784
1274.509887
1490.196166
1617.647094
1460.784301
1215.686279
803.921569
303.921569
-754.901977
-1166.666748
-1490.196166
-1598.039184
-1529.411743
-1274.509887
-950.980407
176.470596
617.647094
990.196105
1352.941162
1529.411743
1588.235351
1372.549072
1107.843139
686.274536
127.450981
-372.549041
-813.725524
-1245.098022
-1500.000000
-1617.647094
-1519.607910
-1284.313720
-362.745117
186.274520
637.254943
1431.372558
1568.627441
1568.627441
1323.529418
1009.803955
539.215698
-19.607843
-960.784301
-1343.137329
-1549.019653
-1598.039184
-1441.176513
-1147.058837
-735.294128
401.960784
813.725524
1225.490234
1460.784301
1607.843139
1460.784301
1245.098022
303.921569
-245.098037
-676.470581
-1098.039184
-1450.980468
-1588.235351
-1598.039184
-970.588256
-500.000000
19.607843
480.392150
901.960815
1254.901977
1490.196166
1578.431396
1441.176513
1205.882324
823.529418
313.725494
-215.686279
-686.274536
-1068.627441
-1431.372558
-1578.431396
-1598.039184
-970.588256
-500.000000
29.411766
470.588256
901.960815
1264.705932
1500.000000
1460.784301
1186.274536
803.921569
284.313720
-235.294128
-686.274536
-1107.843139
-1617.647094
-1549.019653
-1274.509887
-980.392150
-490.196075
58.823532
500.000000
1333.333374
1529.411743
1588.235351
1401.960815
1117.647094
725.490234
196.078430
-823.529418
-1215.686279
-1500.000000
-1598.039184
-1490.196166
-1264.705932
-901.960815
-431.372558
127.450981
588.235290
1392.156860
1539.215698
1588.235351
1333.333374
1039.215698
598.039245
39.215686
-911.764709
-1323.529418
-1529.411743
-1617.647094
-1441.176513
-1196.078491
-774.509826
352.941192
784.313720
1176.470581
1450.980468
1558.823608
1509.803955
1264.705932
931.372558
480.392150
-58.823532
-1029.411743
-1411.764770
-1578.431396
-1343.137329
-1019.607849
-549.019592
0.000000
392.156860
823.529418
1215.686279
1607.843139
1431.372558
1186.274536
823.529418
303.921569
-205.882354
-676.470581
-1470.588256
-1598.039184
-1578.431396
-1313.725463
-980.392150
-490.196075
39.215686
960.784301
1323.529418
1519.607910
1588.235351
1411.764770
1147.058837
715.686279
-382.352935
-862.745117
-1254.901977
-1529.411743
-1598.039184
-1490.196166
-1235.294189
-852.941162
-323.529418
215.686279
666.666687
1068.627441
1421.568603
1558.823608
1568.627441
1333.333374
1029.411743
578.431396
-539.215698
-950.980407
-1343.137329
-1549.019653
-1617.647094
-1450.980468
-1156.862792
-107.843139
372.549041
813.725524
1215.686279
1460.784301
1578.431396
1460.784301
1245.098022
892.156860
421.568634
-666.666687
-1078.431396
-1431.372558
-1588.235351
-1588.235351
-1313.725463
-1009.803955
88.235298
529.411804
941.176513
1323.529418
1539.215698
1627.451049
1441.176513
676.470581
137.254898
-372.549041
-784.313720
-1205.882324
-1490.196166
-1617.647094
-1225.490234
-862.745117
-343.137268
186.274520
627.450988
1019.607849
1568.627441
1578.431396
1313.725463
970.588256
558.823547
0.000000
-372.549041
-813.725524
-1519.607910
-1627.451049
-1460.784301
-1205.882324
-833.333374
-294.117645
754.901977
1137.254882
1450.980468
1558.823608
1539.215698
1284.313720
980.392150
-137.254898
-617.647094
-1009.803955
-1421.568603
-1578.431396
-1627.451049
-1372.549072
-598.039245
-29.411766
441.176483
862.745117
1264.705932
1480.392211
1588.235351
1156.862792
764.705871
254.901962
-264.705902
-725.490234
-1147.058837
-1460.784301
-1539.215698
-1274.509887
-931.372558
-421.568634
98.039215
539.215698
941.176513
1313.725463
1500.000000
1588.235351
1431.372558
1166.666748
784.313720
245.098037
-264.705902
-735.294128
-1137.254882
-1460.784301
-1509.803955
-1264.705932
-362.745117
176.470596
647.058837
1019.607849
1549.019653
1568.627441
1303.921630
1019.607849
568.627441
9.803922
-421.568634
-1333.333374
-1529.411743
-1627.451049
-1441.176513
-1166.666748
-735.294128
392.156860
803.921569
1215.686279
1480.392211
1568.627441
1450.980468
1225.490234
294.117645
-225.490203
-676.470581
-1088.235351
-1441.176513
-1578.431396
-1598.039184
-960.784301
-500.000000
19.607843
460.784332
882.352966
1245.098022
1509.803955
1421.568603
1166.666748
754.901977
225.490203
-284.313720
-715.686279
-1147.058837
-1598.039184
-1519.607910
-1274.509887
-941.176513
-441.176483
98.039215
549.019592
1352.941162
1529.411743
1578.431396
1362.745117
1088.235351
637.254943
107.843139
-372.549041
-813.725524
-1235.294189
-1519.607910
-1627.451049
-1490.196166
-1235.294189
-862.745117
-362.745117
156.862747
617.647094
1411.764770
1578.431396
1588.235351
1323.529418
1019.607849
598.039245
19.607843
-931.372558
-1333.333374
-1539.215698
-1637.254882
-1441.176513
-1137.254882
-735.294128
362.745117
833.333374
1215.686279
1480.392211
1588.235351
1460.784301
803.921569
303.921569
-225.490203
-666.666687
-1068.627441
-1450.980468
-1598.039184
-1313.725463
-960.784301
-509.803924
39.215686
480.392150
892.156860
1294.117675
1588.235351
1421.568603
1176.470581
725.490234
225.490203
-294.117645
-745.098083
-1500.000000
-1607.843139
-1519.607910
-1303.921630
-941.176513
-480.392150
78.431373
529.411804
931.372558
1303.921630
1509.803955
1578.431396
1421.568603
1147.058837
754.901977
225.490203
-264.705902
-715.686279
-1137.254882
-1460.784301
-1607.843139
-1568.627441
-931.372558
-441.176483
107.843139
578.431396
960.784301
1352.941162
1519.607910
1352.941162
1078.431396
627.450988
98.039215
-372.549041
-794.117675
-1215.686279
-1509.803955
-1598.039184
-1509.803955
-843.137268
-343.137268
215.686279
656.862731
1029.411743
1392.156860
1539.215698
1303.921630
980.392150
539.215698
-588.235290
-990.196105
-1352.941162
-1549.019653
-1607.843139
-1411.764770
-1117.647094
-58.823532
392.156860
843.137268
1215.686279
1470.588256
1588.235351
1460.784301
794.117675
284.313720
-235.294128
-715.686279
-1107.843139
-1460.784301
-1607.843139
-1578.431396
-1323.529418
-990.196105
107.843139
568.627441
980.392150
1333.333374
1529.411743
1598.039184
1411.764770
656.862731
98.039215
-352.941192
-794.117675
-1196.078491
-1500.000000
-1607.843139
-1245.098022
-882.352966
-392.156860
156.862747
607.843139
1000.000000
1352.941162
1588.235351
1333.333374
1039.215698
588.235290
68.627449
-401.960784
-823.529418
-1519.607910
-1617.647094
-1470.588256
-1196.078491
-823.529418
-294.117645
274.509796
715.686279
1088.235351
1421.568603
1519.607910
1294.117675
960.784301
500.000000
-19.607843
-470.588256
-911.764709
-1313.725463
-1529.411743
-1607.843139
-1460.784301
-1196.078491
-803.921569
-264.705902
264.705902
1196.078491
1460.784301
1578.431396
1509.803955
1264.705932
931.372558
460.784332
-647.058837
-1029.411743
-1421.568603
-1568.627441
-1627.451049
-1362.745117
-1039.215698
19.607843
480.392150
901.960815
1284.313720
1500.000000
1588.235351
1450.980468
1215.686279
833.333374
333.333343
-754.901977
-1147.058837
-1480.392211
-1519.607910
-1254.901977
-931.372558
-411.764709
117.647064
588.235290
970.588256
1539.215698
1578.431396
1352.941162
1078.431396
627.450988
78.431373
-362.745117
-1284.313720
-1529.411743
-1627.451049
-1460.784301
-1186.274536
-803.921569
-264.705902
774.509826
1166.666748
1470.588256
1558.823608
1509.803955
1294.117675
911.764709
480.392150
-68.627449
-529.411804
-950.980407
-1313.725463
-1558.823608
-1598.039184
-1441.176513
-1137.254882
-754.901977
-196.078430
794.117675
1205.882324
1470.588256
1578.431396
1480.392211
1245.098022
892.156860
-225.490203
-686.274536
-1088.235351
-1460.784301
-1598.039184
-1598.039184
-1323.529418
-1009.803955
-558.823547
29.411766
980.392150
1333.333374
1529.411743
1588.235351
1411.764770
1137.254882
725.490234
186.274520
-303.921569
-764.705871
-1147.058837
-1490.196166
-1588.235351
-1539.215698
-1284.313720
-921.568664
-470.588256
78.431373
1029.411743
1382.353027
1549.019653
1588.235351
1352.941162
1078.431396
627.450988
-470.588256
-931.372558
-1294.117675
-1529.411743
-1607.843139
-1450.980468
-1166.666748
-137.254898
343.137268
784.313720
1186.274536
1460.784301
1598.039184
1490.196166
1264.705932
911.764709
441.176483
-88.235298
-549.019592
-980.392150
-1352.941162
-1568.627441
-1617.647094
-1421.568603
-1127.451049
-725.490234
-176.470596
333.333343
764.705871
1147.058837
1470.588256
1568.627441
1509.803955
1274.509887
941.176513
470.588256
-78.431373
-539.215698
-960.784301
-1352.941162
-1607.843139
-1401.960815
-1107.843139
-656.862731
-98.039215
352.941192
794.117675
1470.588256
1578.431396
1450.980468
1225.490234
852.941162
343.137268
-176.470596
-637.254943
-1049.019653
-1411.764770
-1598.039184
-1323.529418
-990.196105
-558.823547
-9.803922
431.372558
852.941162
1509.803955
1598.039184
1441.176513
1156.862792
774.509826
264.705902
-254.901962
-1186.274536
-1490.196166
-1607.843139
-1509.803955
-1274.509887
-901.960815
-431.372558
656.862731
1058.823608
1431.372558
1558.823608
1598.039184
1333.333374
1029.411743
568.627441
39.215686
-421.568634
-843.137268
-1274.509887
-1509.803955
-1617.647094
-1470.588256
-1215.686279
-823.529418
-313.725494
745.098083
1156.862792
1431.372558
1578.431396
1509.803955
1303.921630
980.392150
-137.254898
-627.450988
-1009.803955
-1421.568603
-1558.823608
-1627.451049
-1382.353027
-1068.627441
-637.254943
-98.039215
382.352935
803.921569
1215.686279
1500.000000
1578.431396
1490.196166
1254.901977
911.764709
-186.274520
-656.862731
-1058.823608
-1431.372558
-1578.431396
-1617.647094
-1352.941162
-500.000000
0.000000
401.960784
823.529418
1215.686279
1500.000000
1598.039184
1225.490234
862.745117
372.549041
-156.862747
-617.647094
-1019.607849
-1411.764770
-1598.039184
-1352.941162
-1019.607849
-539.215698
9.803922
431.372558
862.745117
1500.000000
1568.627441
1450.980468
1196.078491
813.725524
323.529418
-215.686279
-676.470581
-1088.235351
-1441.176513
-1598.039184
-1588.235351
-1323.529418
-1000.000000
-558.823547
-29.411766
441.176483
882.352966
1509.803955
1598.039184
1450.980468
1156.862792
774.509826
254.901962
-254.901962
-1186.274536
-1500.000000
-1598.039184
-1549.019653
-1303.921630
-960.784301
-490.196075
598.039245
990.196105
1343.137329
1539.215698
1578.431396
1372.549072
1117.647094
666.666687
117.647064
-372.549041
-1284.313720
-1509.803955
-1607.843139
-1460.784301
-1196.078491
-833.333374
-303.921569
764.705871
1156.862792
1460.784301
1480.392211
1254.901977
901.960815
421.568634
-117.647064
-598.039245
-1000.000000
-1382.353027
-1549.019653
-1598.039184
-1401.960815
-647.058837
-78.431373
401.960784
833.333374
1235.294189
1480.392211
1598.039184
1470.588256
1245.098022
872.549011
-225.490203
-696.078430
-1098.039184
-1598.039184
-1558.823608
-1303.921630
-980.392150
-490.196075
39.215686
500.000000
1313.725463
1509.803955
1607.843139
1431.372558
1156.862792
715.686279
205.882354
-294.117645
-745.098083
-1166.666748
-1480.392211
-1500.000000
-1274.509887
-931.372558
-441.176483
107.843139
558.823547
1392.156860
1539.215698
1588.235351
1343.137329
1058.823608
627.450988
78.431373
-892.156860
-1284.313720
-1519.607910
-1607.843139
-1480.392211
-1186.274536
-813.725524
323.529418
745.098083
1156.862792
1490.196166
1578.431396
1519.607910
1284.313720
960.784301
470.588256
-58.823532
-1000.000000
-1372.549072
-1558.823608
-1617.647094
-1411.764770
-1117.647094
-696.078430
431.372558
833.333374
1225.490234
1460.784301
1598.039184
1460.784301
1215.686279
254.901962
-254.901962
-715.686279
-1137.254882
-1441.176513
-1598.039184
-1558.823608
-931.372558
-431.372558
117.647064
588.235290
960.784301
1343.137329
1529.411743
1568.627441
1401.960815
1137.254882
88.235298
-382.352935
-823.529418
-1245.098022
-1490.196166
-1617.647094
-1490.196166
-813.725524
-294.117645
254.901962
686.274536
1098.039184
1411.764770
1558.823608
1303.921630
980.392150
539.215698
-29.411766
-490.196075
-911.764709
-1303.921630
-1637.254882
-1431.372558
-1156.862792
-725.490234
-186.274520
323.529418
764.705871
1147.058837
1460.784301
1558.823608
1519.607910
1284.313720
970.588256
519.607849
-49.019607
-500.000000
-901.960815
-1284.313720
-1617.647094
-1460.784301
-1156.862792
-735.294128
-215.686279
303.921569
735.294128
1490.196166
1588.235351
1490.196166
1254.901977
892.156860
421.568634
-117.647064
-1058.823608
-1421.568603
-1578.431396
-1598.039184
-1343.137329
-1019.607849
-568.627441
519.607849
950.980407
1333.333374
1509.803955
1568.627441
1431.372558
656.862731
127.450981
-362.745117
-794.117675
-1215.686279
-1509.803955
-1598.039184
-1225.490234
-852.941162
-343.137268
205.882354
656.862731
1039.215698
1401.960815
1549.019653
1313.725463
1009.803955
529.411804
-19.607843
-470.588256
-911.764709
-1558.823608
-1607.843139
-1421.568603
-1156.862792
-735.294128
-176.470596
303.921569
764.705871
1156.862792
1460.784301
1450.980468
1245.098022
892.156860
421.568634
-117.647064
-588.235290
-1000.000000
-1578.431396
-1607.843139
-1372.549072
-1088.235351
-637.254943
-78.431373
392.156860
1274.509887
1500.000000
1598.039184
1470.588256
1225.490234
843.137268
343.137268
-205.882354
-666.666687
-1049.019653
-1598.039184
-1568.627441
-1313.725463
-980.392150
-539.215698
39.215686
470.588256
1323.529418
1500.000000
1588.235351
1421.568603
1147.058837
764.705871
245.098037
-803.921569
-1215.686279
-1500.000000
-1607.843139
-1549.019653
-1264.705932
-950.980407
147.058822
627.450988
1000.000000
1362.745117
1529.411743
1607.843139
1392.156860
1117.647094
676.470581
137.254898
-872.549011
-1274.509887
-1529.411743
-1598.039184
-1470.588256
-1225.490234
-823.529418
294.117645
735.294128
1147.058837
1441.176513
1558.823608
1549.019653
1303.921630
392.156860
-127.450981
-598.039245
-990.196105
-1352.941162
-1568.627441
-1617.647094
-1068.627441
-607.843139
-49.019607
421.568634
843.137268
1225.490234
1470.588256
1578.431396
1450.980468
1235.294189
284.313720
-254.901962
-705.882385
-1117.647094
-1441.176513
-1598.039184
-1598.039184
-931.372558
-450.980407
78.431373
529.411804
950.980407
1303.921630
1509.803955
1382.353027
1117.647094
696.078430
166.666671
-333.333343
-774.509826
-1196.078491
-1490.196166
-1607.843139
-1509.803955
-882.352966
-382.352935
166.666671
647.058837
1029.411743
1382.353027
1519.607910
1578.431396
1343.137329
1088.235351
627.450988
88.235298
-392.156860
-813.725524
-1235.294189
-1598.039184
-1460.784301
-1215.686279
-833.333374
-313.725494
245.098037
656.862731
1431.372558
1558.823608
1549.019653
1284.313720
960.784301
539.215698
-9.803922
-941.176513
-1343.137329
-1549.019653
-1617.647094
-1431.372558
-1147.058837
-725.490234
-186.274520
303.921569
754.901977
1137.254882
1441.176513
1568.627441
1539.215698
1284.313720
941.176513
490.196075
-49.019607
-1000.000000
-1372.549072
-1549.019653
-1607.843139
-1411.764770
-1137.254882
-686.274536
431.372558
852.941162
1264.705932
1500.000000
1598.039184
1490.196166
1235.294189
901.960815
411.764709
-156.862747
-1078.431396
-1421.568603
-1578.431396
-1588.235351
-970.588256
-519.607849
49.019607
490.196075
911.764709
1274.509887
1470.588256
1578.431396
1441.176513
1186.274536
196.078430
-343.137268
-784.313720
-1519.607910
-1598.039184
-1490.196166
-1264.705932
-911.764709
-392.156860
147.058822
1058.823608
1382.353027
1558.823608
1558.823608
1333.333374
1039.215698
578.431396
-539.215698
-970.588256
-1343.137329
-1539.215698
-1617.647094
-1421.568603
-1147.058837
-705.882385
-176.470596
323.529418
784.313720
1166.666748
1460.784301
1558.823608
1500.000000
1274.509887
941.176513
500.000000
-558.823547
-960.784301
-1333.333374
-1558.823608
-1607.843139
-1421.568603
-1137.254882
-78.431373
392.156860
833.333374
1205.882324
1470.588256
1558.823608
1460.784301
813.725524
294.117645
-205.882354
-686.274536
-1088.235351
-1450.980468
-1578.431396
-1313.725463
-990.196105
-519.607849
29.411766
500.000000
862.745117
1264.705932
1588.235351
1421.568603
1156.862792
754.901977
235.294128
-274.509796
-725.490234
-1127.451049
-1460.784301
-1607.843139
-1578.431396
-1323.529418
-990.196105
-500.000000
0.000000
382.352935
813.725524
1186.274536
1598.039184
1441.176513
1205.882324
823.529418
313.725494
-196.078430
-686.274536
-1460.784301
-1588.235351
-1588.235351
-1323.529418
-980.392150
-509.803924
58.823532
960.784301
1323.529418
1539.215698
1607.843139
1421.568603
1127.451049
705.882385
-411.764709
-852.941162
-1254.901977
-1529.411743
-1588.235351
-1490.196166
-1225.490234
-852.941162
-333.333343
196.078430
1098.039184
1421.568603
1578.431396
1558.823608
1303.921630
990.196105
539.215698
-578.431396
-1000.000000
-1372.549072
-1568.627441
-1627.451049
-1411.764770
-1147.058837
-705.882385
-186.274520
323.529418
1245.098022
1480.392211
1578.431396
1431.372558
1225.490234
852.941162
382.352935
-166.666671
-607.843139
-1029.411743
-1421.568603
-1568.627441
-1607.843139
-1362.745117
-1049.019653
39.215686
500.000000
872.549011
1254.901977
1509.803955
1598.039184
1441.176513
764.705871
254.901962
-264.705902
-735.294128
-1147.058837
-1490.196166
-1588.235351
-1568.627441
-1303.921630
-990.196105
-500.000000
9.803922
441.176483
852.941162
1225.490234
1470.588256
1588.235351
1460.784301
764.705871
274.509796
-235.294128
-696.078430
-1107.843139
-1460.784301
-1588.235351
-1303.921630
-931.372558
-460.784332
78.431373
529.411804
921.568664
1323.529418
1578.431396
1382.353027
1117.647094
686.274536
176.470596
-323.529418
-774.509826
-1509.803955
-1598.039184
-1470.588256
-1254.901977
-882.352966
-343.137268
166.666671
637.254943
1029.411743
1401.960815
1558.823608
1303.921630
1009.803955
558.823547
9.803922
-431.372558
-872.549011
-1264.705932
-1509.803955
-1607.843139
-1470.588256
-1215.686279
-843.137268
-323.529418
215.686279
1137.254882
1450.980468
1578.431396
1539.215698
1284.313720
970.588256
500.000000
-558.823547
-990.196105
-1382.353027
-1558.823608
-1617.647094
-1411.764770
-1117.647094
-58.823532
411.764709
833.333374
1235.294189
1480.392211
1568.627441
1450.980468
1235.294189
862.745117
362.745117
-696.078430
-1098.039184
-1460.784301
-1549.019653
-1294.117675
-941.176513
-480.392150
78.431373
529.411804
941.176513
1539.215698
1588.235351
1401.960815
1107.843139
676.470581
147.058822
-343.137268
-1254.901977
-1509.803955
-1607.843139
-1470.588256
-1225.490234
-852.941162
-323.529418
205.882354
647.058837
1039.215698
1588.235351
1568.627441
1294.117675
980.392150
539.215698
-9.803922
-441.176483
-1343.137329
-1568.627441
-1617.647094
-1431.372558
-1166.666748
-735.294128
-196.078430
833.333374
1215.686279
1490.196166
1588.235351
1470.588256
1235.294189
882.352966
-245.098037
-715.686279
-1137.254882
-1460.784301
-1607.843139
-1588.235351
-1313.725463
-1000.000000
-568.627441
-9.803922
441.176483
862.745117
1254.901977
1490.196166
1607.843139
1441.176513
1205.882324
833.333374
303.921569
-186.274520
-666.666687
-1078.431396
-1421.568603
-1578.431396
-1617.647094
-1000.000000
-539.215698
29.411766
470.588256
892.156860
1274.509887
1500.000000
1431.372558
1186.274536
784.313720
264.705902
-264.705902
-705.882385
-1117.647094
-1470.588256
-1598.039184
-1607.843139
-941.176513
-470.588256
88.235298
529.411804
921.568664
1313.725463
1519.607910
1362.745117
1098.039184
686.274536
137.254898
-343.137268
-803.921569
-1215.686279
-1598.039184
-1480.392211
-1215.686279
-852.941162
-313.725494
215.686279
647.058837
1421.568603
1568.627441
1578.431396
1294.117675
980.392150
539.215698
0.000000
-382.352935
-823.529418
-1235.294189
-1617.647094
-1450.980468
-1205.882324
-803.921569
-294.117645
264.705902
676.470581
1460.784301
1588.235351
1549.019653
1284.313720
980.392150
529.411804
-29.411766
-970.588256
-1362.745117
-1549.019653
-1607.843139
-1401.960815
-1107.843139
-715.686279
431.372558
852.941162
1245.098022
1480.392211
1578.431396
1460.784301
1225.490234
852.941162
343.137268
-176.470596
-1137.254882
-1460.784301
-1588.235351
-1294.117675
-931.372558
-441.176483
98.039215
568.627441
970.588256
1333.333374
1578.431396
1372.549072
1117.647094
686.274536
127.450981
-343.137268
-784.313720
-1509.803955
-1617.647094
-1470.588256
-1225.490234
-852.941162
-343.137268
166.666671
1117.647094
1431.372558
1549.019653
1539.215698
1294.117675
980.392150
529.411804
-568.627441
-1000.000000
-1372.549072
-1558.823608
-1627.451049
-1411.764770
-1166.666748
-78.431373
382.352935
813.725524
1205.882324
1500.000000
1588.235351
1500.000000
1294.117675
931.372558
480.392150
-627.450988
-1029.411743
-1411.764770
-1568.627441
-1333.333374
-1039.215698
-558.823547
9.803922
431.372558
872.549011
1500.000000
1588.235351
1460.784301
1166.666748
833.333374
323.529418
-215.686279
-1176.470581
-1470.588256
-1617.647094
-1539.215698
-1284.313720
-941.176513
-490.196075
647.058837
1029.411743
1392.156860
1519.607910
1578.431396
1343.137329
1039.215698
-29.411766
-470.588256
-901.960815
-1303.921630
-1529.411743
-1627.451049
-1460.784301
-1186.274536
-784.313720
-254.901962
784.313720
1176.470581
1490.196166
1588.235351
1470.588256
1254.901977
931.372558
-166.666671
-637.254943
-1058.823608
-1411.764770
-1578.431396
-1627.451049
-1343.137329
-509.803924
39.215686
480.392150
911.764709
1274.509887
1519.607910
1588.235351
1441.176513
1196.078491
794.117675
294.117645
-254.901962
-686.274536
-1107.843139
-1470.588256
-1588.235351
-1588.235351
-1323.529418
-980.392150
-539.215698
19.607843
960.784301
1343.137329
1519.607910
1578.431396
1401.960815
1137.254882
725.490234
-382.352935
-823.529418
-1254.901977
-1519.607910
-1617.647094
-1480.392211
-1245.098022
-274.509796
235.294128
686.274536
1088.235351
1401.960815
1549.019653
1549.019653
960.784301
519.607849
-29.411766
-470.588256
-921.568664
-1313.725463
-1529.411743
-1431.372558
-1127.451049
-705.882385
-176.470596
313.725494
784.313720
1137.254882
1460.784301
1558.823608
1509.803955
1264.705932
941.176513
450.980407
-58.823532
-529.411804
-950.980407
-1323.529418
-1549.019653
-1382.353027
-1137.254882
-686.274536
-137.254898
352.941192
794.117675
1196.078491
1578.431396
1441.176513
1235.294189
852.941162
343.137268
-176.470596
-647.058837
-1460.784301
-1588.235351
-1598.039184
-1333.333374
-980.392150
-529.411804
0.000000
921.568664
1274.509887
1509.803955
1588.235351
1450.980468
1196.078491
794.117675
274.509796
-245.098037
-696.078430
-1088.235351
-1441.176513
-1617.647094
-1588.235351
-1323.529418
-1000.000000
-568.627441
-29.411766
941.176513
1313.725463
1539.215698
1598.039184
1421.568603
1137.254882
725.490234
-362.745117
-803.921569
-1225.490234
-1490.196166
-1607.843139
-1470.588256
-1245.098022
-294.117645
215.686279
676.470581
1078.431396
1411.764770
1558.823608
1578.431396
1323.529418
1019.607849
558.823547
-539.215698
-960.784301
-1352.941162
-1627.451049
-1392.156860
-1098.039184
-656.862731
-107.843139
392.156860
803.921569
1215.686279
1470.588256
1588.235351
1460.784301
1254.901977
901.960815
392.156860
-686.274536
-1107.843139
-1450.980468
-1568.627441
-1313.725463
-960.784301
-490.196075
58.823532
500.000000
892.156860
1490.196166
1588.235351
1411.764770
1147.058837
774.509826
235.294128
-264.705902
-1205.882324
-1509.803955
-1607.843139
-1490.196166
-1264.705932
-911.764709
-421.568634
676.470581
1098.039184
1392.156860
1558.823608
1568.627441
1343.137329
1039.215698
-49.019607
-509.803924
-931.372558
-1333.333374
-1539.215698
-1607.843139
-1431.372558
-715.686279
-147.058822
352.941192
794.117675
1176.470581
1480.392211
1441.176513
1215.686279
833.333374
352.941192
-196.078430
-647.058837
-1029.411743
-1598.039184
-1588.235351
-1323.529418
-1000.000000
-558.823547
0.000000
382.352935
1264.705932
1490.196166
1578.431396
1450.980468
1215.686279
813.725524
313.725494
-754.901977
-1166.666748
-1490.196166
-1607.843139
-1549.019653
-1294.117675
-941.176513
166.666671
637.254943
1029.411743
1382.353027
1539.215698
1578.431396
1362.745117
549.019592
19.607843
-450.980407
-872.549011
-1284.313720
-1519.607910
-1627.451049
-1186.274536
-784.313720
-254.901962
274.509796
705.882385
1117.647094
1441.176513
1558.823608
1568.627441
1294.117675
450.980407
-98.039215
-549.019592
-1382.353027
-1558.823608
-1627.451049
-1372.549072
-1088.235351
-647.058837
-107.843139
882.352966
1284.313720
1509.803955
1578.431396
1421.568603
1196.078491
803.921569
284.313720
-225.490203
-686.274536
-1441.176513
-1607.843139
-1549.019653
-1313.725463
-941.176513
-470.588256
68.627449
1000.000000
1323.529418
1519.607910
1598.039184
1421.568603
1107.843139
715.686279
-392.156860
-843.137268
-1235.294189
-1500.000000
-1598.039184
-1480.392211
-1254.901977
-274.509796
245.098037
686.274536
1078.431396
1411.764770
1549.019653
1558.823608
1313.725463
1039.215698
588.235290
-558.823547
-950.980407
-1362.745117
-1558.823608
-1598.039184
-1421.568603
-1147.058837
-98.039215
382.352935
833.333374
1215.686279
1470.588256
1578.431396
1431.372558
813.725524
313.725494
-215.686279
-666.666687
-1068.627441
-1441.176513
-1588.235351
-1607.843139
-1333.333374
-1039.215698
-539.215698
0.000000
411.764709
852.941162
1225.490234
1450.980468
1568.627441
1460.784301
823.529418
313.725494
-205.882354
-676.470581
-1078.431396
-1450.980468
-1598.039184
-1303.921630
-990.196105
-500.000000
-29.411766
460.784332
852.941162
1264.705932
1578.431396
1401.960815
1156.862792
745.098083
235.294128
-284.313720
-745.098083
-1470.588256
-1598.039184
-1519.607910
-1284.313720
-931.372558
-431.372558
117.647064
1029.411743
1392.156860
1549.019653
1598.039184
1343.137329
1049.019653
617.647094
68.627449
-411.764709
-843.137268
-1235.294189
-1529.411743
-1617.647094
-1490.196166
-1245.098022
-882.352966
-343.137268
186.274520
1127.451049
1431.372558
1558.823608
1549.019653
1323.529418
1000.000000
568.627441
-529.411804
-931.372558
-1323.529418
-1549.019653
-1617.647094
-1431.372558
-1147.058837
-88.235298
362.745117
823.529418
1196.078491
1470.588256
1598.039184
1480.392211
1254.901977
901.960815
431.372558
-676.470581
-1058.823608
-1431.372558
-1578.431396
-1323.529418
-980.392150
-529.411804
29.411766
490.196075
901.960815
1519.607910
1588.235351
1431.372558
1147.058837
754.901977
235.294128
-274.509796
-1225.490234
-1490.196166
-1617.647094
-1500.000000
-1294.117675
-931.372558
-450.980407
637.254943
1039.215698
1401.960815
1549.019653
1568.627441
1343.137329
1039.215698
-39.215686
-480.392150
-921.568664
-1323.529418
-1509.803955
-1617.647094
-1450.980468
-735.294128
-186.274520
303.921569
764.705871
1156.862792
1470.588256
1588.235351
1519.607910
1294.117675
941.176513
-166.666671
-627.450988
-1039.215698
-1588.235351
-1588.235351
-1333.333374
-1019.607849
-529.411804
0.000000
421.568634
1284.313720
1519.607910
1588.235351
1450.980468
1176.470581
784.313720
284.313720
-754.901977
-1186.274536
-1470.588256
-1598.039184
-1529.411743
-1284.313720
-931.372558
176.470596
637.254943
1421.568603
1568.627441
1549.019653
1303.921630
1000.000000
598.039245
39.215686
-421.568634
-852.941162
-1264.705932
-1529.411743
-1607.843139
-1450.980468
-1225.490234
-852.941162
294.117645
745.098083
1137.254882
1431.372558
1568.627441
1568.627441
1294.117675
411.764709
-117.647064
-578.431396
-1000.000000
-1382.353027
-1549.019653
-1607.843139
-1411.764770
-1117.647094
-705.882385
401.960784
852.941162
1254.901977
1490.196166
1588.235351
1460.784301
1235.294189
254.901962
-264.705902
-715.686279
-1127.451049
-1460.784301
-1578.431396
-1598.039184
-1313.725463
-980.392150
-529.411804
29.411766
480.392150
901.960815
1264.705932
1490.196166
1558.823608
1431.372558
1176.470581
186.274520
-333.333343
-754.901977
-1166.666748
-1480.392211
-1607.843139
-1509.803955
-862.745117
-362.745117
196.078430
627.450988
1019.607849
1382.353027
1558.823608
1323.529418
1029.411743
558.823547
9.803922
-392.156860
-852.941162
-1245.098022
-1607.843139
-1460.784301
-1196.078491
-803.921569
-274.509796
245.098037
686.274536
1078.431396
1401.960815
1529.411743
1588.235351
1303.921630
1009.803955
539.215698
0.000000
-401.960784
-813.725524
-1235.294189
-1598.039184
-1470.588256
-1196.078491
-833.333374
-294.117645
235.294128
676.470581
1450.980468
1578.431396
1529.411743
1294.117675
960.784301
519.607849
-9.803922
-950.980407
-1343.137329
-1539.215698
-1607.843139
-1441.176513
-1147.058837
-715.686279
392.156860
803.921569
1196.078491
1480.392211
1568.627441
1460.784301
1225.490234
882.352966
401.960784
-137.254898
-1098.039184
-1450.980468
-1588.235351
-1598.039184
-1333.333374
-1019.607849
-558.823547
558.823547
960.784301
1343.137329
1519.607910
1588.235351
1401.960815
1147.058837
715.686279
186.274520
-313.725494
-764.705871
-1176.470581
-1480.392211
-1588.235351
-1529.411743
-1284.313720
-931.372558
-450.980407
637.254943
1039.215698
1392.156860
1558.823608
1578.431396
1352.941162
1039.215698
-29.411766
-480.392150
-892.156860
-1303.921630
-1519.607910
-1637.254882
-1470.588256
-735.294128
-176.470596
313.725494
754.901977
1127.451049
1441.176513
1578.431396
1539.215698
1284.313720
950.980407
-156.862747
-607.843139
-1019.607849
-1588.235351
-1607.843139
-1343.137329
-1039.215698
-549.019592
9.803922
421.568634
1294.117675
1509.803955
1598.039184
1431.372558
1156.862792
764.705871
254.901962
-813.725524
-1205.882324
-1490.196166
-1598.039184
-1509.803955
-1254.901977
-921.568664
196.078430
637.254943
1039.215698
1382.353027
1549.019653
1598.039184
1352.941162
1058.823608
598.039245
49.019607
-382.352935
-823.529418
-1245.098022
-1519.607910
-1598.039184
-1500.000000
-1284.313720
-892.156860
215.686279
656.862731
1078.431396
1392.156860
1549.019653
1588.235351
1333.333374
500.000000
9.803922
-441.176483
-862.745117
-1264.705932
-1519.607910
-1627.451049
-1176.470581
-803.921569
-254.901962
264.705902
696.078430
1107.843139
1441.176513
1519.607910
1274.509887
941.176513
480.392150
-58.823532
-519.607849
-941.176513
-1323.529418
-1549.019653
-1627.451049
-1127.451049
-686.274536
-147.058822
372.549041
794.117675
1176.470581
1470.588256
1450.980468
1205.882324
823.529418
352.941192
-176.470596
-627.450988
-1068.627441
-1578.431396
-1588.235351
-1333.333374
-990.196105
-529.411804
9.803922
441.176483
1294.117675
1519.607910
1578.431396
1431.372558
1147.058837
725.490234
205.882354
-274.509796
-745.098083
-1137.254882
-1617.647094
-1519.607910
-1284.313720
-921.568664
-441.176483
107.843139
568.627441
1382.353027
1549.019653
1578.431396
1352.941162
1068.627441
627.450988
68.627449
-911.764709
-1294.117675
-1539.215698
-1607.843139
-1480.392211
-1196.078491
-176.470596
323.529418
774.509826
1176.470581
1460.784301
1578.431396
1480.392211
862.745117
401.960784
-137.254898
-617.647094
-1019.607849
-1401.960815
-1578.431396
-1352.941162
-1019.607849
-558.823547
-29.411766
450.980407
843.137268
1264.705932
1588.235351
1411.764770
1137.254882
754.901977
254.901962
-254.901962
-705.882385
-1470.588256
-1607.843139
-1519.607910
-1274.509887
-941.176513
-431.372558
78.431373
1000.000000
1343.137329
1529.411743
1588.235351
1382.353027
1107.843139
666.666687
137.254898
-362.745117
-803.921569
-1225.490234
-1500.000000
-1598.039184
-1509.803955
-1284.313720
-931.372558
-441.176483
107.843139
1039.215698
1382.353027
1588.235351
1588.235351
1323.529418
1029.411743
588.235290
-509.803924
-941.176513
-1323.529418
-1529.411743
-1607.843139
-1441.176513
-1137.254882
-107.843139
382.352935
813.725524
1205.882324
1490.196166
1588.235351
1205.882324
823.529418
303.921569
-225.490203
-676.470581
-1068.627441
-1431.372558
-1568.627441
-1313.725463
-970.588256
-490.196075
49.019607
480.392150
901.960815
1529.411743
1578.431396
1421.568603
1137.254882
735.294128
205.882354
-294.117645
-1225.490234
-1480.392211
-1607.843139
-1480.392211
-1254.901977
-892.156860
-392.156860
705.882385
1078.431396
1411.764770
1558.823608
1558.823608
1333.333374
1000.000000
588.235290
49.019607
-411.764709
-833.333374
-1254.901977
-1509.803955
-1598.039184
-1470.588256
-1215.686279
-862.745117
-343.137268
725.490234
1098.039184
1450.980468
1588.235351
1568.627441
1303.921630
970.588256
-98.039215
-568.627441
-980.392150
-1352.941162
-1539.215698
-1588.235351
-1401.960815
-1127.451049
-696.078430
-137.254898
843.137268
1245.098022
1480.392211
1578.431396
1460.784301
1245.098022
862.745117
362.745117
-176.470596
-637.254943
-1039.215698
-1411.764770
-1588.235351
-1637.254882
-1352.941162
-529.411804
19.607843
470.588256
882.352966
1274.509887
1509.803955
1588.235351
1166.666748
764.705871
225.490203
-284.313720
-754.901977
-1137.254882
-1460.784301
-1509.803955
-1264.705932
-931.372558
-431.372558
117.647064
568.627441
941.176513
1323.529418
1539.215698
1588.235351
1401.960815
1127.451049
696.078430
176.470596
-323.529418
-784.313720
-1176.470581
-1490.196166
-1480.392211
-1254.901977
-852.941162
-372.549041
166.666671
617.647094
1000.000000
1549.019653
1578.431396
1333.333374
1049.019653
598.039245
68.627449
-401.960784
-1313.725463
-1519.607910
-1627.451049
-1470.588256
-1196.078491
-794.117675
-264.705902
774.509826
1166.666748
1441.176513
1598.039184
1500.000000
1303.921630
392.156860
-137.254898
-588.235290
-1019.607849
-1382.353027
-1558.823608
-1607.843139
-1039.215698
-558.823547
-9.803922
411.764709
823.529418
1235.294189
1490.196166
1588.235351
1441.176513
1235.294189
852.941162
372.549041
-166.666671
-647.058837
-1029.411743
-1421.568603
-1588.235351
-1627.451049
-1352.941162
-1039.215698
-598.039245
-29.411766
931.372558
1284.313720
1509.803955
1598.039184
1431.372558
1156.862792
774.509826
-343.137268
-794.117675
-1196.078491
-1490.196166
-1598.039184
-1480.392211
-1254.901977
-313.725494
205.882354
666.666687
1049.019653
1401.960815
1558.823608
1294.117675
960.784301
539.215698
9.803922
-421.568634
-872.549011
-1254.901977
-1598.039184
-1441.176513
-1196.078491
-784.313720
-254.901962
274.509796
715.686279
1450.980468
1558.823608
1509.803955
1284.313720
970.588256
500.000000
-19.607843
-970.588256
-1352.941162
-1558.823608
-1637.254882
-1431.372558
-1117.647094
-696.078430
421.568634
833.333374
1235.294189
1480.392211
1578.431396
1441.176513
1205.882324
264.705902
-254.901962
-705.882385
-1127.451049
-1460.784301
-1588.235351
-1568.627441
-931.372558
-450.980407
68.627449
539.215698
941.176513
1294.117675
1519.607910
1578.431396
1421.568603
1166.666748
117.647064
-372.549041
-813.725524
-1490.196166
-1617.647094
-1470.588256
-1215.686279
-852.941162
-313.725494
205.882354
1137.254882
1421.568603
1588.235351
1539.215698
1294.117675
970.588256
519.607849
-578.431396
-1000.000000
-1382.353027
-1549.019653
-1607.843139
-1392.156860
-1117.647094
-39.215686
411.764709
843.137268
1225.490234
1470.588256
1568.627441
1441.176513
1215.686279
862.745117
372.549041
-715.686279
-1117.647094
-1470.588256
-1588.235351
-1578.431396
-1313.725463
-990.196105
127.450981
578.431396
980.392150
1352.941162
1529.411743
1607.843139
1392.156860
1117.647094
686.274536
156.862747
-313.725494
-764.705871
-1186.274536
-1490.196166
-1607.843139
-1509.803955
-1274.509887
-911.764709
176.470596
647.058837
1029.411743
1392.156860
1549.019653
1598.039184
1352.941162
1049.019653
617.647094
78.431373
-372.549041
-823.529418
-1215.686279
-1509.803955
-1470.588256
-1215.686279
-833.333374
-313.725494
225.490203
656.862731
1058.823608
1411.764770
1558.823608
1568.627441
1323.529418
1049.019653
568.627441
39.215686
-421.568634
-872.549011
-1274.509887
-1509.803955
-1450.980468
-1176.470581
-784.313720
-254.901962
264.705902
696.078430
1098.039184
1558.823608
1519.607910
1303.921630
960.784301
519.607849
-39.215686
-500.000000
-1352.941162
-1539.215698
-1617.647094
-1431.372558
-1127.451049
-705.882385
-186.274520
852.941162
1225.490234
1480.392211
1568.627441
1450.980468
1225.490234
852.941162
362.745117
-176.470596
-637.254943
-1029.411743
-1411.764770
-1568.627441
-1607.843139
-1352.941162
-1058.823608
-607.843139
-29.411766
911.764709
1294.117675
1509.803955
1568.627441
1441.176513
1176.470581
745.098083
-343.137268
-784.313720
-1205.882324
-1480.392211
-1607.843139
-1480.392211
-1264.705932
-921.568664
-411.764709
137.254898
598.039245
990.196105
1352.941162
1539.215698
1598.039184
1382.353027
1088.235351
676.470581
-421.568634
-852.941162
-1274.509887
-1519.607910
-1607.843139
-1480.392211
-1225.490234
-823.529418
-303.921569
215.686279
1137.254882
1431.372558
1588.235351
1529.411743
1284.313720
950.980407
519.607849
-588.235290
-1000.000000
-1352.941162
-1549.019653
-1627.451049
-1421.568603
-1147.058837
-68.627449
382.352935
843.137268
1205.882324
1470.588256
1588.235351
1460.784301
1235.294189
882.352966
372.549041
-686.274536
-1117.647094
-1441.176513
-1607.843139
-1578.431396
-1313.725463
-990.196105
-529.411804
19.607843
450.980407
862.745117
1264.705932
1509.803955
1578.431396
1450.980468
754.901977
254.901962
-245.098037
-705.882385
-1127.451049
-1460.784301
-1588.235351
-1284.313720
-941.176513
-450.980407
88.235298
529.411804
950.980407
1294.117675
1598.039184
1392.156860
1107.843139
676.470581
147.058822
-352.941192
-784.313720
-1196.078491
-1500.000000
-1607.843139
-1254.901977
-901.960815
-411.764709
127.450981
588.235290
960.784301
1362.745117
1578.431396
1352.941162
1068.627441
617.647094
78.431373
-362.745117
-823.529418
-1519.607910
-1607.843139
-1470.588256
-1225.490234
-813.725524
-294.117645
225.490203
1156.862792
1431.372558
1598.039184
1529.411743
1294.117675
950.980407
500.000000
0.000000
-372.549041
-823.529418
-1529.411743
-1607.843139
-1460.784301
-1205.882324
-196.078430
303.921569
715.686279
1137.254882
1441.176513
1588.235351
1519.607910
1284.313720
960.784301
500.000000
-578.431396
-970.588256
-1362.745117
-1617.647094
-1372.549072
-1088.235351
-607.843139
-78.431373
392.156860
833.333374
1215.686279
1470.588256
1588.235351
1450.980468
1235.294189
862.745117
372.549041
-696.078430
-1107.843139
-1450.980468
-1588.235351
-1578.431396
-1333.333374
-1000.000000
-558.823547
-9.803922
431.372558
862.745117
1235.294189
1490.196166
1588.235351
1480.392211
774.509826
245.098037
-254.901962
-715.686279
-1107.843139
-1450.980468
-1588.235351
-1264.705932
-931.372558
-460.784332
98.039215
558.823547
941.176513
1313.725463
1598.039184
1372.549072
1098.039184
656.862731
117.647064
-362.745117
-823.529418
-1509.803955
-1598.039184
-1470.588256
-1225.490234
-852.941162
-352.941192
705.882385
1127.451049
1441.176513
1558.823608
1539.215698
1313.725463
980.392150
-117.647064
-578.431396
-1000.000000
-1372.549072
-1558.823608
-1607.843139
-1392.156860
-627.450988
-68.627449
392.156860
833.333374
1215.686279
1490.196166
1578.431396
1205.882324
813.725524
303.921569
-235.294128
-686.274536
-1088.235351
-1450.980468
-1529.411743
-1303.921630
-970.588256
-500.000000
9.803922
441.176483
872.549011
1500.000000
1588.235351
1431.372558
1196.078491
813.725524
313.725494
-215.686279
-676.470581
-1088.235351
-1431.372558
-1558.823608
-1313.725463
-970.588256
-500.000000
0.000000
392.156860
823.529418
1490.196166
1598.039184
1450.980468
1196.078491
833.333374
333.333343
-215.686279
-1147.058837
-1470.588256
-1598.039184
-1568.627441
-1313.725463
-970.588256
-470.588256
607.843139
980.392150
1343.137329
1519.607910
1588.235351
1372.549072
1107.843139
39.215686
-431.372558
-852.941162
-1274.509887
-1509.803955
-1588.235351
-1470.588256
-794.117675
-254.901962
264.705902
705.882385
1107.843139
1421.568603
1500.000000
1284.313720
970.588256
519.607849
-39.215686
-490.196075
-911.764709
-1294.117675
-1529.411743
-1607.843139
-1460.784301
-1176.470581
-774.509826
-235.294128
274.509796
705.882385
1127.451049
1441.176513
1558.823608
1294.117675
921.568664
450.980407
-58.823532
-539.215698
-921.568664
-1333.333374
-1607.843139
-1392.156860
-1117.647094
-666.666687
-127.450981
372.549041
794.117675
1186.274536
1470.588256
1588.235351
1470.588256
1245.098022
882.352966
421.568634
-117.647064
-588.235290
-1000.000000
-1362.745117
-1607.843139
-1382.353027
-1068.627441
-637.254943
-88.235298
421.568634
843.137268
1205.882324
1480.392211
1578.431396
1186.274536
803.921569
303.921569
-215.686279
-686.274536
-1088.235351
-1441.176513
-1529.411743
-1294.117675
-960.784301
-460.784332
68.627449
509.803924
901.960815
1519.607910
1578.431396
1372.549072
1107.843139
676.470581
156.862747
-323.529418
-1245.098022
-1500.000000
-1607.843139
-1509.803955
-1254.901977
-882.352966
-382.352935
686.274536
1098.039184
1431.372558
1568.627441
1578.431396
1303.921630
470.588256
-49.019607
-519.607849
-941.176513
-1333.333374
-1549.019653
-1617.647094
-1117.647094
-686.274536
-137.254898
352.941192
794.117675
1196.078491
1480.392211
1450.980468
1205.882324
843.137268
352.941192
-176.470596
-656.862731
-1058.823608
-1588.235351
-1568.627441
-1313.725463
-1000.000000
-549.019592
0.000000
372.549041
1274.509887
1490.196166
1598.039184
1431.372558
1196.078491
803.921569
313.725494
-735.294128
-1156.862792
-1470.588256
-1607.843139
-1539.215698
-1284.313720
-941.176513
166.666671
627.450988
1000.000000
1372.549072
1539.215698
1607.843139
1372.549072
1117.647094
676.470581
147.058822
-852.941162
-1274.509887
-1509.803955
-1450.980468
-1196.078491
-784.313720
-274.509796
245.098037
705.882385
1098.039184
1578.431396
1539.215698
1294.117675
960.784301
490.196075
-29.411766
-509.803924
-1382.353027
-1558.823608
-1637.254882
-1392.156860
-1137.254882
-705.882385
-147.058822
862.745117
1235.294189
1470.588256
1588.235351
1450.980468
1215.686279
833.333374
-274.509796
-735.294128
-1147.058837
-1480.392211
-1598.039184
-1539.215698
-1323.529418
-411.764709
137.254898
598.039245
990.196105
1382.353027
1529.411743
1323.529418
1068.627441
637.254943
88.235298
-392.156860
-803.921569
-1235.294189
-1617.647094
-1460.784301
-1215.686279
-843.137268
-323.529418
225.490203
686.274536
1441.176513
1578.431396
1539.215698
1274.509887
970.588256
500.000000
9.803922
-931.372558
-1313.725463
-1549.019653
-1607.843139
-1460.784301
-1166.666748
-764.705871
362.745117
774.509826
1205.882324
1470.588256
1568.627441
1500.000000
1264.705932
352.941192
-176.470596
-637.254943
-1039.215698
-1411.764770
-1568.627441
-1607.843139
-1343.137329
-1058.823608
-598.039245
-39.215686
421.568634
823.529418
1245.098022
1490.196166
1607.843139
1450.980468
1235.294189
274.509796
-245.098037
-705.882385
-1107.843139
-1460.784301
-1578.431396
-1549.019653
-941.176513
-431.372558
98.039215
519.607849
921.568664
1294.117675
1509.803955
1372.549072
1117.647094
676.470581
176.470596
-333.333343
-794.117675
-1196.078491
-1519.607910
-1598.039184
-1519.607910
-882.352966
-382.352935
186.274520
627.450988
1029.411743
1392.156860
1549.019653
1313.725463
1019.607849
568.627441
19.607843
-421.568634
-843.137268
-1264.705932
-1617.647094
-1450.980468
-1166.666748
-774.509826
-235.294128
284.313720
715.686279
1460.784301
1568.627441
1500.000000
1254.901977
950.980407
490.196075
-39.215686
-490.196075
-921.568664
-1303.921630
-1617.647094
-1421.568603
-1147.058837
-705.882385
-176.470596
323.529418
774.509826
1470.588256
1568.627441
1460.784301
1245.098022
872.549011
411.764709
-127.450981
-1078.431396
-1431.372558
-1588.235351
-1607.843139
-1333.333374
-1029.411743
-539.215698
0.000000
382.352935
813.725524
1490.196166
1588.235351
1441.176513
1186.274536
813.725524
303.921569
-235.294128
-686.274536
-1107.843139
-1441.176513
-1588.235351
-1578.431396
-1333.333374
-1019.607849
-519.607849
578.431396
941.176513
1343.137329
1529.411743
1578.431396
1392.156860
1098.039184
666.666687
147.058822
-352.941192
-784.313720
-1205.882324
-1490.196166
-1617.647094
-1490.196166
-1245.098022
-901.960815
-421.568634
666.666687
1058.823608
1401.960815
1549.019653
1549.019653
1343.137329
1029.411743
-68.627449
-509.803924
-931.372558
-1323.529418
-1539.215698
-1607.843139
-1450.980468
-1156.862792
-735.294128
-196.078430
294.117645
725.490234
1147.058837
1431.372558
1558.823608
1539.215698
1294.117675
960.784301
-137.254898
-607.843139
-1009.803955
-1411.764770
-1549.019653
-1598.039184
-1382.353027
-1068.627441
-666.666687
-98.039215
872.549011
1245.098022
1480.392211
1588.235351
1450.980468
1176.470581
823.529418
-303.921569
-764.705871
-1166.666748
-1490.196166
-1598.039184
-1519.607910
-1264.705932
-362.745117
166.666671
647.058837
1019.607849
1372.549072
1539.215698
1578.431396
1352.941162
1078.431396
627.450988
88.235298
-362.745117
-813.725524
-1225.490234
-1509.803955
-1598.039184
-1460.784301
-1254.901977
-294.117645
235.294128
686.274536
1088.235351
1411.764770
1568.627441
1588.235351
941.176513
490.196075
-39.215686
-500.000000
-901.960815
-1294.117675
-1529.411743
-1431.372558
-1147.058837
-725.490234
-186.274520
303.921569
784.313720
1147.058837
1568.627441
1470.588256
1254.901977
921.568664
411.764709
-107.843139
-578.431396
-1000.000000
-1382.353027
-1558.823608
-1372.549072
-1088.235351
-637.254943
-68.627449
392.156860
823.529418
1205.882324
1598.039184
1441.176513
1176.470581
813.725524
303.921569
-215.686279
-686.274536
-1470.588256
-1598.039184
-1568.627441
-1303.921630
-970.588256
-470.588256
58.823532
519.607849
921.568664
1294.117675
1490.196166
1578.431396
1421.568603
1176.470581
764.705871
264.705902
-235.294128
-715.686279
-1490.196166
-1598.039184
-1509.803955
-1274.509887
-941.176513
-450.980407
78.431373
990.196105
1352.941162
1549.019653
1598.039184
1362.745117
1107.843139
666.666687
-441.176483
-892.156860
-1264.705932
-1519.607910
-1607.843139
-1470.588256
-1205.882324
-186.274520
313.725494
764.705871
1137.254882
1460.784301
1578.431396
1245.098022
901.960815
421.568634
-107.843139
-588.235290
-1000.000000
-1372.549072
-1617.647094
-1352.941162
-1117.647094
-656.862731
-98.039215
392.156860
813.725524
1470.588256
1578.431396
1460.784301
1225.490234
843.137268
362.745117
-186.274520
-1127.451049
-1480.392211
-1588.235351
-1549.019653
-1313.725463
-970.588256
-509.803924
598.039245
990.196105
1352.941162
1529.411743
1578.431396
1372.549072
1098.039184
705.882385
156.862747
-343.137268
-1274.509887
-1529.411743
-1617.647094
-1470.588256
-1215.686279
-833.333374
-333.333343
745.098083
1127.451049
1431.372558
1470.588256
1245.098022
941.176513
431.372558
-98.039215
-578.431396
-970.588256
-1558.823608
-1607.843139
-1049.019653
-588.235290
-29.411766
431.372558
1313.725463
1509.803955
1578.431396
1421.568603
1156.862792
754.901977
264.705902
-794.117675
-1205.882324
-1509.803955
-1607.843139
-1490.196166
-1245.098022
-323.529418
245.098037
656.862731
1078.431396
1411.764770
1539.215698
1568.627441
990.196105
539.215698
-9.803922
-450.980407
-872.549011
-1264.705932
-1509.803955
-1617.647094
-1470.588256
-1225.490234
-813.725524
-303.921569
235.294128
676.470581
1441.176513
1578.431396
1539.215698
1284.313720
970.588256
500.000000
19.607843
-950.980407
-1343.137329
-1549.019653
-1627.451049
-1431.372558
-1137.254882
-745.098083
362.745117
813.725524
1205.882324
1460.784301
1578.431396
1470.588256
1235.294189
313.725494
-215.686279
-686.274536
-1088.235351
-1450.980468
-1588.235351
-1607.843139
-1323.529418
-1009.803955
-519.607849
19.607843
460.784332
892.156860
1274.509887
1500.000000
1578.431396
1450.980468
1225.490234
264.705902
-264.705902
-686.274536
-1117.647094
-1450.980468
-1588.2