2176.470703
1833.333374
1225.490234
558.823547
107.843139
-127.450981
-382.352935
-1627.451049
-2166.666748
-2147.058837
-1431.372558
-715.686279
-264.705902
49.019607
686.274536
1352.941162
1990.196166
2264.705810
1764.705932
1058.823608
450.980407
-225.490203
-509.803924
-1088.235351
-1852.941162
-2166.666748
-1764.705932
-1245.098022
-88.235298
127.450981
401.960784
852.941162
1568.627441
2117.647216
2156.862792
1480.392211
803.921569
294.117645
0.000000
-196.078430
-509.803924
-1088.235351
-1617.647094
-2058.823486
-2000.000000
-1294.117675
-147.058822
98.039215
352.941192
745.098083
1392.156860
2019.607910
2264.705810
941.176513
343.137268
29.411766
-205.882354
-460.784332
-990.196105
-1598.039184
-1803.921630
-1235.294189
-598.039245
-156.862747
107.843139
343.137268
725.490234
2000.000000
2205.882324
1617.647094
901.960815
352.941192
19.607843
-215.686279
-1107.843139
-1862.745117
-2235.294189
-1852.941162
-1068.627441
-480.392150
-88.235298
460.784332
990.196105
1696.078491
2176.470703
2127.450927
1460.784301
803.921569
264.705902
-49.019607
-264.705902
-1235.294189
-1931.372558
-2254.902099
-1764.705932
-1088.235351
-411.764709
-68.627449
500.000000
931.372558
1617.647094
2000.000000
2137.254882
1441.176513
715.686279
-88.235298
-313.725494
-725.490234
-1411.764770
-2039.215698
-2215.686279
-1558.823608
-303.921569
-9.803922
215.686279
470.588256
1039.215698
1774.509887
2205.882324
1235.294189
578.431396
137.254898
-127.450981
-362.745117
-794.117675
-1470.588256
-2039.215698
-2245.098144
-1588.235351
-843.137268
-303.921569
-9.803922
205.882354
480.392150
1039.215698
1774.509887
2186.274658
1254.901977
578.431396
156.862747
-127.450981
-362.745117
-803.921569
-1539.215698
-2137.254882
-1529.411743
-803.921569
-294.117645
29.411766
254.901962
549.019592
1813.725463
2127.450927
1735.294189
1107.843139
470.588256
88.235298
-156.862747
-1029.411743
-1607.843139
-2137.254882
-2058.823486
-1411.764770
-666.666687
-215.686279
372.549041
813.725524
1549.019653
2078.431396
2215.686279
1549.019653
833.333374
352.941192
19.607843
-215.686279
-1166.666748
-1921.568603
-2235.294189
-1117.647094
-470.588256
-107.843139
147.058822
421.568634
950.980407
1637.254882
2019.607910
1382.353027
696.078430
215.686279
-68.627449
-274.509796
-666.666687
-2039.215698
-2098.039306
-1617.647094
-970.588256
-382.352935
-68.627449
166.666671
1137.254882
1774.509887
2049.019531
1803.921630
1235.294189
578.431396
156.862747
-392.156860
-852.941162
-1549.019653
-2000.000000
-2137.254882
-1460.784301
-852.941162
29.411766
274.509796
607.843139
1264.705932
1941.176513
2225.490234
1754.901977
460.784332
68.627449
-166.666671
-421.568634
-911.764709
-1578.431396
-2147.058837
-2166.666748
-1431.372558
-745.098083
-264.705902
19.607843
254.901962
558.823547
1186.274536
1941.176513
2235.294189
1833.333374
490.196075
88.235298
-166.666671
-392.156860
-872.549011
-1539.215698
-2107.843261
-1411.764770
-735.294128
-245.098037
68.627449
274.509796
598.039245
1205.882324
2156.862792
1588.235351
960.784301
392.156860
78.431373
-156.862747
-421.568634
-1735.294189
-2186.274658
-2058.823486
-1254.901977
-607.843139
-205.882354
58.823532
803.921569
1529.411743
2088.235351
2176.470703
1568.627441
852.941162
333.333343
-264.705902
-617.647094
-1274.509887
-1950.980468
-2098.039306
-1735.294189
-1156.862792
-49.019607
166.666671
431.372558
970.588256
1686.274536
2088.235351
1392.156860
676.470581
205.882354
-88.235298
-303.921569
-676.470581
-1352.941162
-2186.274658
-1696.078491
-990.196105
-392.156860
-68.627449
186.274520
441.176483
1666.666748
2088.235351
1862.745117
1274.509887
598.039245
147.058822
-98.039215
-333.333343
-725.490234
-1392.156860
-1872.549072
-2166.666748
-1696.078491
-1009.803955
-372.549041
-49.019607
196.078430
421.568634
980.392150
1568.627441
2078.431396
2078.431396
598.039245
166.666671
-107.843139
-323.529418
-715.686279
-1362.745117
-1990.196166
-1539.215698
-901.960815
-323.529418
0.000000
205.882354
460.784332
960.784301
2029.411743
1882.353027
1274.509887
617.647094
196.078430
-88.235298
-323.529418
-1529.411743
-2098.039306
-2137.254882
-1509.803955
-872.549011
-313.725494
-29.411766
617.647094
1254.901977
1901.960815
2107.843261
1696.078491
1107.843139
490.196075
-166.666671
-450.980407
-990.196105
-1656.862792
-1980.392211
-2049.019531
-1431.372558
-176.470596
68.627449
323.529418
676.470581
1352.941162
1823.529418
2137.254882
1676.470581
1000.000000
421.568634
-235.294128
-529.411804
-1127.451049
-1715.686279
-2098.039306
-1901.960815
-1323.529418
-127.450981
127.450981
392.156860
813.725524
1450.980468
2000.000000
2196.078369
882.352966
313.725494
-19.607843
-254.901962
-539.215698
-1156.862792
-1872.549072
-2235.294189
-1823.529418
-1147.058837
-539.215698
-117.647064
127.450981
362.745117
764.705871
1470.588256
1901.960815
2088.235351
735.294128
274.509796
0.000000
-225.490203
-539.215698
-1117.647094
-1705.882324
-1813.725463
-1156.862792
-529.411804
-137.254898
117.647064
372.549041
754.901977
2137.254882
2117.647216
1392.156860
754.901977
284.313720
-29.411766
-274.509796
-1333.333374
-2000.000000
-2245.098144
-1843.137329
-1127.451049
-480.392150
-107.843139
500.000000
921.568664
1558.823608
2049.019531
2049.019531
1411.764770
764.705871
-98.039215
-333.333343
-696.078430
-1372.549072
-1833.333374
-2147.058837
-1725.490234
-343.137268
-29.411766
225.490203
460.784332
1049.019653
1637.254882
2049.019531
1911.764770
1323.529418
627.450988
-137.254898
-372.549041
-794.117675
-1480.392211
-2088.235351
-2215.686279
-1568.627441
-264.705902
58.823532
264.705902
578.431396
1225.490234
1901.960815
2225.490234
1019.607849
411.764709
49.019607
-166.666671
-441.176483
-960.784301
-1656.862792
-2009.803955
-2058.823486
-1460.784301
-196.078430
58.823532
284.313720
676.470581
1382.353027
1911.764770
2078.431396
1647.058837
1009.803955
421.568634
58.823532
-176.470596
-441.176483
-950.980407
-1656.862792
-2137.254882
-1372.549072
-676.470581
-225.490203
58.823532
294.117645
637.254943
1931.372558
2205.882324
1735.294189
1049.019653
431.372558
49.019607
-176.470596
-1019.607849
-1745.098022
-2166.666748
-1980.392211
-1294.117675
-568.627441
-166.666671
98.039215
343.137268
725.490234
1980.392211
2147.058837
1588.235351
911.764709
333.333343
9.803922
-196.078430
-1166.666748
-1911.764770
-2186.274658
-1774.509887
-1186.274536
-578.431396
-137.254898
411.764709
862.745117
1480.392211
1990.196166
2068.627441
1450.980468
784.313720
-88.235298
-313.725494
-666.666687
-1284.313720
-1901.960815
-2156.862792
-1754.901977
-1058.823608
-431.372558
-68.627449
500.000000
980.392150
1705.882324
2009.803955
1911.764770
1333.333374
656.862731
196.078430
-78.431373
-323.529418
-705.882385
-2039.215698
-2196.078369
-1539.215698
-911.764709
-362.745117
-29.411766
196.078430
490.196075
1029.411743
1745.098022
2098.039306
1950.980468
1264.705932
656.862731
225.490203
-58.823532
-294.117645
-656.862731
-1333.333374
-1960.784301
-2088.235351
-921.568664
-392.156860
-68.627449
186.274520
441.176483
970.588256
1647.058837
2137.254882
2137.254882
1470.588256
784.313720
-98.039215
-333.333343
-696.078430
-1921.568603
-2147.058837
-1598.039184
-950.980407
-372.549041
-39.215686
186.274520
1205.882324
1794.117675
2058.823486
1754.901977
1186.274536
558.823547
137.254898
-421.568634
-872.549011
-1549.019653
-1970.588256
-2098.039306
-1460.784301
-833.333374
58.823532
294.117645
627.450988
1284.313720
1794.117675
2098.039306
1686.274536
343.137268
49.019607
-186.274520
-470.588256
-1019.607849
-1774.509887
-2068.627441
-1254.901977
-598.039245
-166.666671
78.431373
343.137268
735.294128
1431.372558
2215.686279
1627.451049
274.509796
-39.215686
-274.509796
-549.019592
-1127.451049
-1823.529418
-2205.882324
-1892.156860
-1196.078491
-519.607849
-107.843139
147.058822
411.764709
882.352966
1578.431396
2147.058837
1470.588256
813.725524
254.901962
-29.411766
-254.901962
-558.823547
-1823.529418
-2166.666748
-1754.901977
-1088.235351
-460.784332
-78.431373
166.666671
1009.803955
1774.509887
2156.862792
2019.607910
1372.549072
686.274536
186.274520
-78.431373
-313.725494
-656.862731
-1892.156860
-2137.254882
-1656.862792
-960.784301
-372.549041
-39.215686
186.274520
1117.647094
1676.470581
2098.039306
1833.333374
1235.294189
578.431396
117.647064
-382.352935
-852.941162
-1539.215698
-2088.235351
-2196.078369
-1490.196166
-774.509826
68.627449
294.117645
1333.333374
1960.784301
2137.254882
823.529418
284.313720
9.803922
-225.490203
-490.196075
-1039.215698
-1823.529418
-1921.568603
-1254.901977
-549.019592
-147.058822
117.647064
382.352935
823.529418
2049.019531
2156.862792
1529.411743
843.137268
274.509796
-19.607843
-254.901962
-1294.117675
-1872.549072
-2196.078369
-1813.725463
-1137.254882
-480.392150
-78.431373
166.666671
411.764709
911.764709
1578.431396
2088.235351
2166.666748
1519.607910
205.882354
-68.627449
-313.725494
-1343.137329
-1960.784301
-2166.666748
-1666.666748
-970.588256
-392.156860
-49.019607
529.411804
1107.843139
1823.529418
2176.470703
1882.353027
1264.705932
598.039245
-156.862747
-411.764709
-892.156860
-1558.823608
-2117.647216
-2186.274658
-1509.803955
-225.490203
58.823532
303.921569
647.058837
1264.705932
1882.353027
2186.274658
980.392150
372.549041
49.019607
-176.470596
-411.764709
-921.568664
-1656.862792
-2107.843261
-1421.568603
-666.666687
-186.274520
68.627449
313.725494
637.254943
1931.372558
2166.666748
1676.470581
990.196105
382.352935
49.019607
-186.274520
-1127.451049
-1843.137329
-2049.019531
-1892.156860
-1313.725463
-627.450988
137.254898
392.156860
823.529418
1421.568603
1970.588256
2117.647216
1519.607910
215.686279
-58.823532
-264.705902
-598.039245
-1235.294189
-1813.725463
-2196.078369
-1019.607849
-392.156860
-39.215686
166.666671
431.372558
921.568664
1549.019653
2068.627441
2058.823486
1431.372558
696.078430
245.098037
-39.215686
-274.509796
-1431.372558
-1941.176513
-2098.039306
-1656.862792
-1019.607849
-411.764709
-68.627449
186.274520
411.764709
892.156860
1617.647094
1990.196166
2029.411743
1421.568603
735.294128
-88.235298
-362.745117
-725.490234
-1401.960815
-1852.941162
-2147.058837
-1696.078491
-333.333343
-9.803922
235.294128
529.411804
1098.039184
1794.117675
2127.450927
1303.921630
607.843139
156.862747
-117.647064
-382.352935
-784.313720
-1480.392211
-2205.882324
-1549.019653
-803.921569
-294.117645
0.000000
196.078430
509.803924
1843.137329
2235.294189
1931.372558
1196.078491
558.823547
156.862747
-147.058822
-911.764709
-1637.254882
-2156.862792
-2137.254882
-1372.549072
-764.705871
58.823532
333.333343
656.862731
1352.941162
1980.392211
2205.882324
1666.666748
980.392150
441.176483
88.235298
-166.666671
-970.588256
-1715.686279
-2176.470703
-2107.843261
-1392.156860
-637.254943
-225.490203
352.941192
794.117675
1470.588256
2068.627441
2235.294189
1578.431396
892.156860
421.568634
49.019607
-205.882354
-1078.431396
-1843.137329
-2254.902099
-1960.784301
-1235.294189
-539.215698
-137.254898
411.764709
941.176513
1656.862792
2107.843261
1421.568603
715.686279
235.294128
-68.627449
-303.921569
-627.450988
-1921.568603
-2186.274658
-1735.294189
-1019.607849
-401.960784
-58.823532
166.666671
1117.647094
1823.529418
2225.490234
1950.980468
1303.921630
607.843139
147.058822
-107.843139
-352.941192
-794.117675
-2068.627441
-2205.882324
-1568.627441
-794.117675
-294.117645
19.607843
264.705902
1284.313720
1921.568603
2196.078369
1852.941162
1186.274536
500.000000
127.450981
-431.372558
-892.156860
-1568.627441
-2088.235351
-2098.039306
-1470.588256
-803.921569
98.039215
323.529418
656.862731
1264.705932
1833.333374
2127.450927
1666.666748
1019.607849
401.960784
58.823532
-509.803924
-1068.627441
-1725.490234
-2147.058837
-1990.196166
-1323.529418
-598.039245
127.450981
401.960784
833.333374
1529.411743
2049.019531
2186.274658
1588.235351
245.098037
-68.627449
-274.509796
-598.039245
-1196.078491
-1862.745117
-2254.902099
-1058.823608
-431.372558
-58.823532
176.470596
431.372558
921.568664
1607.843139
2078.431396
2098.039306
1450.980468
176.470596
-88.235298
-323.529418
-666.666687
-1274.509887
-1931.372558
-2186.274658
-921.568664
-352.941192
-29.411766
196.078430
490.196075
1029.411743
1637.254882
1754.901977
1127.451049
519.607849
137.254898
-117.647064
-392.156860
-823.529418
-2156.862792
-2068.627441
-1431.372558
-803.921569
-264.705902
29.411766
245.098037
1343.137329
1960.784301
2215.686279
1696.078491
1049.019653
421.568634
88.235298
-176.470596
-401.960784
-892.156860
-2068.627441
-2117.647216
-1480.392211
-754.901977
-245.098037
39.215686
274.509796
1303.921630
1921.568603
2166.666748
1715.686279
1039.215698
441.176483
49.019607
-490.196075
-1029.411743
-1764.705932
-2215.686279
-2000.000000
-1323.529418
-666.666687
117.647064
382.352935
803.921569
1460.784301
1970.588256
2137.254882
1549.019653
245.098037
-39.215686
-264.705902
-617.647094
-1245.098022
-1843.137329
-2107.843261
-1833.333374
-1225.490234
-529.411804
176.470596
441.176483
941.176513
1617.647094
2068.627441
2107.843261
1470.588256
774.509826
245.098037
-39.215686
-284.313720
-578.431396
-1205.882324
-1911.764770
-2245.098144
-1872.549072
-1127.451049
-431.372558
-88.235298
156.862747
401.960784
862.745117
2088.235351
2107.843261
1460.784301
764.705871
235.294128
-49.019607
-284.313720
-1313.725463
-1921.568603
-2176.470703
-1735.294189
-1039.215698
-362.745117
-58.823532
529.411804
1127.451049
1843.137329
2235.294189
1931.372558
1166.666748
88.235298
-147.058822
-401.960784
-882.352966
-1617.647094
-2137.254882
-2196.078369
-794.117675
-254.901962
39.215686
274.509796
578.431396
1186.274536
1872.549072
1647.058837
1009.803955
392.156860
68.627449
-186.274520
-441.176483
-960.784301
-2205.882324
-2009.803955
-1294.117675
-647.058837
-186.274520
78.431373
333.333343
1490.196166
2068.627441
2137.254882
1529.411743
852.941162
352.941192
29.411766
-568.627441
-1196.078491
-1921.568603
-2166.666748
-1735.294189
-1166.666748
-549.019592
-137.254898
98.039215
362.745117
1666.666748
2049.019531
2009.803955
1352.941162
745.098083
274.509796
-19.607843
-647.058837
-1323.529418
-2009.803955
-2254.902099
-1705.882324
-1000.000000
-480.392150
186.274520
450.980407
1000.000000
1549.019653
2078.431396
2049.019531
1401.960815
156.862747
-98.039215
-343.137268
-715.686279
-1382.353027
-1872.549072
-2156.862792
-882.352966
-333.333343
-19.607843
196.078430
519.607849
1068.627441
1803.921630
1931.372558
1225.490234
539.215698
156.862747
-117.647064
-372.549041
-823.529418
-2088.235351
-2205.882324
-1549.019653
-784.313720
-284.313720
19.607843
254.901962
549.019592
1137.254882
1872.549072
1803.921630
1147.058837
500.000000
117.647064
-147.058822
-392.156860
-843.137268
-2147.058837
-2176.470703
-1421.568603
-735.294128
-264.705902
9.803922
225.490203
1205.882324
1862.745117
2215.686279
1823.529418
1147.058837
480.392150
88.235298
-441.176483
-921.568664
-1568.627441
-2107.843261
-2078.431396
-1450.980468
-754.901977
-235.294128
49.019607
284.313720
1274.509887
1882.353027
2117.647216
1647.058837
990.196105
372.549041
39.215686
-519.607849
-1088.235351
-1823.529418
-2058.823486
-1901.960815
-1313.725463
-617.647094
127.450981
372.549041
784.313720
1392.156860
1960.784301
2098.039306
1500.000000
274.509796
-39.215686
-254.901962
-549.019592
-1166.666748
-1921.568603
-2274.509765
-1147.058837
-500.000000
-107.843139
137.254898
382.352935
823.529418
1431.372558
1950.980468
1372.549072
686.274536
215.686279
-49.019607
-284.313720
-617.647094
-1960.784301
-2245.098144
-1784.313720
-1000.000000
-490.196075
-107.843139
156.862747
421.568634
911.764709
1598.039184
2009.803955
1382.353027
715.686279
235.294128
-49.019607
-284.313720
-656.862731
-1303.921630
-1774.509887
-2166.666748
-1794.117675
-1137.254882
-480.392150
-98.039215
166.666671
970.588256
1607.843139
2098.039306
2029.411743
1411.764770
725.490234
205.882354
-372.549041
-715.686279
-1343.137329
-2029.411743
-2205.882324
-1647.058837
-960.784301
29.411766
235.294128
549.019592
1068.627441
1794.117675
2127.450927
1862.745117
1254.901977
578.431396
156.862747
-401.960784
-862.745117
-1529.411743
-2098.039306
-2156.862792
-1539.215698
-774.509826
58.823532
303.921569
627.450988
1245.098022
1892.156860
2137.254882
1784.313720
343.137268
19.607843
-196.078430
-470.588256
-1029.411743
-1676.470581
-2029.411743
-1225.490234
-598.039245
-166.666671
107.843139
333.333343
705.882385
1392.156860
1911.764770
2049.019531
1607.843139
274.509796
0.000000
-196.078430
-500.000000
-950.980407
-1647.058837
-2156.862792
-1431.372558
-745.098083
-215.686279
58.823532
294.117645
637.254943
1245.098022
2107.843261
1549.019653
931.372558
382.352935
39.215686
-196.078430
-470.588256
-1774.509887
-2196.078369
-2039.215698
-1313.725463
-578.431396
-156.862747
88.235298
333.333343
705.882385
1362.745117
2019.607910
2225.490234
1686.274536
950.980407
441.176483
68.627449
-166.666671
-441.176483
-931.372558
-1647.058837
-2137.254882
-2156.862792
-705.882385
-205.882354
78.431373
294.117645
647.058837
1225.490234
1862.745117
1558.823608
921.568664
362.745117
29.411766
-205.882354
-490.196075
-1068.627441
-2235.294189
-1803.921630
-1186.274536
-578.431396
-166.666671
98.039215
343.137268
774.509826
1470.588256
2019.607910
1598.039184
901.960815
343.137268
9.803922
-225.490203
-509.803924
-1058.823608
-2147.058837
-1745.098022
-1196.078491
-568.627441
-156.862747
107.843139
372.549041
1578.431396
1941.176513
2088.235351
1431.372558
794.117675
274.509796
-39.215686
-705.882385
-1392.156860
-1872.549072
-2137.254882
-1745.098022
-1078.431396
-450.980407
-78.431373
156.862747
392.156860
1705.882324
2019.607910
1921.568603
1294.117675
627.450988
196.078430
-68.627449
-774.509826
-1470.588256
-2078.431396
-2147.058837
-1519.607910
-901.960815
-352.941192
245.098037
598.039245
1215.686279
1872.549072
2137.254882
1745.098022
1156.862792
78.431373
-156.862747
-421.568634
-941.176513
-1637.254882
-2156.862792
-2098.039306
-794.117675
-254.901962
49.019607
264.705902
588.235290
1166.666748
1862.745117
1676.470581
1000.000000
421.568634
58.823532
-166.666671
-421.568634
-921.568664
-2137.254882
-2107.843261
-1441.176513
-666.666687
-205.882354
49.019607
284.313720
627.450988
1245.098022
1921.568603
1666.666748
990.196105
411.764709
88.235298
-166.666671
-441.176483
-980.392150
-1656.862792
-2137.254882
-2009.803955
-1392.156860
-764.705871
-274.509796
9.803922
235.294128
1274.509887
1931.372558
2254.902099
1813.725463
1147.058837
500.000000
107.843139
-431.372558
-931.372558
-1549.019653
-2029.411743
-2058.823486
-1421.568603
-774.509826
78.431373
323.529418
666.666687
1294.117675
1862.745117
2147.058837
1637.254882
294.117645
-9.803922
-225.490203
-500.000000
-911.764709
-1529.411743
-2088.235351
-1294.117675
-617.647094
-176.470596
78.431373
284.313720
696.078430
1401.960815
2245.098144
1666.666748
911.764709
352.941192
19.607843
-205.882354
-490.196075
-1715.686279
-2107.843261
-1892.156860
-1303.921630
-627.450988
-166.666671
98.039215
343.137268
715.686279
1392.156860
2029.411743
1480.392211
833.333374
284.313720
-9.803922
-235.294128
-539.215698
-1901.960815
-2235.294189
-1862.745117
-1137.254882
-500.000000
-156.862747
117.647064
911.764709
1529.411743
2058.823486
2127.450927
1519.607910
843.137268
284.313720
-294.117645
-647.058837
-1284.313720
-1970.588256
-2274.509765
-1794.117675
-1009.803955
-19.607843
235.294128
500.000000
941.176513
1578.431396
1990.196166
2009.803955
1343.137329
686.274536
225.490203
-68.627449
-303.921569
-696.078430
-1333.333374
-1882.353027
-2127.450927
-1735.294189
-1117.647094
-49.019607
186.274520
480.392150
1000.000000
1705.882324
2176.470703
2078.431396
686.274536
205.882354
-78.431373
-294.117645
-676.470581
-1323.529418
-2000.000000
-2166.666748
-1735.294189
-1088.235351
-9.803922
205.882354
460.784332
1000.000000
1745.098022
2156.862792
2098.039306
1421.568603
745.098083
264.705902
-39.215686
-274.509796
-578.431396
-1235.294189
-1960.784301
-2274.509765
-1823.529418
-1088.235351
-480.392150
176.470596
480.392150
1049.019653
1696.078491
2098.039306
2049.019531
1323.529418
166.666671
-107.843139
-362.745117
-803.921569
-1509.803955
-2019.607910
-2098.039306
-1588.235351
-941.176513
-352.941192
-49.019607
196.078430
470.588256
1019.607849
1666.666748
2000.000000
2088.235351
1303.921630
666.666687
245.098037
-68.627449
-303.921569
-637.254943
-1323.529418
-2009.803955
-1754.901977
-1000.000000
-450.980407
-78.431373
166.666671
421.568634
852.941162
2156.862792
1990.196166
627.450988
166.666671
-117.647064
-333.333343
-1549.019653
-2098.039306
-2215.686279
-1529.411743
-784.313720
-274.509796
0.000000
578.431396
1205.882324
1872.549072
2078.431396
1715.686279
1156.862792
509.803924
-156.862747
-441.176483
-931.372558
-1617.647094
-1980.392211
-2078.431396
-1470.588256
-196.078430
78.431373
303.921569
656.862731
1352.941162
1833.333374
1509.803955
852.941162
343.137268
19.607843
-215.686279
-480.392150
-1039.215698
-1803.921630
-2147.058837
-1921.568603
-1294.117675
-127.450981
117.647064
362.745117
803.921569
1490.196166
1941.176513
2058.823486
1500.000000
931.372558
401.960784
29.411766
-186.274520
-470.588256
-960.784301
-1656.862792
-2137.254882
-2088.235351
-1421.568603
-156.862747
98.039215
323.529418
715.686279
1352.941162
1980.392211
2215.686279
882.352966
323.529418
0.000000
-186.274520
-450.980407
-931.372558
-1588.235351
-1862.745117
-1294.117675
-607.843139
-176.470596
98.039215
313.725494
715.686279
2098.039306
2235.294189
1647.058837
941.176513
392.156860
29.411766
-205.882354
-1107.843139
-1862.745117
-2245.098144
-1911.764770
-1186.274536
-509.803924
-127.450981
450.980407
960.784301
1666.666748
2156.862792
2176.470703
1519.607910
813.725524
-78.431373
-313.725494
-676.470581
-1352.941162
-2039.215698
-2254.902099
-1686.274536
-382.352935
-39.215686
196.078430
470.588256
1029.411743
1784.313720
2205.882324
2049.019531
1362.745117
627.450988
205.882354
-88.235298
-323.529418
-676.470581
-1343.137329
-2039.215698
-2235.294189
-1617.647094
-362.745117
-29.411766
225.490203
500.000000
921.568664
1637.254882
1980.392211
1225.490234
568.627441
176.470596
-98.039215
-333.333343
-735.294128
-1431.372558
-2245.098144
-1647.058837
-921.568664
-382.352935
-19.607843
205.882354
480.392150
1696.078491
2088.235351
1872.549072
1215.686279
558.823547
137.254898
-117.647064
-852.941162
-1480.392211
-2049.019531
-2127.450927
-1539.215698
-843.137268
-284.313720
19.607843
245.098037
529.411804
1911.764770
2088.235351
1686.274536
1088.235351
450.980407
88.235298
-156.862747
-1029.411743
-1725.490234
-2019.607910
-1980.392211
-1382.353027
-705.882385
-215.686279
343.137268
774.509826
1431.372558
2009.803955
2186.274658
1607.843139
921.568664
352.941192
19.607843
-205.882354
-480.392150
-980.392150
-1666.666748
-2068.627441
-2000.000000
-1313.725463
-705.882385
-205.882354
333.333343
735.294128
1431.372558
1911.764770
2078.431396
1588.235351
911.764709
-29.411766
-264.705902
-568.627441
-1235.294189
-1715.686279
-2127.450927
-1852.941162
-460.784332
-88.235298
137.254898
362.745117
892.156860
1598.039184
2068.627441
1441.176513
735.294128
245.098037
-49.019607
-274.509796
-588.235290
-1215.686279
-2147.058837
-1715.686279
-1078.431396
-450.980407
-68.627449
176.470596
411.764709
1627.451049
2049.019531
1960.784301
1313.725463
647.058837
186.274520
-78.431373
-813.725524
-1500.000000
-2078.431396
-2274.509765
-1647.058837
-892.156860
-392.156860
235.294128
539.215698
1147.058837
1862.745117
2235.294189
1882.353027
519.607849
127.450981
-156.862747
-382.352935
-852.941162
-1578.431396
-2147.058837
-1490.196166
-764.705871
-264.705902
49.019607
264.705902
549.019592
1147.058837
2078.431396
1637.254882
1029.411743
441.176483
58.823532
-156.862747
-411.764709
-1784.313720
-2098.039306
-1901.960815
-1303.921630
-656.862731
-205.882354
58.823532
284.313720
696.078430
1382.353027
1960.784301
2147.058837
1647.058837
1000.000000
39.215686
-176.470596
-450.980407
-921.568664
-1558.823608
-2098.039306
-2117.647216
-656.862731
-205.882354
68.627449
313.725494
686.274536
1372.549072
1960.784301
1666.666748
941.176513
401.960784
29.411766
-196.078430
-441.176483
-950.980407
-1578.431396
-2107.843261
-2127.450927
-647.058837
-186.274520
78.431373
303.921569
656.862731
1343.137329
1843.137329
1460.784301
852.941162
352.941192
39.215686
-196.078430
-480.392150
-1039.215698
-2205.882324
-1980.392211
-1225.490234
-549.019592
-166.666671
117.647064
372.549041
1607.843139
2137.254882
2215.686279
1500.000000
882.352966
323.529418
-9.803922
-617.647094
-1264.705932
-1892.156860
-2058.823486
-1774.509887
-1147.058837
-529.411804
176.470596
421.568634
901.960815
1617.647094
1970.588256
2000.000000
1549.019653
215.686279
-58.823532
-303.921569
-637.254943
-1313.725463
-1980.392211
-2264.705810
-1735.294189
-1000.000000
-500.000000
186.274520
421.568634
901.960815
1617.647094
1970.588256
2000.000000
1460.784301
803.921569
274.509796
-9.803922
-225.490203
-1274.509887
-1774.509887
-2137.254882
-1794.117675
-1166.666748
-500.000000
-127.450981
431.372558
882.352966
1578.431396
1990.196166
2019.607910
1421.568603
156.862747
-107.843139
-343.137268
-696.078430
-1333.333374
-2009.803955
-2235.294189
-892.156860
-352.941192
-19.607843
215.686279
500.000000
1039.215698
1794.117675
2186.274658
1960.784301
1274.509887
617.647094
196.078430
-78.431373
-323.529418
-1480.392211
-2107.843261
-2245.098144
-1549.019653
-862.745117
-333.333343
-19.607843
588.235290
1215.686279
1901.960815
2196.078369
1823.529418
1068.627441
480.392150
-186.274520
-460.784332
-990.196105
-1696.078491
-2000.000000
-2176.470703
-1401.960815
-745.098083
-274.509796
19.607843
647.058837
1313.725463
1960.784301
2215.686279
1813.725463
1107.843139
431.372558
-215.686279
-549.019592
-1127.451049
-1833.333374
-2049.019531
-1911.764770
-1274.509887
-127.450981
137.254898
372.549041
794.117675
1490.196166
1921.568603
2088.235351
715.686279
254.901962
-49.019607
-264.705902
-568.627441
-1215.686279
-1911.764770
-2225.490234
-1735.294189
-1127.451049
-68.627449
166.666671
431.372558
960.784301
1656.862792
2196.078369
2196.078369
715.686279
205.882354
-49.019607
-303.921569
-627.450988
-1215.686279
-1892.156860
-1627.451049
-1009.803955
-392.156860
-39.215686
186.274520
450.980407
970.588256
2186.274658
2039.215698
1264.705932
598.039245
186.274520
-68.627449
-303.921569
-696.078430
-1382.353027
-2019.607910
-1656.862792
-990.196105
-392.156860
-39.215686
186.274520
450.980407
960.784301
2186.274658
1941.176513
1225.490234
607.843139
166.666671
-78.431373
-333.333343
-1529.411743
-2147.058837
-2215.686279
-1450.980468
-852.941162
-313.725494
-19.607843
588.235290
1245.098022
1931.372558
2215.686279
1833.333374
1117.647094
509.803924
117.647064
-127.450981
-401.960784
-1676.470581
-2186.274658
-2137.254882
-1343.137329
-735.294128
-235.294128
58.823532
735.294128
1431.372558
2019.607910
2205.882324
1637.254882
950.980407
441.176483
-235.294128
-519.607849
-1107.843139
-1843.137329
-2088.235351
-1843.137329
-1264.705932
-117.647064
137.254898
382.352935
833.333374
1431.372558
2009.803955
2117.647216
1490.196166
833.333374
274.509796
-303.921569
-647.058837
-1274.509887
-1941.176513
-2254.902099
-1803.921630
-1078.431396
-29.411766
215.686279
519.607849
1078.431396
1833.333374
2186.274658
1941.176513
578.431396
137.254898
-117.647064
-392.156860
-813.725524
-1539.215698
-2137.254882
-1519.607910
-843.137268
-303.921569
29.411766
254.901962
539.215698
1156.862792
2127.450927
1735.294189
1098.039184
470.588256
88.235298
-166.666671
-392.156860
-1715.686279
-1990.196166
-2000.000000
-1313.725463
-705.882385
-245.098037
49.019607
264.705902
568.627441
1215.686279
2156.862792
1754.901977
1088.235351
29.411766
-205.882354
-460.784332
-1009.803955
-1784.313720
-2205.882324
-2009.803955
-588.235290
-166.666671
117.647064
372.549041
784.313720
1460.784301
2068.627441
1490.196166
803.921569
274.509796
-29.411766
-245.098037
-568.627441
-1137.254882
-2166.666748
-1647.058837
-1088.235351
-480.392150
-117.647064
147.058822
392.156860
1696.078491
2049.019531
1950.980468
1333.333374
696.078430
205.882354
-49.019607
-696.078430
-1392.156860
-2068.627441
-2225.490234
-1539.215698
-941.176513
-382.352935
215.686279
549.019592
1166.666748
1725.490234
2049.019531
1843.137329
1235.294189
568.627441
137.254898
-127.450981
-872.549011
-1529.411743
-2029.411743
-1362.745117
-696.078430
-215.686279
49.019607
284.313720
637.254943
1313.725463
2225.490234
1764.705932
1088.235351
421.568634
68.627449
-176.470596
-431.372558
-960.784301
-1647.058837
-2166.666748
-2205.882324
-715.686279
-225.490203
58.823532
284.313720
637.254943
1225.490234
1872.549072
2166.666748
1754.901977
1098.039184
470.588256
78.431373
-156.862747
-411.764709
-862.745117
-1558.823608
-2117.647216
-2196.078369
-725.490234
-235.294128
68.627449
284.313720
598.039245
1225.490234
1774.509887
1617.647094
901.960815
382.352935
68.627449
-186.274520
-441.176483
-970.588256
-2098.039306
-2029.411743
-1441.176513
-696.078430
-215.686279
58.823532
323.529418
1382.353027
1980.392211
2156.862792
1607.843139
980.392150
362.745117
9.803922
-549.019592
-1166.666748
-1823.529418
-2058.823486
-1843.137329
-1264.705932
-588.235290
147.058822
382.352935
852.941162
1480.392211
2078.431396
2166.666748
1500.000000
813.725524
303.921569
0.000000
-578.431396
-1166.666748
-1696.078491
-2137.254882
-1882.353027
-1264.705932
-578.431396
-137.254898
127.450981
382.352935
803.921569
1539.215698
2107.843261
2225.490234
1519.607910
813.725524
352.941192
39.215686
-225.490203
-500.000000
-960.784301
-1637.254882
-1901.960815
-1235.294189
-588.235290
-156.862747
88.235298
362.745117
754.901977
1441.176513
1990.196166
2039.215698
1568.627441
950.980407
372.549041
68.627449
-500.000000
-980.392150
-1598.039184
-2088.235351
-2009.803955
-1411.764770
-715.686279
107.843139
372.549041
774.509826
1411.764770
2009.803955
2166.666748
1617.647094
284.313720
-9.803922
-254.901962
-558.823547
-1166.666748
-1794.117675
-2098.039306
-1088.235351
-480.392150
-107.843139
147.058822
382.352935
833.333374
1490.196166
1980.392211
2078.431396
1490.196166
215.686279
-58.823532
-303.921569
-617.647094
-1284.313720
-1843.137329
-2176.470703
-950.980407
-392.156860
-49.019607
166.666671
450.980407
990.196105
1666.666748
2029.411743
1392.156860
686.274536
196.078430
-88.235298
-313.725494
-647.058837
-1901.960815
-2127.450927
-1607.843139
-990.196105
-382.352935
-39.215686
186.274520
1147.058837
1686.274536
2078.431396
1852.941162
1235.294189
568.627441
137.254898
-107.843139
-372.549041
-764.705871
-1990.196166
-2117.647216
-1509.803955
-215.686279
49.019607
294.117645
617.647094
1323.529418
1872.549072
2058.823486
990.196105
450.980407
68.627449
-176.470596
-421.568634
-901.960815
-1549.019653
-2137.254882
-2186.274658
-1500.000000
-833.333374
-284.313720
-9.803922
225.490203
1323.529418
1911.764770
2205.882324
1705.882324
1049.019653
460.784332
78.431373
-470.588256
-1019.607849
-1764.705932
-2039.215698
-2019.607910
-1382.353027
-725.490234
88.235298
343.137268
745.098083
1460.784301
1990.196166
2058.823486
1519.607910
313.725494
-9.803922
-225.490203
-500.000000
-1029.411743
-1647.058837
-2117.647216
-2019.607910
-1401.960815
-676.470581
117.647064
352.941192
774.509826
1421.568603
1980.392211
2166.666748
1627.451049
264.705902
-39.215686
-254.901962
-549.019592
-1137.254882
-1784.313720
-2176.470703
-1098.039184
-470.588256
-107.843139
156.862747
411.764709
892.156860
1539.215698
1970.588256
1343.137329
676.470581
196.078430
-68.627449
-313.725494
-656.862731
-1333.333374
-1813.725463
-2156.862792
-950.980407
-372.549041
-58.823532
166.666671
460.784332
1019.607849
1696.078491
2019.607910
1294.117675
598.039245
166.666671
-98.039215
-343.137268
-715.686279
-2019.607910
-2186.274658
-1627.451049
-1000.000000
-382.352935
-49.019607
176.470596
431.372558
970.588256
1696.078491
2088.235351
1950.980468
1333.333374
666.666687
196.078430
-58.823532
-303.921569
-676.470581
-1343.137329
-1794.117675
-2166.666748
-1764.705932
-362.745117
-49.019607
186.274520
441.176483
1009.803955
1588.235351
2068.627441
1186.274536
549.019592
137.254898
-107.843139
-362.745117
-754.901977
-1411.764770
-2117.647216
-1441.176513
-833.333374
-294.117645
19.607843
235.294128
549.019592
1901.960815
2225.490234
1852.941162
1137.254882
460.784332
117.647064
-117.647064
-980.392150
-1686.274536
-2186.274658
-2019.607910
-1333.333374
-715.686279
98.039215
343.137268
754.901977
1450.980468
2029.411743
2166.666748
1568.627441
352.941192
9.803922
-196.078430
-480.392150
-990.196105
-1617.647094
-2117.647216
-1235.294189
-588.235290
-156.862747
107.843139
352.941192
725.490234
1352.941162
2058.823486
1411.764770
823.529418
294.117645
-9.803922
-225.490203
-500.000000
-1843.137329
-2049.019531
-1823.529418
-1254.901977
-588.235290
-156.862747
98.039215
862.745117
1558.823608
2029.411743
2000.000000
1578.431396
872.549011
343.137268
-294.117645
-647.058837
-1254.901977
-1941.176513
-2215.686279
-1666.666748
-1088.235351
-39.215686
176.470596
470.588256
1019.607849
1676.470581
2029.411743
1950.980468
568.627441
147.058822
-98.039215
-343.137268
-735.294128
-1460.784301
-2058.823486
-1607.843139
-901.960815
-362.745117
-29.411766
225.490203
500.000000
990.196105
2196.078369
2019.607910
1333.333374
598.039245
176.470596
-107.843139
-343.137268
-764.705871
-1480.392211
-2019.607910
-1558.823608
-823.529418
-323.529418
-29.411766
215.686279
519.607849
1088.235351
2166.666748
1843.137329
1225.490234
558.823547
117.647064
-137.254898
-401.960784
-1627.451049
-2166.666748
-2196.078369
-1450.980468
-715.686279
-264.705902
39.215686
666.666687
1372.549072
1980.392211
2235.294189
1754.901977
1068.627441
431.372558
68.627449
-186.274520
-441.176483
-1725.490234
-2166.666748
-2049.019531
-1352.941162
-607.843139
-166.666671
88.235298
813.725524
1509.803955
2078.431396
2225.490234
1617.647094
950.980407
352.941192
-274.509796
-578.431396
-1245.098022
-1931.372558
-2264.705810
-1872.549072
-1127.451049
-68.627449
176.470596
421.568634
960.784301
1598.039184
2088.235351
2147.058837
1490.196166
823.529418
264.705902
-333.333343
-666.666687
-1401.960815
-2000.000000
-2147.058837
-1745.098022
-1098.039184
-29.411766
196.078430
490.196075
960.784301
1627.451049
1980.392211
2000.000000
686.274536
196.078430
-78.431373
-343.137268
-676.470581
-1323.529418
-1990.196166
-1627.451049
-980.392150
-382.352935
-39.215686
205.882354
460.784332
950.980407
1588.235351
2029.411743
2000.000000
656.862731
196.078430
-98.039215
-323.529418
-666.666687
-1362.745117
-2039.215698
-1647.058837
-970.588256
-392.156860
-39.215686
186.274520
470.588256
1000.000000
2215.686279
1960.784301
1284.313720
617.647094
176.470596
-107.843139
-362.745117
-774.509826
-1480.392211
-2009.803955
-2068.627441
-833.333374
-323.529418
-9.803922
215.686279
490.196075
1039.215698
1794.117675
2166.666748
2049.019531
1382.353027
666.666687
176.470596
-88.235298
-313.725494
-676.470581
-1352.941162
-2019.607910
-2264.705810
-970.588256
-382.352935
-49.019607
186.274520
450.980407
990.196105
1705.882324
2009.803955
1303.921630
607.843139
176.470596
-107.843139
-352.941192
-784.313720
-1509.803955
-2009.803955
-2058.823486
-823.529418
-323.529418
0.000000
196.078430
470.588256
1039.215698
1676.470581
1970.588256
1254.901977
578.431396
156.862747
-98.039215
-323.529418
-725.490234
-2058.823486
-2225.490234
-1617.647094
-941.176513
-372.549041
-9.803922
196.078430
1088.235351
1715.686279
2098.039306
1803.921630
1215.686279
578.431396
137.254898
-421.568634
-901.960815
-1490.196166
-2098.039306
-2137.254882
-1500.000000
-833.333374
58.823532
294.117645
627.450988
1303.921630
1941.176513
2088.235351
1676.470581
372.549041
58.823532
-176.470596
-450.980407
-950.980407
-1627.451049
-2147.058837
-1401.960815
-715.686279
-215.686279
88.235298
303.921569
627.450988
1235.294189
2117.647216
1519.607910
921.568664
352.941192
68.627449
-186.274520
-460.784332
-1784.313720
-2205.882324
-2009.803955
-1225.490234
-588.235290
-147.058822
78.431373
343.137268
745.098083
1431.372558
2235.294189
1607.843139
941.176513
352.941192
19.607843
-205.882354
-490.196075
-1049.019653
-1784.313720
-2196.078369
-2049.019531
-1323.529418
-588.235290
-186.274520
68.627449
813.725524
1509.803955
2098.039306
2225.490234
1627.451049
931.372558
343.137268
9.803922
-205.882354
-480.392150
-1029.411743
-2117.647216
-1784.313720
-1235.294189
-578.431396
-166.666671
98.039215
862.745117
1568.627441
2029.411743
2029.411743
1431.372558
813.725524
274.509796
-303.921569
-637.254943
-1274.509887
-1823.529418
-2176.470703
-1784.313720
-1098.039184
-441.176483
-88.235298
156.862747
411.764709
911.764709
1568.627441
2088.235351
1372.549072
666.666687
196.078430
-78.431373
-313.725494
-666.666687
-1274.509887
-2186.274658
-1549.019653
-950.980407
-392.156860
-58.823532
156.862747
441.176483
1764.705932
2166.666748
2019.607910
1343.137329
627.450988
186.274520
-78.431373
-323.529418
-686.274536
-1401.960815
-2205.882324
-1656.862792
-960.784301
-392.156860
-29.411766
196.078430
470.588256
1676.470581
2068.627441
1852.941162
1225.490234
568.627441
137.254898
-107.843139
-852.941162
-1490.196166
-2088.235351
-2156.862792
-1519.607910
-843.137268
-284.313720
333.333343
696.078430
1382.353027
2000.000000
2137.254882
1745.098022
1078.431396
39.215686
-186.274520
-441.176483
-960.784301
-1598.039184
-2068.627441
-2019.607910
-588.235290
-147.058822
98.039215
333.333343
754.901977
1450.980468
2000.000000
2166.666748
1774.509887
1088.235351
0.000000
-186.274520
-421.568634
-950.980407
-2088.235351
-2049.019531
-1421.568603
-696.078430
-225.490203
68.627449
294.117645
617.647094
1205.882324
1892.156860
1588.235351
970.588256
382.352935
58.823532
-196.078430
-470.588256
-1009.803955
-2205.882324
-2000.000000
-1421.568603
-725.490234
-205.882354
78.431373
303.921569
1333.333374
1980.392211
2186.274658
1647.058837
960.784301
372.549041
29.411766
-558.823547
-1156.862792
-1696.078491
-2137.254882
-1892.156860
-1294.117675
-588.235290
147.058822
401.960784
872.549011
1539.215698
2078.431396
2166.666748
1509.803955
852.941162
284.313720
-19.607843
-264.705902
-539.215698
-1176.470581
-1852.941162
-2235.294189
-1862.745117
-1078.431396
-490.196075
186.274520
431.372558
980.392150
1715.686279
2117.647216
1980.392211
1352.941162
137.254898
-98.039215
-362.745117
-764.705871
-1450.980468
-2009.803955
-2049.019531
-862.745117
-352.941192
-19.607843
205.882354
519.607849
1088.235351
1823.529418
2176.470703
1970.588256
1254.901977
147.058822
-127.450981
-401.960784
-823.529418
-1519.607910
-2117.647216
-2186.274658
-823.529418
-294.117645
9.803922
235.294128
509.803924
1049.019653
1754.901977
1725.490234
1098.039184
470.588256
78.431373
-127.450981
-411.764709
-892.156860
-1588.235351
-1990.196166
-2107.843261
-754.901977
-245.098037
29.411766
274.509796
588.235290
1225.490234
1892.156860
1784.313720
1117.647094
480.392150
78.431373
-156.862747
-401.960784
-882.352966
-1980.392211
-2049.019531
-1421.568603
-745.098083
-245.098037
39.215686
274.509796
1401.960815
1892.156860
2039.215698
1588.235351
960.784301
392.156860
68.627449
-186.274520
-450.980407
-950.980407
-1647.058837
-2088.235351
-1421.568603
-715.686279
-235.294128
68.627449
303.921569
1401.960815
1990.196166
2186.274658
1676.470581
990.196105
382.352935
39.215686
-568.627441
-1137.254882
-1686.274536
-2166.666748
-1911.764770
-1294.117675
-568.627441
186.274520
421.568634
960.784301
1588.235351
2117.647216
2176.470703
1500.000000
843.137268
303.921569
-19.607843
-245.098037
-1313.725463
-1833.333374
-2127.450927
-1784.313720
-1137.254882
-490.196075
-98.039215
137.254898
382.352935
823.529418
2058.823486
1970.588256
1372.549072
715.686279
245.098037
-49.019607
-274.509796
-1362.745117
-2039.215698
-2196.078369
-1588.235351
-990.196105
-392.156860
-68.627449
539.215698
1117.647094
1833.333374
2078.431396
1803.921630
1245.098022
588.235290
147.058822
-88.235298
-362.745117
-1558.823608
-2117.647216
-2068.627441
-754.901977
-284.313720
9.803922
235.294128
500.000000
1107.843139
1813.725463
2049.019531
1862.745117
1215.686279
588.235290
147.058822
-107.843139
-343.137268
-705.882385
-1401.960815
-1872.549072
-2147.058837
-1656.862792
-313.725494
0.000000
196.078430
441.176483
950.980407
1558.823608
2019.607910
2029.411743
1392.156860
715.686279
-117.647064
-352.941192
-715.686279
-1382.353027
-2049.019531
-2245.098144
-1676.470581
-323.529418
-9.803922
225.490203
480.392150
1058.823608
1676.470581
2049.019531
1078.431396
460.784332
107.843139
-137.254898
-401.960784
-862.745117
-1500.000000
-2186.274658
-1539.215698
-774.509826
-313.725494
9.803922
235.294128
500.000000
1852.941162
2215.686279
1931.372558
1264.705932
578.431396
147.058822
-137.254898
-911.764709
-1598.039184
-2137.254882
-2196.078369
-1450.980468
-735.294128
-274.509796
362.745117
715.686279
1421.568603
1980.392211
2117.647216
1568.627441
980.392150
0.000000
-176.470596
-460.784332
-980.392150
-1676.470581
-2000.000000
-2176.470703
-764.705871
-225.490203
49.019607
284.313720
588.235290
1156.862792
1833.333374
1627.451049
980.392150
382.352935
49.019607
-196.078430
-421.568634
-941.176513
-2127.450927
-2098.039306
-1431.372558
-705.882385
-225.490203
68.627449
284.313720
1352.941162
2000.000000
2049.019531
1617.647094
990.196105
401.960784
68.627449
-156.862747
-441.176483
-970.588256
-2127.450927
-2107.843261
-1441.176513
-686.274536
-205.882354
58.823532
303.921569
1460.784301
2058.823486
2235.294189
1647.058837
970.588256
392.156860
58.823532
-500.000000
-1107.843139
-1725.490234
-2000.000000
-2049.019531
-1264.705932
-617.647094
107.843139
372.549041
872.549011
1529.411743
2078.431396
2088.235351
1431.372558
862.745117
323.529418
9.803922
-539.215698
-1147.058837
-1833.333374
-2245.098144
-1852.941162
-1127.451049
-509.803924
176.470596
431.372558
960.784301
1656.862792
2088.235351
1990.196166
1372.549072
186.274520
-98.039215
-343.137268
-725.490234
-1401.960815
-1990.196166
-2039.215698
-872.549011
-333.333343
-29.411766
196.078430
509.803924
1029.411743
1754.901977
1960.784301
1294.117675
627.450988
147.058822
-107.843139
-372.549041
-764.705871
-2049.019531
-2176.470703
-1568.627441
-872.549011
-333.333343
0.000000
196.078430
1156.862792
1872.549072
2225.490234
1931.372558
1254.901977
578.431396
156.862747
-127.450981
-392.156860
-823.529418
-2098.039306
-2205.882324
-1539.215698
-784.313720
58.823532
303.921569
617.647094
1215.686279
1901.960815
2176.470703
1019.607849
392.156860
58.823532
-166.666671
-441.176483
-941.176513
-1598.039184
-1931.372558
-1303.921630
-647.058837
-186.274520
78.431373
323.529418
696.078430
2068.627441
2205.882324
1696.078491
1000.000000
411.764709
49.019607
-156.862747
-1117.647094
-1764.705932
-2019.607910
-1931.372558
-1323.529418
-637.254943
-166.666671
88.235298
303.921569
676.470581
1274.509887
1921.568603
2156.862792
1676.470581
333.333343
9.803922
-215.686279
-500.000000
-1705.882324
-2088.235351
-1941.176513
-1333.333374
-647.058837
-166.666671
401.960784
872.549011
1568.627441
2088.235351
2215.686279
1539.215698
823.529418
-68.627449
-313.725494
-647.058837
-1294.117675
-2000.000000
-2196.078369
-1833.333374
-441.176483
-68.627449
166.666671
411.764709
882.352966
1539.215698
2058.823486
2078.431396
1450.980468
774.509826
235.294128
-39.215686
-274.509796
-578.431396
-2009.803955
-2117.647216
-1656.862792
-1049.019653
-450.980407
-78.431373
156.862747
401.960784
911.764709
1647.058837
2058.823486
2058.823486
1362.745117
735.294128
245.098037
-352.941192
-715.686279
-1372.549072
-1843.137329
-2137.254882
-1676.470581
-1049.019653
-19.607843
215.686279
490.196075
990.196105
1656.862792
2000.000000
2078.431396
647.058837
166.666671
-98.039215
-343.137268
-705.882385
-1343.137329
-2019.607910
-1578.431396
-921.568664
-352.941192
-9.803922
205.882354
480.392150
1039.215698
2166.666748
1754.901977
1127.451049
509.803924
137.254898
-127.450981
-382.352935
-1656.862792
-2078.431396
-2019.607910
-1441.176513
-784.313720
-264.705902
313.725494
647.058837
1264.705932
1813.725463
2117.647216
1686.274536
1029.411743
-19.607843
-254.901962
-509.803924
-1000.000000
-1745.098022
-2039.215698
-1950.980468
-549.019592
-166.666671
98.039215
352.941192
803.921569
1490.196166
2039.215698
1558.823608
843.137268
333.333343
-9.803922
-225.490203
-500.000000
-1098.039184
-2225.490234
-1882.353027
-1156.862792
-549.019592
-156.862747
117.647064
352.941192
1627.451049
1990.196166
2029.411743
1431.372558
784.313720
245.098037
-19.607843
-686.274536
-1382.353027
-1960.784301
-2058.823486
-1686.274536
-1068.627441
-450.980407
215.686279
490.196075
1029.411743
1764.705932
2176.470703
1950.980468
1333.333374
647.058837
176.470596
-88.235298
-333.333343
-676.470581
-1333.333374
-2019.607910
-2245.098144
-1735.294189
-990.196105
-431.372558
254.901962
539.215698
1156.862792
1843.137329
2196.078369
1882.353027
1156.862792
88.235298
-147.058822
-392.156860
-882.352966
-1598.039184
-2147.058837
-2196.078369
-813.725524
-274.509796
49.019607
264.705902
549.019592
1137.254882
1813.725463
1666.666748
1039.215698
441.176483
58.823532
-166.666671
-421.568634
-862.745117
-2137.254882
-1921.568603
-1333.333374
-676.470581
-205.882354
68.627449
294.117645
656.862731
1313.725463
1803.921630
1519.607910
892.156860
382.352935
-264.705902
-558.823547
-1196.078491
-1862.745117
-2039.215698
-1852.941162
-1235.294189
-88.235298
147.058822
401.960784
852.941162
1519.607910
1950.980468
2058.823486
676.470581
245.098037
-49.019607
-294.117645
-627.450988
-1274.509887
-1950.980468
-1754.901977
-1078.431396
-392.156860
-68.627449
176.470596
441.176483
950.980407
2009.803955
1960.784301
1362.745117
656.862731
196.078430
-78.431373
-313.725494
-1490.196166
-1901.960815
-2147.058837
-1617.647094
-950.980407
-362.745117
-49.019607
539.215698
1176.470581
1705.882324
2078.431396
1813.725463
1225.490234
549.019592
127.450981
-107.843139
-372.549041
-784.313720
-1441.176513
-2078.431396
-2245.098144
-1607.843139
-833.333374
-303.921569
0.000000
549.019592
1186.274536
1833.333374
2068.627441
1735.294189
1196.078491
549.019592
156.862747
-117.647064
-362.745117
-774.509826
-2137.254882
-2205.882324
-1431.372558
-823.529418
-294.117645
0.000000
166.666671
431.372558
950.980407
1725.490234
2049.019531
1911.764770
1323.529418
676.470581
205.882354
-78.431373
-313.725494
-696.078430
-2039.215698
-2245.098144
-1666.666748
-911.764709
-401.960784
-78.431373
166.666671
1088.235351
1803.921630
1882.353027
1264.705932
578.431396
127.450981
-421.568634
-911.764709
-1568.627441
-2098.039306
-2166.666748
-1470.588256
-764.705871
78.431373
323.529418
676.470581
1294.117675
1980.392211
2205.882324
1745.098022
1078.431396
450.980407
58.823532
-176.470596
-431.372558
-960.784301
-1656.862792
-2156.862792
-2176.470703
-1450.980468
-725.490234
78.431373
303.921569
666.666687
1313.725463
1960.784301
2196.078369
1764.705932
362.745117
29.411766
-215.686279
-470.588256
-980.392150
-1588.235351
-2117.647216
-1225.490234
-598.039245
-156.862747
107.843139
333.333343
735.294128
1372.549072
2019.607910
1450.980468
794.117675
294.117645
-9.803922
-254.901962
-519.607849
-1088.235351
-1833.333374
-2117.647216
-1166.666748
-480.392150
-117.647064
137.254898
372.549041
872.549011
1568.627441
2147.058837
1519.607910
813.725524
284.313720
-29.411766
-254.901962
-558.823547
-1833.333374
-2196.078369
-1774.509887
-1127.451049
-480.392150
-78.431373
166.666671
1019.607849
1715.686279
2176.470703
2068.627441
1392.156860
676.470581
186.274520
-88.235298
-323.529418
-637.254943
-1911.764770
-2186.274658
-1656.862792
-970.588256
-392.156860
-29.411766
196.078430
1088.235351
1784.313720
2127.450927
1882.353027
1235.294189
588.235290
156.862747
-401.960784
-901.960815
-1578.431396
-2137.254882
-2186.274658
-1431.372558
-735.294128
58.823532
313.725494
676.470581
1343.137329
2029.411743
2254.902099
1774.509887
1107.843139
450.980407
68.627449
-156.862747
-421.568634
-921.568664
-1647.058837
-2147.058837
-2176.470703
-1480.392211
-745.098083
68.627449
313.725494
647.058837
1294.117675
1950.980468
2215.686279
1774.509887
372.549041
19.607843
-196.078430
-460.784332
-980.392150
-1676.470581
-2009.803955
-1225.490234
-607.843139
-176.470596
98.039215
323.529418
715.686279
1392.156860
2215.686279
1656.862792
960.784301
392.156860
39.215686
-196.078430
-431.372558
-921.568664
-1578.431396
-2127.450927
-1284.313720
-617.647094
-176.470596
78.431373
303.921569
686.274536
1313.725463
2205.882324
1539.215698
833.333374
323.529418
29.411766
-215.686279
-490.196075
-1813.725463
-2196.078369
-1931.372558
-1196.078491
-519.607849
-127.450981
107.843139
941.176513
1676.470581
2137.254882
2137.254882
1450.980468
784.313720
284.313720
-323.529418
-696.078430
-1382.353027
-2039.215698
-2117.647216
-1627.451049
-980.392150
-29.411766
205.882354
519.607849
1098.039184
1784.313720
2137.254882
1911.764770
1225.490234
607.843139
186.274520
-382.352935
-852.941162
-1558.823608
-2049.019531
-1509.803955
-774.509826
-264.705902
9.803922
225.490203
529.411804
1058.823608
1705.882324
2117.647216
1882.353027
490.196075
117.647064
-147.058822
-362.745117
-833.333374
-1450.980468
-1990.196166
-1392.156860
-745.098083
-235.294128
49.019607
284.313720
617.647094
1235.294189
2225.490234
1774.509887
1107.843139
441.176483
68.627449
-156.862747
-411.764709
-1647.058837
-2127.450927
-2088.235351
-1431.372558
-666.666687
-235.294128
352.941192
803.921569
1500.000000
1990.196166
2196.078369
1666.666748
960.784301
-19.607843
-235.294128
-500.000000
-1117.647094
-1774.509887
-2039.215698
-1901.960815
-500.000000
-166.666671
107.843139
362.745117
794.117675
1470.588256
2068.627441
1539.215698
882.352966
294.117645
-29.411766
-245.098037
-519.607849
-1068.627441
-1823.529418
-2225.490234
-1911.764770
-1196.078491
-88.235298
147.058822
411.764709
862.745117
1539.215698
2078.431396
2186.274658
1558.823608
843.137268
294.117645
-313.725494
-666.666687
-1352.941162
-2196.078369
-1686.274536
-980.392150
-401.960784
-49.019607
196.078430
450.980407
1774.509887
2107.843261
1852.941162
1235.294189
588.235290
156.862747
-88.235298
-343.137268
-745.098083
-1421.568603
-1980.392211
-2117.647216
-1656.862792
-1000.000000
-401.960784
-58.823532
176.470596
460.784332
990.196105
1705.882324
2078.431396
1970.588256
676.470581
215.686279
-88.235298
-313.725494
-676.470581
-1362.745117
-2029.411743
-1666.666748
-921.568664
-392.156860
-49.019607
186.274520
441.176483
980.392150
2078.431396
1813.725463
1235.294189
578.431396
147.058822
-88.235298
-362.745117
-1568.627441
-2058.823486
-2078.431396
-1529.411743
-882.352966
-313.725494
9.803922
617.647094
1254.901977
1911.764770
2156.862792
1745.098022
1107.843139
480.392150
-186.274520
-470.588256
-1009.803955
-1617.647094
-2039.215698
-2049.019531
-1421.568603
-745.098083
-225.490203
29.411766
686.274536
1333.333374
1911.764770
1431.372558
823.529418
303.921569
19.607843
-225.490203
-509.803924
-1107.843139
-2196.078369
-1931.372558
-1166.666748
-529.411804
-107.843139
117.647064
352.941192
1686.274536
2107.843261
1990.196166
1333.333374
705.882385
215.686279
-58.823532
-745.098083
-1411.764770
-2029.411743
-2068.627441
-1627.451049
-980.392150
-411.764709
-78.431373
156.862747
431.372558
1803.921630
2176.470703
1980.392211
1264.705932
598.039245
186.274520
-78.431373
-803.921569
-1529.411743
-2117.647216
-2215.686279
-1470.588256
-833.333374
-303.921569
274.509796
598.039245
1264.705932
1813.725463
2039.215698
1705.882324
1127.451049
58.823532
-186.274520
-450.980407
-1000.000000
-1715.686279
-2068.627441
-2000.000000
-735.294128
-225.490203
68.627449
284.313720
607.843139
1196.078491
1843.137329
1539.215698
960.784301
421.568634
68.627449
-166.666671
-441.176483
-960.784301
-2107.843261
-2058.823486
-1392.156860
-666.666687
-215.686279
68.627449
323.529418
1382.353027
2019.607910
2225.490234
1676.470581
970.588256
372.549041
29.411766
-205.882354
-470.588256
-980.392150
-2058.823486
-1892.156860
-1264.705932
-607.843139
-176.470596
88.235298
313.725494
1558.823608
2058.823486
2127.450927
852.941162
294.117645
-29.411766
-245.098037
-558.823547
-1186.274536
-1911.764770
-1794.117675
-1098.039184
-431.372558
-107.843139
156.862747
450.980407
941.176513
1656.862792
2156.862792
2166.666748
1431.372558
735.294128
264.705902
-39.215686
-274.509796
-588.235290
-1235.294189
-1931.372558
-2186.274658
-1705.882324
-1137.254882
-500.000000
156.862747
441.176483
960.784301
1637.254882
2147.058837
2186.274658
1509.803955
205.882354
-68.627449
-303.921569
-647.058837
-1274.509887
-1960.784301
-2225.490234
-970.588256
-392.156860
-68.627449
186.274520
431.372558
931.372558
1656.862792
1990.196166
1990.196166
1352.941162
156.862747
-107.843139
-343.137268
-735.294128
-1343.137329
-2000.000000
-2088.235351
-843.137268
-313.725494
-19.607843
215.686279
509.803924
1078.431396
1813.725463
1901.960815
1235.294189
529.411804
127.450981
-137.254898
-372.549041
-852.941162
-2098.039306
-2176.470703
-1539.215698
-833.333374
-284.313720
29.411766
274.509796
588.235290
1205.882324
1882.353027
1745.098022
1117.647094
480.392150
88.235298
-147.058822
-382.352935
-823.529418
-2127.450927
-1990.196166
-1382.353027
-735.294128
-225.490203
58.823532
284.313720
1392.156860
1980.392211
2107.843261
1529.411743
960.784301
421.568634
58.823532
-519.607849
-1098.039184
-1813.725463
-2205.882324
-1862.745117
-1235.294189
-607.843139
-176.470596
98.039215
313.725494
725.490234
1421.568603
1980.392211
2078.431396
1607.843139
960.784301
382.352935
49.019607
-166.666671
-441.176483
-990.196105
-1705.882324
-2088.235351
-1352.941162
-617.647094
-196.078430
58.823532
303.921569
676.470581
1941.176513
2156.862792
1627.451049
960.784301
382.352935
39.215686
-196.078430
-1156.862792
-1754.901977
-2058.823486
-1892.156860
-1303.921630
-607.843139
-156.862747
382.352935
852.941162
1519.607910
2039.215698
2147.058837
1539.215698
852.941162
294.117645
-29.411766
-254.901962
-568.627441
-1186.274536
-1911.764770
-2235.294189
-1852.941162
-1117.647094
-500.000000
-156.862747
441.176483
950.980407
1637.254882
2137.254882
2166.666748
1519.607910
803.921569
284.313720
-29.411766
-264.705902
-588.235290
-1245.098022
-1901.960815
-2235.294189
-1137.254882
-480.392150
-107.843139
147.058822
421.568634
921.568664
1627.451049
2009.803955
1372.549072
715.686279
215.686279
-58.823532
-313.725494
-607.843139
-1196.078491
-1892.156860
-2196.078369
-990.196105
-401.960784
-49.019607
176.470596
460.784332
970.588256
1705.882324
2127.450927
2039.215698
1313.725463
696.078430
264.705902
-49.019607
-264.705902
-598.039245
-1950.980468
-2235.294189
-1803.921630
-1088.235351
-421.568634
-88.235298
176.470596
1058.823608
1754.901977
2196.078369
2049.019531
1362.745117
627.450988
215.686279
-382.352935
-794.117675
-1519.607910
-2117.647216
-2205.882324
-1480.392211
-852.941162
-333.333343
-19.607843
205.882354
1303.921630
1901.960815
2117.647216
1676.470581
1088.235351
480.392150
88.235298
-431.372558
-941.176513
-1705.882324
-2107.843261
-2000.000000
-1519.607910
-803.921569
58.823532
313.725494
637.254943
1274.509887
1941.176513
2205.882324
1803.921630
372.549041
29.411766
-196.078430
-470.588256
-970.588256
-1656.862792
-2039.215698
-2039.215698
-1411.764770
-725.490234
-254.901962
68.627449
264.705902
588.235290
1960.784301
2107.843261
1568.627441
960.784301
392.156860
58.823532
-186.274520
-1039.215698
-1784.313720
-2186.274658
-1852.941162
-1274.509887
-637.254943
127.450981
362.745117
833.333374
1490.196166
1921.568603
2098.039306
1500.000000
294.117645
-39.215686
-264.705902
-558.823547
-1225.490234
-1921.568603
-2186.274658
-1088.235351
-441.176483
-88.235298
166.666671
441.176483
921.568664
1656.862792
2049.019531
1401.960815
705.882385
225.490203
-68.627449
-303.921569
-607.843139
-2000.000000
-2254.902099
-1754.901977
-1009.803955
-431.372558
-68.627449
176.470596
1078.431396
1803.921630
2127.450927
1862.745117
1225.490234
598.039245
186.274520
-382.352935
-862.745117
-1568.627441
-1950.980468
-2127.450927
-1529.411743
-872.549011
29.411766
254.901962
607.843139
1254.901977
1833.333374
2039.215698
1735.294189
1117.647094
470.588256
107.843139
-147.058822
-392.156860
-833.333374
-1509.803955
-2049.019531
-2186.274658
-1549.019653
-813.725524
68.627449
303.921569
617.647094
1245.098022
1901.960815
2156.862792
1774.509887
392.156860
49.019607
-166.666671
-450.980407
-980.392150
-1715.686279
-2088.235351
-1343.137329
-607.843139
-196.078430
68.627449
333.333343
676.470581
1362.745117
2235.294189
1705.882324
970.588256
392.156860
19.607843
-205.882354
-441.176483
-1696.078491
-2098.039306
-1911.764770
-1303.921630
-627.450988
-176.470596
88.235298
313.725494
715.686279
1313.725463
1970.588256
2205.882324
1686.274536
970.588256
372.549041
39.215686
-205.882354
-450.980407
-1813.725463
-2029.411743
-1901.960815
-1303.921630
-627.450988
-196.078430
88.235298
803.921569
1490.196166
1901.960815
2107.843261
1519.607910
852.941162
294.117645
-294.117645
-598.039245
-1196.078491
-1901.960815
-2225.490234
-1813.725463
-1127.451049
-460.784332
-107.843139
147.058822
450.980407
950.980407
1627.451049
2088.235351
2186.274658
1529.411743
813.725524
284.313720
-19.607843
-254.901962
-558.823547
-1186.274536
-1931.372558
-2156.862792
-1696.078491
-421.568634
-98.039215
147.058822
411.764709
872.549011
1568.627441
2098.039306
1372.549072
735.294128
225.490203
-58.823532
-294.117645
-637.254943
-1254.901977
-1794.117675
-2156.862792
-1784.313720
-411.764709
-58.823532
166.666671
441.176483
892.156860
1568.627441
2009.803955
1225.490234
607.843139
196.078430
-88.235298
-313.725494
-666.666687
-1392.156860
-2264.705810
-1686.274536
-892.156860
-382.352935
-49.019607
186.274520
490.196075
1725.490234
2107.843261
1941.176513
1284.313720
607.843139
147.058822
-117.647064
-352.941192
-754.901977
-1421.568603
-2068.627441
-2274.509765
-1686.274536
-833.333374
-343.137268
-29.411766
196.078430
490.196075
1068.627441
1774.509887
2176.470703
2039.215698
607.843139
166.666671
-107.843139
-372.549041
-784.313720
-1470.588256
-2088.235351
-1558.823608
-882.352966
-313.725494
0.000000
205.882354
470.588256
1039.215698
2156.862792
1911.764770
1254.901977
578.431396
156.862747
-117.647064
-352.941192
-1598.039184
-2127.450927
-2215.686279
-1450.980468
-754.901977
-264.705902
19.607843
264.705902
539.215698
1166.666748
1862.745117
2225.490234
1892.156860
1245.098022
558.823547
147.058822
-117.647064
-372.549041
-1627.451049
-2147.058837
-2176.470703
-1480.392211
-764.705871
-254.901962
19.607843
647.058837
1294.117675
1990.196166
2264.705810
1794.117675
1156.862792
480.392150
98.039215
-156.862747
-401.960784
-1637.254882
-2137.254882
-2058.823486
-1431.372558
-705.882385
-245.098037
68.627449
725.490234
1333.333374
1960.784301
2176.470703
1656.862792
980.392150
392.156860
-245.098037
-509.803924
-1049.019653
-1754.901977
-2147.058837
-1941.176513
-1294.117675
-107.843139
137.254898
421.568634
921.568664
1607.843139
2117.647216
2186.274658
735.294128
235.294128
-68.627449
-303.921569
-588.235290
-1196.078491
-1843.137329
-1617.647094
-1000.000000
-421.568634
-68.627449
137.254898
421.568634
931.372558
2088.235351
2049.019531
1411.764770
735.294128
235.294128
-78.431373
-323.529418
-637.254943
-1294.117675
-2000.000000
-2156.862792
-1813.725463
-1166.666748
-490.196075
-98.039215
147.058822
392.156860
852.941162
1558.823608
2068.627441
2176.470703
1558.823608
882.352966
294.117645
-19.607843
-588.235290
-1186.274536
-1911.764770
-2205.882324
-1823.529418
-1137.254882
-450.980407
-98.039215
156.862747
421.568634
901.960815
1607.843139
2088.235351
2176.470703
1558.823608
225.490203
-58.823532
-284.313720
-637.254943
-1235.294189
-1941.176513
-2245.098144
-1774.509887
-1039.215698
-411.764709
205.882354
519.607849
1107.843139
1764.705932
2098.039306
1892.156860
1235.294189
598.039245
166.666671
-98.039215
-343.137268
-1519.607910
-2098.039306
-2166.666748
-1509.803955
-872.549011
-333.333343
284.313720
588.235290
1254.901977
1813.725463
2009.803955
1676.470581
1147.058837
509.803924
117.647064
-137.254898
-362.745117
-1666.666748
-1980.392211
-2068.627441
-1431.372558
-774.509826
-245.098037
39.215686
264.705902
549.019592
1166.666748
