-274.509796
-588.235290
-1235.294189
-1725.490234
-2166.666748
-1862.745117
-1254.901977
-98.039215
166.666671
421.568634
911.764709
1509.803955
2039.215698
2137.254882
1500.000000
803.921569
294.117645
-313.725494
-696.078430
-1343.137329
-1833.333374
-2186.274658
-1764.705932
-1127.451049
-39.215686
205.882354
480.392150
1009.803955
1715.686279
2166.666748
2068.627441
568.627441
147.058822
-127.450981
-372.549041
-764.705871
-1421.568603
-2058.823486
-1549.019653
-892.156860
-313.725494
9.803922
215.686279
529.411804
1137.254882
1705.882324
2107.843261
1921.568603
480.392150
88.235298
-127.450981
-382.352935
-892.156860
-1607.843139
-2049.019531
-1490.196166
-774.509826
-235.294128
29.411766
284.313720
598.039245
1235.294189
2225.490234
1803.921630
1156.862792
509.803924
88.235298
-156.862747
-401.960784
-1637.254882
-2156.862792
-2137.254882
-1431.372558
-676.470581
-245.098037
68.627449
735.294128
1382.353027
2029.411743
2264.705810
1715.686279
1049.019653
401.960784
-254.901962
-549.019592
-1176.470581
-1872.549072
-2245.098144
-1862.745117
-1186.274536
-78.431373
127.450981
421.568634
921.568664
1656.862792
2107.843261
1421.568603
725.490234
245.098037
-68.627449
-284.313720
-607.843139
-1303.921630
-2019.607910
-2294.117675
-1686.274536
-1068.627441
-39.215686
186.274520
500.000000
960.784301
1627.451049
2088.235351
2127.450927
637.254943
205.882354
-78.431373
-313.725494
-686.274536
-1333.333374
-1911.764770
-2225.490234
-1774.509887
-1107.843139
-19.607843
215.686279
480.392150
1019.607849
1745.098022
2117.647216
2029.411743
558.823547
127.450981
-127.450981
-352.941192
-784.313720
-1460.784301
-2068.627441
-1509.803955
-862.745117
-294.117645
29.411766
254.901962
519.607849
1088.235351
1794.117675
2176.470703
1892.156860
470.588256
78.431373
-137.254898
-421.568634
-892.156860
-1598.039184
-1980.392211
-1372.549072
-725.490234
-245.098037
49.019607
284.313720
637.254943
1294.117675
2284.313720
1794.117675
1078.431396
431.372558
88.235298
-176.470596
-421.568634
-1725.490234
-2176.470703
-2098.039306
-1421.568603
-696.078430
-225.490203
68.627449
735.294128
1372.549072
1990.196166
2205.882324
1696.078491
1019.607849
372.549041
-274.509796
-568.627441
-1215.686279
-1941.176513
-2225.490234
-1715.686279
-1147.058837
-529.411804
-147.058822
147.058822
941.176513
1637.254882
2019.607910
2000.000000
1529.411743
813.725524
303.921569
-323.529418
-725.490234
-1411.764770
-2029.411743
-2117.647216
-1696.078491
-1039.215698
-411.764709
-49.019607
176.470596
1058.823608
1676.470581
2078.431396
1931.372558
1303.921630
656.862731
156.862747
-382.352935
-784.313720
-1421.568603
-2068.627441
-2186.274658
-1607.843139
-911.764709
29.411766
264.705902
568.627441
1137.254882
1833.333374
2205.882324
1852.941162
401.960784
58.823532
-166.666671
-421.568634
-931.372558
-1549.019653
-2029.411743
-1313.725463
-656.862731
-196.078430
68.627449
294.117645
676.470581
1352.941162
1872.549072
2088.235351
1725.490234
333.333343
19.607843
-215.686279
-490.196075
-1058.823608
-1784.313720
-2019.607910
-1196.078491
-568.627441
-147.058822
401.960784
901.960815
1617.647094
2078.431396
2019.607910
1450.980468
794.117675
-68.627449
-323.529418
-696.078430
-1372.549072
-1892.156860
-2117.647216
-1754.901977
-372.549041
-39.215686
205.882354
480.392150
1029.411743
1735.294189
2019.607910
1274.509887
588.235290
186.274520
-88.235298
-352.941192
-735.294128
-1470.588256
-2039.215698
-2107.843261
-1637.254882
-313.725494
9.803922
215.686279
519.607849
1098.039184
1862.745117
2245.098144
2009.803955
1313.725463
607.843139
196.078430
-98.039215
-343.137268
-725.490234
-1401.960815
-2058.823486
-2186.274658
-1598.039184
-1000.000000
-421.568634
-68.627449
176.470596
1078.431396
1852.941162
2245.098144
1990.196166
1264.705932
607.843139
196.078430
-88.235298
-343.137268
-715.686279
-1411.764770
-2235.294189
-1715.686279
-990.196105
-401.960784
-58.823532
196.078430
480.392150
990.196105
1686.274536
2147.058837
2127.450927
1441.176513
745.098083
215.686279
-78.431373
-294.117645
-627.450988
-1284.313720
-2166.666748
-1735.294189
-1049.019653
-411.764709
-39.215686
186.274520
450.980407
1686.274536
2117.647216
1931.372558
1323.529418
637.254943
186.274520
-107.843139
-833.333374
-1519.607910
-2088.235351
-2235.294189
-1558.823608
-794.117675
-294.117645
313.725494
686.274536
1372.549072
2019.607910
2254.902099
1754.901977
401.960784
39.215686
-186.274520
-450.980407
-921.568664
-1568.627441
-2137.254882
-1352.941162
-705.882385
-215.686279
88.235298
323.529418
666.666687
1294.117675
1931.372558
2156.862792
1745.098022
1078.431396
19.607843
-235.294128
-500.000000
-1078.431396
-1656.862792
-2137.254882
-2019.607910
-568.627441
-137.254898
107.843139
352.941192
764.705871
1352.941162
1990.196166
2166.666748
1598.039184
941.176513
352.941192
9.803922
-176.470596
-519.607849
-1029.411743
-1784.313720
-2049.019531
-2019.607910
-568.627441
-166.666671
117.647064
333.333343
745.098083
1470.588256
1980.392211
1490.196166
803.921569
313.725494
-9.803922
-225.490203
-519.607849
-1049.019653
-2176.470703
-1921.568603
-1284.313720
-568.627441
-156.862747
147.058822
382.352935
1598.039184
2147.058837
2176.470703
1529.411743
852.941162
294.117645
-39.215686
-666.666687
-1323.529418
-1980.392211
-2284.313720
-1725.490234
-960.784301
-39.215686
205.882354
500.000000
970.588256
1676.470581
2029.411743
2029.411743
1382.353027
725.490234
225.490203
-68.627449
-754.901977
-1450.980468
-2000.000000
-2284.313720
-1794.117675
-1000.000000
-480.392150
215.686279
490.196075
1058.823608
1803.921630
2225.490234
2117.647216
1382.353027
156.862747
-137.254898
-382.352935
-833.333374
-1549.019653
-2127.450927
-2127.450927
-813.725524
-284.313720
0.000000
215.686279
549.019592
1137.254882
1813.725463
2049.019531
1872.549072
1254.901977
598.039245
176.470596
-88.235298
-343.137268
-725.490234
-1401.960815
-1990.196166
-2137.254882
-892.156860
-352.941192
-9.803922
196.078430
460.784332
1000.000000
1578.431396
1901.960815
1294.117675
617.647094
186.274520
-58.823532
-323.529418
-725.490234
-2078.431396
-2245.098144
-1588.235351
-892.156860
-343.137268
-39.215686
196.078430
500.000000
911.764709
1549.019653
2019.607910
2078.431396
1460.784301
764.705871
-78.431373
-303.921569
-676.470581
-1323.529418
-1941.176513
-2215.686279
-1764.705932
-352.941192
-19.607843
205.882354
490.196075
1039.215698
1754.901977
2147.058837
1186.274536
539.215698
127.450981
-147.058822
-382.352935
-774.509826
-1450.980468
-2068.627441
-1450.980468
-823.529418
-294.117645
29.411766
245.098037
568.627441
1931.372558
2235.294189
1803.921630
1098.039184
460.784332
88.235298
-147.058822
-980.392150
-1696.078491
-2225.490234
-2205.882324
-1382.353027
-705.882385
78.431373
313.725494
705.882385
1411.764770
2009.803955
2274.509765
1774.509887
1088.235351
392.156860
58.823532
-186.274520
-1068.627441
-1833.333374
-2225.490234
-1911.764770
-1235.294189
-598.039245
-166.666671
372.549041
872.549011
1598.039184
2068.627441
2049.019531
1450.980468
235.294128
-29.411766
-313.725494
-666.666687
-1323.529418
-1833.333374
-2196.078369
-990.196105
-392.156860
-68.627449
176.470596
450.980407
960.784301
1617.647094
2166.666748
2205.882324
1519.607910
882.352966
-68.627449
-323.529418
-666.666687
-1352.941162
-2039.215698
-2215.686279
-1607.843139
-323.529418
0.000000
147.058822
441.176483
980.392150
1725.490234
2176.470703
2156.862792
1392.156860
735.294128
245.098037
-39.215686
-274.509796
-588.235290
-1225.490234
-1970.588256
-2186.274658
-1715.686279
-1156.862792
-539.215698
-117.647064
137.254898
382.352935
813.725524
1460.784301
2000.000000
1490.196166
803.921569
313.725494
-29.411766
-254.901962
-539.215698
-1911.764770
-2235.294189
-1872.549072
-1156.862792
-450.980407
-98.039215
147.058822
1000.000000
1549.019653
2078.431396
2107.843261
1450.980468
774.509826
245.098037
-323.529418
-686.274536
-1313.725463
-2000.000000
-2117.647216
-1745.098022
-1068.627441
-421.568634
-68.627449
176.470596
1019.607849
1754.901977
2166.666748
2000.000000
1313.725463
647.058837
205.882354
-372.549041
-813.725524
-1529.411743
-1960.784301
-2117.647216
-1617.647094
-960.784301
39.215686
254.901962
568.627441
1215.686279
1803.921630
2058.823486
1803.921630
480.392150
107.843139
-137.254898
-421.568634
-941.176513
-1647.058837
-2019.607910
-1333.333374
-696.078430
-215.686279
49.019607
294.117645
637.254943
1313.725463
1941.176513
2147.058837
1715.686279
1078.431396
460.784332
78.431373
-156.862747
-421.568634
-921.568664
-1598.039184
-1990.196166
-1352.941162
-725.490234
-205.882354
58.823532
274.509796
637.254943
1313.725463
1911.764770
2127.450927
1715.686279
1088.235351
470.588256
78.431373
-166.666671
-411.764709
-882.352966
-1568.627441
-2009.803955
-2156.862792
-1549.019653
-872.549011
-294.117645
303.921569
647.058837
1284.313720
1970.588256
2215.686279
1813.725463
1147.058837
29.411766
-225.490203
-470.588256
-1029.411743
-1813.725463
-2225.490234
-1921.568603
-578.431396
-166.666671
107.843139
382.352935
813.725524
1558.823608
2117.647216
2254.902099
1637.254882
941.176513
392.156860
39.215686
-196.078430
-470.588256
-970.588256
-1676.470581
-2156.862792
-2166.666748
-647.058837
-176.470596
78.431373
323.529418
666.666687
1274.509887
1950.980468
1509.803955
882.352966
323.529418
9.803922
-186.274520
-460.784332
-1029.411743
-2196.078369
-1990.196166
-1313.725463
-558.823547
-166.666671
107.843139
372.549041
1617.647094
2166.666748
2225.490234
1549.019653
823.529418
323.529418
-19.607843
-617.647094
-1274.509887
-1960.784301
-2274.509765
-1813.725463
-1078.431396
-441.176483
196.078430
490.196075
1039.215698
1637.254882
2068.627441
1990.196166
539.215698
127.450981
-117.647064
-372.549041
-813.725524
-1460.784301
-1960.784301
-1450.980468
-813.725524
-294.117645
9.803922
245.098037
519.607849
1107.843139
2176.470703
1882.353027
1245.098022
578.431396
137.254898
-127.450981
-382.352935
-1598.039184
-2127.450927
-2196.078369
-1519.607910
-794.117675
-274.509796
19.607843
656.862731
1343.137329
2039.215698
2254.902099
1764.705932
1117.647094
470.588256
-245.098037
-490.196075
-1098.039184
-1852.941162
-2166.666748
-1833.333374
-1264.705932
-607.843139
-176.470596
98.039215
843.137268
1549.019653
2049.019531
2117.647216
1480.392211
833.333374
294.117645
-303.921569
-617.647094
-1274.509887
-1813.725463
-2186.274658
-1803.921630
-1166.666748
-29.411766
196.078430
450.980407
931.372558
1558.823608
2019.607910
2049.019531
1401.960815
764.705871
215.686279
-333.333343
-725.490234
-1313.725463
-1980.392211
-2254.902099
-1735.294189
-1019.607849
9.803922
225.490203
500.000000
1078.431396
1784.313720
2186.274658
1950.980468
588.235290
147.058822
-127.450981
-362.745117
-784.313720
-1480.392211
-2098.039306
-1627.451049
-862.745117
-294.117645
0.000000
205.882354
509.803924
1088.235351
1745.098022
2127.450927
1950.980468
598.039245
166.666671
-117.647064
-362.745117
-813.725524
-1529.411743
-2029.411743
-1480.392211
-803.921569
-264.705902
19.607843
254.901962
539.215698
1176.470581
2205.882324
1862.745117
1205.882324
539.215698
98.039215
-127.450981
-382.352935
-1607.843139
-2156.862792
-2166.666748
-1480.392211
-754.901977
-254.901962
39.215686
705.882385
1401.960815
2049.019531
2274.509765
1784.313720
1078.431396
431.372558
49.019607
-186.274520
-450.980407
-1647.058837
-2137.254882
-2068.627441
-1431.372558
-696.078430
-225.490203
68.627449
745.098083
1352.941162
1941.176513
2166.666748
1656.862792
980.392150
362.745117
-284.313720
-578.431396
-1176.470581
-1892.156860
-2264.705810
-1941.176513
-1176.470581
-88.235298
156.862747
421.568634
960.784301
1637.254882
2166.666748
2196.078369
735.294128
225.490203
-49.019607
-294.117645
-607.843139
-1196.078491
-1911.764770
-1705.882324
-1019.607849
-392.156860
-39.215686
196.078430
441.176483
931.372558
2127.450927
1882.353027
1284.313720
617.647094
196.078430
-68.627449
-303.921569
-1509.803955
-2127.450927
-2225.490234
-1509.803955
-911.764709
-333.333343
-29.411766
186.274520
500.000000
960.784301
1637.254882
2098.039306
2117.647216
1460.784301
784.313720
245.098037
-58.823532
-284.313720
-1352.941162
-1931.372558
-2215.686279
-1784.313720
-1078.431396
-382.352935
-39.215686
558.823547
1176.470581
1931.372558
2225.490234
1941.176513
1215.686279
549.019592
-147.058822
-441.176483
-941.176513
-1637.254882
-2029.411743
-2078.431396
-1480.392211
-833.333374
-284.313720
49.019607
627.450988
1294.117675
1794.117675
2176.470703
1735.294189
1117.647094
441.176483
-235.294128
-490.196075
-1039.215698
-1862.745117
-2245.098144
-2009.803955
-1235.294189
-598.039245
-156.862747
88.235298
852.941162
1578.431396
2107.843261
2215.686279
1539.215698
833.333374
313.725494
29.411766
-225.490203
-558.823547
-1147.058837
-1852.941162
-2049.019531
-1921.568603
-1294.117675
-107.843139
137.254898
382.352935
852.941162
1539.215698
2088.235351
2196.078369
735.294128
215.686279
-68.627449
-274.509796
-637.254943
-1245.098022
-1813.725463
-1666.666748
-1029.411743
-401.960784
-68.627449
166.666671
431.372558
950.980407
2186.274658
1941.176513
1254.901977
627.450988
186.274520
-98.039215
-352.941192
-1500.000000
-1990.196166
-2235.294189
-1705.882324
-931.372558
-382.352935
-39.215686
558.823547
1176.470581
1882.353027
2254.902099
1970.588256
1225.490234
98.039215
-147.058822
-392.156860
-843.137268
-1578.431396
-2156.862792
-2186.274658
-794.117675
-264.705902
39.215686
294.117645
607.843139
1303.921630
1941.176513
2235.294189
1872.549072
1176.470581
490.196075
117.647064
-156.862747
-431.372558
-911.764709
-1647.058837
-2117.647216
-2019.607910
-1470.588256
-833.333374
-284.313720
19.607843
647.058837
1343.137329
1813.725463
2098.039306
1686.274536
1078.431396
450.980407
-196.078430
-470.588256
-980.392150
-1656.862792
-2078.431396
-2029.411743
-1401.960815
-147.058822
107.843139
352.941192
803.921569
1519.607910
2049.019531
2215.686279
833.333374
284.313720
-9.803922
-254.901962
-568.627441
-1205.882324
-1735.294189
-2166.666748
-1931.372558
-1313.725463
-598.039245
-147.058822
117.647064
372.549041
784.313720
1490.196166
2068.627441
2215.686279
872.549011
294.117645
-9.803922
-235.294128
-539.215698
-1156.862792
-1656.862792
-2176.470703
-1960.784301
-1313.725463
-107.843139
147.058822
392.156860
852.941162
1578.431396
2117.647216
2215.686279
754.901977
245.098037
-39.215686
-284.313720
-617.647094
-1274.509887
-1794.117675
-1617.647094
-1029.411743
-441.176483
-78.431373
176.470596
421.568634
882.352966
2235.294189
2029.411743
1274.509887
637.254943
215.686279
-78.431373
-333.333343
-1480.392211
-2107.843261
-2156.862792
-1558.823608
-921.568664
-343.137268
-29.411766
588.235290
1235.294189
1852.941162
2049.019531
1803.921630
1196.078491
529.411804
-156.862747
-421.568634
-872.549011
-1529.411743
-2117.647216
-2166.666748
-1519.607910
-205.882354
88.235298
303.921569
666.666687
1294.117675
1921.568603
2166.666748
1745.098022
1107.843139
441.176483
-235.294128
-529.411804
-1127.451049
-2186.274658
-1911.764770
-1245.098022
-558.823547
-137.254898
117.647064
411.764709
1666.666748
2186.274658
2176.470703
1500.000000
813.725524
274.509796
-49.019607
-676.470581
-1333.333374
-1823.529418
-2166.666748
-1784.313720
-1127.451049
-500.000000
176.470596
441.176483
941.176513
1627.451049
2049.019531
2000.000000
1460.784301
764.705871
294.117645
-19.607843
-274.509796
-578.431396
-1225.490234
-1960.784301
-1813.725463
-1058.823608
-421.568634
-78.431373
156.862747
421.568634
980.392150
2166.666748
2127.450927
1441.176513
735.294128
225.490203
-68.627449
-323.529418
-1333.333374
-1970.588256
-2225.490234
-1725.490234
-1009.803955
-352.941192
-49.019607
196.078430
470.588256
1009.803955
2137.254882
1980.392211
1343.137329
637.254943
156.862747
-107.843139
-362.745117
-1588.235351
-2186.274658
-2205.882324
-1372.549072
-784.313720
-254.901962
0.000000
558.823547
1176.470581
1735.294189
2088.235351
1813.725463
1205.882324
549.019592
-176.470596
-441.176483
-931.372558
-1588.235351
-2137.254882
-2156.862792
-1509.803955
-745.098083
-274.509796
39.215686
696.078430
1313.725463
1950.980468
2205.882324
1725.490234
1088.235351
441.176483
-245.098037
-539.215698
-1156.862792
-1911.764770
-2098.039306
-1823.529418
-1274.509887
-598.039245
-156.862747
88.235298
352.941192
696.078430
1421.568603
1990.196166
2068.627441
1588.235351
990.196105
362.745117
-264.705902
-568.627441
-1147.058837
-1705.882324
-2176.470703
-1911.764770
-1303.921630
-107.843139
166.666671
421.568634
911.764709
1549.019653
2078.431396
2205.882324
1539.215698
843.137268
303.921569
-323.529418
-676.470581
-1362.745117
-2058.823486
-2205.882324
-1617.647094
-1029.411743
-9.803922
205.882354
509.803924
1058.823608
1833.333374
2186.274658
1941.176513
578.431396
156.862747
-137.254898
-382.352935
-823.529418
-1549.019653
-2068.627441
-1490.196166
-774.509826
-254.901962
19.607843
264.705902
539.215698
1186.274536
2196.078369
1852.941162
1186.274536
509.803924
98.039215
-147.058822
-382.352935
-1607.843139
-2137.254882
-2156.862792
-1490.196166
-715.686279
-254.901962
49.019607
284.313720
627.450988
1274.509887
1901.960815
2235.294189
1862.745117
1196.078491
509.803924
127.450981
-147.058822
-401.960784
-892.156860
-1627.451049
-2166.666748
-2186.274658
-774.509826
-274.509796
49.019607
245.098037
568.627441
1156.862792
1852.941162
2186.274658
1892.156860
1254.901977
568.627441
137.254898
-137.254898
-401.960784
-843.137268
-1568.627441
-2166.666748
-2127.450927
-764.705871
-254.901962
29.411766
274.509796
588.235290
1215.686279
1921.568603
1774.509887
1127.451049
470.588256
68.627449
-166.666671
-401.960784
-892.156860
-2009.803955
-2049.019531
-1411.764770
-745.098083
-235.294128
58.823532
284.313720
1401.960815
1901.960815
2107.843261
1647.058837
1009.803955
392.156860
39.215686
-558.823547
-1147.058837
-1686.274536
-2147.058837
-1950.980468
-1313.725463
-617.647094
-186.274520
98.039215
333.333343
1480.392211
2068.627441
2186.274658
1558.823608
892.156860
294.117645
-9.803922
-225.490203
-539.215698
-1098.039184
-2137.254882
-1764.705932
-1186.274536
-539.215698
-117.647064
127.450981
382.352935
1558.823608
2068.627441
2107.843261
1470.588256
794.117675
245.098037
-29.411766
-686.274536
-1294.117675
-2107.843261
-1607.843139
-941.176513
-343.137268
-29.411766
196.078430
470.588256
1862.745117
2039.215698
1813.725463
1215.686279
549.019592
147.058822
-107.843139
-911.764709
-1607.843139
-1980.392211
-2117.647216
-1519.607910
-852.941162
-284.313720
313.725494
666.666687
1362.745117
2009.803955
2264.705810
1784.313720
1107.843139
9.803922
-205.882354
-1166.666748
-1715.686279
-2156.862792
-1921.568603
-500.000000
-117.647064
117.647064
392.156860
852.941162
1588.235351
2098.039306
2225.490234
1500.000000
1000.000000
372.549041
49.019607
-186.274520
-490.196075
-1029.411743
-1607.843139
-2098.039306
-2078.431396
-627.450988
-176.470596
88.235298
333.333343
735.294128
1431.372558
1892.156860
1607.843139
882.352966
323.529418
29.411766
-205.882354
-480.392150
-1088.235351
-1833.333374
-2029.411743
-1960.784301
-529.411804
-117.647064
117.647064
372.549041
754.901977
1470.588256
1931.372558
1392.156860
754.901977
284.313720
-39.215686
-274.509796
-598.039245
-1215.686279
-2264.705810
-1862.745117
-1117.647094
-460.784332
-78.431373
156.862747
421.568634
1715.686279
2196.078369
2117.647216
1382.353027
666.666687
235.294128
-58.823532
-313.725494
-696.078430
-1362.745117
-1990.196166
-1735.294189
-960.784301
-392.156860
-58.823532
176.470596
460.784332
1794.117675
2186.274658
2039.215698
1372.549072
666.666687
166.666671
-107.843139
-823.529418
-1598.039184
-2137.254882
-2235.294189
-1441.176513
-823.529418
-294.117645
274.509796
627.450988
1323.529418
1803.921630
2098.039306
1735.294189
1107.843139
39.215686
-196.078430
-480.392150
-1049.019653
-1607.843139
-2117.647216
-2068.627441
-607.843139
-166.666671
98.039215
352.941192
715.686279
1343.137329
1941.176513
2147.058837
1647.058837
1000.000000
382.352935
49.019607
-205.882354
-460.784332
-1009.803955
-1705.882324
-2009.803955
-2039.215698
-1450.980468
-754.901977
-235.294128
58.823532
705.882385
1323.529418
1980.392211
2186.274658
1705.882324
1029.411743
382.352935
29.411766
-215.686279
-509.803924
-1784.313720
-2196.078369
-1980.392211
-1294.117675
-539.215698
-137.254898
98.039215
862.745117
1578.431396
2137.254882
2235.294189
1558.823608
852.941162
313.725494
-313.725494
-686.274536
-1401.960815
-2000.000000
-2274.509765
-1843.137329
-1068.627441
-49.019607
196.078430
470.588256
990.196105
1686.274536
2147.058837
2107.843261
1450.980468
774.509826
245.098037
-29.411766
-284.313720
-588.235290
-1245.098022
-1872.549072
-2264.705810
-1901.960815
-1156.862792
-49.019607
186.274520
450.980407
931.372558
1607.843139
2088.235351
2127.450927
676.470581
196.078430
-68.627449
-323.529418
-705.882385
-1343.137329
-1892.156860
-1568.627441
-960.784301
-401.960784
-49.019607
186.274520
480.392150
1049.019653
2245.098144
2000.000000
1392.156860
715.686279
205.882354
-78.431373
-323.529418
-1401.960815
-1990.196166
-2235.294189
-1676.470581
-941.176513
-382.352935
-39.215686
558.823547
1215.686279
1892.156860
2225.490234
1931.372558
1235.294189
58.823532
-156.862747
-441.176483
-941.176513
-1735.294189
-2215.686279
-2117.647216
-676.470581
-225.490203
78.431373
313.725494
656.862731
1323.529418
2000.000000
1578.431396
970.588256
392.156860
49.019607
-166.666671
-441.176483
-960.784301
-2166.666748
-2098.039306
-1441.176513
-745.098083
-245.098037
68.627449
294.117645
637.254943
1274.509887
1921.568603
2196.078369
1000.000000
441.176483
68.627449
-156.862747
-441.176483
-931.372558
-1676.470581
-2117.647216
-1431.372558
-696.078430
-235.294128
49.019607
284.313720
598.039245
1225.490234
1921.568603
2205.882324
1843.137329
1186.274536
490.196075
88.235298
-147.058822
-411.764709
-843.137268
-1549.019653
-2098.039306
-1470.588256
-803.921569
-274.509796
39.215686
254.901962
578.431396
1892.156860
2049.019531
1666.666748
1049.019653
421.568634
58.823532
-186.274520
-450.980407
-931.372558
-1617.647094
-1990.196166
-2107.843261
-1480.392211
-833.333374
-303.921569
39.215686
274.509796
578.431396
1205.882324
1892.156860
2186.274658
1882.353027
450.980407
78.431373
-147.058822
-421.568634
-872.549011
-1549.019653
-2049.019531
-2147.058837
-1529.411743
-862.745117
78.431373
323.529418
627.450988
1215.686279
1901.960815
2156.862792
1735.294189
1107.843139
460.784332
49.019607
-166.666671
-1000.000000
-1754.901977
-2049.019531
-2058.823486
-1401.960815
-715.686279
117.647064
352.941192
715.686279
1352.941162
2000.000000
2088.235351
1637.254882
294.117645
9.803922
-215.686279
-490.196075
-1117.647094
-1843.137329
-2137.254882
-1235.294189
-500.000000
-166.666671
127.450981
362.745117
813.725524
1500.000000
2137.254882
1490.196166
872.549011
333.333343
9.803922
-196.078430
-460.784332
-1715.686279
-2156.862792
-1980.392211
-1323.529418
-578.431396
-137.254898
117.647064
921.568664
1627.451049
2186.274658
2215.686279
1480.392211
774.509826
313.725494
-29.411766
-274.509796
-588.235290
-1225.490234
-1950.980468
-2156.862792
-1794.117675
-431.372558
-78.431373
147.058822
411.764709
941.176513
1686.274536
2156.862792
1421.568603
715.686279
235.294128
-68.627449
-303.921569
-627.450988
-1333.333374
-2235.294189
-1745.098022
-1029.411743
-352.941192
-39.215686
205.882354
490.196075
1823.529418
2196.078369
2019.607910
1352.941162
637.254943
176.470596
-107.843139
-362.745117
-784.313720
-1509.803955
-2264.705810
-1598.039184
-862.745117
-313.725494
-29.411766
225.490203
529.411804
1833.333374
2196.078369
1882.353027
1245.098022
558.823547
137.254898
-147.058822
-931.372558
-1637.254882
-2186.274658
-2205.882324
-1392.156860
-715.686279
-225.490203
352.941192
754.901977
1450.980468
2049.019531
2205.882324
1617.647094
352.941192
9.803922
-235.294128
-1078.431396
-1813.725463
-2225.490234
-1156.862792
-480.392150
-98.039215
137.254898
382.352935
833.333374
1460.784301
1990.196166
1401.960815
735.294128
235.294128
-39.215686
-294.117645
-627.450988
-2049.019531
-2225.490234
-1627.451049
-1019.607849
-401.960784
-78.431373
147.058822
441.176483
980.392150
1696.078491
2166.666748
2196.078369
1441.176513
735.294128
254.901962
-39.215686
-284.313720
-598.039245
-1245.098022
-1921.568603
-2107.843261
-1794.117675
-401.960784
-78.431373
156.862747
421.568634
941.176513
1676.470581
2117.647216
1431.372558
735.294128
225.490203
-78.431373
-303.921569
-637.254943
-1352.941162
-2039.215698
-2166.666748
-1647.058837
-362.745117
-29.411766
196.078430
500.000000
921.568664
1539.215698
2068.627441
2117.647216
1490.196166
774.509826
254.901962
-49.019607
-264.705902
-568.627441
-1137.254882
-1852.941162
-2235.294189
-1892.156860
-1205.882324
-480.392150
-107.843139
137.254898
1058.823608
1725.490234
2098.039306
1990.196166
1303.921630
676.470581
235.294128
-58.823532
-333.333343
-696.078430
-1343.137329
-2294.117675
-1656.862792
-960.784301
-382.352935
-49.019607
186.274520
1088.235351
1823.529418
2225.490234
2019.607910
1333.333374
598.039245
196.078430
-392.156860
-882.352966
-1607.843139
-2156.862792
-2147.058837
-1450.980468
-852.941162
58.823532
284.313720
637.254943
1284.313720
1941.176513
2205.882324
1764.705932
1078.431396
480.392150
117.647064
-500.000000
-892.156860
-1607.843139
-2137.254882
-2205.882324
-1441.176513
-745.098083
68.627449
333.333343
676.470581
1343.137329
2009.803955
2274.509765
1803.921630
392.156860
39.215686
-205.882354
-460.784332
-980.392150
-1598.039184
-2117.647216
-1313.725463
-647.058837
-186.274520
88.235298
313.725494
676.470581
1352.941162
1892.156860
2147.058837
1686.274536
1029.411743
401.960784
29.411766
-176.470596
-1127.451049
-1647.058837
-2127.450927
-1970.588256
-1343.137329
-656.862731
-186.274520
382.352935
852.941162
1568.627441
2127.450927
2225.490234
1617.647094
911.764709
313.725494
0.000000
-196.078430
-460.784332
-1009.803955
-1774.509887
-2225.490234
-2000.000000
-1490.196166
-735.294128
-245.098037
39.215686
294.117645
607.843139
1274.509887
2196.078369
1696.078491
1039.215698
450.980407
68.627449
-176.470596
-421.568634
-1735.294189
-2019.607910
-2029.411743
-1372.549072
-705.882385
-196.078430
78.431373
303.921569
656.862731
1254.901977
2068.627441
1568.627441
960.784301
343.137268
29.411766
-186.274520
-480.392150
-1068.627441
-1637.254882
-2107.843261
-1235.294189
-588.235290
-156.862747
98.039215
882.352966
1617.647094
2117.647216
2088.235351
1441.176513
803.921569
284.313720
-303.921569
-676.470581
-1343.137329
-1833.333374
-2196.078369
-1794.117675
-1147.058837
-39.215686
196.078430
460.784332
960.784301
1549.019653
2078.431396
2039.215698
1392.156860
745.098083
215.686279
-68.627449
-303.921569
-617.647094
-1245.098022
-1813.725463
-2196.078369
-1813.725463
-1156.862792
-29.411766
215.686279
490.196075
1029.411743
1774.509887
2196.078369
2107.843261
617.647094
147.058822
-88.235298
-323.529418
-735.294128
-1352.941162
-2019.607910
-1549.019653
-901.960815
-323.529418
0.000000
176.470596
450.980407
941.176513
2117.647216
1872.549072
1274.509887
617.647094
186.274520
-78.431373
-343.137268
-725.490234
-1421.568603
-1970.588256
-1617.647094
-901.960815
-362.745117
-49.019607
186.274520
460.784332
1039.215698
2215.686279
1960.784301
1343.137329
647.058837
166.666671
-107.843139
-362.745117
-1607.843139
-2186.274658
-2205.882324
-1431.372558
-794.117675
-284.313720
9.803922
598.039245
1225.490234
1892.156860
2264.705810
1872.549072
1205.882324
519.607849
127.450981
-137.254898
-401.960784
-1627.451049
-2156.862792
-2166.666748
-1470.588256
-705.882385
-254.901962
39.215686
705.882385
1392.156860
2000.000000
2117.647216
1705.882324
1058.823608
450.980407
-215.686279
-480.392150
-1000.000000
-1725.490234
-2019.607910
-2019.607910
-1392.156860
-156.862747
107.843139
352.941192
745.098083
1382.353027
1882.353027
2147.058837
784.313720
303.921569
0.000000
-205.882354
-470.588256
-1039.215698
-1656.862792
-1852.941162
-1274.509887
-607.843139
-166.666671
107.843139
362.745117
784.313720
1950.980468
2058.823486
1470.588256
833.333374
284.313720
-9.803922
-245.098037
-1215.686279
-1941.176513
-2264.705810
-1745.098022
-1117.647094
-509.803924
-107.843139
421.568634
950.980407
1686.274536
2000.000000
2176.470703
1480.392211
813.725524
303.921569
-19.607843
-284.313720
-1333.333374
-2009.803955
-2284.313720
-1696.078491
-1009.803955
-401.960784
-58.823532
519.607849
1107.843139
1803.921630
2078.431396
1892.156860
1274.509887
617.647094
176.470596
-107.843139
-352.941192
-725.490234
-1352.941162
-1990.196166
-2225.490234
-1735.294189
-1039.215698
-343.137268
-29.411766
578.431396
1225.490234
1901.960815
2254.902099
1941.176513
1215.686279
529.411804
-166.666671
-450.980407
-960.784301
-1705.882324
-2127.450927
-2049.019531
-1431.372558
-205.882354
58.823532
303.921569
705.882385
1382.353027
2029.411743
2156.862792
1637.254882
1029.411743
411.764709
68.627449
-176.470596
-450.980407
-921.568664
-1676.470581
-2127.450927
-2058.823486
-1450.980468
-205.882354
78.431373
294.117645
686.274536
1372.549072
1990.196166
2137.254882
1049.019653
401.960784
39.215686
-196.078430
-460.784332
-970.588256
-1715.686279
-2039.215698
-1362.745117
-588.235290
-176.470596
88.235298
333.333343
686.274536
1970.588256
2186.274658
1637.254882
960.784301
372.549041
9.803922
-215.686279
-500.000000
-941.176513
-1686.274536
-2176.470703
-1392.156860
-735.294128
-225.490203
78.431373
303.921569
647.058837
1225.490234
1823.529418
2156.862792
1754.901977
1117.647094
470.588256
88.235298
-186.274520
-411.764709
-862.745117
-1519.607910
-2078.431396
-1382.353027
-725.490234
-225.490203
49.019607
294.117645
627.450988
1303.921630
2245.098144
1803.921630
1107.843139
411.764709
98.039215
-156.862747
-421.568634
-1725.490234
-2235.294189
-2098.039306
-1343.137329
-627.450988
-196.078430
78.431373
764.705871
1431.372558
2058.823486
2254.902099
1696.078491
1000.000000
372.549041
39.215686
-176.470596
-460.784332
-950.980407
-1696.078491
-2039.215698
-2078.431396
-1431.372558
-774.509826
-254.901962
39.215686
656.862731
1284.313720
1872.549072
2147.058837
1666.666748
1019.607849
392.156860
58.823532
-176.470596
-441.176483
-901.960815
-2205.882324
-1911.764770
-1323.529418
-666.666687
-215.686279
88.235298
784.313720
1500.000000
2058.823486
2254.902099
1705.882324
990.196105
411.764709
-245.098037
-529.411804
-1137.254882
-1872.549072
-2254.902099
-1892.156860
-1205.882324
-68.627449
137.254898
421.568634
901.960815
1627.451049
2147.058837
2205.882324
1500.000000
960.784301
343.137268
9.803922
-578.431396
-1235.294189
-1774.509887
-2107.843261
-1862.745117
-1284.313720
-578.431396
-147.058822
117.647064
382.352935
833.333374
1549.019653
2137.254882
2245.098144
1607.843139
882.352966
343.137268
0.000000
-539.215698
-1186.274536
-1843.137329
-2058.823486
-1892.156860
-1274.509887
-617.647094
-156.862747
117.647064
352.941192
784.313720
1441.176513
2019.607910
2215.686279
833.333374
284.313720
-29.411766
-656.862731
-1323.529418
-1813.725463
-2196.078369
-1803.921630
-1156.862792
-460.784332
225.490203
490.196075
1098.039184
1794.117675
2254.902099
2078.431396
1303.921630
137.254898
-127.450981
-411.764709
-872.549011
-1568.627441
-2078.431396
-2049.019531
-1519.607910
-901.960815
-303.921569
294.117645
598.039245
1196.078491
1862.745117
2176.470703
1764.705932
1186.274536
39.215686
-186.274520
-431.372558
-950.980407
-1568.627441
-2137.254882
-2156.862792
-647.058837
-186.274520
68.627449
303.921569
676.470581
1362.745117
1843.137329
1490.196166
901.960815
343.137268
19.607843
-215.686279
-490.196075
-1058.823608
-2225.490234
-1950.980468
-1205.882324
-529.411804
-137.254898
117.647064
372.549041
1637.254882
2127.450927
2098.039306
1411.764770
784.313720
294.117645
-19.607843
-647.058837
-1313.725463
-2019.607910
-2205.882324
-1647.058837
-1088.235351
-19.607843
205.882354
500.000000
931.372558
1607.843139
2166.666748
2176.470703
686.274536
215.686279
-98.039215
-313.725494
-666.666687
-1274.509887
-2098.039306
-1558.823608
-970.588256
-372.549041
245.098037
539.215698
1166.666748
1715.686279
2098.039306
1852.941162
1215.686279
578.431396
147.058822
-117.647064
-382.352935
-764.705871
-1372.549072
-2058.823486
-2235.294189
-1666.666748
-941.176513
-362.745117
274.509796
588.235290
1254.901977
1931.372558
2235.294189
1833.333374
1098.039184
490.196075
107.843139
-137.254898
-1009.803955
-1656.862792
-2049.019531
-2058.823486
-1460.784301
-754.901977
-235.294128
343.137268
754.901977
1431.372558
2039.215698
2245.098144
1705.882324
1019.607849
-19.607843
-264.705902
-558.823547
-1205.882324
-1941.176513
-2186.274658
-1715.686279
-441.176483
-88.235298
156.862747
431.372558
950.980407
1607.843139
2137.254882
2215.686279
1500.000000
901.960815
-49.019607
-284.313720
-617.647094
-1254.901977
-1764.705932
-2147.058837
-1843.137329
-441.176483
-98.039215
166.666671
401.960784
882.352966
1617.647094
1980.392211
1303.921630
627.450988
205.882354
-78.431373
-313.725494
-696.078430
-1362.745117
-2274.509765
-1686.274536
-931.372558
-362.745117
-29.411766
186.274520
490.196075
1813.725463
2215.686279
1990.196166
1303.921630
627.450988
186.274520
-98.039215
-764.705871
-1441.176513
-2078.431396
-2274.509765
-1627.451049
-843.137268
-333.333343
0.000000
196.078430
470.588256
1813.725463
2225.490234
2009.803955
1303.921630
617.647094
205.882354
-98.039215
-774.509826
-1470.588256
-2088.235351
-2274.509765
-1647.058837
-882.352966
-323.529418
-19.607843
235.294128
529.411804
1892.156860
2225.490234
1941.176513
1254.901977
558.823547
127.450981
-137.254898
-941.176513
-1676.470581
-2186.274658
-2176.470703
-1401.960815
-735.294128
-245.098037
333.333343
745.098083
1450.980468
2029.411743
2166.666748
1578.431396
990.196105
431.372558
78.431373
-166.666671
-441.176483
-1784.313720
-2245.098144
-2098.039306
-1352.941162
-647.058837
-196.078430
372.549041
833.333374
1558.823608
2088.235351
2196.078369
1509.803955
862.745117
-29.411766
-294.117645
-617.647094
-1235.294189
-1911.764770
-2088.235351
-1803.921630
-441.176483
-88.235298
166.666671
411.764709
950.980407
1666.666748
2107.843261
2049.019531
1392.156860
764.705871
-68.627449
-303.921569
-686.274536
-1382.353027
-1970.588256
-2107.843261
-1715.686279
-362.745117
-49.019607
186.274520
500.000000
950.980407
1578.431396
2107.843261
1333.333374
647.058837
205.882354
-88.235298
-323.529418
-696.078430
-1343.137329
-2117.647216
-1598.039184
-960.784301
-362.745117
-49.019607
186.274520
470.588256
1049.019653
1627.451049
2039.215698
2009.803955
1343.137329
676.470581
215.686279
-352.941192
-715.686279
-1372.549072
-2049.019531
-1509.803955
-852.941162
-294.117645
0.000000
205.882354
470.588256
990.196105
1578.431396
2098.039306
2019.607910
1362.745117
715.686279
215.686279
-78.431373
-294.117645
-647.058837
-1245.098022
-1921.568603
-1656.862792
-1039.215698
-382.352935
-39.215686
205.882354
470.588256
990.196105
1617.647094
2098.039306
2049.019531
617.647094
166.666671
-98.039215
-303.921569
-764.705871
-1421.568603
-1931.372558
-1549.019653
-862.745117
-333.333343
-19.607843
205.882354
509.803924
1098.039184
2245.098144
1941.176513
1284.313720
578.431396
137.254898
-137.254898
-392.156860
-1647.058837
-2186.274658
-2137.254882
-1382.353027
-774.509826
-264.705902
19.607843
254.901962
578.431396
1186.274536
1931.372558
2205.882324
1774.509887
1137.254882
78.431373
-156.862747
-421.568634
-1774.509887
-2186.274658
-2058.823486
-1294.117675
-676.470581
-205.882354
58.823532
803.921569
1500.000000
2009.803955
2254.902099
1784.313720
1088.235351
421.568634
-245.098037
-558.823547
-1166.666748
-1901.960815
-2156.862792
-1823.529418
-1225.490234
-588.235290
-137.254898
127.450981
872.549011
1470.588256
2058.823486
2117.647216
1500.000000
813.725524
284.313720
-303.921569
-696.078430
-1343.137329
-1803.921630
-2166.666748
-1813.725463
-1127.451049
-29.411766
196.078430
490.196075
1000.000000
1656.862792
1990.196166
2019.607910
598.039245
186.274520
-98.039215
-333.333343
-735.294128
-1450.980468
-2049.019531
-2147.058837
-1607.843139
-1019.607849
9.803922
225.490203
490.196075
1039.215698
1843.137329
2196.078369
1970.588256
607.843139
156.862747
-107.843139
-362.745117
-833.333374
-1568.627441
-2019.607910
-1500.000000
-892.156860
-323.529418
-9.803922
225.490203
509.803924
1127.451049
2274.509765
1931.372558
1176.470581
519.607849
137.254898
-117.647064
-392.156860
-1666.666748
-2166.666748
-2049.019531
-1441.176513
-803.921569
-264.705902
19.607843
705.882385
1401.960815
1970.588256
2098.039306
1656.862792
1019.607849
401.960784
-225.490203
-539.215698
-1098.039184
-1696.078491
-2156.862792
-2009.803955
-1362.745117
-137.254898
137.254898
382.352935
852.941162
1578.431396
2127.450927
2245.098144
1607.843139
882.352966
323.529418
-313.725494
-647.058837
-1333.333374
-2254.902099
-1764.705932
-1019.607849
-392.156860
-58.823532
176.470596
460.784332
1813.725463
2235.294189
2039.215698
1303.921630
607.843139
176.470596
-98.039215
-784.313720
-1431.372558
-2078.431396
-2245.098144
-1598.039184
-852.941162
-323.529418
0.000000
176.470596
460.784332
1009.803955
1627.451049
2049.019531
2019.607910
1362.745117
715.686279
186.274520
-68.627449
-313.725494
-617.647094
-1235.294189
-1950.980468
-1637.254882
-1009.803955
-401.960784
-39.215686
176.470596
460.784332
950.980407
2205.882324
1931.372558
1205.882324
588.235290
147.058822
-88.235298
-333.333343
-1549.019653
-2107.843261
-2098.039306
-1529.411743
-901.960815
-313.725494
-19.607843
225.490203
529.411804
1117.647094
1705.882324
2088.235351
1931.372558
1303.921630
607.843139
166.666671
-98.039215
-323.529418
-696.078430
-1343.137329
-1852.941162
-2186.274658
-1715.686279
-1039.215698
-352.941192
264.705902
598.039245
1254.901977
1901.960815
2245.098144
1901.960815
1166.666748
78.431373
-147.058822
-411.764709
-911.764709
-1656.862792
-2196.078369
-2127.450927
-784.313720
-264.705902
58.823532
303.921569
607.843139
1254.901977
1931.372558
1715.686279
1068.627441
431.372558
58.823532
-176.470596
-441.176483
-921.568664
-2098.039306
-1970.588256
-1362.745117
-705.882385
-196.078430
58.823532
303.921569
627.450988
1284.313720
1803.921630
2147.058837
1705.882324
1088.235351
450.980407
88.235298
-156.862747
-411.764709
-872.549011
-2205.882324
-2029.411743
-1372.549072
-696.078430
-225.490203
49.019607
303.921569
637.254943
1294.117675
1941.176513
2137.254882
1696.078491
1068.627441
480.392150
78.431373
-137.254898
-421.568634
-872.549011
-1598.039184
-1990.196166
-2137.254882
-1529.411743
-225.490203
68.627449
303.921569
598.039245
1196.078491
1784.313720
2156.862792
1774.509887
1166.666748
490.196075
-225.490203
-470.588256
-1009.803955
-1754.901977
-2235.294189
-2049.019531
-1245.098022
-627.450988
-176.470596
78.431373
323.529418
686.274536
1392.156860
2029.411743
2196.078369
1607.843139
990.196105
441.176483
68.627449
-176.470596
-441.176483
-970.588256
-2147.058837
-2147.058837
-1450.980468
-764.705871
-254.901962
58.823532
294.117645
1362.745117
2000.000000
2098.039306
1656.862792
1019.607849
411.764709
58.823532
-166.666671
-441.176483
-921.568664
-1578.431396
-1970.588256
-1333.333374
-666.666687
-186.274520
68.627449
303.921569
1490.196166
1960.784301
2068.627441
1519.607910
921.568664
333.333343
19.607843
-568.627441
-1205.882324
-1901.960815
-2117.647216
-1843.137329
-1245.098022
-568.627441
-147.058822
107.843139
372.549041
794.117675
1519.607910
2088.235351
2245.098144
813.725524
303.921569
-29.411766
-264.705902
-549.019592
-1107.843139
-1892.156860
-2225.490234
-1892.156860
-1196.078491
-490.196075
-107.843139
98.039215
372.549041
813.725524
2049.019531
2147.058837
1519.607910
843.137268
284.313720
-29.411766
-245.098037
-1313.725463
-1794.117675
-2166.666748
-1813.725463
-1147.058837
-441.176483
-107.843139
186.274520
431.372558
990.196105
2156.862792
2088.235351
1441.176513
745.098083
225.490203
-68.627449
-274.509796
-627.450988
-1235.294189
-1950.980468
-2225.490234
-1852.941162
-1039.215698
-421.568634
-68.627449
156.862747
441.176483
960.784301
1656.862792
2156.862792
2078.431396
1362.745117
166.666671
-88.235298
-343.137268
-725.490234
-1411.764770
-2019.607910
-2127.450927
-1637.254882
-1058.823608
-441.176483
-68.627449
156.862747
421.568634
911.764709
2205.882324
2009.803955
1274.509887
647.058837
196.078430
-58.823532
-313.725494
-1450.980468
-2078.431396
-2274.509765
-1588.235351
-921.568664
-372.549041
-39.215686
186.274520
480.392150
1039.215698
1764.705932
2117.647216
1950.980468
1303.921630
676.470581
186.274520
-68.627449
-343.137268
-1490.196166
-2029.411743
-2137.254882
-1617.647094
-970.588256
-372.549041
-19.607843
519.607849
1156.862792
1696.078491
2127.450927
1872.549072
1254.901977
578.431396
-176.470596
-411.764709
-872.549011
-1529.411743
-2107.843261
-2196.078369
-1529.411743
-225.490203
78.431373
303.921569
666.666687
1323.529418
2009.803955
2225.490234
1784.313720
1137.254882
460.784332
-225.490203
-519.607849
-1117.647094
-1843.137329
-2078.431396
-1931.372558
-1313.725463
-117.647064
127.450981
392.156860
803.921569
1450.980468
2029.411743
2137.254882
1549.019653
872.549011
303.921569
-19.607843
-235.294128
-509.803924
-1078.431396
-1794.117675
-2215.686279
-1990.196166
-1254.901977
-98.039215
147.058822
421.568634
882.352966
1607.843139
2088.235351
2235.294189
1549.019653
862.745117
313.725494
-19.607843
-254.901962
-539.215698
-1176.470581
-2215.686279
-1852.941162
-1166.666748
-441.176483
-58.823532
147.058822
411.764709
911.764709
1617.647094
2137.254882
1480.392211
803.921569
245.098037
-29.411766
-656.862731
-1313.725463
-1980.392211
-2294.117675
-1745.098022
-362.745117
-19.607843
245.098037
490.196075
1735.294189
2058.823486
1833.333374
1245.098022
549.019592
137.254898
-117.647064
-362.745117
-754.901977
-1431.372558
-2117.647216
-1519.607910
-833.333374
-294.117645
19.607843
245.098037
519.607849
1941.176513
2117.647216
1686.274536
1098.039184
470.588256
78.431373
-137.254898
-1029.411743
-1617.647094
-2078.431396
-2039.215698
-1421.568603
-725.490234
-225.490203
362.745117
774.509826
1441.176513
2019.607910
2225.490234
1686.274536
1009.803955
362.745117
29.411766
-215.686279
-480.392150
-1058.823608
-1794.117675
-2176.470703
-1941.176513
-1303.921630
-656.862731
-176.470596
362.745117
774.509826
1431.372558
2009.803955
2137.254882
1568.627441
901.960815
-58.823532
-264.705902
-588.235290
-1196.078491
-1803.921630
-2166.666748
-1852.941162
-1196.078491
-490.196075
-107.843139
156.862747
421.568634
931.372558
1656.862792
2156.862792
2058.823486
1362.745117
784.313720
-68.627449
-303.921569
-696.078430
-1372.549072
-1931.372558
-2117.647216
-1745.098022
-362.745117
-49.019607
205.882354
480.392150
1019.607849
1725.490234
2107.843261
1333.333374
598.039245
176.470596
-88.235298
-343.137268
-745.098083
-1450.980468
-2049.019531
-2235.294189
-1578.431396
-343.137268
9.803922
215.686279
490.196075
1039.215698
1843.137329
2245.098144
1245.098022
598.039245
147.058822
-107.843139
-392.156860
-803.921569
-1549.019653
-2186.274658
-1558.823608
-882.352966
-303.921569
19.607843
264.705902
568.627441
1764.705932
2127.450927
1784.313720
1156.862792
490.196075
117.647064
-137.254898
-411.764709
-823.529418
-1558.823608
-2078.431396
-1460.784301
-774.509826
-254.901962
39.215686
254.901962
588.235290
1950.980468
2107.843261
1647.058837
1039.215698
392.156860
49.019607
-176.470596
-1049.019653
-1813.725463
-2107.843261
-1941.176513
-1362.745117
-676.470581
-186.274520
362.745117
803.921569
1470.588256
2029.411743
2196.078369
1607.843139
921.568664
-49.019607
-284.313720
-1284.313720
-1931.372558
-2215.686279
-1774.509887
-372.549041
-29.411766
215.686279
490.196075
990.196105
1617.647094
2019.607910
1980.392211
1352.941162
696.078430
196.078430
-78.431373
-313.725494
-647.058837
-1303.921630
-1823.529418
-2147.058837
-1803.921630
-1147.058837
-470.588256
-78.431373
509.803924
1068.627441
1813.725463
2245.098144
2029.411743
1264.705932
607.843139
196.078430
-68.627449
-323.529418
-705.882385
-2029.411743
-2294.117675
-1607.843139
-862.745117
-333.333343
-29.411766
205.882354
529.411804
1107.843139
1803.921630
2137.254882
1921.568603
1245.098022
607.843139
156.862747
-78.431373
-343.137268
-754.901977
-1431.372558
-1901.960815
-2176.470703
-1686.274536
-343.137268
-39.215686
235.294128
480.392150
1068.627441
1676.470581
1735.294189
1166.666748
509.803924
137.254898
-137.254898
-372.549041
-774.509826
-2127.450927
-2029.411743
-1431.372558
-813.725524
-274.509796
19.607843
274.509796
1343.137329
1843.137329
2088.235351
1705.882324
1058.823608
421.568634
68.627449
-147.058822
-431.372558
-882.352966
-1539.215698
-1970.588256
-1343.137329
-686.274536
-215.686279
88.235298
294.117645
1392.156860
1872.549072
2088.235351
1607.843139
941.176513
352.941192
29.411766
-578.431396
-1166.666748
-1774.509887
-2156.862792
-1921.568603
-1284.313720
-568.627441
156.862747
431.372558
980.392150
1666.666748
2166.666748
2196.078369
1500.000000
843.137268
294.117645
-19.607843
-245.098037
-1313.725463
-1813.725463
-2186.274658
-1803.921630
-1156.862792
-460.784332
215.686279
500.000000
931.372558
1588.235351
2088.235351
2078.431396
1411.764770
166.666671
-98.039215
-323.529418
-696.078430
-1333.333374
-1970.588256
-2215.686279
-931.372558
-343.137268
-19.607843
225.490203
470.588256
1049.019653
1627.451049
1764.705932
1147.058837
519.607849
107.843139
-127.450981
-401.960784
-794.117675
-2156.862792
-2029.411743
-1441.176513
-813.725524
-274.509796
19.607843
264.705902
1362.745117
1813.725463
2147.058837
1705.882324
1068.627441
431.372558
68.627449
-500.000000
-1009.803955
-1794.117675
-2098.039306
-1970.588256
-1372.549072
-715.686279
98.039215
343.137268
774.509826
1470.588256
2029.411743
2078.431396
1549.019653
950.980407
372.549041
58.823532
-509.803924
-1117.647094
-1872.549072
-2196.078369
-1813.725463
-1245.098022
-607.843139
147.058822
392.156860
862.745117
1539.215698
1941.176513
2127.450927
1470.588256
843.137268
284.313720
-29.411766
-656.862731
-1303.921630
-1823.529418
-2117.647216
-1019.607849
-421.568634
-58.823532
186.274520
421.568634
921.568664
1607.843139
2000.000000
2186.274658
1431.372558
725.490234
254.901962
-39.215686
-284.313720
-588.235290
-1274.509887
-1931.372558
-2127.450927
-1107.843139
-421.568634
-68.627449
147.058822
431.372558
941.176513
1696.078491
2137.254882
1460.784301
745.098083
235.294128
-58.823532
-294.117645
-617.647094
-1303.921630
-2009.803955
-2274.509765
-1078.431396
-382.352935
-29.411766
205.882354
480.392150
1029.411743
1784.313720
2000.000000
1333.333374
647.058837
176.470596
-88.235298
-333.333343
-676.470581
-2107.843261
-2127.450927
-1578.431396
-950.980407
-372.549041
-29.411766
205.882354
1196.078491
1833.333374
2088.235351
1823.529418
1225.490234
539.215698
147.058822
-117.647064
-372.549041
-725.490234
-1362.745117
-2029.411743
-2254.902099
-1666.666748
-941.176513
-362.745117
-19.607843
568.627441
1225.490234
1921.568603
2205.882324
1901.960815
1245.098022
568.627441
-176.470596
-450.980407
-941.176513
-1686.274536
-2186.274658
-2137.254882
-1352.941162
-186.274520
68.627449
343.137268
725.490234
1421.568603
2068.627441
2205.882324
1578.431396
990.196105
411.764709
-235.294128
-529.411804
-1147.058837
-1794.117675
-2098.039306
-1921.568603
-1313.725463
-637.254943
-176.470596
98.039215
323.529418
715.686279
1333.333374
2009.803955
2225.490234
1696.078491
1019.607849
401.960784
29.411766
-205.882354
-450.980407
-960.784301
-2049.019531
-1931.372558
-1333.333374
-666.666687
-166.666671
88.235298
323.529418
1411.764770
1950.980468
2137.254882
1588.235351
921.568664
323.529418
19.607843
-215.686279
-519.607849
-1098.039184
-2156.862792
-1764.705932
-1225.490234
-568.627441
-137.254898
127.450981
372.549041
1509.803955
2039.215698
2088.235351
1480.392211
813.725524
254.901962
-58.823532
-696.078430
-1333.333374
-1901.960815
-2196.078369
-1754.901977
-1117.647094
-431.372558
-78.431373
166.666671
441.176483
1754.901977
2147.058837
2039.215698
1362.745117
696.078430
196.078430
-88.235298
-333.333343
-686.274536
-1313.725463
-2000.000000
-1588.235351
-990.196105
-392.156860
-29.411766
186.274520
480.392150
1019.607849
2215.686279
2049.019531
1303.921630
617.647094
196.078430
-98.039215
-294.117645
-1460.784301
-2078.431396
-2294.117675
-1598.039184
-852.941162
-323.529418
-29.411766
225.490203
509.803924
1078.431396
2235.294189
1931.372558
1264.705932
78.431373
-156.862747
-411.764709
-901.960815
-1568.627441
-2156.862792
-2196.078369
-764.705871
-245.098037
68.627449
294.117645
617.647094
1186.274536
1901.960815
1686.274536
1049.019653
401.960784
68.627449
-166.666671
-431.372558
-901.960815
-2196.078369
-1941.176513
-1313.725463
-647.058837
-196.078430
78.431373
294.117645
1539.215698
2009.803955
2098.039306
1539.215698
882.352966
343.137268
39.215686
-568.627441
-1176.470581
-1921.568603
-2147.058837
-1784.313720
-1215.686279
-549.019592
176.470596
401.960784
892.156860
1588.235351
1970.588256
2049.019531
1431.372558
205.882354
-88.235298
-323.529418
-696.078430
-1362.745117
-1872.549072
-2107.843261
-1754.901977
-1117.647094
-460.784332
215.686279
509.803924
1058.823608
1813.725463
2205.882324
2039.215698
1343.137329
147.058822
-137.254898
-401.960784
-852.941162
-1598.039184
-2147.058837
-2186.274658
-813.725524
-294.117645
29.411766
274.509796
578.431396
1225.490234
1931.372558
2284.313720
1892.156860
1156.862792
68.627449
-176.470596
-431.372558
-950.980407
-1666.666748
-2205.882324
-2156.862792
-1362.745117
-754.901977
-225.490203
323.529418
715.686279
1431.372558
1892.156860
2058.823486
1627.451049
1000.000000
19.607843
-225.490203
-470.588256
-1029.411743
-1843.137329
-2176.470703
-1862.745117
-529.411804
-137.254898
98.039215
362.745117
784.313720
1490.196166
2098.039306
1568.627441
872.549011
313.725494
0.000000
-196.078430
-470.588256
-1009.803955
-2196.078369
-1970.588256
-1343.137329
-578.431396
-176.470596
88.235298
343.137268
1539.215698
2107.843261
2225.490234
1558.823608
872.549011
323.529418
-9.803922
-598.039245
-1225.490234
-1794.117675
-2205.882324
-1892.156860
-1205.882324
-519.607849
-127.450981
147.058822
411.764709
1696.078491
2156.862792
2137.254882
1490.196166
794.117675
254.901962
-39.215686
-284.313720
-607.843139
-1284.313720
-1970.588256
-1794.117675
-1088.235351
-401.960784
-49.019607
186.274520
441.176483
1764.705932
2186.274658
2058.823486
1372.549072
686.274536
196.078430
-88.235298
-754.901977
-1392.156860
-1950.980468
-2186.274658
-1666.666748
-1000.000000
-392.156860
254.901962
529.411804
1117.647094
1794.117675
2156.862792
1901.960815
1264.705932
78.431373
-156.862747
-401.960784
-862.745117
-1509.803955
-2098.039306
-2196.078369
-764.705871
-254.901962
49.019607
274.509796
637.254943
1294.117675
1823.529418
1686.274536
960.784301
460.784332
78.431373
-166.666671
-441.176483
-931.372558
-1686.274536
-2176.470703
-2137.254882
-735.294128
-245.098037
68.627449
294.117645
637.254943
1284.313720
1970.588256
1666.666748
1009.803955
401.960784
39.215686
-176.470596
-441.176483
-911.764709
-2205.882324
-1892.156860
-1313.725463
-656.862731
-196.078430
78.431373
313.725494
1529.411743
1931.372558
2107.843261
1568.627441
901.960815
313.725494
29.411766
-607.843139
-1264.705932
-1882.353027
-2078.431396
-1843.137329
-1235.294189
-539.215698
186.274520
450.980407
941.176513
1598.039184
2107.843261
2117.647216
1470.588256
784.313720
254.901962
-68.627449
-274.509796
-598.039245
-1186.274536
-1921.568603
-2235.294189
-1852.941162
-1078.431396
-460.784332
186.274520
460.784332
1029.411743
1607.843139
2088.235351
2049.019531
1372.549072
705.882385
205.882354
-78.431373
-323.529418
-647.058837
-1264.705932
-1901.960815
-1617.647094
-980.392150
-382.352935
-58.823532
176.470596
460.784332
1009.803955
2215.686279
1892.156860
1205.882324
558.823547
166.666671
-98.039215
-362.745117
-1598.039184
-2107.843261
-2058.823486
-1500.000000
-892.156860
-343.137268
-29.411766
225.490203
490.196075
1058.823608
1813.725463
2235.294189
2019.607910
1313.725463
598.039245
186.274520
-78.431373
-764.705871
-1490.196166
-2117.647216
-2235.294189
-1519.607910
-872.549011
-343.137268
264.705902
627.450988
1254.901977
1901.960815
2107.843261
1735.294189
1117.647094
519.607849
107.843139
-127.450981
-392.156860
-823.529418
-1539.215698
-1980.392211
-2147.058837
-1568.627441
-921.568664
-333.333343
0.000000
196.078430
460.784332
1039.215698
1794.117675
2186.274658
1990.196166
637.254943
166.666671
-117.647064
-362.745117
-794.117675
-1549.019653
-2068.627441
-1519.607910
-803.921569
-284.313720
19.607843
245.098037
519.607849
1127.451049
2176.470703
1833.333374
1205.882324
529.411804
127.450981
-137.254898
-401.960784
-1607.843139
-2147.058837
-2205.882324
-1500.000000
-823.529418
-254.901962
19.607843
637.254943
1313.725463
1813.725463
2137.254882
1745.098022
1068.627441
411.764709
78.431373
-166.666671
-411.764709
-852.941162
-1490.196166
-2088.235351
-2196.078369
-1529.411743
-764.705871
-294.117645
39.215686
696.078430
1343.137329
2019.607910
2235.294189
1794.117675
1068.627441
382.352935
68.627449
-196.078430
-450.980407
-970.588256
-2137.254882
-2088.235351
-1401.960815
-676.470581
-215.686279
78.431373
333.333343
686.274536
1372.549072
2019.607910
1656.862792
990.196105
362.745117
39.215686
-186.274520
-480.392150
-1009.803955
-2117.647216
-1882.353027
-1294.117675
-627.450988
-176.470596
98.039215
303.921569
1539.215698
1960.784301
1411.764770
754.901977
303.921569
-29.411766
-264.705902
-578.431396
-1235.294189
-1931.372558
-2098.039306
-1774.509887
-421.568634
-68.627449
147.058822
411.764709
950.980407
1627.451049
2137.254882
1441.176513
754.901977
215.686279
-78.431373
-294.117645
-627.450988
-1294.117675
-2186.274658
-1745.098022
-1068.627441
-401.960784
-39.215686
166.666671
441.176483
1000.000000
1607.843139
2098.039306
2078.431396
1470.588256
774.509826
245.098037
-58.823532
-264.705902
-578.431396
-1176.470581
-1803.921630
-2186.274658
-1882.353027
-1186.274536
-58.823532
196.078430
441.176483
931.372558
1617.647094
2088.235351
2137.254882
686.274536
205.882354
-68.627449
-313.725494
-666.666687
-1284.313720
-1931.372558
-1607.843139
-950.980407
-362.745117
-49.019607
176.470596
480.392150
1039.215698
2215.686279
1931.372558
1205.882324
558.823547
166.666671
-117.647064
-362.745117
-1617.647094
-1990.196166
-2137.254882
-1549.019653
-852.941162
-294.117645
313.725494
676.470581
1323.529418
2000.000000
2156.862792
1754.901977
1137.254882
29.411766
-196.078430
-490.196075
-1000.000000
-1754.901977
-2137.254882
-1970.588256
-1411.764770
-764.705871
-225.490203
49.019607
735.294128
1401.960815
2029.411743
2137.254882
1598.039184
980.392150
431.372558
88.235298
-166.666671
-431.372558
-970.588256
-1715.686279
-2107.843261
-2000.000000
-1539.215698
-764.705871
-264.705902
29.411766
637.254943
1323.529418
1990.196166
2254.902099
1833.333374
1127.451049
470.588256
-225.490203
-519.607849
-1088.235351
-1784.313720
-2068.627441
-1950.980468
-1343.137329
-666.666687
-176.470596
98.039215
764.705871
1450.980468
1901.960815
2137.254882
1568.627441
911.764709
323.529418
-274.509796
-558.823547
-1166.666748
-1882.353027
-2235.294189
-1852.941162
-1137.254882
-68.627449
176.470596
470.588256
960.784301
1647.058837
2137.254882
2117.647216
676.470581
196.078430
-78.431373
-323.529418
-696.078430
-1382.353027
-1843.137329
-1568.627441
-960.784301
-372.549041
-58.823532
186.274520
480.392150
1049.019653
2215.686279
1970.588256
1245.098022
598.039245
176.470596
-98.039215
-323.529418
-1500.000000
-1921.568603
-2205.882324
-1705.882324
-990.196105
-382.352935
-39.215686
529.411804
1098.039184
1774.509887
2176.470703
1911.764770
1274.509887
598.039245
147.058822
-98.039215
-333.333343
-1549.019653
-1960.784301
-2127.450927
-745.098083
-254.901962
39.215686
264.705902
617.647094
1264.705932
1941.176513
1813.725463
1088.235351
460.784332
98.039215
-156.862747
-411.764709
-941.176513
-2137.254882
-2107.843261
-1480.392211
-715.686279
-215.686279
68.627449
323.529418
656.862731
1352.941162
1990.196166
2284.313720
1029.411743
392.156860
39.215686
-196.078430
-450.980407
-970.588256
-1637.254882
-2156.862792
-2156.862792
-1450.980468
-705.882385
-245.098037
58.823532
264.705902
607.843139
1215.686279
1901.960815
2245.098144
1058.823608
421.568634
68.627449
-166.666671
-431.372558
-892.156860
-1519.607910
-1941.176513
-1362.745117
-705.882385
-196.078430
78.431373
294.117645
627.450988
2058.823486
2196.078369
1617.647094
931.372558
392.156860
58.823532
-186.274520
-1058.823608
-1823.529418
-2235.294189
-1941.176513
-1215.686279
-588.235290
-147.058822
382.352935
833.333374
1500.000000
2137.254882
2186.274658
1470.588256
813.725524
313.725494
0.000000
-205.882354
-490.196075
-1039.215698
-1617.647094
-2098.039306
-2029.411743
-1421.568603
-735.294128
-235.294128
372.549041
803.921569
1470.588256
2058.823486
2225.490234
1656.862792
941.176513
-29.411766
-274.509796
-588.235290
-1196.078491
-1941.176513
-2264.705810
-1754.901977
-431.372558
-68.627449
156.862747
441.176483
941.176513
1656.862792
2156.862792
1431.372558
745.098083
225.490203
-68.627449
-303.921569
-617.647094
-1303.921630
-1950.980468
-2294.117675
-1803.921630
-1019.607849
-421.568634
-68.627449
166.666671
1107.843139
1745.098022
2078.431396
1931.372558
1294.117675
637.254943
166.666671
-88.235298
-343.137268
-705.882385
-2029.411743
-2127.450927
-1558.823608
-950.980407
-352.941192
-29.411766
215.686279
1166.666748
1803.921630
2166.666748
1843.137329
1196.078491
519.607849
117.647064
-137.254898
-372.549041
-843.137268
-2088.235351
-2127.450927
-1509.803955
-196.078430
88.235298
294.117645
647.058837
1264.705932
1813.725463
2147.058837
921.568664
362.745117
39.215686
-196.078430
-470.588256
-1000.000000
-1696.078491
-2186.274658
-2176.470703
-1460.784301
-715.686279
-254.901962
49.019607
284.313720
588.235290
1264.705932
1892.156860
2245.098144
1911.764770
450.980407
78.431373
-156.862747
-411.764709
-852.941162
-1490.196166
-2098.039306
-1382.353027
-715.686279
-215.686279
58.823532
284.313720
598.039245
1274.509887
2245.098144
1705.882324
970.588256
450.980407
88.235298
-166.666671
-411.764709
-1676.470581
-2147.058837
-2088.235351
-1450.980468
-745.098083
-235.294128
58.823532
303.921569
637.254943
1303.921630
2137.254882
1647.058837
1009.803955
401.960784
39.215686
-176.470596
-480.392150
-1823.529418
-2117.647216
-1960.784301
-1313.725463
-637.254943
-186.274520
88.235298
794.117675
1519.607910
1980.392211
2058.823486
1539.215698
872.549011
323.529418
-284.313720
-607.843139
-1186.274536
-1843.137329
-2196.078369
-1852.941162
-1196.078491
-470.588256
-107.843139
147.058822
1068.627441
1745.098022
2127.450927
1941.176513
1284.313720
656.862731
196.078430
-392.156860
-813.725524
-1529.411743
-1911.764770
-2156.862792
-1607.843139
-960.784301
19.607843
235.294128
568.627441
1196.078491
1764.705932
2058.823486
1813.725463
1205.882324
549.019592
137.254898
-392.156860
-862.745117
-1500.000000
-2137.254882
-2019.607910
-1480.392211
-843.137268
39.215686
284.313720
627.450988
1313.725463
1921.568603
2098.039306
1676.470581
392.156860
68.627449
-166.666671
-450.980407
-960.784301
-1676.470581
-2205.882324
-1421.568603
-705.882385
-235.294128
68.627449
313.725494
647.058837
1313.725463
2137.254882
1666.666748
1009.803955
372.549041
39.215686
-215.686279
-450.980407
-941.176513
-1578.431396
-2147.058837
-2107.843261
-1450.980468
-715.686279
-225.490203
49.019607
284.313720
607.843139
1823.529418
2147.058837
1666.666748
1000.000000
421.568634
68.627449
-156.862747
-1068.627441
-1813.725463
-2098.039306
-1911.764770
-1294.117675
-666.666687
-186.274520
372.549041
764.705871
1382.353027
1990.196166
2147.058837
1568.627441
931.372558
323.529418
19.607843
-215.686279
-1254.901977
-1745.098022
-2156.862792
-1823.529418
-1196.078491
-568.627441
-127.450981
450.980407
980.392150
1627.451049
2107.843261
2156.862792
1509.803955
803.921569
-88.235298
-323.529418
-686.274536
-1372.549072
-1990.196166
-2254.902099
-1774.509887
-362.745117
-19.607843
215.686279
480.392150
1049.019653
1784.313720
2186.274658
2039.215698
1382.353027
656.862731
-147.058822
-411.764709
-872.549011
-1588.235351
-2156.862792
-2078.431396
-1470.588256
-215.686279
58.823532
284.313720
647.058837
1303.921630
1950.980468
2147.058837
1117.647094
470.588256
88.235298
-156.862747
-401.960784
-901.960815
-1558.823608
-2078.431396
-1450.980468
-754.901977
-225.490203
58.823532
294.117645
588.235290
1970.588256
2088.235351
1647.058837
1019.607849
392.156860
49.019607
-166.666671
-1107.843139
-1745.098022
-2039.215698
-1941.176513
-1333.333374
-627.450988
156.862747
401.960784
872.549011
1500.000000
1931.372558
2107.843261
1539.215698
235.294128
-29.411766
-284.313720
-617.647094
