-1323.529418
-705.882385
-225.490203
29.411766
715.686279
1441.176513
2029.411743
2186.274658
1607.843139
970.588256
372.549041
-254.901962
-578.431396
-1166.666748
-1745.098022
-2068.627441
-1892.156860
-1284.313720
-88.235298
147.058822
382.352935
803.921569
1441.176513
1980.392211
2117.647216
1519.607910
852.941162
303.921569
-19.607843
-245.098037
-519.607849
-1049.019653
-2098.039306
-1794.117675
-1166.666748
-509.803924
-117.647064
137.254898
401.960784
1617.647094
2107.843261
2088.235351
1441.176513
754.901977
225.490203
-58.823532
-294.117645
-607.843139
-1264.705932
-2156.862792
-1705.882324
-1068.627441
-401.960784
-39.215686
176.470596
450.980407
1705.882324
2156.862792
1960.784301
1323.529418
656.862731
147.058822
-98.039215
-764.705871
-1392.156860
-2009.803955
-2215.686279
-1617.647094
-911.764709
-352.941192
284.313720
607.843139
1284.313720
1950.980468
2264.705810
1901.960815
1196.078491
519.607849
127.450981
-166.666671
-970.588256
-1705.882324
-2176.470703
-2117.647216
-1323.529418
-696.078430
-205.882354
352.941192
784.313720
1460.784301
1990.196166
2068.627441
1578.431396
941.176513
372.549041
39.215686
-196.078430
-1137.254882
-1862.745117
-2098.039306
-1833.333374
-1235.294189
-588.235290
-166.666671
401.960784
872.549011
1509.803955
2029.411743
2117.647216
1519.607910
852.941162
-68.627449
-303.921569
-617.647094
-1215.686279
-1911.764770
-2205.882324
-1813.725463
-382.352935
-68.627449
196.078430
441.176483
950.980407
1558.823608
2029.411743
2049.019531
1401.960815
754.901977
235.294128
-58.823532
-294.117645
-607.843139
-1186.274536
-1921.568603
-2215.686279
-1833.333374
-411.764709
-49.019607
186.274520
441.176483
950.980407
1539.215698
2088.235351
2078.431396
1460.784301
784.313720
-98.039215
-333.333343
-676.470581
-1274.509887
-1941.176513
-2245.098144
-1715.686279
-362.745117
-9.803922
215.686279
480.392150
1029.411743
1666.666748
2137.254882
1176.470581
509.803924
117.647064
-147.058822
-352.941192
-774.509826
-1411.764770
-2049.019531
-1450.980468
-813.725524
-294.117645
9.803922
245.098037
519.607849
1137.254882
1852.941162
2225.490234
1931.372558
1215.686279
558.823547
166.666671
-117.647064
-382.352935
-794.117675
-1460.784301
-1882.353027
-2147.058837
-1617.647094
-960.784301
9.803922
235.294128
549.019592
1137.254882
1823.529418
2186.274658
1892.156860
549.019592
107.843139
-137.254898
-392.156860
-843.137268
-1598.039184
-2147.058837
-1509.803955
-774.509826
-303.921569
19.607843
245.098037
558.823547
1176.470581
2156.862792
1745.098022
1117.647094
470.588256
98.039215
-147.058822
-392.156860
-1725.490234
-2078.431396
-2039.215698
-1401.960815
-754.901977
-254.901962
49.019607
284.313720
578.431396
1205.882324
1852.941162
2176.470703
1784.313720
1137.254882
470.588256
107.843139
-147.058822
-411.764709
-1607.843139
-2147.058837
-2137.254882
-1460.784301
-745.098083
-235.294128
49.019607
676.470581
1274.509887
1862.745117
2117.647216
1696.078491
1029.411743
421.568634
-245.098037
-529.411804
-1147.058837
-1892.156860
-2245.098144
-1892.156860
-1156.862792
-98.039215
147.058822
411.764709
921.568664
1627.451049
2156.862792
2215.686279
1480.392211
784.313720
313.725494
-19.607843
-284.313720
-578.431396
-1225.490234
-1901.960815
-2098.039306
-1745.098022
-1205.882324
-88.235298
137.254898
421.568634
931.372558
1617.647094
2117.647216
2068.627441
745.098083
254.901962
-49.019607
-294.117645
-568.627441
-1235.294189
-1931.372558
-1774.509887
-1088.235351
-411.764709
-78.431373
166.666671
450.980407
980.392150
1637.254882
2137.254882
2196.078369
696.078430
196.078430
-68.627449
-313.725494
-647.058837
-1303.921630
-1852.941162
-1598.039184
-1000.000000
-382.352935
-39.215686
176.470596
470.588256
1009.803955
2196.078369
2009.803955
1313.725463
607.843139
176.470596
-107.843139
-352.941192
-1588.235351
-2078.431396
-2088.235351
-1500.000000
-862.745117
-333.333343
-9.803922
215.686279
500.000000
950.980407
1715.686279
2088.235351
2000.000000
1470.588256
764.705871
274.509796
-49.019607
-264.705902
-539.215698
-1186.274536
-1931.372558
-2225.490234
-1147.058837
-460.784332
-78.431373
156.862747
450.980407
911.764709
1598.039184
2039.215698
1441.176513
754.901977
235.294128
-49.019607
-274.509796
-578.431396
-1960.784301
-2098.039306
-1686.274536
-1078.431396
-431.372558
-39.215686
186.274520
1049.019653
1774.509887
2196.078369
1970.588256
1333.333374
656.862731
186.274520
-107.843139
-362.745117
-794.117675
-2117.647216
-2264.705810
-1568.627441
-784.313720
-294.117645
9.803922
225.490203
1215.686279
1862.745117
2215.686279
1088.235351
441.176483
78.431373
-156.862747
-411.764709
-872.549011
-1500.000000
-2098.039306
-2107.843261
-1441.176513
-833.333374
-284.313720
9.803922
245.098037
568.627441
1166.666748
1872.549072
2196.078369
1833.333374
490.196075
107.843139
-147.058822
-411.764709
-872.549011
-1578.431396
-2127.450927
-1509.803955
-754.901977
-245.098037
29.411766
264.705902
578.431396
1215.686279
2166.666748
1764.705932
1127.451049
480.392150
88.235298
-147.058822
-372.549041
-1627.451049
-2088.235351
-2068.627441
-1421.568603
-745.098083
-235.294128
78.431373
294.117645
607.843139
1196.078491
2107.843261
1627.451049
990.196105
382.352935
58.823532
-166.666671
-441.176483
-1009.803955
-1588.235351
-2098.039306
-2058.823486
-1441.176513
-764.705871
-254.901962
49.019607
676.470581
1294.117675
1960.784301
2166.666748
1666.666748
1029.411743
411.764709
49.019607
-215.686279
-450.980407
-1686.274536
-2049.019531
-1960.784301
-1352.941162
-676.470581
-186.274520
98.039215
764.705871
1382.353027
1960.784301
2147.058837
1568.627441
921.568664
333.333343
-284.313720
-558.823547
-1156.862792
-1901.960815
-2235.294189
-1843.137329
-1098.039184
-39.215686
186.274520
460.784332
1019.607849
1735.294189
2166.666748
2019.607910
686.274536
186.274520
-98.039215
-323.529418
-715.686279
-1362.745117
-2029.411743
-1656.862792
-941.176513
-362.745117
-29.411766
215.686279
509.803924
1058.823608
1813.725463
2215.686279
1980.392211
558.823547
117.647064
-117.647064
-411.764709
-1627.451049
-2156.862792
-2176.470703
-1411.764770
-735.294128
-245.098037
29.411766
264.705902
588.235290
1235.294189
2215.686279
1774.509887
1127.451049
490.196075
88.235298
-156.862747
-401.960784
-1627.451049
-2107.843261
-2098.039306
-1431.372558
-745.098083
-235.294128
78.431373
303.921569
637.254943
1303.921630
1970.588256
2254.902099
1813.725463
1147.058837
490.196075
88.235298
-137.254898
-401.960784
-1637.254882
-2147.058837
-2127.450927
-1470.588256
-735.294128
-254.901962
49.019607
705.882385
1352.941162
1970.588256
2205.882324
1725.490234
1058.823608
401.960784
-254.901962
-568.627441
-1196.078491
-1911.764770
-2147.058837
-1754.901977
-1176.470581
-549.019592
-127.450981
117.647064
382.352935
774.509826
1401.960815
1882.353027
2127.450927
1578.431396
921.568664
333.333343
-284.313720
-578.431396
-1176.470581
-1892.156860
-2254.902099
-1882.353027
-1176.470581
-88.235298
176.470596
441.176483
960.784301
1607.843139
2137.254882
2176.470703
666.666687
186.274520
-68.627449
-303.921569
-637.254943
-1235.294189
-1901.960815
-1627.451049
-1000.000000
-382.352935
-49.019607
176.470596
460.784332
1019.607849
2225.490234
2009.803955
1323.529418
607.843139
196.078430
-88.235298
-333.333343
-1490.196166
-2117.647216
-2245.098144
-1519.607910
-823.529418
-313.725494
0.000000
519.607849
1147.058837
1754.901977
2039.215698
1892.156860
1264.705932
588.235290
166.666671
-107.843139
-352.941192
-715.686279
-1382.353027
-2049.019531
-2235.294189
-1696.078491
-941.176513
-372.549041
-29.411766
558.823547
1215.686279
1931.372558
2254.902099
1911.764770
1176.470581
509.803924
-166.666671
-450.980407
-960.784301
-1676.470581
-2137.254882
-2058.823486
-1411.764770
-784.313720
-274.509796
49.019607
686.274536
1372.549072
1990.196166
2147.058837
1637.254882
1029.411743
411.764709
78.431373
-176.470596
-441.176483
-960.784301
-1676.470581
-2098.039306
-1990.196166
-1460.784301
-205.882354
49.019607
313.725494
686.274536
1392.156860
1950.980468
2088.235351
980.392150
401.960784
39.215686
-176.470596
-450.980407
-901.960815
-1598.039184
-1990.196166
-1372.549072
-705.882385
-215.686279
78.431373
303.921569
647.058837
1990.196166
2068.627441
1558.823608
921.568664
362.745117
9.803922
-176.470596
-1049.019653
-1833.333374
-2254.902099
-1921.568603
-1205.882324
-607.843139
-166.666671
117.647064
362.745117
705.882385
1333.333374
1931.372558
2137.254882
1617.647094
970.588256
382.352935
49.019607
-196.078430
-490.196075
-1039.215698
-1617.647094
-2078.431396
-2058.823486
-1421.568603
-725.490234
117.647064
362.745117
784.313720
1441.176513
2068.627441
2235.294189
1656.862792
284.313720
-49.019607
-264.705902
-549.019592
-1147.058837
-1872.549072
-2254.902099
-1156.862792
-509.803924
-107.843139
137.254898
411.764709
892.156860
1617.647094
2029.411743
1392.156860
745.098083
225.490203
-49.019607
-294.117645
-627.450988
-2029.411743
-2205.882324
-1617.647094
-1019.607849
-411.764709
-58.823532
156.862747
411.764709
950.980407
1686.274536
2098.039306
1382.353027
686.274536
245.098037
-68.627449
-303.921569
-617.647094
-1333.333374
-2019.607910
-2205.882324
-1617.647094
-1039.215698
-431.372558
-78.431373
166.666671
1029.411743
1647.058837
2078.431396
1990.196166
1333.333374
666.666687
196.078430
-382.352935
-803.921569
-1519.607910
-2068.627441
-2245.098144
-1598.039184
-872.549011
49.019607
274.509796
558.823547
1156.862792
1872.549072
2147.058837
1862.745117
1215.686279
539.215698
117.647064
-441.176483
-990.196105
-1696.078491
-2205.882324
-2176.470703
-1431.372558
-705.882385
78.431373
333.333343
725.490234
1392.156860
2019.607910
2254.902099
1784.313720
343.137268
9.803922
-196.078430
-509.803924
-1049.019653
-1666.666748
-2098.039306
-1235.294189
-588.235290
-176.470596
98.039215
333.333343
745.098083
1450.980468
2039.215698
2176.470703
1666.666748
352.941192
19.607843
-215.686279
-480.392150
-1049.019653
-1784.313720
-2245.098144
-1313.725463
-588.235290
-137.254898
107.843139
382.352935
813.725524
1529.411743
2186.274658
1558.823608
872.549011
294.117645
-9.803922
-225.490203
-539.215698
-1941.176513
-2078.431396
-1764.705932
-1176.470581
-509.803924
-117.647064
127.450981
960.784301
1568.627441
2098.039306
2068.627441
1411.764770
774.509826
245.098037
-303.921569
-696.078430
-1294.117675
-1960.784301
-2225.490234
-1735.294189
-1019.607849
-352.941192
-39.215686
196.078430
490.196075
1029.411743
1774.509887
2186.274658
2029.411743
1254.901977
637.254943
205.882354
-382.352935
-833.333374
-1529.411743
-1941.176513
-2166.666748
-1598.039184
-941.176513
-372.549041
-19.607843
215.686279
1156.862792
1872.549072
2166.666748
1823.529418
1196.078491
549.019592
107.843139
-431.372558
-970.588256
-1656.862792
-2186.274658
-2186.274658
-1372.549072
-676.470581
78.431373
313.725494
715.686279
1401.960815
2019.607910
2245.098144
1774.509887
343.137268
0.000000
-166.666671
-441.176483
-980.392150
-1696.078491
-2196.078369
-1411.764770
-725.490234
-215.686279
58.823532
294.117645
627.450988
1284.313720
2098.039306
1617.647094
960.784301
352.941192
19.607843
-196.078430
-470.588256
-1813.725463
-2225.490234
-1882.353027
-1245.098022
-627.450988
-166.666671
78.431373
833.333374
1490.196166
2068.627441
2107.843261
1431.372558
843.137268
313.725494
0.000000
-186.274520
-450.980407
-1019.607849
-1588.235351
-2107.843261
-2098.039306
-1470.588256
-725.490234
-235.294128
68.627449
705.882385
1401.960815
2000.000000
2068.627441
1637.254882
990.196105
401.960784
-215.686279
-529.411804
-1117.647094
-1676.470581
-2137.254882
-1941.176513
-1343.137329
-127.450981
137.254898
411.764709
852.941162
1539.215698
2098.039306
2225.490234
754.901977
254.901962
-49.019607
-284.313720
-617.647094
-1264.705932
-1745.098022
-1666.666748
-1068.627441
-441.176483
-78.431373
166.666671
401.960784
872.549011
2186.274658
2107.843261
1343.137329
676.470581
235.294128
-68.627449
-313.725494
-1421.568603
-2098.039306
-2284.313720
-1627.451049
-941.176513
-382.352935
225.490203
558.823547
1186.274536
1843.137329
2039.215698
1823.529418
441.176483
98.039215
-166.666671
-401.960784
-892.156860
-1627.451049
-2137.254882
-2049.019531
-1480.392211
-852.941162
-294.117645
19.607843
235.294128
509.803924
1127.451049
2166.666748
1666.666748
1088.235351
460.784332
88.235298
-166.666671
-411.764709
-1715.686279
-2166.666748
-2009.803955
-1392.156860
-725.490234
-225.490203
49.019607
294.117645
647.058837
1313.725463
2264.705810
1774.509887
1127.451049
480.392150
88.235298
-156.862747
-421.568634
-1735.294189
-2196.078369
-2098.039306
-1421.568603
-705.882385
-245.098037
58.823532
725.490234
1382.353027
1990.196166
2196.078369
1676.470581
1000.000000
392.156860
-245.098037
-519.607849
-1137.254882
-1715.686279
-2147.058837
-1970.588256
-1323.529418
-588.235290
-156.862747
107.843139
901.960815
1607.843139
2127.450927
2205.882324
1539.215698
803.921569
323.529418
-333.333343
-705.882385
-1382.353027
-2019.607910
-2107.843261
-1686.274536
-1058.823608
-19.607843
225.490203
470.588256
1058.823608
1627.451049
2039.215698
1970.588256
539.215698
147.058822
-117.647064
-362.745117
-813.725524
-1519.607910
-1931.372558
-2147.058837
-1627.451049
-960.784301
29.411766
254.901962
588.235290
1196.078491
1843.137329
2019.607910
1794.117675
441.176483
98.039215
-166.666671
-421.568634
-921.568664
-1637.254882
-2127.450927
-1490.196166
-735.294128
-245.098037
39.215686
274.509796
598.039245
1245.098022
2147.058837
1705.882324
1088.235351
441.176483
68.627449
-186.274520
-411.764709
-1656.862792
-2068.627441
-2049.019531
-1421.568603
-696.078430
-215.686279
68.627449
735.294128
1362.745117
1970.588256
2186.274658
1656.862792
990.196105
352.941192
-274.509796
-568.627441
-1176.470581
-1911.764770
-2264.705810
-1882.353027
-1176.470581
-519.607849
-107.843139
127.450981
1000.000000
1627.451049
2147.058837
1392.156860
725.490234
245.098037
-78.431373
-284.313720
-637.254943
-1205.882324
-1931.372558
-2264.705810
-1833.333374
-1117.647094
-421.568634
-88.235298
186.274520
1058.823608
1794.117675
2205.882324
2029.411743
1235.294189
617.647094
166.666671
-401.960784
-872.549011
-1588.235351
-1950.980468
-2098.039306
-1539.215698
-901.960815
-333.333343
-19.607843
235.294128
500.000000
1068.627441
1803.921630
2127.450927
1872.549072
549.019592
147.058822
-127.450981
-372.549041
-784.313720
-1529.411743
-2068.627441
-1549.019653
-774.509826
-294.117645
19.607843
254.901962
539.215698
1176.470581
2176.470703
1823.529418
1196.078491
539.215698
107.843139
-156.862747
-401.960784
-1647.058837
-2147.058837
-2166.666748
-1460.784301
-696.078430
-264.705902
29.411766
284.313720
598.039245
1245.098022
2176.470703
1725.490234
1058.823608
441.176483
58.823532
-166.666671
-431.372558
-1666.666748
-2098.039306
-2000.000000
-1352.941162
-705.882385
-215.686279
58.823532
764.705871
1480.392211
1980.392211
2068.627441
1588.235351
950.980407
362.745117
-245.098037
-588.235290
-1196.078491
-1823.529418
-2098.039306
-1892.156860
-1264.705932
-598.039245
-137.254898
107.843139
872.549011
1500.000000
2068.627441
2058.823486
1421.568603
823.529418
313.725494
-294.117645
-666.666687
-1294.117675
-1852.941162
-2196.078369
-1823.529418
-1147.058837
-19.607843
196.078430
460.784332
980.392150
1578.431396
2039.215698
2049.019531
607.843139
166.666671
-107.843139
-362.745117
-725.490234
-1313.725463
-1990.196166
-2245.098144
-1715.686279
-960.784301
0.000000
215.686279
480.392150
1049.019653
1784.313720
2215.686279
2029.411743
627.450988
147.058822
-107.843139
-372.549041
-774.509826
-1480.392211
-2117.647216
-1578.431396
-882.352966
-313.725494
0.000000
205.882354
509.803924
1078.431396
2245.098144
1970.588256
1284.313720
588.235290
156.862747
-117.647064
-352.941192
-803.921569
-1519.607910
-2088.235351
-1519.607910
-784.313720
-303.921569
19.607843
245.098037
558.823547
1166.666748
2186.274658
1872.549072
1186.274536
539.215698
117.647064
-137.254898
-392.156860
-1676.470581
-2205.882324
-2156.862792
-1382.353027
-686.274536
-215.686279
49.019607
725.490234
1382.353027
2058.823486
2264.705810
1754.901977
1058.823608
441.176483
39.215686
-176.470596
-441.176483
-1735.294189
-2205.882324
-2049.019531
-1352.941162
-598.039245
-176.470596
98.039215
823.529418
1509.803955
2078.431396
2225.490234
1617.647094
931.372558
362.745117
-294.117645
-617.647094
-1294.117675
-1980.392211
-2147.058837
-1705.882324
-1117.647094
-49.019607
176.470596
470.588256
1019.607849
1647.058837
2019.607910
1960.784301
1333.333374
725.490234
205.882354
-323.529418
-715.686279
-1343.137329
-1980.392211
-2254.902099
-1666.666748
-960.784301
-9.803922
245.098037
509.803924
1117.647094
1686.274536
2068.627441
1911.764770
500.000000
137.254898
-127.450981
-382.352935
-823.529418
-1529.411743
-2117.647216
-1509.803955
-794.117675
-274.509796
29.411766
264.705902
549.019592
1215.686279
1911.764770
2235.294189
1852.941162
509.803924
98.039215
-137.254898
-401.960784
-862.745117
-1568.627441
-2147.058837
-1441.176513
-794.117675
-235.294128
58.823532
294.117645
607.843139
1235.294189
2156.862792
1666.666748
1049.019653
411.764709
49.019607
-147.058822
-441.176483
-1794.117675
-2068.627441
-1960.784301
-1343.137329
-666.666687
-215.686279
88.235298
313.725494
666.666687
1284.313720
2058.823486
1539.215698
892.156860
333.333343
9.803922
-186.274520
-460.784332
-1725.490234
-2176.470703
-2039.215698
-1352.941162
-578.431396
-156.862747
88.235298
862.745117
1568.627441
2117.647216
2205.882324
1539.215698
803.921569
303.921569
-313.725494
-696.078430
-1343.137329
-1921.568603
-2088.235351
-1715.686279
-1117.647094
-460.784332
-88.235298
137.254898
411.764709
862.745117
1490.196166
2068.627441
1313.725463
686.274536
215.686279
-68.627449
-303.921569
-676.470581
-1323.529418
-2254.902099
-1617.647094
-990.196105
-392.156860
-58.823532
156.862747
450.980407
1735.294189
2186.274658
2078.431396
1343.137329
588.235290
176.470596
-98.039215
-784.313720
-1470.588256
-2098.039306
-2264.705810
-1656.862792
-892.156860
-343.137268
-39.215686
215.686279
500.000000
1715.686279
2049.019531
1911.764770
1303.921630
627.450988
166.666671
-107.843139
-823.529418
-1441.176513
-2078.431396
-2215.686279
-1549.019653
-872.549011
-333.333343
303.921569
666.666687
1352.941162
1990.196166
2137.254882
1607.843139
1000.000000
500.000000
98.039215
-137.254898
-382.352935
-794.117675
-1460.784301
-2000.000000
-2117.647216
-1558.823608
-931.372558
-343.137268
264.705902
558.823547
1117.647094
1754.901977
2156.862792
1803.921630
1205.882324
78.431373
-156.862747
-411.764709
-892.156860
-1558.823608
-2058.823486
-2117.647216
-676.470581
-225.490203
68.627449
313.725494
686.274536
1352.941162
1852.941162
1696.078491
960.784301
431.372558
49.019607
-176.470596
-431.372558
-931.372558
-2068.627441
-2029.411743
-1392.156860
-696.078430
-225.490203
98.039215
294.117645
1343.137329
1980.392211
2176.470703
1617.647094
970.588256
362.745117
19.607843
-578.431396
-1186.274536
-1745.098022
-2176.470703
-1872.549072
-1274.509887
-588.235290
-156.862747
127.450981
372.549041
813.725524
1490.196166
2088.235351
2225.490234
1617.647094
931.372558
362.745117
9.803922
-539.215698
-1107.843139
-1813.725463
-2215.686279
-1950.980468
-1225.490234
-519.607849
166.666671
441.176483
960.784301
1647.058837
2166.666748
2225.490234
1539.215698
225.490203
-68.627449
-294.117645
-666.666687
-1382.353027
-2019.607910
-2225.490234
-1029.411743
-343.137268
-39.215686
215.686279
509.803924
1039.215698
1794.117675
2156.862792
1980.392211
1245.098022
147.058822
-137.254898
-382.352935
-1686.274536
-2127.450927
-2039.215698
-1450.980468
-803.921569
-254.901962
29.411766
705.882385
1352.941162
1892.156860
2058.823486
1676.470581
1029.411743
421.568634
-215.686279
-490.196075
-1039.215698
-1813.725463
-2225.490234
-2019.607910
-1274.509887
-568.627441
-166.666671
98.039215
362.745117
754.901977
1421.568603
2058.823486
1627.451049
950.980407
362.745117
9.803922
-205.882354
-480.392150
-1019.607849
-2098.039306
-1823.529418
-1235.294189
-588.235290
-156.862747
98.039215
333.333343
1568.627441
1960.784301
2058.823486
1460.784301
823.529418
274.509796
-19.607843
-627.450988
-1294.117675
-1950.980468
-2078.431396
-1735.294189
-1156.862792
-509.803924
-98.039215
137.254898
382.352935
1647.058837
2000.000000
2176.470703
1480.392211
764.705871
294.117645
-39.215686
-637.254943
-1352.941162
-2049.019531
-2225.490234
-1588.235351
-1000.000000
-460.784332
205.882354
519.607849
1107.843139
1754.901977
2098.039306
1911.764770
1225.490234
617.647094
176.470596
-88.235298
-784.313720
-1480.392211
-2117.647216
-2156.862792
-862.745117
-284.313720
9.803922
215.686279
519.607849
1068.627441
1725.490234
2137.254882
1950.980468
1323.529418
637.254943
176.470596
-107.843139
-343.137268
-745.098083
-1411.764770
-2049.019531
-2284.313720
-950.980407
-352.941192
-9.803922
205.882354
470.588256
1039.215698
1637.254882
1754.901977
1186.274536
568.627441
147.058822
-117.647064
-352.941192
-754.901977
-2078.431396
-2049.019531
-1470.588256
-843.137268
-284.313720
19.607843
225.490203
1323.529418
1892.156860
2058.823486
1656.862792
1068.627441
450.980407
78.431373
-156.862747
-421.568634
-852.941162
-1539.215698
-2068.627441
-2147.058837
-1519.607910
-872.549011
-294.117645
29.411766
254.901962
529.411804
1156.862792
1892.156860
2215.686279
1921.568603
1264.705932
588.235290
-176.470596
-441.176483
-970.588256
-2137.254882
-2107.843261
-1441.176513
-686.274536
-196.078430
68.627449
313.725494
1470.588256
2049.019531
2245.098144
1705.882324
990.196105
392.156860
19.607843
-519.607849
-1049.019653
-1803.921630
-2166.666748
-1970.588256
-1294.117675
-529.411804
-147.058822
107.843139
372.549041
813.725524
1539.215698
2078.431396
2058.823486
1490.196166
872.549011
313.725494
0.000000
-166.666671
-441.176483
-921.568664
-1588.235351
-1921.568603
-1323.529418
-656.862731
-186.274520
58.823532
323.529418
666.666687
2068.627441
2235.294189
1617.647094
941.176513
401.960784
49.019607
-186.274520
-1058.823608
-1823.529418
-2245.098144
-1990.196166
-1235.294189
-578.431396
-156.862747
392.156860
882.352966
1607.843139
2019.607910
2000.000000
1607.843139
843.137268
-49.019607
-284.313720
-607.843139
-1274.509887
-1970.588256
-2264.705810
-1784.313720
-441.176483
-78.431373
176.470596
441.176483
960.784301
1647.058837
2127.450927
2166.666748
1509.803955
823.529418
274.509796
-29.411766
-254.901962
-588.235290
-1196.078491
-1921.568603
-2264.705810
-1862.745117
-1098.039184
-480.392150
-117.647064
441.176483
941.176513
1676.470581
1970.588256
2000.000000
1401.960815
705.882385
-88.235298
-333.333343
-705.882385
-1401.960815
-2039.215698
-2107.843261
-1656.862792
-323.529418
-9.803922
215.686279
490.196075
1049.019653
1813.725463
2215.686279
1294.117675
598.039245
147.058822
-107.843139
-401.960784
-794.117675
-1519.607910
-2127.450927
-2196.078369
-1500.000000
-1000.000000
-29.411766
225.490203
490.196075
1049.019653
1647.058837
2088.235351
1931.372558
1294.117675
647.058837
176.470596
-372.549041
-784.313720
-1401.960815
-2000.000000
-1568.627441
-813.725524
-274.509796
0.000000
196.078430
500.000000
950.980407
1617.647094
2107.843261
2107.843261
656.862731
186.274520
-88.235298
-323.529418
-1519.607910
-1980.392211
-2147.058837
-1598.039184
-931.372558
-362.745117
284.313720
578.431396
1225.490234
1882.353027
2215.686279
1862.745117
1196.078491
49.019607
-176.470596
-411.764709
-882.352966
-1539.215698
-2098.039306
-2137.254882
-696.078430
-235.294128
49.019607
294.117645
617.647094
1313.725463
1813.725463
2127.450927
1735.294189
1117.647094
441.176483
68.627449
-147.058822
-411.764709
-1686.274536
-2137.254882
-2019.607910
-1401.960815
-725.490234
-215.686279
68.627449
735.294128
1333.333374
1980.392211
2186.274658
1617.647094
990.196105
352.941192
-264.705902
-549.019592
-1156.862792
-1862.745117
-2264.705810
-1911.764770
-1107.843139
-470.588256
-107.843139
156.862747
372.549041
833.333374
1529.411743
1901.960815
2049.019531
1490.196166
852.941162
294.117645
-294.117645
-617.647094
-1205.882324
-1941.176513
-2196.078369
-1813.725463
-1137.254882
-431.372558
-78.431373
156.862747
441.176483
950.980407
1637.254882
2137.254882
2196.078369
1519.607910
774.509826
294.117645
-333.333343
-705.882385
-1382.353027
-2029.411743
-2068.627441
-1666.666748
-1039.215698
-431.372558
-49.019607
156.862747
460.784332
921.568664
1578.431396
2078.431396
1264.705932
607.843139
196.078430
-78.431373
-303.921569
-735.294128
-1392.156860
-2254.902099
-1558.823608
-921.568664
-333.333343
-29.411766
196.078430
509.803924
1813.725463
2235.294189
1980.392211
1245.098022
578.431396
176.470596
-107.843139
-901.960815
-1666.666748
-2156.862792
-2039.215698
-1441.176513
-803.921569
-274.509796
19.607843
254.901962
558.823547
1205.882324
1754.901977
2068.627441
1813.725463
1215.686279
529.411804
107.843139
-137.254898
-862.745117
-1529.411743
-2137.254882
-2176.470703
-1480.392211
-754.901977
-264.705902
333.333343
745.098083
1411.764770
2029.411743
2245.098144
1705.882324
1029.411743
382.352935
49.019607
-176.470596
-1107.843139
-1862.745117
-2215.686279
-1813.725463
-1235.294189
-578.431396
-166.666671
421.568634
843.137268
1509.803955
2029.411743
2107.843261
1500.000000
823.529418
-49.019607
-274.509796
-627.450988
-1284.313720
-1970.588256
-2196.078369
-1686.274536
-1127.451049
-480.392150
-107.843139
147.058822
411.764709
803.921569
1480.392211
1990.196166
2107.843261
1509.803955
862.745117
-78.431373
-303.921569
-617.647094
-1235.294189
-1892.156860
-2205.882324
-1803.921630
-392.156860
-39.215686
205.882354
460.784332
941.176513
1558.823608
2088.235351
1205.882324
598.039245
156.862747
-107.843139
-343.137268
-715.686279
-1343.137329
-2049.019531
-1529.411743
-892.156860
-323.529418
-9.803922
215.686279
539.215698
1127.451049
1745.098022
2068.627441
1264.705932
558.823547
147.058822
-127.450981
-372.549041
-833.333374
-1568.627441
-2215.686279
-1470.588256
-764.705871
-294.117645
9.803922
235.294128
500.000000
1901.960815
2225.490234
1921.568603
1205.882324
519.607849
156.862747
-107.843139
-960.784301
-1647.058837
-2196.078369
-2078.431396
-1372.549072
-794.117675
-274.509796
19.607843
254.901962
598.039245
1254.901977
1901.960815
2107.843261
1745.098022
1156.862792
519.607849
107.843139
-117.647064
-362.745117
-774.509826
-1421.568603
-2049.019531
-1441.176513
-813.725524
-274.509796
29.411766
235.294128
558.823547
1186.274536
2166.666748
1627.451049
1029.411743
401.960784
88.235298
-137.254898
-441.176483
-1725.490234
-2215.686279
-2000.000000
-1490.196166
-686.274536
-245.098037
39.215686
274.509796
598.039245
1245.098022
2137.254882
1725.490234
1107.843139
441.176483
78.431373
-156.862747
-431.372558
-1627.451049
-2127.450927
-2009.803955
-1401.960815
-725.490234
-215.686279
68.627449
715.686279
1343.137329
2000.000000
2156.862792
1549.019653
931.372558
372.549041
-245.098037
-558.823547
-1156.862792
-1852.941162
-2058.823486
-1852.941162
-1284.313720
-98.039215
137.254898
382.352935
813.725524
1500.000000
2117.647216
2215.686279
1519.607910
862.745117
352.941192
9.803922
-215.686279
-460.784332
-990.196105
-1647.058837
-2107.843261
-2058.823486
-1431.372558
-156.862747
98.039215
352.941192
725.490234
1362.745117
2000.000000
2049.019531
882.352966
362.745117
9.803922
-186.274520
-450.980407
-931.372558
-1588.235351
-2107.843261
-2098.039306
-1460.784301
-754.901977
98.039215
333.333343
696.078430
1294.117675
1941.176513
2156.862792
1656.862792
1009.803955
392.156860
39.215686
-176.470596
-460.784332
-950.980407
-1627.451049
-2088.235351
-2127.450927
-1450.980468
-754.901977
88.235298
343.137268
696.078430
1313.725463
1960.784301
2166.666748
1676.470581
323.529418
0.000000
-186.274520
-411.764709
-911.764709
-1588.235351
-2117.647216
-1343.137329
-676.470581
-186.274520
98.039215
313.725494
666.666687
1303.921630
2068.627441
1529.411743
901.960815
352.941192
9.803922
-196.078430
-470.588256
-1764.705932
-2196.078369
-2019.607910
-1333.333374
-598.039245
-205.882354
78.431373
343.137268
735.294128
1431.372558
2205.882324
1598.039184
921.568664
333.333343
0.000000
-205.882354
-460.784332
-1794.117675
-2225.490234
-2029.411743
-1264.705932
-568.627441
-166.666671
98.039215
892.156860
1558.823608
2127.450927
2254.902099
1607.843139
852.941162
333.333343
-303.921569
-647.058837
-1303.921630
-2000.000000
-2215.686279
-1882.353027
-1156.862792
-490.196075
-117.647064
156.862747
1019.607849
1725.490234
2098.039306
1990.196166
1323.529418
676.470581
205.882354
-372.549041
-794.117675
-1441.176513
-1931.372558
-2186.274658
-1656.862792
-1000.000000
0.000000
186.274520
460.784332
921.568664
1598.039184
2019.607910
2019.607910
588.235290
196.078430
-98.039215
-323.529418
-696.078430
-1372.549072
-2058.823486
-2235.294189
-1578.431396
-1000.000000
-441.176483
225.490203
529.411804
1127.451049
1823.529418
2098.039306
1872.549072
1205.882324
607.843139
166.666671
-107.843139
-882.352966
-1568.627441
-1980.392211
-1362.745117
-764.705871
-235.294128
29.411766
284.313720
627.450988
1274.509887
2245.098144
1794.117675
1137.254882
480.392150
68.627449
-156.862747
-431.372558
-921.568664
-1656.862792
-2156.862792
-2156.862792
-754.901977
-235.294128
49.019607
284.313720
607.843139
1254.901977
1882.353027
2176.470703
1803.921630
1176.470581
500.000000
98.039215
-127.450981
-382.352935
-872.549011
-1539.215698
-1941.176513
-2147.058837
-784.313720
-254.901962
39.215686
254.901962
578.431396
1235.294189
1892.156860
1803.921630
1127.451049
460.784332
117.647064
-156.862747
-450.980407
-921.568664
-2137.254882
-2127.450927
-1460.784301
-715.686279
-245.098037
58.823532
284.313720
1333.333374
1970.588256
2245.098144
1745.098022
1068.627441
441.176483
49.019607
-490.196075
-1029.411743
-1794.117675
-2215.686279
-1960.784301
-1176.470581
-549.019592
147.058822
411.764709
901.960815
1607.843139
2137.254882
2176.470703
1558.823608
892.156860
313.725494
0.000000
-205.882354
-509.803924
-1049.019653
-1754.901977
-2019.607910
-1254.901977
-568.627441
-156.862747
88.235298
343.137268
774.509826
1441.176513
2078.431396
2176.470703
1627.451049
931.372558
401.960784
39.215686
-186.274520
-460.784332
-980.392150
-1696.078491
-2029.411743
-1382.353027
-686.274536
-215.686279
88.235298
313.725494
686.274536
1343.137329
2019.607910
2264.705810
950.980407
362.745117
29.411766
-205.882354
-509.803924
-1058.823608
-1607.843139
-2127.450927
-2058.823486
-1411.764770
-715.686279
-196.078430
68.627449
294.117645
1421.568603
1950.980468
2156.862792
1656.862792
960.784301
343.137268
29.411766
-196.078430
-480.392150
-980.392150
-1656.862792
-2058.823486
-2058.823486
-1431.372558
-735.294128
107.843139
352.941192
1539.215698
2088.235351
2156.862792
1529.411743
215.686279
-49.019607
-284.313720
-627.450988
-1196.078491
-1892.156860
-2205.882324
-1019.607849
-401.960784
-58.823532
186.274520
450.980407
921.568664
1598.039184
1970.588256
2019.607910
1382.353027
735.294128
235.294128
-68.627449
-274.509796
-607.843139
-1205.882324
-1931.372558
-2264.705810
-1029.411743
-401.960784
-49.019607
176.470596
431.372558
901.960815
2196.078369
2058.823486
1303.921630
137.254898
-117.647064
-401.960784
-823.529418
-1578.431396
-2058.823486
-2058.823486
-764.705871
-284.313720
19.607843
245.098037
539.215698
1166.666748
1911.764770
1813.725463
1166.666748
500.000000
88.235298
-137.254898
-392.156860
-833.333374
-2176.470703
-2068.627441
-1372.549072
-784.313720
-284.313720
29.411766
274.509796
1343.137329
1990.196166
2225.490234
1715.686279
1019.607849
411.764709
78.431373
-490.196075
-1058.823608
-1823.529418
-2078.431396
-1960.784301
-1343.137329
-686.274536
-196.078430
78.431373
303.921569
647.058837
1284.313720
1823.529418
2166.666748
1735.294189
1039.215698
421.568634
68.627449
-509.803924
-1029.411743
-1754.901977
-2137.254882
-2000.000000
-1352.941162
-676.470581
127.450981
362.745117
774.509826
1401.960815
1921.568603
2127.450927
1578.431396
254.901962
-58.823532
-254.901962
-607.843139
-1225.490234
-1735.294189
-2176.470703
-1068.627441
-460.784332
-88.235298
147.058822
392.156860
862.745117
1549.019653
1960.784301
2058.823486
1441.176513
196.078430
-49.019607
-294.117645
-676.470581
-1333.333374
-1970.588256
-2078.431396
-950.980407
-401.960784
-49.019607
176.470596
441.176483
950.980407
1627.451049
1970.588256
1352.941162
705.882385
186.274520
-68.627449
-303.921569
-637.254943
-2039.215698
-2078.431396
-1627.451049
-990.196105
-372.549041
-39.215686
196.078430
441.176483
990.196105
1715.686279
2049.019531
1950.980468
1333.333374
696.078430
205.882354
-58.823532
-303.921569
-666.666687
-1313.725463
-1784.313720
-2196.078369
-1794.117675
-382.352935
-39.215686
196.078430
441.176483
960.784301
1715.686279
2000.000000
1411.764770
715.686279
215.686279
-68.627449
-294.117645
-627.450988
-1245.098022
-2107.843261
-1656.862792
-1000.000000
-382.352935
-58.823532
166.666671
441.176483
980.392150
1705.882324
2039.215698
1980.392211
1392.156860
725.490234
225.490203
-362.745117
-725.490234
-1392.156860
-1931.372558
-2186.274658
-1686.274536
-1019.607849
-401.960784
-39.215686
225.490203
490.196075
1019.607849
1774.509887
2205.882324
2078.431396
1352.941162
627.450988
196.078430
-372.549041
-803.921569
-1529.411743
-2068.627441
-2068.627441
-1519.607910
-892.156860
29.411766
264.705902
598.039245
1225.490234
1901.960815
2245.098144
1911.764770
519.607849
88.235298
-156.862747
-392.156860
-833.333374
-1519.607910
-2078.431396
-2225.490234
-1568.627441
-794.117675
-294.117645
9.803922
215.686279
529.411804
1127.451049
1833.333374
2215.686279
1970.588256
529.411804
117.647064
-147.058822
-401.960784
-843.137268
-1549.019653
-2127.450927
-1490.196166
-813.725524
-254.901962
39.215686
254.901962
578.431396
1205.882324
2088.235351
1686.274536
1078.431396
421.568634
58.823532
-186.274520
-441.176483
-1666.666748
-2117.647216
-2000.000000
-1333.333374
-696.078430
-215.686279
58.823532
774.509826
1470.588256
1980.392211
2058.823486
1549.019653
931.372558
382.352935
49.019607
-186.274520
-470.588256
-1029.411743
-1745.098022
-2088.235351
-2000.000000
-735.294128
-215.686279
98.039215
313.725494
666.666687
1294.117675
1921.568603
2186.274658
1754.901977
1107.843139
19.607843
-205.882354
-490.196075
-1009.803955
-2127.450927
-1901.960815
-1254.901977
-598.039245
-156.862747
107.843139
921.568664
1627.451049
2098.039306
2137.254882
1500.000000
823.529418
284.313720
-19.607843
-254.901962
-568.627441
-1186.274536
-2225.490234
-1745.098022
-1117.647094
-509.803924
-107.843139
137.254898
372.549041
1715.686279
2029.411743
1980.392211
1382.353027
725.490234
215.686279
-49.019607
-754.901977
-1441.176513
-1931.372558
-2137.254882
-1666.666748
-1019.607849
0.000000
205.882354
470.588256
1754.901977
2127.450927
1921.568603
1274.509887
627.450988
156.862747
-107.843139
-323.529418
-735.294128
-1421.568603
-2127.450927
-1568.627441
-911.764709
-323.529418
-9.803922
196.078430
509.803924
1901.960815
2225.490234
1892.156860
1176.470581
539.215698
137.254898
-127.450981
-950.980407
-1676.470581
-2176.470703
-2127.450927
-1392.156860
-784.313720
-264.705902
39.215686
254.901962
578.431396
1235.294189
1843.137329
2137.254882
1754.901977
450.980407
98.039215
-147.058822
-401.960784
-852.941162
-1558.823608
-2137.254882
-1460.784301
-813.725524
-274.509796
39.215686
264.705902
578.431396
1186.274536
2107.843261
1666.666748
1058.823608
421.568634
78.431373
-176.470596
-431.372558
-1725.490234
-2078.431396
-2009.803955
-1372.549072
-686.274536
-196.078430
88.235298
333.333343
686.274536
1313.725463
2127.450927
1607.843139
950.980407
343.137268
29.411766
-196.078430
-509.803924
-1862.745117
-2176.470703
-1833.333374
-1235.294189
-578.431396
-147.058822
88.235298
892.156860
1627.451049
2117.647216
2078.431396
1431.372558
794.117675
274.509796
-19.607843
-274.509796
-558.823547
-1960.784301
-2245.098144
-1764.705932
-1098.039184
-480.392150
-88.235298
137.254898
421.568634
892.156860
1607.843139
2098.039306
2137.254882
1490.196166
823.529418
294.117645
-303.921569
-686.274536
-1284.313720
-1794.117675
-2166.666748
-1774.509887
-1137.254882
-39.215686
186.274520
450.980407
970.588256
1598.039184
1990.196166
2039.215698
1401.960815
705.882385
235.294128
-343.137268
-735.294128
-1421.568603
-2019.607910
-2235.294189
-1676.470581
-931.372558
29.411766
254.901962
558.823547
1117.647094
1784.313720
2137.254882
1931.372558
500.000000
127.450981
-117.647064
-401.960784
-843.137268
-1578.431396
-2029.411743
-1421.568603
-774.509826
-254.901962
39.215686
274.509796
598.039245
1225.490234
1901.960815
2196.078369
1823.529418
470.588256
88.235298
-137.254898
-401.960784
-882.352966
-1607.843139
-2176.470703
-1450.980468
-774.509826
-235.294128
49.019607
254.901962
558.823547
1147.058837
2127.450927
1558.823608
1000.000000
470.588256
88.235298
-147.058822
-411.764709
-1656.862792
-2166.666748
-2156.862792
-1421.568603
-686.274536
-215.686279
68.627449
294.117645
666.666687
1352.941162
2215.686279
1715.686279
1029.411743
401.960784
19.607843
-186.274520
-421.568634
-1764.705932
-2156.862792
-2000.000000
-1352.941162
-686.274536
-176.470596
88.235298
735.294128
1431.372558
1911.764770
2078.431396
1598.039184
921.568664
352.941192
-274.509796
-558.823547
-1137.254882
-1833.333374
-2225.490234
-1862.745117
-1127.451049
-460.784332
-117.647064
147.058822
1049.019653
1735.294189
2068.627441
1941.176513
1323.529418
656.862731
225.490203
-372.549041
-794.117675
-1480.392211
-1921.568603
-2176.470703
-1598.039184
-980.392150
-9.803922
235.294128
578.431396
1166.666748
1843.137329
2049.019531
1803.921630
450.980407
117.647064
-147.058822
-421.568634
-901.960815
-1617.647094
-2078.431396
-2049.019531
-1490.196166
-852.941162
58.823532
254.901962
627.450988
1323.529418
1813.725463
2068.627441
1735.294189
372.549041
49.019607
-186.274520
-441.176483
-1019.607849
-1735.294189
-2019.607910
-1254.901977
-617.647094
-166.666671
68.627449
333.333343
715.686279
1411.764770
2215.686279
1637.254882
980.392150
372.549041
19.607843
-205.882354
-470.588256
-1745.098022
-2068.627441
-1901.960815
-1294.117675
-637.254943
-176.470596
117.647064
343.137268
754.901977
1441.176513
2127.450927
1509.803955
882.352966
313.725494
9.803922
-225.490203
-509.803924
-1833.333374
-2245.098144
-1950.980468
-1245.098022
-549.019592
-147.058822
117.647064
921.568664
1647.058837
2176.470703
2225.490234
1509.803955
803.921569
313.725494
-9.803922
-245.098037
-519.607849
-1058.823608
-1813.725463
-2235.294189
-1970.588256
-1215.686279
-549.019592
-147.058822
431.372558
950.980407
1637.254882
2147.058837
2186.274658
1441.176513
754.901977
-58.823532
-313.725494
-656.862731
-1372.549072
-2019.607910
-2088.235351
-1676.470581
-352.941192
-29.411766
225.490203
480.392150
1039.215698
1764.705932
2068.627441
1901.960815
1303.921630
666.666687
186.274520
-58.823532
-333.333343
-696.078430
-1372.549072
-1911.764770
-2117.647216
-1725.490234
-1107.843139
-460.784332
-68.627449
176.470596
980.392150
1598.039184
2049.019531
1980.392211
1343.137329
676.470581
205.882354
-362.745117
-774.509826
-1401.960815
-2049.019531
-2254.902099
-1627.451049
-950.980407
19.607843
254.901962
529.411804
1098.039184
1774.509887
2127.450927
1833.333374
1225.490234
568.627441
117.647064
-401.960784
-843.137268
-1509.803955
-2039.215698
-2156.862792
-1539.215698
-774.509826
49.019607
303.921569
637.254943
1245.098022
1901.960815
2137.254882
1754.901977
352.941192
29.411766
-186.274520
-480.392150
-1029.411743
-1598.039184
-2137.254882
-2078.431396
-1421.568603
-705.882385
-235.294128
49.019607
294.117645
666.666687
1313.725463
1990.196166
2274.509765
1794.117675
382.352935
29.411766
-215.686279
-480.392150
-1009.803955
-1774.509887
-2205.882324
-1294.117675
-607.843139
-137.254898
107.843139
382.352935
843.137268
1529.411743
2205.882324
1539.215698
833.333374
294.117645
-9.803922
-245.098037
-539.215698
-1784.313720
-2137.254882
-1813.725463
-1186.274536
-509.803924
-117.647064
147.058822
1039.215698
1745.098022
2176.470703
2098.039306
1431.372558
715.686279
225.490203
-78.431373
-313.725494
-637.254943
-1352.941162
-2029.411743
-2147.058837
-1627.451049
-1049.019653
-450.980407
-68.627449
156.862747
1078.431396
1637.254882
2019.607910
1941.176513
1303.921630
627.450988
186.274520
-372.549041
-813.725524
-1431.372558
-2009.803955
-2186.274658
-1598.039184
-941.176513
-333.333343
-19.607843
235.294128
1205.882324
1931.372558
2245.098144
1843.137329
1196.078491
519.607849
98.039215
-441.176483
-950.980407
-1617.647094
-2127.450927
-2127.450927
-1500.000000
-833.333374
68.627449
294.117645
676.470581
1323.529418
1862.745117
2078.431396
1696.078491
1068.627441
431.372558
58.823532
-470.588256
-1009.803955
-1607.843139
-2137.254882
-2049.019531
-1382.353027
-647.058837
117.647064
382.352935
823.529418
1539.215698
2117.647216
2225.490234
1607.843139
274.509796
-49.019607
-274.509796
-578.431396
-1225.490234
-1941.176513
-2235.294189
-1088.235351
-392.156860
-68.627449
166.666671
450.980407
950.980407
1607.843139
2117.647216
2176.470703
1509.803955
205.882354
-78.431373
-323.529418
-656.862731
-1313.725463
-2009.803955
-2294.117675
-1009.803955
-362.745117
-19.607843
205.882354
500.000000
941.176513
1598.039184
1950.980468
1225.490234
598.039245
176.470596
-88.235298
-333.333343
-735.294128
-2058.823486
-2264.705810
-1656.862792
-892.156860
-362.745117
-49.019607
205.882354
480.392150
1039.215698
1813.725463
1931.372558
1294.117675
617.647094
156.862747
-117.647064
-352.941192
-803.921569
-2078.431396
-2186.274658
-1568.627441
-833.333374
-303.921569
0.000000
205.882354
1215.686279
1882.353027
2147.058837
1774.509887
1137.254882
519.607849
127.450981
-450.980407
-960.784301
-1666.666748
-2156.862792
-2039.215698
-1431.372558
-794.117675
-274.509796
29.411766
245.098037
558.823547
1205.882324
1735.294189
2137.254882
1009.803955
421.568634
78.431373
-156.862747
-450.980407
-931.372558
-1656.862792
-2166.666748
-1382.353027
-696.078430
-235.294128
29.411766
294.117645
647.058837
1921.568603
2186.274658
1754.901977
1058.823608
421.568634
49.019607
-156.862747
-1000.000000
-1764.705932
-2019.607910
-1990.196166
-1411.764770
-705.882385
-205.882354
78.431373
294.117645
656.862731
1941.176513
2049.019531
1607.843139
960.784301
362.745117
49.019607
-215.686279
-1137.254882
-1882.353027
-2166.666748
-1784.313720
-1215.686279
-598.039245
-166.666671
392.156860
833.333374
1431.372558
2009.803955
2098.039306
1470.588256
823.529418
-68.627449
-284.313720
-637.254943
-1254.901977
-1882.353027
-2205.882324
-1813.725463
-382.352935
-39.215686
205.882354
460.784332
970.588256
1607.843139
2088.235351
2049.019531
1421.568603
735.294128
215.686279
-58.823532
-294.117645
-627.450988
-1254.901977
-1911.764770
-2225.490234
-1823.529418
-401.960784
-39.215686
186.274520
441.176483
970.588256
1568.627441
2078.431396
1254.901977
617.647094
166.666671
-98.039215
-333.333343
-754.901977
-1441.176513
-2166.666748
-1470.588256
-882.352966
-333.333343
0.000000
156.862747
421.568634
1666.666748
2019.607910
1892.156860
1294.117675
627.450988
156.862747
-107.843139
-794.117675
-1450.980468
-1960.784301
-2166.666748
-1607.843139
-901.960815
-333.333343
284.313720
617.647094
1294.117675
1950.980468
2264.705810
1852.941162
1107.843139
431.372558
68.627449
-166.666671
-1009.803955
-1803.921630
-2186.274658
-1892.156860
-1323.529418
-676.470581
-215.686279
362.745117
754.901977
1352.941162
1990.196166
2166.666748
1578.431396
245.098037
-58.823532
-264.705902
-568.627441
-1186.274536
-1823.529418
-2205.882324
-1088.235351
-460.784332
-78.431373
156.862747
411.764709
882.352966
1509.803955
1901.960815
1284.313720
676.470581
205.882354
-68.627449
-323.529418
-676.470581
-2058.823486
-2225.490234
-1598.039184
-950.980407
-411.764709
-58.823532
176.470596
1098.039184
1823.529418
2264.705810
2039.215698
1343.137329
598.039245
196.078430
-392.156860
-843.137268
-1578.431396
-2147.058837
-2186.274658
-1441.176513
-852.941162
58.823532
313.725494
656.862731
1313.725463
1892.156860
2098.039306
1764.705932
1058.823608
460.784332
98.039215
-147.058822
-401.960784
-872.549011
-1588.235351
-2049.019531
-2039.215698
-1509.803955
-872.549011
39.215686
264.705902
637.254943
1294.117675
1901.960815
2098.039306
1696.078491
441.176483
88.235298
-176.470596
-421.568634
-921.568664
-1676.470581
-2186.274658
-1421.568603
-705.882385
-235.294128
58.823532
303.921569
647.058837
1323.529418
2176.470703
1637.254882
1009.803955
382.352935
58.823532
-196.078430
-450.980407
-1803.921630
-2078.431396
-1931.372558
-1313.725463
-627.450988
-186.274520
88.235298
794.117675
1519.607910
1921.568603
2068.627441
1519.607910
872.549011
313.725494
-284.313720
-607.843139
-1235.294189
-1833.333374
-2196.078369
-1843.137329
-411.764709
-58.823532
166.666671
421.568634
882.352966
1539.215698
2078.431396
1245.098022
627.450988
205.882354
-68.627449
-313.725494
-705.882385
-1392.156860
-2254.902099
-1705.882324
-950.980407
-421.568634
-49.019607
186.274520
470.588256
1696.078491
2127.450927
1970.588256
1333.333374
656.862731
176.470596
-98.039215
-764.705871
-1421.568603
-2019.607910
-2176.470703
-1637.254882
-931.372558
-343.137268
284.313720
607.843139
1294.117675
1970.588256
2215.686279
1813.725463
1147.058837
68.627449
-186.274520
-450.980407
-950.980407
-1627.451049
-2137.254882
-2166.666748
-676.470581
-196.078430
68.627449
303.921569
637.254943
1225.490234
1862.745117
1549.019653
921.568664
362.745117
29.411766
-205.882354
-500.000000
-931.372558
-2078.431396
-2029.411743
-1372.549072
-696.078430
-205.882354
88.235298
303.921569
656.862731
1264.705932
1892.156860
2176.470703
1725.490234
1098.039184
441.176483
88.235298
-166.666671
-421.568634
-882.352966
-2068.627441
-2029.411743
-1401.960815
-715.686279
-225.490203
68.627449
294.117645
1421.568603
1882.353027
2117.647216
1598.039184
950.980407
372.549041
39.215686
-529.411804
-1127.451049
-1862.745117
-2147.058837
-1852.941162
-1274.509887
-598.039245
147.058822
382.352935
852.941162
1558.823608
2009.803955
2039.215698
1480.392211
225.490203
-49.019607
-294.117645
-647.058837
-1313.725463
-1872.549072
-2068.627441
-1764.705932
-1156.862792
-500.000000
166.666671
431.372558
950.980407
1676.470581
2127.450927
2039.215698
1323.529418
166.666671
-117.647064
-362.745117
-725.490234
-1401.960815
-1862.745117
-2156.862792
-882.352966
-323.529418
-9.803922
225.490203
519.607849
1098.039184
1813.725463
1931.372558
1245.098022
568.627441
137.254898
-117.647064
-372.549041
-823.529418
-1558.823608
-2088.235351
-2058.823486
-774.509826
-313.725494
0.000000
235.294128
539.215698
1107.843139
1725.490234
1882.353027
1166.666748
519.607849
117.647064
-107.843139
-392.156860
-833.333374
-2176.470703
-2176.470703
-1411.764770
-794.117675
-274.509796
9.803922
215.686279
1196.078491
1862.745117
2215.686279
1803.921630
1156.862792
519.607849
88.235298
-441.176483
-931.372558
-1598.039184
-2127.450927
-2147.058837
-1470.588256
-784.313720
98.039215
323.529418
656.862731
1264.705932
1921.568603
2156.862792
1715.686279
1058.823608
421.568634
49.019607
-176.470596
-431.372558
-911.764709
-1539.215698
-2107.843261
-2176.470703
-1519.607910
-794.117675
88.235298
313.725494
647.058837
1225.490234
1862.745117
2137.254882
1725.490234
1068.627441
441.176483
68.627449
-166.666671
-1000.000000
-1754.901977
-2019.607910
-2009.803955
-1382.353027
-715.686279
107.843139
362.745117
754.901977
1382.353027
2019.607910
2137.254882
1607.843139
274.509796
-19.607843
-245.098037
-558.823547
-1107.843139
-1794.117675
-2215.686279
-1137.254882
-470.588256
-98.039215
156.862747
392.156860
852.941162
1509.803955
1980.392211
1382.353027
137.254898
-107.843139
-362.745117
-735.294128
-2137.254882
-2058.823486
-1500.000000
-843.137268
-343.137268
-19.607843
215.686279
1186.274536
1892.156860
2245.098144
1892.156860
1225.490234
519.607849
137.254898
-127.450981
-372.549041
-852.941162
-1578.431396
-2049.019531
-2088.235351
-1509.803955
-872.549011
-323.529418
0.000000
186.274520
1049.019653
1725.490234
2107.843261
1901.960815
1303.921630
637.254943
156.862747
-401.960784
-843.137268
-1519.607910
-2088.235351
-2235.294189
-1519.607910
-794.117675
68.627449
294.117645
627.450988
1284.313720
1931.372558
2215.686279
1803.921630
411.764709
49.019607
-166.666671
-411.764709
-941.176513
-1598.039184
-1990.196166
-1274.509887
-647.058837
-176.470596
88.235298
313.725494
715.686279
1392.156860
2225.490234
1696.078491
1000.000000
421.568634
68.627449
-176.470596
-421.568634
-1725.490234
-2078.431396
-1960.784301
-1333.333374
-676.470581
-186.274520
88.235298
323.529418
686.274536
1323.529418
1970.588256
2186.274658
1735.294189
1068.627441
411.764709
58.823532
-186.274520
-431.372558
-980.392150
-1705.882324
-2186.274658
-2156.862792
-676.470581
-186.274520
88.235298
313.725494
686.274536
1303.921630
1960.784301
2186.274658
1754.901977
1088.235351
19.607843
-225.490203
-500.000000
-1068.627441
-1656.862792
-2098.039306
-2000.000000
-1333.333374
-705.882385
-205.882354
68.627449
294.117645
647.058837
1323.529418
1833.333374
1578.431396
931.372558
382.352935
49.019607
-186.274520
-441.176483
-970.588256
-2107.843261
-2039.215698
-1392.156860
-686.274536
-205.882354
78.431373
303.921569
1431.372558
2029.411743
2235.294189
1637.254882
960.784301
362.745117
9.803922
-558.823547
-1186.274536
-1715.686279
-2166.666748
-1911.764770
-1264.705932
-558.823547
-156.862747
117.647064
382.352935
833.333374
1558.823608
2117.647216
2147.058837
1519.607910
852.941162
352.941192
19.607843
-568.627441
-1235.294189
-1931.372558
-2215.686279
-1715.686279
-1127.451049
-509.803924
-117.647064
137.254898
372.549041
1666.666748
2000.000000
2196.078369
1470.588256
754.901977
294.117645
-39.215686
-656.862731
-1352.941162
-2049.019531
-2264.705810
-1627.451049
-1029.411743
-421.568634
215.686279
500.000000
1088.235351
1794.117675
2137.254882
1911.764770
1225.490234
127.450981
-137.254898
-392.156860
-852.941162
-1509.803955
-1950.980468
-2166.666748
-774.509826
-245.098037
19.607843
274.509796
568.627441
1196.078491
1911.764770
1803.921630
1186.274536
509.803924
78.431373
-147.058822
-392.156860
-843.137268
-2049.019531
-2098.039306
-1470.588256
-803.921569
-254.901962
49.019607
274.509796
1264.705932
1833.333374
2137.254882
1705.882324
1078.431396
431.372558
-245.098037
-500.000000
-1078.431396
-1666.666748
-2156.862792
-2009.803955
-1343.137329
-117.647064
127.450981
411.764709
852.941162
1578.431396
2098.039306
2225.490234
794.117675
264.705902
-29.411766
-254.901962
-539.215698
-1137.254882
-1882.353027
-2235.294189
-1872.549072
-1166.666748
-480.392150
-117.647064
137.254898
411.764709
1705.882324
2166.666748
2088.235351
1313.725463
686.274536
235.294128
-39.215686
-754.901977
-1441.176513
-2078.431396
-2147.058837
-1617.647094
-980.392150
-382.352935
235.294128
529.411804
1147.058837
1715.686279
2098.039306
1852.941162
1245.098022
588.235290
147.058822
-107.843139
-343.137268
-754.901977
-1450.980468
-2029.411743
-2245.098144
-1686.274536
-931.372558
-343.137268
284.313720
647.058837
1264.705932
1941.176513
2205.882324
1715.686279
1098.039184
58.823532
-186.274520
-460.784332
-1000.000000
-1666.666748
-2176.470703
-2117.647216
-1362.745117
-774.509826
-254.901962
19.607843
274.509796
617.647094
1254.901977
1921.568603
2196.078369
1803.921630
1107.843139
58.823532
-176.470596
-431.372558
-960.784301
-1647.058837
-2166.666748
-2068.627441
-686.274536
-215.686279
58.823532
274.509796
656.862731
1343.137329
2009.803955
1725.490234
1029.411743
401.960784
39.215686
-196.078430
-470.588256
-1009.803955
-2166.666748
-2009.803955
-1313.725463
-568.627441
-156.862747
98.039215
323.529418
1539.215698
2117.647216
2205.882324
1578.431396
872.549011
323.529418
-9.803922
-568.627441
-1147.058837
-1843.137329
-2215.686279
-1852.941162
-1137.254882
-460.784332
-98.039215
137.254898
411.764709
872.549011
1568.627441
2147.058837
2235.294189
1549.019653
852.941162
323.529418
-9.803922
-588.235290
-1186.274536
-1911.764770
-2264.705810
-1872.549072
-1196.078491
-490.196075
-127.450981
147.058822
411.764709
1686.274536
2166.666748
2156.862792
1460.784301
745.098083
284.313720
-49.019607
-666.666687
-1333.333374
-1990.196166
-2274.509765
-1745.098022
-960.784301
-421.568634
215.686279
539.215698
1156.862792
1852.941162
2137.254882
1794.117675
1205.882324
98.039215
-147.058822
-382.352935
-882.352966
-1588.235351
-2009.803955
-2058.823486
-1500.000000
-852.941162
-313.725494
264.705902
607.843139
1284.313720
1921.568603
2156.862792
1705.882324
1127.451049
39.215686
-205.882354
-470.588256
-990.196105
-1705.882324
-2098.039306
-2000.000000
-774.509826
-235.294128
49.019607
254.901962
578.431396
1176.470581
1794.117675
1617.647094
1000.000000
450.980407
78.431373
-156.862747
-421.568634
-892.156860
-1598.039184
-2137.254882
-2186.274658
-1411.764770
-235.294128
68.627449
303.921569
627.450988
1303.921630
1960.784301
2254.902099
1843.137329
1137.254882
470.588256
107.843139
-166.666671
-441.176483
-960.784301
-1686.274536
-2107.843261
-1990.196166
-1460.784301
-186.274520
78.431373
313.725494
656.862731
1362.745117
1852.941162
2098.039306
911.764709
411.764709
-264.705902
-568.627441
-1215.686279
-1882.353027
-1843.137329
-1049.019653
-460.784332
-88.235298
127.450981
411.764709
1735.294189
2186.274658
2058.823486
1333.333374
696.078430
225.490203
-58.823532
-735.294128
-1411.764770
-2049.019531
-2245.098144
-1598.039184
-950.980407
-382.352935
235.294128
549.019592
1186.274536
1833.333374
2058.823486
1823.529418
1205.882324
539.215698
137.254898
-137.254898
-382.352935
-754.901977
-1411.764770
-2029.411743
-1519.607910
-862.745117
-274.509796
303.921569
647.058837
1264.705932
1931.372558
2215.686279
1784.313720
1107.843139
9.803922
-205.882354
-470.588256
-960.784301
-1598.039184
-2117.647216
-2058.823486
-607.843139
-196.078430
88.235298
323.529418
715.686279
1382.353027
1892.156860
2068.627441
1617.647094
990.196105
9.803922
-205.882354
-490.196075
-1009.803955
-1813.725463
-2215.686279
-1901.960815
-558.823547
-137.254898
127.450981
382.352935
823.529418
1549.019653
2078.431396
1558.823608
862.745117
313.725494
-9.803922
-235.294128
-500.000000
-1137.254882
-2245.098144
-1921.568603
-1166.666748
-509.803924
-147.058822
137.254898
352.941192
1676.470581
2117.647216
2009.803955
1362.745117
764.705871
245.098037
-39.215686
-647.058837
-1352.941162
-2019.607910
-2147.058837
-1617.647094
-1049.019653
-441.176483
205.882354
470.588256
1009.803955
1696.078491
2107.843261
2000.000000
1254.901977
156.862747
-107.843139
-372.549041
-813.725524
-1450.980468
-1892.156860
-2117.647216
-1617.647094
-941.176513
-343.137268
-19.607843
215.686279
490.196075
990.196105
1637.254882
2019.607910
1980.392211
1343.137329
117.647064
-127.450981
-372.549041
-754.901977
-1401.960815
-2029.411743
-2235.294189
-843.137268
-303.921569
29.411766
254.901962
539.215698
1088.235351
1823.529418
1666.666748
1068.627441
441.176483
58.823532
-156.862747
-421.568634
-843.137268
-1500.000000
-2107.843261
-2009.803955
-725.490234
-245.098037
39.215686
274.509796
607.843139
1254.901977
1931.372558
1754.901977
1117.647094
460.784332
78.431373
-156.862747
-421.568634
-921.568664
-2088.235351
-2078.431396
-1411.764770
-735.294128
-235.294128
78.431373
303.921569
1401.960815
1980.392211
2215.686279
1686.274536
990.196105
362.745117
39.215686
-205.882354
-460.784332
-1000.000000
-1607.843139
-1892.156860
-1284.313720
-627.450988
-176.470596
68.627449
323.529418
1558.823608
2068.627441
2088.235351
1441.176513
862.745117
313.725494
9.803922
-549.019592
-1156.862792
-1852.941162
-2245.098144
-1911.764770
-1137.254882
-529.411804
147.058822
441.176483
950.980407
1637.254882
2147.058837
2166.666748
1431.372558
764.705871
284.313720
-19.607843
-274.509796
-1343.137329
-1980.392211
-2156.862792
-1676.470581
-1058.823608
-441.176483
225.490203
480.392150
1009.803955
1676.470581
2107.843261
1960.784301
1352.941162
127.450981
-137.254898
-382.352935
-823.529418
-1529.411743
-2127.450927
-2254.902099
-833.333374
-284.313720
39.215686
245.098037
529.411804
1098.039184
1764.705932
2127.450927
1833.333374
1215.686279
58.823532
-186.274520
-401.960784
-872.549011
-1519.607910
-2078.431396
-2176.470703
-725.490234
-225.490203
58.823532
294.117645
656.862731
1333.333374
1813.725463
1627.451049
960.784301
421.568634
58.823532
-176.470596
-421.568634
-950.980407
-2088.235351
-2058.823486
-1431.372558
-725.490234
-225.490203
78.431373
303.921569
637.254943
1313.725463
1960.784301
2205.882324
1784.313720
1107.843139
450.980407
68.627449
-166.666671
-431.372558
-950.980407
-1598.039184
-2147.058837
-2196.078369
-1509.803955
-235.294128
68.627449
313.725494
647.058837
1264.705932
1901.960815
2196.078369
1009.803955
411.764709
68.627449
-186.274520
-470.588256
-980.392150
-1627.451049
-1931.372558
-1284.313720
-637.254943
-186.274520
88.235298
313.725494
705.882385
2107.843261
2235.294189
1588.235351
872.549011
362.745117
29.411766
-225.490203
-470.588256
-1049.019653
-1823.529418
-1960.784301
-1225.490234
-529.411804
-137.254898
107.843139
372.549041
823.529418
2127.450927
2196.078369
1509.803955
794.117675
323.529418
-19.607843
-245.098037
-1235.294189
-1941.176513
-2274.509765
-1803.921630
-1068.627441
-441.176483
-68.627449
156.862747
411.764709
921.568664
2156.862792
2166.666748
1460.784301
735.294128
225.490203
-49.019607
-284.313720
-1303.921630
-1990.196166
-2264.705810
-1774.509887
-1068.627441
-392.156860
-58.823532
529.411804
1156.862792
1872.549072
2176.470703
1931.372558
1196.078491
568.627441
-156.862747
-441.176483
-921.568664
-1617.647094
-1980.392211
-2127.450927
-1509.803955
-833.333374
-284.313720
9.803922
656.862731
1333.333374
1872.549072
2127.450927
1656.862792
1078.431396
460.784332
-196.078430
-480.392150
-950.980407
-1627.451049
-2098.039306
-2039.215698
-1411.764770
-147.058822
107.843139
343.137268
774.509826
1411.764770
1990.196166
2225.490234
833.333374
294.117645
-9.803922
-254.901962
-549.019592
-1176.470581
-1754.901977
-2039.215698
-1911.764770
-1294.117675
-107.843139
137.254898
431.372558
862.745117
1578.431396
2058.823486
2186.274658
735.294128
225.490203
-49.019607
-303.921569
-637.254943
-1254.901977
-1803.921630
-1617.647094
-1019.607849
-411.764709
-49.019607
176.470596
431.372558
941.176513
2205.882324
2078.431396
1294.117675
637.254943
205.882354
-68.627449
-303.921569
-676.470581
-1382.353027
-2049.019531
-1705.882324
-980.392150
-431.372558
-49.019607
176.470596
441.176483
960.784301
2049.019531
1901.960815
1264.705932
617.647094
176.470596
-78.431373
-343.137268
-1539.215698
-2058.823486
-2098.039306
-1558.823608
-931.372558
-352.941192
-49.019607
588.235290
1245.098022
1852.941162
2078.431396
1735.294189
1166.666748
529.411804
-166.666671
-431.372558
-892.156860
-1519.607910
-2058.823486
-2107.843261
-1480.392211
-784.313720
-284.313720
29.411766
274.509796
568.627441
1176.470581
1862.745117
2205.882324
1862.745117
1196.078491
558.823547
-186.274520
-470.588256
-1019.607849
-1764.705932
-2147.058837
-1931.372558
-1352.941162
-147.058822
117.647064
343.137268
715.686279
1392.156860
1882.353027
2147.058837
823.529418
303.921569
-19.607843
-245.098037
-549.019592
-1156.862792
-1862.745117
-1823.529418
-1058.823608
-470.588256
-107.843139
166.666671
392.156860
803.921569
2186.274658
2088.235351
1284.313720
696.078430
235.294128
-68.627449
-274.509796
-1392.156860
-2039.215698
-2147.058837
-1588.235351
-970.588256
-392.156860
225.490203
529.411804
1156.862792
1705.882324
2068.627441
1872.549072
1274.509887
98.039215
-166.666671
-411.764709
-872.549011
-1588.235351
-1960.784301
-2127.450927
-735.294128
-254.901962
68.627449
274.509796
637.254943
1274.509887
1931.372558
1784.313720
1058.823608
441.176483
68.627449
-166.666671
-421.568634
-950.980407
-1656.862792
-2176.470703
-2147.058837
-725.490234
-235.294128
58.823532
284.313720
637.254943
1264.705932
1892.156860
1656.862792
1000.000000
421.568634
88.235298
-147.058822
-441.176483
-970.588256
-2156.862792
-2137.254882
-1411.764770
-656.862731
-196.078430
58.823532
303.921569
1460.784301
2039.215698
2264.705810
1705.882324
1009.803955
372.549041
19.607843
-215.686279
-470.588256
-1019.607849
-1764.705932
-2215.686279
-1990.196166
-1294.117675
-656.862731
-186.274520
68.627449
294.117645
686.274536
1352.941162
1843.137329
2166.666748
911.764709
333.333343
29.411766
-205.882354
-490.196075
-1058.823608
-1784.313720
-1921.568603
-1176.470581
-549.019592
-137.254898
117.647064
343.137268
784.313720
2137.254882
2196.078369
1568.627441
843.137268
323.529418
19.607843
-245.098037
-500.000000
-1058.823608
-1666.666748
-1784.313720
-1225.490234
-568.627441
