1803.921630
2098.039306
1754.901977
1166.666748
509.803924
117.647064
-137.254898
-372.549041
-1578.431396
-2088.235351
-2088.235351
-1441.176513
-745.098083
-264.705902
49.019607
676.470581
1274.509887
1862.745117
2156.862792
1647.058837
1000.000000
411.764709
-225.490203
-519.607849
-1117.647094
-1647.058837
-2058.823486
-1931.372558
-1333.333374
-107.843139
127.450981
382.352935
803.921569
1500.000000
1941.176513
2058.823486
1500.000000
990.196105
411.764709
49.019607
-176.470596
-431.372558
-892.156860
-1549.019653
-2058.823486
-2088.235351
-1470.588256
-176.470596
107.843139
343.137268
705.882385
1372.549072
2000.000000
2107.843261
1676.470581
990.196105
431.372558
58.823532
-500.000000
-960.784301
-1617.647094
-2117.647216
-2107.843261
-1431.372558
-686.274536
98.039215
333.333343
696.078430
1323.529418
1970.588256
2215.686279
1725.490234
1009.803955
411.764709
49.019607
-500.000000
-1068.627441
-1725.490234
-2019.607910
-1960.784301
-1313.725463
-637.254943
-205.882354
78.431373
303.921569
676.470581
1264.705932
1901.960815
2137.254882
1666.666748
323.529418
9.803922
-215.686279
-490.196075
-1058.823608
-1784.313720
-2058.823486
-1186.274536
-549.019592
-147.058822
107.843139
333.333343
754.901977
1470.588256
2147.058837
1480.392211
754.901977
274.509796
-9.803922
-245.098037
-519.607849
-1784.313720
-2078.431396
-1823.529418
-1205.882324
-549.019592
-117.647064
137.254898
401.960784
833.333374
1529.411743
2058.823486
2186.274658
1558.823608
882.352966
323.529418
-9.803922
-225.490203
-470.588256
-1882.353027
-2029.411743
-1794.117675
-1215.686279
-558.823547
-147.058822
137.254898
950.980407
1558.823608
2088.235351
2088.235351
1460.784301
764.705871
245.098037
-313.725494
-686.274536
-1323.529418
-1990.196166
-2274.509765
-1725.490234
-980.392150
0.000000
186.274520
450.980407
970.588256
1617.647094
2088.235351
2098.039306
617.647094
205.882354
-78.431373
-313.725494
-715.686279
-1372.549072
-1852.941162
-1519.607910
-901.960815
-343.137268
-29.411766
205.882354
500.000000
931.372558
2000.000000
2078.431396
1323.529418
647.058837
235.294128
-78.431373
-294.117645
-1392.156860
-2078.431396
-2254.902099
-1588.235351
-911.764709
-343.137268
-49.019607
509.803924
1117.647094
1823.529418
2215.686279
1921.568603
1235.294189
98.039215
-137.254898
-411.764709
-872.549011
-1598.039184
-2137.254882
-2196.078369
-803.921569
-264.705902
29.411766
274.509796
549.019592
1156.862792
1862.745117
1676.470581
1029.411743
421.568634
68.627449
-166.666671
-421.568634
-862.745117
-2127.450927
-1911.764770
-1323.529418
-666.666687
-215.686279
68.627449
294.117645
1490.196166
1911.764770
2088.235351
1529.411743
872.549011
313.725494
9.803922
-519.607849
-1088.235351
-1843.137329
-2215.686279
-1872.549072
-1176.470581
-558.823547
147.058822
401.960784
921.568664
1598.039184
2107.843261
2098.039306
1470.588256
254.901962
-49.019607
-294.117645
-607.843139
-1303.921630
-1970.588256
-2264.705810
-1039.215698
-421.568634
-68.627449
166.666671
450.980407
950.980407
1568.627441
2078.431396
2098.039306
1470.588256
186.274520
-88.235298
-323.529418
-666.666687
-1264.705932
-1960.784301
-2245.098144
-1764.705932
-1019.607849
-392.156860
-58.823532
176.470596
450.980407
950.980407
1607.843139
1921.568603
1303.921630
656.862731
196.078430
-107.843139
-323.529418
-676.470581
-2019.607910
-2078.431396
-1588.235351
-931.372558
-333.333343
-29.411766
215.686279
1117.647094
1715.686279
2088.235351
1813.725463
1205.882324
558.823547
117.647064
-127.450981
-382.352935
-823.529418
-1980.392211
-2088.235351
-1490.196166
-205.882354
88.235298
303.921569
647.058837
1284.313720
1813.725463
2127.450927
892.156860
372.549041
39.215686
-196.078430
-441.176483
-1000.000000
-1656.862792
-1970.588256
-1372.549072
-676.470581
-215.686279
88.235298
294.117645
637.254943
2049.019531
2166.666748
1539.215698
892.156860
362.745117
39.215686
-196.078430
-460.784332
-1019.607849
-1764.705932
-2117.647216
-1254.901977
-558.823547
-156.862747
98.039215
352.941192
764.705871
1431.372558
2049.019531
2264.705810
1715.686279
960.784301
450.980407
49.019607
-176.470596
-421.568634
-872.549011
-1519.607910
-2088.235351
-1313.725463
-676.470581
-215.686279
68.627449
284.313720
627.450988
1284.313720
2225.490234
1598.039184
892.156860
441.176483
58.823532
-176.470596
-441.176483
-1705.882324
-2147.058837
-2009.803955
-1352.941162
-607.843139
-196.078430
88.235298
803.921569
1470.588256
2009.803955
2156.862792
1617.647094
941.176513
333.333343
-274.509796
-568.627441
-1215.686279
-1931.372558
-2245.098144
-1823.529418
-1058.823608
-58.823532
176.470596
421.568634
970.588256
1637.254882
2147.058837
2127.450927
1490.196166
803.921569
254.901962
-68.627449
-264.705902
-607.843139
-1215.686279
-1931.372558
-2274.509765
-1823.529418
-1049.019653
-68.627449
176.470596
450.980407
970.588256
1607.843139
2137.254882
2147.058837
656.862731
205.882354
-78.431373
-323.529418
-666.666687
-1294.117675
-1921.568603
-1588.235351
-931.372558
-382.352935
-29.411766
215.686279
470.588256
1009.803955
2166.666748
1813.725463
1186.274536
529.411804
137.254898
-117.647064
-352.941192
-1617.647094
-1980.392211
-2078.431396
-1480.392211
-833.333374
-284.313720
333.333343
686.274536
1343.137329
1960.784301
2225.490234
1735.294189
1019.607849
9.803922
-215.686279
-460.784332
-1019.607849
-1754.901977
-2186.274658
-2019.607910
-588.235290
-156.862747
127.450981
372.549041
774.509826
1460.784301
1990.196166
1431.372558
784.313720
264.705902
-29.411766
-254.901962
-558.823547
-1156.862792
-2156.862792
-1656.862792
-1078.431396
-460.784332
-68.627449
156.862747
401.960784
1705.882324
2009.803955
1921.568603
1323.529418
647.058837
215.686279
-58.823532
-803.921569
-1490.196166
-1941.176513
-2137.254882
-1617.647094
-950.980407
-372.549041
-39.215686
205.882354
450.980407
1019.607849
1568.627441
2039.215698
1960.784301
1313.725463
656.862731
205.882354
-88.235298
-803.921569
-1490.196166
-1882.353027
-2137.254882
-1617.647094
-960.784301
-352.941192
274.509796
549.019592
1117.647094
1784.313720
2107.843261
1843.137329
1225.490234
558.823547
127.450981
-117.647064
-382.352935
-813.725524
-1549.019653
-2068.627441
-2235.294189
-1568.627441
-803.921569
-284.313720
9.803922
215.686279
490.196075
1019.607849
2049.019531
1794.117675
1215.686279
549.019592
127.450981
-127.450981
-382.352935
-1500.000000
-2107.843261
-2019.607910
-1441.176513
-803.921569
-264.705902
294.117645
627.450988
1245.098022
1823.529418
2137.254882
1676.470581
1029.411743
19.607843
-196.078430
-519.607849
-1078.431396
-1617.647094
-2068.627441
-1990.196166
-568.627441
-147.058822
107.843139
333.333343
745.098083
1372.549072
1892.156860
1392.156860
774.509826
274.509796
-29.411766
-245.098037
-539.215698
-1147.058837
-2215.686279
-1833.333374
-1098.039184
-470.588256
-98.039215
147.058822
392.156860
1637.254882
2127.450927
2107.843261
1480.392211
754.901977
264.705902
-68.627449
-656.862731
-1323.529418
-2000.000000
-2137.254882
-1725.490234
-1058.823608
-460.784332
225.490203
509.803924
1029.411743
1764.705932
2176.470703
2019.607910
1333.333374
666.666687
176.470596
-107.843139
-352.941192
-774.509826
-1470.588256
-2098.039306
-2196.078369
-1519.607910
-911.764709
-352.941192
-39.215686
196.078430
460.784332
1039.215698
1745.098022
2166.666748
1970.588256
588.235290
176.470596
-117.647064
-813.725524
-1529.411743
-2088.235351
-2205.882324
-1490.196166
-813.725524
-264.705902
284.313720
666.666687
1352.941162
1931.372558
2088.235351
1656.862792
1058.823608
19.607843
-215.686279
-509.803924
-1078.431396
-1696.078491
-2029.411743
-1960.784301
-1372.549072
-686.274536
-205.882354
362.745117
833.333374
1529.411743
2039.215698
2186.274658
1598.039184
901.960815
-49.019607
-274.509796
-578.431396
-1186.274536
-1892.156860
-2215.686279
-1843.137329
-460.784332
-78.431373
186.274520
421.568634
941.176513
1598.039184
2098.039306
1284.313720
627.450988
186.274520
-88.235298
-323.529418
-715.686279
-1362.745117
-1852.941162
-2166.666748
-1725.490234
-333.333343
-9.803922
186.274520
519.607849
1068.627441
1676.470581
2000.000000
1323.529418
656.862731
196.078430
-78.431373
-313.725494
-647.058837
-1254.901977
-2068.627441
-1568.627441
-921.568664
-343.137268
-29.411766
215.686279
480.392150
1843.137329
2029.411743
1784.313720
1176.470581
529.411804
117.647064
-117.647064
-941.176513
-1647.058837
-1960.784301
-2049.019531
-1441.176513
-803.921569
-274.509796
29.411766
274.509796
529.411804
1137.254882
1794.117675
2137.254882
1784.313720
1176.470581
539.215698
98.039215
-137.254898
-931.372558
-1627.451049
-1960.784301
-2098.039306
-1450.980468
-803.921569
-264.705902
294.117645
666.666687
1274.509887
1882.353027
2156.862792
1705.882324
1039.215698
0.000000
-205.882354
-460.784332
-1019.607849
-1745.098022
-2196.078369
-2049.019531
-647.058837
-205.882354
78.431373
323.529418
676.470581
1294.117675
1970.588256
1549.019653
892.156860
333.333343
9.803922
-186.274520
-480.392150
-1019.607849
-2186.274658
-1990.196166
-1264.705932
-568.627441
-156.862747
88.235298
343.137268
764.705871
1460.784301
2049.019531
1598.039184
911.764709
323.529418
9.803922
-205.882354
-500.000000
-941.176513
-2019.607910
-1941.176513
-1352.941162
-676.470581
-205.882354
98.039215
294.117645
1372.549072
1921.568603
2127.450927
1539.215698
882.352966
333.333343
0.000000
-490.196075
-1039.215698
-1647.058837
-2088.235351
-1990.196166
-1343.137329
-588.235290
147.058822
392.156860
823.529418
1519.607910
2029.411743
2196.078369
1598.039184
235.294128
-39.215686
-294.117645
-617.647094
-1215.686279
-1931.372558
-2245.098144
-1039.215698
-441.176483
-58.823532
166.666671
431.372558
970.588256
1607.843139
1911.764770
1294.117675
617.647094
176.470596
-68.627449
-323.529418
-715.686279
-2078.431396
-2245.098144
-1568.627441
-901.960815
-343.137268
-39.215686
196.078430
470.588256
1049.019653
1754.901977
1970.588256
1313.725463
588.235290
186.274520
-117.647064
-362.745117
-774.509826
-2039.215698
-2215.686279
-1568.627441
-264.705902
49.019607
254.901962
578.431396
1196.078491
1862.745117
2137.254882
1019.607849
411.764709
68.627449
-176.470596
-441.176483
-941.176513
-1686.274536
-2058.823486
-1284.313720
-666.666687
-196.078430
58.823532
294.117645
666.666687
1990.196166
2235.294189
1735.294189
1009.803955
392.156860
49.019607
-196.078430
-1068.627441
-1735.294189
-2166.666748
-1970.588256
-1333.333374
-588.235290
-176.470596
401.960784
882.352966
1607.843139
2098.039306
2186.274658
1558.823608
872.549011
294.117645
-29.411766
-245.098037
-1166.666748
-1911.764770
-2215.686279
-1833.333374
-1088.235351
-431.372558
-78.431373
500.000000
941.176513
1588.235351
2088.235351
2078.431396
1441.176513
735.294128
-107.843139
-352.941192
-745.098083
-1431.372558
-2049.019531
-2254.902099
-1676.470581
-333.333343
-9.803922
215.686279
490.196075
1039.215698
1725.490234
2088.235351
1950.980468
1294.117675
627.450988
156.862747
-107.843139
-352.941192
-754.901977
-2000.000000
-2088.235351
-1549.019653
-911.764709
-343.137268
-19.607843
196.078430
509.803924
1088.235351
1725.490234
2049.019531
1862.745117
1274.509887
627.450988
186.274520
-107.843139
-313.725494
-696.078430
-2088.235351
-2196.078369
-1509.803955
-872.549011
-323.529418
-19.607843
205.882354
500.000000
980.392150
1617.647094
2088.235351
2049.019531
1411.764770
745.098083
235.294128
-39.215686
-294.117645
-598.039245
-1225.490234
-1813.725463
-2176.470703
-1823.529418
-431.372558
-68.627449
186.274520
421.568634
911.764709
1617.647094
1950.980468
1294.117675
627.450988
215.686279
-68.627449
-313.725494
-696.078430
-1362.745117
-2254.902099
-1696.078491
-980.392150
-401.960784
-49.019607
176.470596
441.176483
1666.666748
2000.000000
2049.019531
1294.117675
647.058837
225.490203
-68.627449
-725.490234
-1352.941162
-2019.607910
-2235.294189
-1676.470581
-921.568664
-411.764709
-49.019607
166.666671
450.980407
941.176513
1568.627441
2039.215698
2029.411743
1411.764770
754.901977
235.294128
-49.019607
-745.098083
-1411.764770
-1970.588256
-2068.627441
-1656.862792
-1019.607849
-441.176483
235.294128
529.411804
1147.058837
1823.529418
2166.666748
1941.176513
1264.705932
88.235298
-156.862747
-401.960784
-882.352966
-1568.627441
-2137.254882
-2205.882324
-754.901977
-264.705902
49.019607
284.313720
578.431396
1156.862792
1833.333374
1607.843139
970.588256
382.352935
68.627449
-166.666671
-470.588256
-990.196105
-2166.666748
-2078.431396
-1294.117675
-637.254943
-205.882354
78.431373
313.725494
696.078430
1382.353027
2000.000000
2196.078369
1803.921630
1127.451049
490.196075
88.235298
-147.058822
-392.156860
-843.137268
-1970.588256
-2029.411743
-1460.784301
-764.705871
-254.901962
49.019607
284.313720
1392.156860
1911.764770
2039.215698
1598.039184
990.196105
401.960784
78.431373
-470.588256
-1068.627441
-1803.921630
-2078.431396
-1901.960815
-1303.921630
-656.862731
117.647064
352.941192
774.509826
1441.176513
1970.588256
2156.862792
1529.411743
872.549011
313.725494
-19.607843
-637.254943
-1303.921630
-1813.725463
-2107.843261
-1019.607849
-421.568634
-49.019607
166.666671
441.176483
960.784301
1676.470581
2117.647216
2049.019531
1343.137329
725.490234
245.098037
-39.215686
-274.509796
-578.431396
-1245.098022
-1911.764770
-2147.058837
-1147.058837
-431.372558
-88.235298
156.862747
431.372558
941.176513
1647.058837
2058.823486
1421.568603
725.490234
225.490203
-39.215686
-274.509796
-598.039245
-2009.803955
-2058.823486
-1627.451049
-1009.803955
-421.568634
-58.823532
156.862747
1058.823608
1656.862792
2098.039306
1911.764770
1264.705932
617.647094
166.666671
-98.039215
-343.137268
-696.078430
-1352.941162
-1931.372558
-2186.274658
-1686.274536
-1019.607849
-392.156860
-39.215686
205.882354
1137.254882
1813.725463
2196.078369
1941.176513
1264.705932
578.431396
156.862747
-411.764709
-892.156860
-1627.451049
-2147.058837
-2196.078369
-1470.588256
-745.098083
49.019607
294.117645
617.647094
1254.901977
1901.960815
2186.274658
1794.117675
1166.666748
500.000000
107.843139
-127.450981
-372.549041
-794.117675
-1480.392211
-2009.803955
-2156.862792
-1588.235351
-843.137268
49.019607
284.313720
588.235290
1156.862792
1862.745117
2137.254882
1774.509887
392.156860
58.823532
-166.666671
-460.784332
-980.392150
-1676.470581
-1980.392211
-1235.294189
-647.058837
-186.274520
78.431373
313.725494
725.490234
1382.353027
2235.294189
1666.666748
990.196105
411.764709
39.215686
-196.078430
-441.176483
-1764.705932
-2000.000000
-2019.607910
-1254.901977
-647.058837
-196.078430
68.627449
735.294128
1431.372558
2049.019531
2245.098144
1696.078491
1000.000000
401.960784
-245.098037
-509.803924
-1039.215698
-1784.313720
-2166.666748
-1960.784301
-1303.921630
-127.450981
137.254898
421.568634
882.352966
1568.627441
2078.431396
2186.274658
1519.607910
843.137268
284.313720
-19.607843
-225.490203
-539.215698
-1176.470581
-1862.745117
-2225.490234
-1823.529418
-1137.254882
-78.431373
166.666671
441.176483
960.784301
1647.058837
2117.647216
2166.666748
764.705871
215.686279
-58.823532
-303.921569
-607.843139
-1176.470581
-1911.764770
-1666.666748
-1039.215698
-411.764709
-68.627449
186.274520
441.176483
931.372558
2078.431396
1852.941162
1245.098022
607.843139
176.470596
-98.039215
-352.941192
-1529.411743
-2049.019531
-2058.823486
-1539.215698
-882.352966
-303.921569
274.509796
558.823547
1137.254882
1823.529418
2127.450927
1764.705932
1166.666748
19.607843
-196.078430
-441.176483
-921.568664
-1578.431396
-2078.431396
-2058.823486
-617.647094
-186.274520
98.039215
294.117645
715.686279
1401.960815
1911.764770
1588.235351
852.941162
362.745117
19.607843
-215.686279
-480.392150
-1039.215698
-2186.274658
-1950.980468
-1264.705932
-529.411804
-166.666671
98.039215
333.333343
1558.823608
2049.019531
2166.666748
1539.215698
882.352966
284.313720
-19.607843
-588.235290
-1196.078491
-1862.745117
-2205.882324
-1803.921630
-1117.647094
-450.980407
225.490203
470.588256
1029.411743
1745.098022
2186.274658
2039.215698
598.039245
166.666671
-107.843139
-372.549041
-784.313720
-1470.588256
-2088.235351
-1549.019653
-892.156860
-313.725494
0.000000
205.882354
490.196075
1049.019653
2166.666748
1941.176513
1274.509887
607.843139
137.254898
-127.450981
-362.745117
-1568.627441
-2107.843261
-2186.274658
-1450.980468
-784.313720
-264.705902
19.607843
627.450988
1264.705932
1921.568603
2166.666748
1784.313720
1137.254882
509.803924
-205.882354
-480.392150
-1029.411743
-1794.117675
-2196.078369
-1882.353027
-1245.098022
-137.254898
98.039215
362.745117
823.529418
1490.196166
2098.039306
2264.705810
852.941162
303.921569
0.000000
-215.686279
-460.784332
-1009.803955
-1774.509887
-1950.980468
-1303.921630
-607.843139
-147.058822
98.039215
343.137268
735.294128
1941.176513
2098.039306
1519.607910
852.941162
284.313720
-9.803922
-245.098037
-1196.078491
-1882.353027
-2235.294189
-1794.117675
-1147.058837
-509.803924
-137.254898
127.450981
372.549041
794.117675
2147.058837
2137.254882
1441.176513
205.882354
-78.431373
-333.333343
-676.470581
-1352.941162
-2029.411743
-2137.254882
-921.568664
-392.156860
-58.823532
196.078430
460.784332
1000.000000
1558.823608
1833.333374
1215.686279
588.235290
176.470596
-88.235298
-343.137268
-735.294128
-2068.627441
-2245.098144
-1549.019653
-852.941162
-323.529418
-19.607843
225.490203
1205.882324
1892.156860
2245.098144
1872.549072
1176.470581
500.000000
156.862747
-392.156860
-823.529418
-1529.411743
-2068.627441
-2196.078369
-1539.215698
-823.529418
58.823532
294.117645
627.450988
1264.705932
1901.960815
2147.058837
1774.509887
401.960784
39.215686
-186.274520
-460.784332
-980.392150
-1705.882324
-2068.627441
-1294.117675
-617.647094
-176.470596
78.431373
313.725494
725.490234
1362.745117
2000.000000
2186.274658
1774.509887
1147.058837
490.196075
78.431373
-147.058822
-392.156860
-833.333374
-1480.392211
-2058.823486
-1411.764770
-754.901977
-235.294128
39.215686
274.509796
607.843139
1245.098022
2235.294189
1686.274536
970.588256
460.784332
68.627449
-156.862747
-411.764709
-1656.862792
-2166.666748
-2098.039306
-1411.764770
-705.882385
-245.098037
49.019607
715.686279
1294.117675
1960.784301
2186.274658
1647.058837
980.392150
372.549041
-254.901962
-529.411804
-1068.627441
-1784.313720
-2166.666748
-1941.176513
-1254.901977
-539.215698
-137.254898
107.843139
960.784301
1676.470581
2137.254882
2147.058837
1470.588256
764.705871
284.313720
-303.921569
-715.686279
-1421.568603
-2254.902099
-1696.078491
-970.588256
-401.960784
-39.215686
196.078430
460.784332
1647.058837
2039.215698
1862.745117
1235.294189
578.431396
156.862747
-98.039215
-882.352966
-1588.235351
-2000.000000
-2254.902099
-1578.431396
-843.137268
-294.117645
264.705902
617.647094
1284.313720
1921.568603
2156.862792
1705.882324
1098.039184
39.215686
-186.274520
-450.980407
-950.980407
-1666.666748
-2156.862792
-2068.627441
-725.490234
-235.294128
78.431373
303.921569
637.254943
1294.117675
1980.392211
1617.647094
970.588256
362.745117
29.411766
-186.274520
-460.784332
-1000.000000
-2166.666748
-2058.823486
-1313.725463
-607.843139
-196.078430
88.235298
294.117645
1431.372558
2049.019531
2245.098144
1656.862792
931.372558
382.352935
29.411766
-529.411804
-1088.235351
-1823.529418
-2215.686279
-1901.960815
-1245.098022
-88.235298
156.862747
401.960784
882.352966
1568.627441
2049.019531
2127.450927
715.686279
215.686279
-68.627449
-303.921569
-656.862731
-1313.725463
-1794.117675
-1539.215698
-970.588256
-392.156860
-49.019607
166.666671
450.980407
960.784301
2088.235351
2029.411743
1392.156860
696.078430
205.882354
-49.019607
-303.921569
-1441.176513
-1892.156860
-2156.862792
-1617.647094
-990.196105
-401.960784
-49.019607
529.411804
1166.666748
1696.078491
2000.000000
2029.411743
1274.509887
588.235290
-127.450981
-382.352935
-823.529418
-1500.000000
-2029.411743
-2264.705810
-1627.451049
-274.509796
29.411766
254.901962
549.019592
1147.058837
1813.725463
2196.078369
1107.843139
450.980407
98.039215
-147.058822
-401.960784
-921.568664
-1607.843139
-2166.666748
-1372.549072
-715.686279
-215.686279
49.019607
294.117645
607.843139
1970.588256
2186.274658
1745.098022
1107.843139
460.784332
68.627449
-176.470596
-421.568634
-901.960815
-1578.431396
-1990.196166
-1392.156860
-715.686279
-215.686279
68.627449
294.117645
607.843139
1215.686279
1882.353027
2137.254882
1754.901977
1098.039184
470.588256
78.431373
-166.666671
-1000.000000
-1745.098022
-2107.843261
-1931.372558
-1372.549072
-715.686279
-215.686279
352.941192
735.294128
1303.921630
1941.176513
2147.058837
1598.039184
970.588256
-19.607843
-245.098037
-568.627441
-1186.274536
-1715.686279
-2117.647216
-1882.353027
-480.392150
-98.039215
127.450981
372.549041
862.745117
1588.235351
2000.000000
2235.294189
1588.235351
843.137268
352.941192
-9.803922
-215.686279
-460.784332
-1029.411743
-1774.509887
-2225.490234
-2019.607910
-588.235290
-147.058822
117.647064
343.137268
784.313720
1431.372558
2039.215698
1460.784301
813.725524
274.509796
-19.607843
-254.901962
-568.627441
-1215.686279
-2205.882324
-1676.470581
-1098.039184
-450.980407
-98.039215
137.254898
382.352935
1696.078491
2147.058837
2147.058837
1460.784301
784.313720
284.313720
-39.215686
-656.862731
-1343.137329
-2039.215698
-2225.490234
-1588.235351
-970.588256
-401.960784
225.490203
549.019592
1127.451049
1823.529418
2137.254882
1823.529418
1156.862792
558.823547
147.058822
-107.843139
-362.745117
-764.705871
-1431.372558
-1882.353027
-2156.862792
-1617.647094
-960.784301
-392.156860
235.294128
519.607849
1078.431396
1745.098022
2098.039306
1823.529418
1235.294189
88.235298
-166.666671
-401.960784
-872.549011
-1539.215698
-1960.784301
-2117.647216
-1519.607910
-833.333374
-274.509796
0.000000
215.686279
480.392150
1039.215698
1764.705932
2186.274658
2019.607910
1343.137329
127.450981
-137.254898
-372.549041
-833.333374
-1568.627441
-2137.254882
-2098.039306
-803.921569
-284.313720
9.803922
254.901962
519.607849
1078.431396
1686.274536
1637.254882
1068.627441
441.176483
88.235298
-166.666671
-411.764709
-901.960815
-2127.450927
-2147.058837
-1450.980468
-735.294128
-245.098037
29.411766
264.705902
1313.725463
1941.176513
2205.882324
1754.901977
1107.843139
460.784332
58.823532
-480.392150
-1019.607849
-1774.509887
-2215.686279
-2029.411743
-1274.509887
-598.039245
-196.078430
78.431373
333.333343
1500.000000
1901.960815
2127.450927
1598.039184
950.980407
372.549041
39.215686
-529.411804
-1137.254882
-1852.941162
-2098.039306
-1813.725463
-1254.901977
-578.431396
137.254898
401.960784
843.137268
1470.588256
1970.588256
2058.823486
1470.588256
196.078430
-49.019607
-303.921569
-656.862731
-1323.529418
-1862.745117
-2088.235351
-1764.705932
-1127.451049
-470.588256
205.882354
480.392150
1029.411743
1745.098022
2147.058837
2029.411743
1362.745117
127.450981
-147.058822
-352.941192
-823.529418
-1549.019653
-2127.450927
-2215.686279
-833.333374
-264.705902
29.411766
254.901962
539.215698
1137.254882
1813.725463
1735.294189
1107.843139
470.588256
58.823532
-166.666671
-392.156860
-843.137268
-1509.803955
-2049.019531
-2127.450927
-705.882385
-215.686279
68.627449
284.313720
637.254943
1313.725463
1852.941162
1647.058837
931.372558
421.568634
49.019607
-166.666671
-421.568634
-941.176513
-2088.235351
-2019.607910
-1411.764770
-715.686279
-225.490203
88.235298
303.921569
1323.529418
1921.568603
2117.647216
1607.843139
950.980407
362.745117
19.607843
-588.235290
-1196.078491
-1754.901977
-2049.019531
-1852.941162
-1245.098022
-578.431396
166.666671
411.764709
843.137268
1500.000000
2068.627441
2068.627441
1421.568603
803.921569
294.117645
9.803922
-215.686279
-490.196075
-1078.431396
-1803.921630
-2235.294189
-1950.980468
-1196.078491
-568.627441
137.254898
372.549041
911.764709
1607.843139
2127.450927
2156.862792
1431.372558
225.490203
-49.019607
-284.313720
-588.235290
-1235.294189
-1931.372558
-2225.490234
-1754.901977
-1078.431396
-470.588256
186.274520
450.980407
1000.000000
1696.078491
2156.862792
2098.039306
1450.980468
186.274520
-98.039215
-323.529418
-686.274536
-1352.941162
-2029.411743
-2264.705810
-970.588256
-362.745117
-49.019607
196.078430
450.980407
960.784301
1676.470581
1980.392211
1215.686279
558.823547
176.470596
-107.843139
-343.137268
-794.117675
-2107.843261
-2205.882324
-1450.980468
-813.725524
-303.921569
-29.411766
235.294128
1264.705932
1911.764770
2196.078369
1803.921630
1117.647094
480.392150
107.843139
-460.784332
-1000.000000
-1696.078491
-2156.862792
-2117.647216
-1313.725463
-715.686279
-235.294128
49.019607
284.313720
1382.353027
2039.215698
2254.902099
1735.294189
1039.215698
382.352935
49.019607
-509.803924
-1039.215698
-1803.921630
-2225.490234
-1941.176513
-1176.470581
-568.627441
117.647064
392.156860
892.156860
1588.235351
2058.823486
2117.647216
1441.176513
803.921569
313.725494
0.000000
-205.882354
-480.392150
-1029.411743
-1656.862792
-2127.450927
-2019.607910
-1392.156860
-676.470581
117.647064
352.941192
794.117675
1460.784301
2049.019531
2215.686279
1617.647094
264.705902
-39.215686
-254.901962
-549.019592
-1107.843139
-1862.745117
-2215.686279
-1117.647094
-490.196075
-88.235298
156.862747
411.764709
872.549011
1509.803955
1950.980468
1303.921630
676.470581
215.686279
-68.627449
-294.117645
-656.862731
-2029.411743
-2254.902099
-1627.451049
-950.980407
-401.960784
-68.627449
176.470596
441.176483
921.568664
1647.058837
1990.196166
1372.549072
696.078430
196.078430
-49.019607
-323.529418
-656.862731
-2058.823486
-2245.098144
-1617.647094
-941.176513
-382.352935
-39.215686
176.470596
1107.843139
1823.529418
2186.274658
1823.529418
1166.666748
568.627441
127.450981
-411.764709
-901.960815
-1598.039184
-1941.176513
-2127.450927
-1529.411743
-843.137268
49.019607
274.509796
637.254943
1284.313720
1823.529418
2019.607910
1647.058837
1078.431396
470.588256
98.039215
-147.058822
-411.764709
-892.156860
-1578.431396
-1990.196166
-2098.039306
-1529.411743
-852.941162
58.823532
284.313720
617.647094
1303.921630
1872.549072
2029.411743
1696.078491
1098.039184
450.980407
98.039215
-147.058822
-392.156860
-892.156860
-1598.039184
-2176.470703
-1500.000000
-833.333374
-284.313720
19.607843
245.098037
529.411804
1931.372558
2127.450927
1676.470581
1078.431396
450.980407
107.843139
-137.254898
-1039.215698
-1627.451049
-2068.627441
-2019.607910
-1401.960815
-745.098083
-235.294128
58.823532
294.117645
637.254943
1901.960815
2049.019531
1549.019653
960.784301
382.352935
58.823532
-186.274520
-1078.431396
-1823.529418
-2166.666748
-1823.529418
-1235.294189
-588.235290
-166.666671
382.352935
794.117675
1460.784301
1950.980468
2107.843261
1490.196166
813.725524
-68.627449
-303.921569
-627.450988
-1254.901977
-1843.137329
-2186.274658
-1784.313720
-1127.451049
-470.588256
-98.039215
460.784332
1019.607849
1754.901977
2166.666748
2068.627441
1382.353027
676.470581
-117.647064
-382.352935
-862.745117
-1578.431396
-2078.431396
-2049.019531
-1480.392211
-852.941162
-303.921569
9.803922
225.490203
519.607849
1098.039184
1794.117675
2186.274658
1892.156860
1186.274536
578.431396
-147.058822
-401.960784
-892.156860
-1598.039184
-2009.803955
-2068.627441
-1529.411743
-235.294128
49.019607
284.313720
627.450988
1284.313720
1921.568603
2147.058837
1137.254882
460.784332
78.431373
-156.862747
-411.764709
-882.352966
-1598.039184
-2029.411743
-1421.568603
-735.294128
-225.490203
58.823532
294.117645
617.647094
1882.353027
2088.235351
1617.647094
960.784301
382.352935
29.411766
-196.078430
-1117.647094
-1813.725463
-2029.411743
-1901.960815
-1284.313720
-627.450988
-186.274520
382.352935
813.725524
1509.803955
1980.392211
2127.450927
1529.411743
215.686279
-68.627449
-284.313720
-607.843139
-1215.686279
-1892.156860
-2215.686279
-1000.000000
-401.960784
-68.627449
166.666671
441.176483
970.588256
1696.078491
2049.019531
1392.156860
715.686279
225.490203
-78.431373
-303.921569
-647.058837
-1294.117675
-1990.196166
-2245.098144
-1754.901977
-421.568634
-39.215686
205.882354
480.392150
1019.607849
1725.490234
2147.058837
2058.823486
1401.960815
725.490234
215.686279
-78.431373
-313.725494
-656.862731
-1303.921630
-1990.196166
-2254.902099
-1676.470581
-392.156860
-49.019607
186.274520
470.588256
970.588256
1617.647094
2058.823486
2019.607910
1392.156860
745.098083
-88.235298
-333.333343
-705.882385
-1313.725463
-1950.980468
-2245.098144
-1705.882324
-333.333343
9.803922
215.686279
500.000000
1029.411743
1774.509887
2186.274658
1274.509887
568.627441
137.254898
-117.647064
-362.745117
-803.921569
-1509.803955
-2176.470703
-1568.627441
-852.941162
-294.117645
0.000000
215.686279
480.392150
1833.333374
2176.470703
1931.372558
1254.901977
588.235290
156.862747
-107.843139
-352.941192
-794.117675
-1509.803955
-2098.039306
-1578.431396
-862.745117
-313.725494
9.803922
225.490203
500.000000
1058.823608
1754.901977
2196.078369
2019.607910
627.450988
156.862747
-107.843139
-362.745117
-1500.000000
-1941.176513
-2137.254882
-1568.627441
-911.764709
-313.725494
9.803922
196.078430
490.196075
1107.843139
2186.274658
1794.117675
1117.647094
519.607849
147.058822
-127.450981
-392.156860
-1676.470581
-2127.450927
-2029.411743
-1392.156860
-774.509826
-235.294128
9.803922
637.254943
1284.313720
1960.784301
2235.294189
1803.921630
1137.254882
470.588256
78.431373
-156.862747
-411.764709
-882.352966
-1617.647094
-2156.862792
-2176.470703
-1450.980468
-764.705871
-274.509796
0.000000
568.627441
1205.882324
1872.549072
2127.450927
1754.901977
1147.058837
519.607849
-176.470596
-450.980407
-950.980407
-1647.058837
-2117.647216
-1980.392211
-1401.960815
-196.078430
68.627449
313.725494
696.078430
1352.941162
1980.392211
2098.039306
1000.000000
421.568634
78.431373
-176.470596
-421.568634
-882.352966
-1509.803955
-1921.568603
-1313.725463
-666.666687
-215.686279
58.823532
284.313720
686.274536
2039.215698
2225.490234
1607.843139
882.352966
362.745117
58.823532
-186.274520
-1127.451049
-1862.745117
-2176.470703
-1794.117675
-1196.078491
-549.019592
-147.058822
411.764709
852.941162
1558.823608
1931.372558
2039.215698
1460.784301
205.882354
-88.235298
-303.921569
-686.274536
-1333.333374
-1901.960815
-2176.470703
-941.176513
-362.745117
-39.215686
176.470596
470.588256
1039.215698
1686.274536
1931.372558
1166.666748
558.823547
137.254898
-117.647064
-372.549041
-803.921569
-2098.039306
-2215.686279
-1450.980468
-823.529418
-274.509796
-19.607843
225.490203
1235.294189
1941.176513
2225.490234
1764.705932
1098.039184
490.196075
107.843139
-147.058822
-401.960784
-901.960815
-1607.843139
-2078.431396
-2049.019531
-1441.176513
-813.725524
-284.313720
39.215686
264.705902
539.215698
1147.058837
1715.686279
2058.823486
1803.921630
1215.686279
568.627441
-166.666671
-411.764709
-882.352966
-1519.607910
-2068.627441
-2147.058837
-1500.000000
-235.294128
39.215686
284.313720
647.058837
1294.117675
1911.764770
2117.647216
1029.411743
382.352935
49.019607
-186.274520
-450.980407
-931.372558
-1656.862792
-2029.411743
-1382.353027
-686.274536
-215.686279
88.235298
313.725494
656.862731
1882.353027
2117.647216
1637.254882
970.588256
362.745117
29.411766
-196.078430
-1176.470581
-1735.294189
-2098.039306
-1862.745117
-1274.509887
-598.039245
-147.058822
392.156860
843.137268
1539.215698
2039.215698
2098.039306
1480.392211
813.725524
274.509796
-19.607843
-254.901962
-519.607849
-1078.431396
-1852.941162
-2215.686279
-1892.156860
-1196.078491
-500.000000
-156.862747
411.764709
882.352966
1578.431396
2078.431396
2147.058837
1500.000000
823.529418
284.313720
-9.803922
-235.294128
-549.019592
-1843.137329
-2225.490234
-1901.960815
-1137.254882
-509.803924
-117.647064
441.176483
970.588256
1676.470581
2127.450927
2049.019531
1294.117675
725.490234
-98.039215
-343.137268
-696.078430
-1382.353027
-2029.411743
-2166.666748
-1627.451049
-313.725494
-29.411766
225.490203
509.803924
1068.627441
1823.529418
2137.254882
1911.764770
1196.078491
598.039245
-127.450981
-401.960784
-872.549011
-1568.627441
-1990.196166
-2107.843261
-1539.215698
-245.098037
29.411766
264.705902
637.254943
1254.901977
1862.745117
2039.215698
970.588256
450.980407
78.431373
-156.862747
-411.764709
-892.156860
-1578.431396
-2068.627441
-1411.764770
-754.901977
-245.098037
39.215686
264.705902
607.843139
1862.745117
2058.823486
1617.647094
1000.000000
401.960784
68.627449
-166.666671
-431.372558
-960.784301
-1637.254882
-2088.235351
-1431.372558
-666.666687
-235.294128
58.823532
303.921569
666.666687
1950.980468
2176.470703
1676.470581
1009.803955
392.156860
49.019607
-176.470596
-1127.451049
-1676.470581
-2068.627441
-1892.156860
-1303.921630
-656.862731
-166.666671
88.235298
313.725494
705.882385
1313.725463
1901.960815
2156.862792
1696.078491
1019.607849
411.764709
39.215686
-186.274520
-441.176483
-960.784301
-1617.647094
-2107.843261
-1313.725463
-637.254943
-176.470596
88.235298
303.921569
666.666687
1333.333374
2196.078369
1539.215698
882.352966
343.137268
19.607843
-196.078430
-480.392150
-1833.333374
-2215.686279
-1901.960815
-1156.862792
-539.215698
-127.450981
107.843139
950.980407
1627.451049
2117.647216
2039.215698
1343.137329
735.294128
254.901962
-29.411766
-274.509796
-627.450988
-1970.588256
-2274.509765
-1745.098022
-1019.607849
-411.764709
-78.431373
176.470596
1049.019653
1764.705932
2186.274658
2058.823486
1323.529418
656.862731
205.882354
-382.352935
-823.529418
-1529.411743
-2019.607910
-2029.411743
-1529.411743
-911.764709
-323.529418
-29.411766
205.882354
1215.686279
1735.294189
2098.039306
1735.294189
1147.058837
519.607849
147.058822
-450.980407
-970.588256
-1647.058837
-1980.392211
-2058.823486
-1421.568603
-774.509826
68.627449
303.921569
686.274536
1382.353027
1901.960815
2088.235351
1627.451049
313.725494
19.607843
-215.686279
-500.000000
-892.156860
-1519.607910
-2068.627441
-2088.235351
-1441.176513
-745.098083
78.431373
313.725494
676.470581
1264.705932
1882.353027
2147.058837
1686.274536
323.529418
9.803922
-205.882354
-470.588256
-1058.823608
-1784.313720
-2117.647216
-1245.098022
-549.019592
-137.254898
127.450981
372.549041
774.509826
1480.392211
2029.411743
2127.450927
1500.000000
1029.411743
382.352935
39.215686
-196.078430
-1107.843139
-1862.745117
-2235.294189
-1794.117675
-1156.862792
-539.215698
-137.254898
411.764709
892.156860
1598.039184
1950.980468
1980.392211
1372.549072
745.098083
245.098037
-19.607843
-284.313720
-607.843139
-1245.098022
-1882.353027
-2058.823486
-1784.313720
-1205.882324
-549.019592
-127.450981
421.568634
921.568664
1549.019653
2058.823486
2058.823486
1421.568603
754.901977
264.705902
-49.019607
-274.509796
-1382.353027
-1882.353027
-2088.235351
-1715.686279
-1058.823608
-441.176483
-49.019607
480.392150
1039.215698
1735.294189
2107.843261
1960.784301
1323.529418
656.862731
-137.254898
-392.156860
-843.137268
-1529.411743
-2127.450927
-2215.686279
-1490.196166
-774.509826
-274.509796
19.607843
607.843139
1235.294189
1921.568603
2225.490234
1833.333374
1107.843139
441.176483
-215.686279
-509.803924
-1058.823608
-1735.294189
-2009.803955
-1921.568603
-1343.137329
-137.254898
117.647064
362.745117
764.705871
1421.568603
1950.980468
2088.235351
784.313720
274.509796
-9.803922
-245.098037
-519.607849
-1088.235351
-1862.745117
-1872.549072
-1166.666748
-470.588256
-107.843139
127.450981
421.568634
911.764709
1598.039184
2107.843261
2088.235351
1372.549072
794.117675
284.313720
9.803922
-225.490203
-500.000000
-1068.627441
-1647.058837
-1784.313720
-1186.274536
-568.627441
-147.058822
107.843139
352.941192
735.294128
2098.039306
2078.431396
1372.549072
774.509826
303.921569
-19.607843
-254.901962
-578.431396
-1225.490234
-1852.941162
-2058.823486
-1068.627441
-450.980407
-107.843139
137.254898
392.156860
911.764709
1607.843139
2088.235351
2049.019531
1362.745117
205.882354
-68.627449
-294.117645
-686.274536
-1313.725463
-1950.980468
-2058.823486
-1705.882324
-1078.431396
-441.176483
215.686279
509.803924
1058.823608
1774.509887
2147.058837
2009.803955
1352.941162
666.666687
186.274520
-88.235298
-294.117645
-696.078430
-1352.941162
-2009.803955
-2254.902099
-1745.098022
-970.588256
-421.568634
205.882354
529.411804
1107.843139
1823.529418
2205.882324
1901.960815
1205.882324
127.450981
-127.450981
-431.372558
-901.960815
-1607.843139
-2098.039306
-2029.411743
-705.882385
-235.294128
49.019607
274.509796
598.039245
1215.686279
1892.156860
1754.901977
1088.235351
441.176483
88.235298
-156.862747
-411.764709
-862.745117
-2088.235351
-1941.176513
-1372.549072
-696.078430
-225.490203
49.019607
274.509796
1460.784301
2049.019531
2166.666748
1568.627441
921.568664
382.352935
58.823532
-500.000000
-980.392150
-1637.254882
-2058.823486
-1980.392211
-1382.353027
-705.882385
-215.686279
68.627449
303.921569
1382.353027
1960.784301
2117.647216
1607.843139
950.980407
343.137268
29.411766
-215.686279
-480.392150
-970.588256
-1627.451049
-1823.529418
-1215.686279
-598.039245
-156.862747
88.235298
323.529418
735.294128
1450.980468
1931.372558
2029.411743
813.725524
333.333343
9.803922
-215.686279
-1117.647094
-1784.313720
-2196.078369
-1872.549072
-1245.098022
-549.019592
176.470596
401.960784
921.568664
1558.823608
2039.215698
2127.450927
1480.392211
196.078430
-58.823532
-303.921569
-627.450988
-1245.098022
-1892.156860
-2215.686279
-980.392150
-362.745117
-39.215686
186.274520
431.372558
970.588256
1666.666748
1960.784301
1264.705932
607.843139
196.078430
-88.235298
-313.725494
-676.470581
-1980.392211
-2205.882324
-1647.058837
-960.784301
-392.156860
-29.411766
176.470596
431.372558
980.392150
1558.823608
2029.411743
1980.392211
1372.549072
715.686279
-107.843139
-362.745117
-745.098083
-1372.549072
-2009.803955
-2196.078369
-1647.058837
-284.313720
0.000000
215.686279
500.000000
941.176513
1676.470581
1990.196166
1264.705932
578.431396
156.862747
-88.235298
-352.941192
-705.882385
-1411.764770
-2186.274658
-1656.862792
-941.176513
-362.745117
-29.411766
205.882354
480.392150
1705.882324
2117.647216
1862.745117
1245.098022
568.627441
147.058822
-107.843139
-823.529418
-1490.196166
-2088.235351
-2205.882324
-1490.196166
-754.901977
49.019607
284.313720
607.843139
1235.294189
1872.549072
2166.666748
1774.509887
362.745117
39.215686
-196.078430
-470.588256
-1009.803955
-1607.843139
-2107.843261
-1245.098022
-607.843139
-156.862747
107.843139
343.137268
725.490234
1323.529418
2009.803955
1450.980468
823.529418
313.725494
19.607843
-225.490203
-509.803924
-1823.529418
-2225.490234
-1921.568603
-1156.862792
-500.000000
-166.666671
117.647064
872.549011
1500.000000
1960.784301
2009.803955
1450.980468
833.333374
303.921569
-264.705902
-656.862731
-1235.294189
-1843.137329
-2215.686279
-1803.921630
-1137.254882
-29.411766
196.078430
470.588256
980.392150
1607.843139
2068.627441
2000.000000
1303.921630
705.882385
245.098037
-343.137268
-745.098083
-1421.568603
-2029.411743
-1617.647094
-872.549011
-362.745117
-39.215686
205.882354
490.196075
1019.607849
1764.705932
2176.470703
2078.431396
607.843139
147.058822
-107.843139
-362.745117
-764.705871
-1411.764770
-2049.019531
-1529.411743
-872.549011
-323.529418
0.000000
186.274520
450.980407
950.980407
2088.235351
1823.529418
1264.705932
598.039245
176.470596
-98.039215
-343.137268
-1529.411743
-2029.411743
-2068.627441
-1519.607910
-892.156860
-323.529418
0.000000
176.470596
431.372558
931.372558
2078.431396
1833.333374
1245.098022
598.039245
166.666671
-78.431373
-343.137268
-1509.803955
-2088.235351
-2098.039306
-1470.588256
-882.352966
-343.137268
-9.803922
568.627441
1186.274536
1901.960815
2205.882324
1843.137329
1098.039184
519.607849
-166.666671
-450.980407
-980.392150
-1666.666748
-2098.039306
-2000.000000
-1529.411743
-254.901962
58.823532
284.313720
627.450988
1264.705932
1882.353027
2196.078369
1009.803955
401.960784
49.019607
-166.666671
-431.372558
-960.784301
-1656.862792
-2019.607910
-1254.901977
-656.862731
-205.882354
68.627449
323.529418
686.274536
2000.000000
2117.647216
1656.862792
1019.607849
392.156860
58.823532
-186.274520
-1107.843139
-1647.058837
-2107.843261
-1941.176513
-1333.333374
-617.647094
-176.470596
117.647064
352.941192
774.509826
1441.176513
2049.019531
2205.882324
1617.647094
950.980407
421.568634
39.215686
-196.078430
-1009.803955
-1745.098022
-2166.666748
-1980.392211
-1284.313720
-607.843139
-186.274520
401.960784
862.745117
1588.235351
2127.450927
2186.274658
1509.803955
843.137268
-58.823532
-303.921569
-647.058837
-1323.529418
-1960.784301
-2205.882324
-1666.666748
-382.352935
-49.019607
519.607849
1147.058837
1823.529418
1833.333374
1166.666748
539.215698
117.647064
-156.862747
-382.352935
-872.549011
-2068.627441
-2098.039306
-1500.000000
-813.725524
-254.901962
29.411766
235.294128
1352.941162
1892.156860
2049.019531
1617.647094
1019.607849
431.372558
88.235298
-156.862747
-421.568634
-921.568664
-1647.058837
-2137.254882
-1421.568603
-696.078430
-254.901962
39.215686
303.921569
617.647094
1284.313720
1901.960815
2235.294189
1833.333374
1117.647094
460.784332
127.450981
-147.058822
-411.764709
-901.960815
-1627.451049
-2137.254882
-1421.568603
-705.882385
-245.098037
49.019607
274.509796
568.627441
1186.274536
1833.333374
2166.666748
1862.745117
1186.274536
500.000000
137.254898
-421.568634
-852.941162
-1509.803955
-2068.627441
-2137.254882
-1480.392211
-803.921569
88.235298
313.725494
637.254943
1264.705932
1911.764770
2147.058837
1696.078491
1058.823608
431.372558
68.627449
-176.470596
-421.568634
-872.549011
-1509.803955
-2058.823486
-2107.843261
-1500.000000
-215.686279
49.019607
294.117645
656.862731
1303.921630
1970.588256
2186.274658
1049.019653
421.568634
78.431373
-196.078430
-441.176483
-941.176513
-1666.666748
-1990.196166
-1372.549072
-705.882385
-205.882354
78.431373
323.529418
666.666687
1843.137329
2107.843261
1578.431396
941.176513
352.941192
19.607843
-196.078430
-490.196075
-1049.019653
-1617.647094
-2049.019531
-2000.000000
-1323.529418
-715.686279
-215.686279
49.019607
303.921569
1411.764770
2039.215698
2196.078369
1666.666748
960.784301
431.372558
68.627449
-500.000000
-1039.215698
-1598.039184
-2098.039306
-2009.803955
-1392.156860
-705.882385
98.039215
333.333343
705.882385
1323.529418
1921.568603
2137.254882
1588.235351
950.980407
362.745117
29.411766
-578.431396
-1166.666748
-1705.882324
-2107.843261
-1882.353027
-1254.901977
-588.235290
166.666671
411.764709
901.960815
1549.019653
2068.627441
2078.431396
1509.803955
205.882354
-68.627449
-313.725494
-647.058837
-1205.882324
-1921.568603
-2215.686279
-970.588256
-372.549041
-58.823532
186.274520
450.980407
990.196105
1715.686279
2088.235351
1911.764770
1313.725463
156.862747
-88.235298
-362.745117
-774.509826
-1450.980468
-2000.000000
-2235.294189
-980.392150
-401.960784
-29.411766
176.470596
460.784332
950.980407
1588.235351
1843.137329
1196.078491
578.431396
156.862747
-88.235298
-362.745117
-764.705871
-2078.431396
-2225.490234
-1509.803955
-833.333374
-313.725494
-9.803922
196.078430
500.000000
941.176513
1647.058837
2049.019531
1921.568603
1323.529418
676.470581
215.686279
-78.431373
-313.725494
-666.666687
-1313.725463
-1794.117675
-2147.058837
-1764.705932
-382.352935
-68.627449
196.078430
450.980407
990.196105
1696.078491
2137.254882
1362.745117
686.274536
215.686279
-88.235298
-313.725494
-666.666687
-1352.941162
-2196.078369
-1647.058837
-990.196105
-401.960784
-29.411766
176.470596
480.392150
1715.686279
2049.019531
1892.156860
1245.098022
588.235290
166.666671
-117.647064
-872.549011
-1588.235351
-1921.568603
-2098.039306
-1539.215698
-872.549011
-303.921569
284.313720
627.450988
1254.901977
1931.372558
2176.470703
1774.509887
362.745117
39.215686
-186.274520
-450.980407
-1000.000000
-1705.882324
-2117.647216
-1333.333374
-607.843139
-186.274520
68.627449
323.529418
696.078430
1352.941162
2215.686279
1647.058837
980.392150
372.549041
29.411766
-196.078430
-470.588256
-1813.725463
-2039.215698
-1921.568603
-1254.901977
-607.843139
-166.666671
98.039215
803.921569
1480.392211
1931.372558
2058.823486
1480.392211
843.137268
284.313720
-19.607843
-235.294128
-529.411804
-1147.058837
-2176.470703
-1735.294189
-1117.647094
-490.196075
-117.647064
156.862747
911.764709
1666.666748
2009.803955
1950.980468
1372.549072
725.490234
215.686279
-343.137268
-725.490234
-1401.960815
-1862.745117
-2186.274658
-1676.470581
-1009.803955
9.803922
215.686279
519.607849
1137.254882
1666.666748
2009.803955
1852.941162
1245.098022
607.843139
147.058822
-411.764709
-862.745117
-1568.627441
-1911.764770
-2117.647216
-1549.019653
-882.352966
39.215686
284.313720
558.823547
1245.098022
1784.313720
2049.019531
1754.901977
372.549041
58.823532
-176.470596
-421.568634
-950.980407
-1666.666748
-2176.470703
-1431.372558
-735.294128
-215.686279
88.235298
294.117645
656.862731
1274.509887
2088.235351
1627.451049
990.196105
382.352935
49.019607
-166.666671
-460.784332
-1784.313720
-2225.490234
-2009.803955
-1215.686279
-647.058837
-176.470596
78.431373
784.313720
1500.000000
1941.176513
2176.470703
1647.058837
980.392150
372.549041
-235.294128
-519.607849
-1078.431396
-1813.725463
-2205.882324
-1931.372558
-1215.686279
-78.431373
166.666671
431.372558
901.960815
1627.451049
2107.843261
2166.666748
1509.803955
823.529418
284.313720
-323.529418
-696.078430
-1352.941162
-2205.882324
-1656.862792
-1000.000000
-401.960784
-58.823532
176.470596
450.980407
1784.313720
2078.431396
1843.137329
1215.686279
598.039245
166.666671
-98.039215
-813.725524
-1549.019653
-2098.039306
-2205.882324
-1470.588256
-872.549011
-323.529418
274.509796
598.039245
1254.901977
1882.353027
2107.843261
1696.078491
1117.647094
58.823532
-186.274520
-450.980407
-980.392150
-1676.470581
-2137.254882
-1950.980468
-666.666687
-215.686279
58.823532
313.725494
666.666687
1323.529418
1990.196166
1666.666748
990.196105
382.352935
49.019607
-186.274520
-450.980407
-950.980407
-1686.274536
-2019.607910
-2039.215698
-627.450988
-186.274520
98.039215
323.529418
705.882385
1392.156860
2009.803955
1656.862792
960.784301
382.352935
39.215686
-186.274520
-470.588256
-980.392150
-2029.411743
-1921.568603
-1274.509887
-617.647094
-176.470596
107.843139
323.529418
1460.784301
2019.607910
2098.039306
1549.019653
852.941162
284.313720
0.000000
-166.666671
-450.980407
-931.372558
-1578.431396
-1882.353027
-1284.313720
-617.647094
-176.470596
88.235298
323.529418
1558.823608
2049.019531
2137.254882
1490.196166
843.137268
343.137268
29.411766
-558.823547
-1225.490234
-1892.156860
-2245.098144
-1862.745117
-1137.254882
-509.803924
176.470596
441.176483
980.392150
1676.470581
2107.843261
2000.000000
1529.411743
823.529418
313.725494
-29.411766
-264.705902
-1235.294189
-1921.568603
-2225.490234
-1794.117675
-1009.803955
-401.960784
215.686279
509.803924
1117.647094
1784.313720
2107.843261
1843.137329
1245.098022
117.647064
-127.450981
-392.156860
-843.137268
-1539.215698
-1921.568603
-2098.039306
-745.098083
-264.705902
29.411766
264.705902
549.019592
1176.470581
1843.137329
2205.882324
1882.353027
1196.078491
88.235298
-147.058822
-392.156860
-882.352966
-1598.039184
-2147.058837
-2196.078369
-774.509826
-264.705902
58.823532
264.705902
588.235290
1147.058837
1833.333374
1568.627441
990.196105
401.960784
58.823532
-176.470596
-421.568634
-941.176513
-2156.862792
-2107.843261
-1382.353027
-676.470581
-225.490203
58.823532
303.921569
1411.764770
2009.803955
2215.686279
1666.666748
1000.000000
392.156860
49.019607
-186.274520
-450.980407
-990.196105
-1705.882324
-2117.647216
-1362.745117
-627.450988
-205.882354
88.235298
303.921569
666.666687
1333.333374
2009.803955
2215.686279
990.196105
382.352935
58.823532
-176.470596
-441.176483
-921.568664
-1558.823608
-1882.353027
-1284.313720
-637.254943
127.450981
343.137268
764.705871
1509.803955
1941.176513
2078.431396
1519.607910
235.294128
-49.019607
-294.117645
-607.843139
-1284.313720
-1862.745117
-2029.411743
-1029.411743
-411.764709
-78.431373
156.862747
431.372558
941.176513
1666.666748
2078.431396
1323.529418
617.647094
215.686279
-78.431373
-323.529418
-656.862731
-2000.000000
-2107.843261
-1656.862792
-1039.215698
-421.568634
-58.823532
196.078430
1058.823608
1735.294189
2166.666748
1941.176513
1294.117675
617.647094
156.862747
-107.843139
-362.745117
-784.313720
-2019.607910
-2127.450927
-1549.019653
-901.960815
49.019607
264.705902
578.431396
1235.294189
1745.098022
2039.215698
1754.901977
1147.058837
529.411804
107.843139
-137.254898
-382.352935
-823.529418
-1549.019653
-2098.039306
-2176.470703
-1568.627441
-882.352966
39.215686
274.509796
598.039245
1186.274536
1833.333374
2156.862792
1803.921630
401.960784
39.215686
-166.666671
-460.784332
-980.392150
-1705.882324
-2029.411743
-1254.901977
-637.254943
-196.078430
68.627449
303.921569
705.882385
1343.137329
2019.607910
2186.274658
1627.451049
970.588256
470.588256
78.431373
-166.666671
-401.960784
-911.764709
-1607.843139
-2147.058837
-2176.470703
-1450.980468
-764.705871
-294.117645
333.333343
705.882385
1352.941162
1970.588256
2088.235351
1578.431396
323.529418
19.607843
-196.078430
-490.196075
-1039.215698
-1813.725463
-2088.235351
-1156.862792
-519.607849
-166.666671
107.843139
362.745117
823.529418
1519.607910
2156.862792
1500.000000
852.941162
294.117645
-9.803922
-225.490203
-539.215698
-1117.647094
-1735.294189
-2088.235351
-1931.372558
-509.803924
-137.254898
127.450981
362.745117
784.313720
1421.568603
1901.960815
2058.823486
1519.607910
843.137268
294.117645
9.803922
-205.882354
-500.000000
-901.960815
-1578.431396
-2088.235351
-2098.039306
-627.450988
-205.882354
78.431373
313.725494
715.686279
1372.549072
1941.176513
1617.647094
921.568664
382.352935
39.215686
-186.274520
-470.588256
-1029.411743
-2176.470703
-1960.784301
-1303.921630
-598.039245
-166.666671
107.843139
343.137268
1607.843139
2107.843261
2176.470703
1519.607910
852.941162
294.117645
-19.607843
-607.843139
-1235.294189
-1911.764770
-2235.294189
-1774.509887
-1068.627441
-401.960784
205.882354
509.803924
1088.235351
1813.725463
2098.039306
1862.745117
1215.686279
588.235290
166.666671
-88.235298
-333.333343
-745.098083
-1411.764770
-1980.392211
-2058.823486
-1588.235351
-1009.803955
-382.352935
235.294128
519.607849
1088.235351
1754.901977
2147.058837
1911.764770
1274.509887
78.431373
-137.254898
-382.352935
-813.725524
-1431.372558
-2029.411743
-2147.058837
-735.294128
-245.098037
39.215686
284.313720
588.235290
1254.901977
1862.745117
2058.823486
1735.294189
1107.843139
480.392150
98.039215
-127.450981
-401.960784
-862.745117
-1558.823608
-2009.803955
-2058.823486
-754.901977
-264.705902
19.607843
274.509796
558.823547
1215.686279
1901.960815
1784.313720
1127.451049
480.392150
78.431373
-156.862747
-401.960784
-852.941162
-2000.000000
-2127.450927
-1372.549072
-754.901977
-264.705902
29.411766
254.901962
1333.333374
1980.392211
2215.686279
1745.098022
1068.627441
441.176483
98.039215
-490.196075
-1019.607849
-1774.509887
-2215.686279
-2039.215698
-1225.490234
-607.843139
98.039215
343.137268
784.313720
1500.000000
1931.372558
2156.862792
1627.451049
980.392150
362.745117
9.803922
-196.078430
-480.392150
-990.196105
-1705.882324
-2127.450927
-1990.196166
-1372.549072
-745.098083
-225.490203
39.215686
264.705902
617.647094
1931.372558
2176.470703
1784.313720
1117.647094
470.588256
68.627449
-156.862747
-970.588256
-1627.451049
-2156.862792
-2068.627441
-1401.960815
-715.686279
117.647064
372.549041
764.705871
1441.176513
2049.019531
2215.686279
1627.451049
950.980407
372.549041
19.607843
-205.882354
-1137.254882
-1705.882324
-2147.058837
-1931.372558
-1294.117675
-539.215698
-137.254898
421.568634
921.568664
1647.058837
2137.254882
2176.470703
1509.803955
823.529418
284.313720
-29.411766
-245.098037
-1205.882324
-1950.980468
-2254.902099
-1009.803955
-401.960784
-58.823532
186.274520
460.784332
970.588256
1588.235351
1823.529418
1225.490234
598.039245
176.470596
-88.235298
-343.137268
-754.901977
-2049.019531
-2245.098144
-1627.451049
-882.352966
-343.137268
-29.411766
225.490203
1215.686279
1882.353027
2225.490234
1892.156860
1215.686279
529.411804
127.450981
-450.980407
-921.568664
-1656.862792
-2147.058837
-2147.058837
-1441.176513
-745.098083
68.627449
303.921569
666.666687
1323.529418
1970.588256
2176.470703
1764.705932
382.352935
39.215686
-196.078430
-441.176483
-970.588256
-1647.058837
-2000.000000
-1411.764770
-696.078430
-225.490203
68.627449
303.921569
627.450988
1254.901977
2088.235351
1607.843139
980.392150
372.549041
58.823532
-186.274520
-470.588256
-1813.725463
-2225.490234
-1970.588256
-1196.078491
-588.235290
-196.078430
68.627449
323.529418
725.490234
1382.353027
2009.803955
2196.078369
1647.058837
980.392150
450.980407
68.627449
-176.470596
-401.960784
-1598.039184
-2117.647216
-2058.823486
-1401.960815
-745.098083
-225.490203
58.823532
686.274536
1294.117675
1941.176513
2147.058837
1607.843139
960.784301
352.941192
-245.098037
-519.607849
-1127.451049
-1715.686279
-2147.058837
-1941.176513
-1264.705932
-107.843139
156.862747
421.568634
911.764709
1617.647094
2098.039306
2107.843261
1529.411743
843.137268
274.509796
-39.215686
-245.098037
-539.215698
-1117.647094
-1813.725463
-2205.882324
-1921.568603
-1176.470581
-98.039215
166.666671
411.764709
901.960815
1588.235351
2088.235351
2156.862792
686.274536
215.686279
-68.627449
-294.117645
-607.843139
-1205.882324
-1911.764770
-1598.039184
-990.196105
-392.156860
-39.215686
196.078430
460.784332
1000.000000
2127.450927
2029.411743
1372.549072
705.882385
215.686279
-98.039215
-313.725494
-1323.529418
-1970.588256
-2215.686279
-1656.862792
-950.980407
-392.156860
-39.215686
549.019592
1127.451049
1774.509887
2176.470703
1911.764770
1264.705932
578.431396
137.254898
-107.843139
-362.745117
-1568.627441
-2107.843261
-2166.666748
-725.490234
-225.490203
49.019607
274.509796
617.647094
1303.921630
1833.333374
1705.882324
1009.803955
411.764709
58.823532
-166.666671
-441.176483
-970.588256
-2137.254882
-2058.823486
-1392.156860
-715.686279
-215.686279
88.235298
313.725494
1411.764770
2019.607910
2176.470703
1607.843139
941.176513
352.941192
19.607843
-568.627441
-1156.862792
-1705.882324
-2137.254882
-1911.764770
-1264.705932
-588.235290
156.862747
411.764709
892.156860
1539.215698
2058.823486
2117.647216
1509.803955
196.078430
-78.431373
-303.921569
-617.647094
-1245.098022
-1823.529418
-2156.862792
-1774.509887
-1137.254882
-460.784332
-88.235298
166.666671
411.764709
882.352966
1578.431396
2088.235351
2137.254882
1500.000000
196.078430
-58.823532
-303.921569
-666.666687
-1333.333374
-1823.529418
-2137.254882
-970.588256
-411.764709
-29.411766
166.666671
470.588256
1000.000000
1656.862792
1990.196166
1333.333374
696.078430
225.490203
-68.627449
-303.921569
-607.843139
-2000.000000
-2235.294189
-1686.274536
-950.980407
-431.372558
-68.627449
166.666671
1088.235351
1794.117675
2205.882324
1901.960815
1215.686279
578.431396
166.666671
-411.764709
-892.156860
-1607.843139
-2068.627441
-2019.607910
-1460.784301
-833.333374
58.823532
303.921569
637.254943
1313.725463
1931.372558
2088.235351
1647.058837
1058.823608
441.176483
78.431373
-470.588256
-1000.000000
-1676.470581
-2147.058837
-2147.058837
-1450.980468
-745.098083
78.431373
303.921569
656.862731
1852.941162
2098.039306
1549.019653
931.372558
362.745117
29.411766
-186.274520
-1147.058837
-1862.745117
-2235.294189
-1833.333374
-1205.882324
-558.823547
-156.862747
421.568634
862.745117
1509.803955
1980.392211
2049.019531
1450.980468
813.725524
-58.823532
-313.725494
-647.058837
-1294.117675
-1872.549072
-2156.862792
-1764.705932
-362.745117
-39.215686
186.274520
470.588256
941.176513
1647.058837
2009.803955
1215.686279
549.019592
176.470596
-107.843139
-362.745117
-794.117675
-1470.588256
-2058.823486
-2029.411743
-1558.823608
-941.176513
-362.745117
-29.411766
196.078430
450.980407
1009.803955
1637.254882
2019.607910
1186.274536
539.215698
156.862747
-117.647064
-372.549041
-803.921569
-1480.392211
-2156.862792
-1401.960815
-784.313720
-284.313720
9.803922
205.882354
509.803924
1666.666748
2098.039306
1823.529418
1215.686279
529.411804
137.254898
-147.058822
-872.549011
-1578.431396
-2019.607910
-2088.235351
-1480.392211
-823.529418
-264.705902
333.333343
686.274536
1362.745117
1990.196166
2215.686279
1705.882324
1009.803955
401.960784
58.823532
-186.274520
-1049.019653
-1803.921630
-2235.294189
-1225.490234
-558.823547
-147.058822
117.647064
372.549041
803.921569
1509.803955
2039.215698
1431.372558
794.117675
245.098037
-49.019607
-254.901962
-588.235290
-1960.784301
-2205.882324
-1676.470581
-1068.627441
-441.176483
-78.431373
137.254898
1058.823608
1666.666748
2000.000000
2068.627441
1352.941162
666.666687
225.490203
-362.745117
-764.705871
-1450.980468
-2078.431396
-2137.254882
-1529.411743
-911.764709
0.000000
186.274520
490.196075
1029.411743
1705.882324
1980.392211
1941.176513
509.803924
137.254898
-117.647064
-382.352935
-813.725524
-1500.000000
-2049.019531
-1588.235351
-921.568664
-372.549041
-39.215686
215.686279
490.196075
1019.607849
2068.627441
1803.921630
1186.274536
539.215698
117.647064
-127.450981
-382.352935
-784.313720
-1450.980468
-2019.607910
-2196.078369
-1598.039184
-892.156860
-352.941192
-29.411766
215.686279
500.000000
1009.803955
2147.058837
1823.529418
1127.451049
519.607849
156.862747
-117.647064
-362.745117
-1627.451049
-2098.039306
-2029.411743
-1441.176513
-794.117675
-284.313720
19.607843
647.058837
1333.333374
1921.568603
2137.254882
1656.862792
1029.411743
411.764709
-215.686279
-529.411804
-1019.607849
-1627.451049
-2127.450927
-1990.196166
-1352.941162
-137.254898
127.450981
372.549041
794.117675
1490.196166
2058.823486
2186.274658
1598.039184
921.568664
323.529418
-294.117645
-607.843139
-1294.117675
-2176.470703
-1725.490234
-1088.235351
-431.372558
-68.627449
166.666671
441.176483
1696.078491
2117.647216
1990.196166
1323.529418
676.470581
166.666671
-88.235298
-754.901977
-1362.745117
-2000.000000
-2078.431396
-1578.431396
-941.176513
-352.941192
254.901962
539.215698
1117.647094
1774.509887
2137.254882
1794.117675
1196.078491
58.823532
-166.666671
-392.156860
-892.156860
-1568.627441
-1970.588256
-2068.627441
-1480.392211
-803.921569
-284.313720
39.215686
254.901962
549.019592
1166.666748
1833.333374
2205.882324
1833.333374
1176.470581
49.019607
-176.470596
-421.568634
-872.549011
-1500.000000
-2088.235351
-1990.196166
-676.470581
-235.294128
49.019607
284.313720
598.039245
1245.098022
1852.941162
1705.882324
1049.019653
441.176483
58.823532
-156.862747
-431.372558
-901.960815
-2078.431396
-1941.176513
-1333.333374
-696.078430
-225.490203
68.627449
303.921569
1441.176513
1921.568603
2058.823486
1519.607910
901.960815
333.333343
19.607843
-549.019592
-1186.274536
-1872.549072
-2058.823486
-1813.725463
-1215.686279
-558.823547
147.058822
392.156860
872.549011
1500.000000
2078.431396
2009.803955
1382.353027
774.509826
294.117645
-29.411766
-647.058837
-1313.725463
-1980.392211
-2137.254882
-1617.647094
-1049.019653
-441.176483
196.078430
460.784332
970.588256
1696.078491
2000.000000
2107.843261
1382.353027
166.666671
-98.039215
-333.333343
-725.490234
-1411.764770
-2049.019531
-2215.686279
-931.372558
-362.745117
-9.803922
205.882354
470.588256
970.588256
1676.470581
1990.196166
1911.764770
1294.117675
137.254898
-117.647064
-352.941192
-764.705871
-2137.254882
-2147.058837
-1411.764770
-784.313720
-284.313720
9.803922
215.686279
480.392150
1039.215698
1803.921630
1843.137329
1205.882324
529.411804
-186.274520
-421.568634
-931.372558
-1656.862792
-2127.450927
-2147.058837
-1460.784301
-196.078430
78.431373
303.921569
647.058837
1245.098022
1823.529418
2117.647216
901.960815
352.941192
39.215686
-186.274520
-460.784332
-1009.803955
-1774.509887
-1990.196166
-1215.686279
-558.823547
-147.058822
78.431373
362.745117
784.313720
1450.980468
2068.627441
2176.470703
901.960815
323.529418
9.803922
-205.882354
-509.803924
-1068.627441
-1627.451049
-1774.509887
-1186.274536
-578.431396
-156.862747
107.843139
343.137268
754.901977
2078.431396
2068.627441
1362.745117
764.705871
284.313720
-9.803922
-235.294128
-1186.274536
-1892.156860
-2254.902099
-1882.353027
-1147.058837
-441.176483
-98.039215
460.784332
980.392150
1666.666748
2137.254882
2117.647216
1460.784301
794.117675
-98.039215
-333.333343
-686.274536
-1372.549072
-2019.607910
-2225.490234
-1705.882324
-352.941192
-19.607843
225.490203
509.803924
1029.411743
1754.901977
2156.862792
1176.470581
519.607849
137.254898
-137.254898
