-372.549041
-754.901977
-1382.353027
-1980.392211
-2176.470703
-1607.843139
-901.960815
-333.333343
-9.803922
196.078430
480.392150
1058.823608
1627.451049
1990.196166
1176.470581
549.019592
156.862747
-107.843139
-392.156860
-823.529418
-1500.000000
-2156.862792
-1588.235351
-911.764709
-343.137268
-19.607843
215.686279
519.607849
1735.294189
2088.235351
1813.725463
1186.274536
509.803924
137.254898
-147.058822
-892.156860
-1549.019653
-2009.803955
-2078.431396
-1490.196166
-813.725524
-274.509796
333.333343
705.882385
1352.941162
2029.411743
2215.686279
1715.686279
1019.607849
401.960784
39.215686
-196.078430
-441.176483
-970.588256
-1676.470581
-2156.862792
-1343.137329
-666.666687
-186.274520
88.235298
323.529418
666.666687
1274.509887
1901.960815
2137.254882
1705.882324
323.529418
9.803922
-196.078430
-470.588256
-1039.215698
-1784.313720
-2039.215698
-1931.372558
-1343.137329
-666.666687
-205.882354
98.039215
313.725494
627.450988
1245.098022
2147.058837
1519.607910
872.549011
372.549041
29.411766
-186.274520
-460.784332
-1735.294189
-2166.666748
-1970.588256
-1294.117675
-568.627441
-166.666671
88.235298
843.137268
1519.607910
2049.019531
2176.470703
1549.019653
892.156860
323.529418
0.000000
-186.274520
-441.176483
-990.196105
-1686.274536
-2186.274658
-2117.647216
-1343.137329
-656.862731
-205.882354
68.627449
764.705871
1460.784301
2029.411743
2215.686279
1686.274536
970.588256
421.568634
-235.294128
-568.627441
-1196.078491
-1901.960815
-2235.294189
-1754.901977
-1156.862792
-88.235298
147.058822
411.764709
892.156860
1588.235351
2117.647216
2176.470703
764.705871
215.686279
-39.215686
-303.921569
-598.039245
-1196.078491
-1862.745117
-1686.274536
-1058.823608
-411.764709
-68.627449
166.666671
460.784332
941.176513
1627.451049
2078.431396
2068.627441
1450.980468
754.901977
225.490203
-58.823532
-264.705902
-588.235290
-1215.686279
-1794.117675
-1656.862792
-1039.215698
-421.568634
-49.019607
156.862747
411.764709
911.764709
2176.470703
2068.627441
1411.764770
745.098083
225.490203
-58.823532
-274.509796
-1313.725463
-1941.176513
-2176.470703
-1705.882324
-1039.215698
-372.549041
-19.607843
539.215698
1147.058837
1823.529418
2225.490234
1950.980468
1303.921630
617.647094
-147.058822
-401.960784
-862.745117
-1588.235351
-2117.647216
-2156.862792
-1392.156860
-215.686279
49.019607
303.921569
617.647094
1284.313720
1882.353027
2196.078369
1803.921630
1147.058837
500.000000
-196.078430
-431.372558
-901.960815
-1558.823608
-1980.392211
-2029.411743
-1450.980468
-774.509826
-235.294128
39.215686
274.509796
598.039245
1137.254882
1813.725463
2147.058837
1009.803955
392.156860
58.823532
-166.666671
-470.588256
-980.392150
-1666.666748
-2029.411743
-1235.294189
-637.254943
-186.274520
68.627449
333.333343
715.686279
2049.019531
2196.078369
1666.666748
990.196105
382.352935
39.215686
-205.882354
-1058.823608
-1715.686279
-2147.058837
-1941.176513
-1294.117675
-539.215698
-147.058822
107.843139
362.745117
833.333374
1529.411743
2000.000000
2205.882324
1656.862792
980.392150
382.352935
29.411766
-196.078430
-1068.627441
-1774.509887
-2156.862792
-1950.980468
-1284.313720
-598.039245
-186.274520
421.568634
901.960815
1617.647094
2137.254882
2215.686279
1529.411743
823.529418
-88.235298
-294.117645
-637.254943
-1313.725463
-1970.588256
-2245.098144
-1745.098022
-401.960784
-29.411766
205.882354
460.784332
990.196105
1647.058837
2058.823486
2009.803955
1411.764770
754.901977
235.294128
-58.823532
-284.313720
-578.431396
-1186.274536
-1852.941162
-2215.686279
-1813.725463
-421.568634
-49.019607
196.078430
431.372558
872.549011
1578.431396
1960.784301
1235.294189
607.843139
176.470596
-78.431373
-343.137268
-725.490234
-1431.372558
-2225.490234
-1568.627441
-872.549011
-333.333343
-29.411766
196.078430
519.607849
1833.333374
2205.882324
1921.568603
1235.294189
549.019592
147.058822
-127.450981
-901.960815
-1568.627441
-2147.058837
-2196.078369
-1460.784301
-764.705871
-284.313720
19.607843
254.901962
558.823547
1156.862792
1872.549072
2245.098144
1921.568603
1245.098022
588.235290
137.254898
-127.450981
-872.549011
-1598.039184
-2147.058837
-2196.078369
-1519.607910
-813.725524
-274.509796
313.725494
686.274536
1382.353027
1990.196166
2235.294189
1725.490234
980.392150
29.411766
-205.882354
-470.588256
-1009.803955
-1794.117675
-2186.274658
-1960.784301
-598.039245
-156.862747
127.450981
352.941192
794.117675
1490.196166
2058.823486
2215.686279
1607.843139
921.568664
-19.607843
-245.098037
-529.411804
-1117.647094
-2147.058837
-1784.313720
-1137.254882
-509.803924
-98.039215
127.450981
911.764709
1637.254882
2019.607910
1941.176513
1362.745117
705.882385
225.490203
-333.333343
-735.294128
-1411.764770
-1843.137329
-2147.058837
-1656.862792
-1039.215698
9.803922
196.078430
549.019592
1107.843139
1774.509887
2049.019531
1813.725463
509.803924
137.254898
-137.254898
-392.156860
-852.941162
-1539.215698
-2009.803955
-1490.196166
-745.098083
-274.509796
19.607843
254.901962
539.215698
1147.058837
2107.843261
1754.901977
1107.843139
460.784332
98.039215
-176.470596
-401.960784
-1676.470581
-1980.392211
-2009.803955
-1421.568603
-764.705871
-225.490203
49.019607
264.705902
598.039245
1264.705932
2215.686279
1715.686279
990.196105
460.784332
88.235298
-166.666671
-421.568634
-1647.058837
-2117.647216
-2078.431396
-637.254943
-166.666671
98.039215
333.333343
666.666687
1352.941162
1882.353027
1411.764770
823.529418
343.137268
29.411766
-215.686279
-509.803924
-1078.431396
-2215.686279
-1911.764770
-1186.274536
-519.607849
-147.058822
127.450981
382.352935
843.137268
1519.607910
2068.627441
2147.058837
1529.411743
843.137268
333.333343
-303.921569
-617.647094
-1303.921630
-1843.137329
-1647.058837
-990.196105
-421.568634
-68.627449
166.666671
421.568634
1735.294189
2156.862792
2049.019531
1382.353027
696.078430
205.882354
-78.431373
-705.882385
-1372.549072
-1990.196166
-2215.686279
-1627.451049
-931.372558
-362.745117
-19.607843
215.686279
490.196075
1049.019653
1784.313720
2166.666748
1980.392211
1225.490234
607.843139
186.274520
-68.627449
-333.333343
-686.274536
-1401.960815
-1990.196166
-1637.254882
-862.745117
-343.137268
-29.411766
196.078430
490.196075
1019.607849
2156.862792
1901.960815
1294.117675
598.039245
166.666671
-107.843139
-352.941192
-1539.215698
-2098.039306
-1421.568603
-754.901977
-245.098037
29.411766
686.274536
1372.549072
1872.549072
2049.019531
1607.843139
1000.000000
431.372558
78.431373
-166.666671
-411.764709
-1686.274536
-2156.862792
-2078.431396
-1323.529418
-656.862731
-196.078430
58.823532
764.705871
1431.372558
2068.627441
2235.294189
1637.254882
970.588256
401.960784
-264.705902
-558.823547
-1205.882324
-1931.372558
-2156.862792
-1705.882324
-1127.451049
-78.431373
147.058822
450.980407
931.372558
1617.647094
2107.843261
2166.666748
1450.980468
794.117675
284.313720
-19.607843
-254.901962
-558.823547
-1205.882324
-1911.764770
-2147.058837
-1696.078491
-1127.451049
-68.627449
156.862747
431.372558
941.176513
1656.862792
2039.215698
1960.784301
686.274536
215.686279
-88.235298
-323.529418
-656.862731
-1323.529418
-1990.196166
-2215.686279
-1588.235351
-1009.803955
-19.607843
225.490203
529.411804
1088.235351
1764.705932
2039.215698
1833.333374
509.803924
137.254898
-127.450981
-372.549041
-823.529418
-1519.607910
-2078.431396
-1500.000000
-901.960815
-323.529418
0.000000
186.274520
460.784332
990.196105
2000.000000
2049.019531
1343.137329
647.058837
205.882354
-78.431373
-303.921569
-666.666687
-1392.156860
-2000.000000
-2245.098144
-1029.411743
-411.764709
-49.019607
176.470596
421.568634
901.960815
1558.823608
1931.372558
2009.803955
1382.353027
745.098083
215.686279
-49.019607
-274.509796
-588.235290
-1235.294189
-1882.353027
-2058.823486
-1009.803955
-421.568634
-78.431373
147.058822
441.176483
941.176513
1666.666748
2078.431396
1392.156860
735.294128
225.490203
-78.431373
-303.921569
-637.254943
-1921.568603
-2156.862792
-1705.882324
-1029.411743
-372.549041
-58.823532
196.078430
1078.431396
1803.921630
2186.274658
1941.176513
1254.901977
588.235290
166.666671
-137.254898
-352.941192
-794.117675
-1509.803955
-2088.235351
-2049.019531
-1509.803955
-882.352966
-352.941192
-29.411766
215.686279
1235.294189
1715.686279
2098.039306
1754.901977
1127.451049
490.196075
98.039215
-421.568634
-950.980407
-1647.058837
-2137.254882
-2039.215698
-1392.156860
-764.705871
68.627449
323.529418
686.274536
1362.745117
1950.980468
2196.078369
1686.274536
980.392150
450.980407
88.235298
-117.647064
-392.156860
-843.137268
-1539.215698
-2098.039306
-2196.078369
-1539.215698
-784.313720
49.019607
274.509796
568.627441
1176.470581
1833.333374
2166.666748
1823.529418
401.960784
49.019607
-176.470596
-450.980407
-950.980407
-1676.470581
-2088.235351
-1343.137329
-656.862731
-186.274520
58.823532
313.725494
676.470581
1333.333374
2186.274658
1666.666748
1039.215698
382.352935
29.411766
-215.686279
-490.196075
-1019.607849
-1803.921630
-2186.274658
-1284.313720
-558.823547
-166.666671
107.843139
352.941192
813.725524
1470.588256
2156.862792
1539.215698
882.352966
313.725494
-9.803922
-225.490203
-529.411804
-1911.764770
-2166.666748
-1735.294189
-1147.058837
-539.215698
-137.254898
117.647064
872.549011
1549.019653
1960.784301
2000.000000
1529.411743
784.313720
284.313720
-313.725494
-676.470581
-1352.941162
-1970.588256
-2137.254882
-1617.647094
-1039.215698
-39.215686
176.470596
519.607849
1058.823608
1784.313720
2107.843261
1823.529418
1264.705932
647.058837
186.274520
-58.823532
-333.333343
-715.686279
-1411.764770
-1872.549072
-2117.647216
-1686.274536
-1058.823608
-9.803922
186.274520
500.000000
950.980407
1607.843139
2078.431396
2068.627441
637.254943
186.274520
-98.039215
-313.725494
-705.882385
-1362.745117
-1892.156860
-1490.196166
-911.764709
-352.941192
-19.607843
196.078430
519.607849
1068.627441
2215.686279
1921.568603
1245.098022
607.843139
156.862747
-127.450981
-362.745117
-1588.235351
-2137.254882
-2176.470703
-1441.176513
-754.901977
-274.509796
19.607843
627.450988
1303.921630
1931.372558
2225.490234
1803.921630
1117.647094
450.980407
98.039215
-137.254898
-401.960784
-1647.058837
-2117.647216
-2117.647216
-1441.176513
-205.882354
88.235298
313.725494
696.078430
1333.333374
1960.784301
2156.862792
1696.078491
1029.411743
401.960784
29.411766
-186.274520
-431.372558
-960.784301
-1578.431396
-2117.647216
-2107.843261
-1450.980468
-196.078430
117.647064
323.529418
725.490234
1372.549072
1990.196166
2176.470703
892.156860
323.529418
0.000000
-196.078430
-411.764709
-892.156860
-1529.411743
-1872.549072
-1294.117675
-666.666687
-215.686279
78.431373
303.921569
656.862731
2049.019531
2186.274658
1617.647094
921.568664
421.568634
39.215686
-196.078430
-1058.823608
-1803.921630
-2225.490234
-1931.372558
-1156.862792
-549.019592
-156.862747
421.568634
921.568664
1647.058837
2078.431396
1970.588256
1362.745117
196.078430
-58.823532
-323.529418
-686.274536
-1392.156860
-1931.372558
-2049.019531
-882.352966
-372.549041
-49.019607
205.882354
470.588256
1000.000000
1598.039184
1882.353027
1303.921630
647.058837
176.470596
-88.235298
-343.137268
-715.686279
-2068.627441
-2196.078369
-1490.196166
-901.960815
-352.941192
-39.215686
196.078430
1166.666748
1892.156860
2205.882324
1843.137329
1147.058837
549.019592
137.254898
-431.372558
-950.980407
-1617.647094
-2137.254882
-2127.450927
-1382.353027
-754.901977
58.823532
294.117645
647.058837
1313.725463
1950.980468
2225.490234
1813.725463
421.568634
29.411766
-196.078430
-441.176483
-941.176513
-1627.451049
-2117.647216
-1323.529418
-666.666687
-186.274520
78.431373
323.529418
637.254943
1264.705932
1852.941162
2137.254882
1676.470581
323.529418
9.803922
-205.882354
-480.392150
-1735.294189
-2186.274658
-1980.392211
-1264.705932
-539.215698
-127.450981
401.960784
921.568664
1578.431396
2117.647216
2137.254882
1431.372558
764.705871
-49.019607
-303.921569
-607.843139
-1303.921630
-1970.588256
-2215.686279
-1607.843139
-362.745117
-39.215686
196.078430
470.588256
990.196105
1696.078491
2098.039306
1294.117675
637.254943
176.470596
-88.235298
-303.921569
-656.862731
-1284.313720
-2058.823486
-1558.823608
-911.764709
-343.137268
-49.019607
176.470596
500.000000
1676.470581
2107.843261
1950.980468
1323.529418
656.862731
176.470596
-98.039215
-784.313720
-1450.980468
-1911.764770
-2137.254882
-1549.019653
-931.372558
-352.941192
264.705902
558.823547
1196.078491
1823.529418
2147.058837
1823.529418
1166.666748
529.411804
107.843139
-127.450981
-382.352935
-843.137268
-1598.039184
-2117.647216
-2137.254882
-1362.745117
-794.117675
-274.509796
294.117645
607.843139
1274.509887
1784.313720
2098.039306
1676.470581
1039.215698
431.372558
68.627449
-156.862747
-1088.235351
-1656.862792
-2107.843261
-1950.980468
-1323.529418
-696.078430
-186.274520
362.745117
813.725524
1500.000000
1950.980468
2019.607910
1509.803955
882.352966
-9.803922
-235.294128
-529.411804
-1147.058837
-1852.941162
-2166.666748
-1774.509887
-470.588256
-88.235298
127.450981
392.156860
852.941162
1549.019653
2088.235351
2166.666748
1500.000000
921.568664
-29.411766
-245.098037
-568.627441
-1127.451049
-1794.117675
-2166.666748
-1882.353027
-441.176483
-88.235298
147.058822
401.960784
862.745117
1490.196166
2000.000000
1470.588256
794.117675
225.490203
-39.215686
-264.705902
-568.627441
-1245.098022
-2127.450927
-1725.490234
-1088.235351
-460.784332
-68.627449
166.666671
421.568634
1617.647094
2078.431396
1960.784301
1323.529418
676.470581
176.470596
-88.235298
-813.725524
-1470.588256
-1911.764770
-2137.254882
-1588.235351
-941.176513
-362.745117
264.705902
539.215698
1156.862792
1833.333374
2196.078369
1862.745117
1196.078491
539.215698
117.647064
-137.254898
-931.372558
-1637.254882
-2147.058837
-2117.647216
-1431.372558
-705.882385
-225.490203
333.333343
774.509826
1431.372558
2019.607910
2215.686279
1656.862792
931.372558
0.000000
-186.274520
-500.000000
-911.764709
-1558.823608
-2098.039306
-2117.647216
-705.882385
-215.686279
78.431373
303.921569
627.450988
1284.313720
1784.313720
1617.647094
960.784301
431.372558
49.019607
-166.666671
-431.372558
-921.568664
-2029.411743
-1970.588256
-1362.745117
-696.078430
-205.882354
78.431373
313.725494
1352.941162
1931.372558
2137.254882
1568.627441
921.568664
343.137268
19.607843
-598.039245
-1205.882324
-1686.274536
-2127.450927
-1901.960815
-1225.490234
-539.215698
-127.450981
127.450981
382.352935
1637.254882
2127.450927
2137.254882
1509.803955
794.117675
264.705902
-39.215686
-264.705902
-588.235290
-1205.882324
-2127.450927
-1735.294189
-1117.647094
-460.784332
-68.627449
166.666671
411.764709
1588.235351
2088.235351
1980.392211
1333.333374
686.274536
196.078430
-78.431373
-794.117675
-1401.960815
-1931.372558
-2147.058837
-1598.039184
-950.980407
-372.549041
254.901962
539.215698
1127.451049
1774.509887
2137.254882
1843.137329
1205.882324
78.431373
-156.862747
-421.568634
-872.549011
-1529.411743
-2068.627441
-2117.647216
-705.882385
-215.686279
68.627449
303.921569
617.647094
1323.529418
1813.725463
2009.803955
1676.470581
1068.627441
19.607843
-196.078430
-490.196075
-1029.411743
-1666.666748
-2068.627441
-1980.392211
-1362.745117
-696.078430
-225.490203
78.431373
313.725494
666.666687
1294.117675
1941.176513
1568.627441
941.176513
333.333343
19.607843
-205.882354
-500.000000
-911.764709
-2039.215698
-2000.000000
-1333.333374
-696.078430
-235.294128
49.019607
284.313720
1421.568603
2049.019531
2186.274658
1607.843139
921.568664
431.372558
58.823532
-500.000000
-1019.607849
-1686.274536
-2156.862792
-2009.803955
-1362.745117
-666.666687
-196.078430
78.431373
313.725494
1460.784301
2029.411743
2186.274658
1607.843139
921.568664
352.941192
19.607843
-549.019592
-1127.451049
-1784.313720
-2166.666748
-1901.960815
-1245.098022
-568.627441
156.862747
411.764709
931.372558
1627.451049
2088.235351
2117.647216
1490.196166
186.274520
-98.039215
-313.725494
-666.666687
-1343.137329
-2000.000000
-2127.450927
-1725.490234
-1088.235351
-450.980407
-78.431373
176.470596
421.568634
892.156860
1519.607910
2049.019531
2078.431396
1490.196166
176.470596
-68.627449
-323.529418
-637.254943
-1245.098022
-1911.764770
-2156.862792
-960.784301
-382.352935
-39.215686
166.666671
460.784332
1019.607849
1637.254882
1941.176513
1186.274536
558.823547
147.058822
-127.450981
-362.745117
-813.725524
-1450.980468
-1882.353027
-2147.058837
-813.725524
-274.509796
-9.803922
225.490203
500.000000
1000.000000
1754.901977
1990.196166
1323.529418
696.078430
215.686279
-88.235298
-313.725494
-686.274536
-1901.960815
-2137.254882
-1568.627441
-960.784301
-343.137268
-19.607843
205.882354
1107.843139
1813.725463
2147.058837
1852.941162
1205.882324
529.411804
117.647064
-421.568634
-941.176513
-1666.666748
-2156.862792
-2137.254882
-1401.960815
-696.078430
88.235298
323.529418
666.666687
1343.137329
1970.588256
2205.882324
1725.490234
323.529418
19.607843
-215.686279
-500.000000
-1019.607849
-1754.901977
-2078.431396
-1950.980468
-1333.333374
-686.274536
107.843139
343.137268
754.901977
1362.745117
1980.392211
2166.666748
1558.823608
911.764709
343.137268
0.000000
-176.470596
-1029.411743
-1823.529418
-2235.294189
-1960.784301
-1205.882324
-568.627441
137.254898
401.960784
882.352966
1607.843139
2078.431396
2078.431396
1372.549072
205.882354
-58.823532
-303.921569
-666.666687
-1343.137329
-1921.568603
-2068.627441
-931.372558
-372.549041
-39.215686
176.470596
470.588256
990.196105
1676.470581
1960.784301
1352.941162
696.078430
186.274520
-88.235298
-323.529418
-637.254943
-2029.411743
-2058.823486
-1578.431396
-960.784301
-372.549041
-49.019607
166.666671
1186.274536
1813.725463
2068.627441
1735.294189
1186.274536
549.019592
147.058822
-431.372558
-911.764709
-1627.451049
-1950.980468
-2058.823486
-1460.784301
-833.333374
-274.509796
19.607843
264.705902
1323.529418
1774.509887
2098.039306
1656.862792
1058.823608
441.176483
88.235298
-480.392150
-1049.019653
-1676.470581
-2039.215698
-2000.000000
-1274.509887
-696.078430
88.235298
313.725494
705.882385
1401.960815
1990.196166
2225.490234
1725.490234
333.333343
9.803922
-196.078430
-509.803924
-1058.823608
-1617.647094
-2068.627441
-1196.078491
-558.823547
-176.470596
98.039215
333.333343
754.901977
1450.980468
1970.588256
2049.019531
1500.000000
1068.627441
401.960784
58.823532
-176.470596
-441.176483
-960.784301
-1666.666748
-2176.470703
-1352.941162
-696.078430
-215.686279
68.627449
294.117645
647.058837
1245.098022
2039.215698
1549.019653
921.568664
372.549041
58.823532
-205.882354
-480.392150
-1843.137329
-2215.686279
-1833.333374
-1215.686279
-568.627441
-147.058822
107.843139
813.725524
1509.803955
1931.372558
2009.803955
1411.764770
794.117675
264.705902
-323.529418
-676.470581
-1352.941162
-1803.921630
-2137.254882
-1745.098022
-1107.843139
-460.784332
-98.039215
147.058822
1009.803955
1735.294189
2176.470703
2000.000000
1313.725463
666.666687
196.078430
-68.627449
-313.725494
-686.274536
-1343.137329
-2225.490234
-1637.254882
-950.980407
-392.156860
-68.627449
166.666671
1078.431396
1813.725463
2196.078369
1970.588256
1254.901977
588.235290
176.470596
-372.549041
-803.921569
-1539.215698
-2117.647216
-2127.450927
-1411.764770
-843.137268
-294.117645
-19.607843
235.294128
529.411804
1156.862792
1715.686279
2058.823486
1833.333374
1215.686279
568.627441
137.254898
-127.450981
-352.941192
-774.509826
-1411.764770
-2058.823486
-1509.803955
-862.745117
-323.529418
0.000000
215.686279
500.000000
1813.725463
2068.627441
1794.117675
1215.686279
588.235290
156.862747
-98.039215
-352.941192
-764.705871
-1441.176513
-1941.176513
-2058.823486
-1607.843139
-990.196105
-9.803922
235.294128
519.607849
1823.529418
2176.470703
1901.960815
1235.294189
568.627441
127.450981
-117.647064
-892.156860
-1598.039184
-2098.039306
-2147.058837
-1519.607910
-823.529418
-294.117645
313.725494
686.274536
1382.353027
2000.000000
2137.254882
1754.901977
1127.451049
480.392150
98.039215
-166.666671
-392.156860
-1735.294189
-2009.803955
-2019.607910
-1392.156860
-745.098083
-235.294128
352.941192
705.882385
1294.117675
1941.176513
2166.666748
1637.254882
980.392150
0.000000
-186.274520
-470.588256
-990.196105
-1637.254882
-2137.254882
-2078.431396
-607.843139
-176.470596
88.235298
323.529418
676.470581
1323.529418
1833.333374
1421.568603
833.333374
294.117645
0.000000
-176.470596
-470.588256
-980.392150
-1656.862792
-2029.411743
-2049.019531
-1401.960815
-754.901977
-245.098037
49.019607
274.509796
578.431396
1205.882324
1764.705932
2019.607910
1735.294189
1137.254882
490.196075
-196.078430
-441.176483
-931.372558
-1617.647094
-2009.803955
-2029.411743
-1431.372558
-166.666671
98.039215
323.529418
676.470581
1303.921630
1833.333374
2127.450927
843.137268
343.137268
19.607843
-215.686279
-490.196075
-1068.627441
-1813.725463
-1921.568603
-1205.882324
-500.000000
-166.666671
107.843139
352.941192
745.098083
1941.176513
2088.235351
1539.215698
862.745117
294.117645
-9.803922
-215.686279
-1284.313720
-1823.529418
-2088.235351
-1764.705932
-1176.470581
-529.411804
-107.843139
147.058822
382.352935
852.941162
1578.431396
2117.647216
2156.862792
1509.803955
862.745117
303.921569
-9.803922
-245.098037
-519.607849
-1049.019653
-1745.098022
-2166.666748
-1960.784301
-1284.313720
-568.627441
156.862747
421.568634
901.960815
1607.843139
2107.843261
2156.862792
1500.000000
245.098037
-29.411766
-264.705902
-598.039245
-1264.705932
-1735.294189
-2117.647216
-1029.411743
-411.764709
-68.627449
166.666671
421.568634
901.960815
1627.451049
2107.843261
1362.745117
637.254943
215.686279
-68.627449
-323.529418
-666.666687
-1980.392211
-2235.294189
-1637.254882
-901.960815
-372.549041
-58.823532
176.470596
480.392150
950.980407
1627.451049
1921.568603
1274.509887
607.843139
186.274520
-78.431373
-333.333343
-696.078430
-1362.745117
-1833.333374
-2156.862792
-1686.274536
-1049.019653
-411.764709
-68.627449
186.274520
1088.235351
1784.313720
2176.470703
1990.196166
1313.725463
607.843139
166.666671
-392.156860
-852.941162
-1617.647094
-2147.058837
-2176.470703
-1509.803955
-794.117675
49.019607
264.705902
568.627441
1215.686279
1901.960815
2196.078369
1823.529418
1186.274536
509.803924
107.843139
-147.058822
-421.568634
-882.352966
-1607.843139
-2147.058837
-2137.254882
-1382.353027
-803.921569
39.215686
284.313720
647.058837
1284.313720
1950.980468
2205.882324
1784.313720
411.764709
68.627449
-166.666671
-431.372558
-892.156860
-1588.235351
-2147.058837
-1352.941162
-686.274536
-186.274520
68.627449
323.529418
656.862731
1235.294189
1784.313720
2117.647216
1676.470581
343.137268
19.607843
-196.078430
-500.000000
-931.372558
-1647.058837
-2156.862792
-1362.745117
-666.666687
-196.078430
78.431373
303.921569
637.254943
1245.098022
2068.627441
1539.215698
892.156860
352.941192
39.215686
-196.078430
-470.588256
-1764.705932
-2205.882324
-1960.784301
-1225.490234
-549.019592
-166.666671
88.235298
833.333374
1558.823608
2107.843261
2176.470703
1578.431396
852.941162
333.333343
-284.313720
-617.647094
-1274.509887
-1950.980468
-2176.470703
-1705.882324
-1088.235351
-460.784332
-88.235298
147.058822
1029.411743
1588.235351
2039.215698
2000.000000
1411.764770
705.882385
254.901962
-343.137268
-754.901977
-1450.980468
-2029.411743
-1607.843139
-882.352966
-323.529418
-9.803922
205.882354
470.588256
1019.607849
1725.490234
2137.254882
2029.411743
558.823547
137.254898
-117.647064
-843.137268
-1490.196166
-2088.235351
-2117.647216
-1490.196166
-774.509826
-303.921569
323.529418
725.490234
1431.372558
2009.803955
2215.686279
1696.078491
1019.607849
9.803922
-225.490203
-460.784332
-1019.607849
-1696.078491
-2147.058837
-2078.431396
-578.431396
-156.862747
117.647064
333.333343
774.509826
1392.156860
1980.392211
1460.784301
833.333374
284.313720
-19.607843
-245.098037
-558.823547
-1166.666748
-2176.470703
-1676.470581
-1098.039184
-470.588256
-107.843139
127.450981
382.352935
813.725524
1450.980468
2019.607910
1284.313720
686.274536
215.686279
-58.823532
-696.078430
-1382.353027
-2009.803955
-2225.490234
-1607.843139
-970.588256
-19.607843
215.686279
460.784332
1049.019653
1764.705932
2186.274658
2029.411743
568.627441
117.647064
-127.450981
-372.549041
-774.509826
-1500.000000
-1921.568603
-1470.588256
-872.549011
-313.725494
0.000000
186.274520
431.372558
921.568664
2176.470703
2029.411743
1294.117675
578.431396
166.666671
-88.235298
-323.529418
-1519.607910
-2088.235351
-2186.274658
-1500.000000
-1000.000000
-392.156860
-49.019607
509.803924
1107.843139
1666.666748
2029.411743
1862.745117
1274.509887
568.627441
-147.058822
-401.960784
-833.333374
-1529.411743
-2088.235351
-2156.862792
-1529.411743
-225.490203
58.823532
284.313720
627.450988
1225.490234
1852.941162
2156.862792
950.980407
372.549041
49.019607
-166.666671
-450.980407
-941.176513
-1647.058837
-2176.470703
-2137.254882
-1313.725463
-196.078430
58.823532
303.921569
676.470581
1303.921630
1970.588256
2225.490234
990.196105
372.549041
49.019607
-166.666671
-460.784332
-1009.803955
-1607.843139
-1901.960815
-1254.901977
-617.647094
-176.470596
107.843139
303.921569
686.274536
2068.627441
2166.666748
1529.411743
852.941162
333.333343
29.411766
-215.686279
-1205.882324
-1921.568603
-2147.058837
-1696.078491
-1117.647094
-519.607849
-117.647064
421.568634
931.372558
1627.451049
1990.196166
1980.392211
1352.941162
705.882385
215.686279
-49.019607
-294.117645
-1392.156860
-2009.803955
-2078.431396
-1647.058837
-1019.607849
-411.764709
-68.627449
460.784332
1078.431396
1656.862792
2098.039306
1901.960815
1274.509887
607.843139
156.862747
-107.843139
-352.941192
-1441.176513
-2049.019531
-2147.058837
-1539.215698
-892.156860
-313.725494
0.000000
549.019592
1186.274536
1862.745117
2196.078369
1901.960815
1245.098022
588.235290
-147.058822
-441.176483
-950.980407
-1607.843139
-2166.666748
-2127.450927
-1352.941162
-745.098083
-245.098037
29.411766
656.862731
1313.725463
1950.980468
2225.490234
1764.705932
1078.431396
441.176483
-235.294128
-539.215698
-1137.254882
-1735.294189
-2049.019531
-1901.960815
-1313.725463
-107.843139
147.058822
392.156860
803.921569
1431.372558
2000.000000
2058.823486
843.137268
303.921569
-29.411766
-274.509796
-558.823547
-1186.274536
-1911.764770
-2147.058837
-1696.078491
-1137.254882
-98.039215
156.862747
441.176483
960.784301
1676.470581
2137.254882
2107.843261
715.686279
225.490203
-68.627449
-313.725494
-617.647094
-1294.117675
-1960.784301
-1686.274536
-1029.411743
-382.352935
-39.215686
205.882354
480.392150
1029.411743
2147.058837
1931.372558
1313.725463
617.647094
137.254898
-107.843139
-362.745117
-754.901977
-1480.392211
-2098.039306
-1529.411743
-843.137268
-323.529418
-9.803922
225.490203
500.000000
1088.235351
2215.686279
1911.764770
1254.901977
588.235290
137.254898
-107.843139
-382.352935
-1627.451049
-2156.862792
-2147.058837
-1401.960815
-764.705871
-284.313720
29.411766
647.058837
1303.921630
1941.176513
2215.686279
1784.313720
1117.647094
460.784332
-215.686279
-509.803924
-1068.627441
-1794.117675
-2019.607910
-1941.176513
-1323.529418
-127.450981
127.450981
372.549041
784.313720
1421.568603
1980.392211
2098.039306
1490.196166
882.352966
313.725494
0.000000
-186.274520
-450.980407
-911.764709
-1578.431396
-2068.627441
-2088.235351
-1441.176513
-176.470596
98.039215
313.725494
647.058837
1294.117675
1852.941162
2156.862792
862.745117
303.921569
19.607843
-225.490203
-490.196075
-1078.431396
-1784.313720
-1882.353027
-1147.058837
-529.411804
-127.450981
117.647064
372.549041
823.529418
2117.647216
2166.666748
1529.411743
813.725524
323.529418
-19.607843
-254.901962
-1225.490234
-1931.372558
-2245.098144
-1803.921630
-1058.823608
-431.372558
-88.235298
470.588256
1029.411743
1794.117675
2147.058837
1950.980468
1225.490234
607.843139
186.274520
-107.843139
-333.333343
-1558.823608
-1960.784301
-2078.431396
-1558.823608
-901.960815
-313.725494
-19.607843
558.823547
1176.470581
1745.098022
2019.607910
1735.294189
1137.254882
509.803924
107.843139
-147.058822
-382.352935
-784.313720
-1421.568603
-2019.607910
-2147.058837
-1539.215698
-901.960815
-333.333343
9.803922
607.843139
1225.490234
1813.725463
2039.215698
1745.098022
1147.058837
490.196075
-196.078430
-450.980407
-970.588256
-1647.058837
-2039.215698
-2049.019531
-1421.568603
-186.274520
88.235298
303.921569
715.686279
1382.353027
1950.980468
2098.039306
1009.803955
372.549041
39.215686
-205.882354
-450.980407
-960.784301
-1607.843139
-1931.372558
-1323.529418
-647.058837
-176.470596
68.627449
313.725494
656.862731
2068.627441
2156.862792
1500.000000
1009.803955
401.960784
39.215686
-176.470596
-1039.215698
-1754.901977
-2137.254882
-1941.176513
-1284.313720
-558.823547
-137.254898
98.039215
343.137268
764.705871
2000.000000
2068.627441
1441.176513
862.745117
323.529418
29.411766
-215.686279
-509.803924
-1088.235351
-1774.509887
-2009.803955
-1882.353027
-1313.725463
-647.058837
-186.274520
392.156860
774.509826
1450.980468
1950.980468
2029.411743
1490.196166
901.960815
-29.411766
-274.509796
-637.254943
-1254.901977
-1803.921630
-2068.627441
-1774.509887
-1176.470581
-519.607849
-117.647064
421.568634
970.588256
1588.235351
2098.039306
2078.431396
1421.568603
735.294128
-88.235298
-343.137268
-676.470581
-1294.117675
-2019.607910
-1519.607910
-921.568664
-343.137268
-9.803922
215.686279
1186.274536
1882.353027
2196.078369
1882.353027
1196.078491
519.607849
137.254898
-441.176483
-941.176513
-1656.862792
-2166.666748
-2009.803955
-1382.353027
-784.313720
88.235298
313.725494
705.882385
1392.156860
1970.588256
2117.647216
1578.431396
362.745117
29.411766
-205.882354
-480.392150
-1049.019653
-1784.313720
-2127.450927
-1294.117675
-558.823547
-147.058822
98.039215
343.137268
735.294128
1431.372558
2117.647216
1529.411743
862.745117
294.117645
0.000000
-196.078430
-450.980407
-1666.666748
-2117.647216
-1941.176513
-1303.921630
-578.431396
-166.666671
98.039215
843.137268
1500.000000
1931.372558
2088.235351
1509.803955
872.549011
303.921569
0.000000
-186.274520
-421.568634
-921.568664
-1539.215698
-2078.431396
-2107.843261
-1450.980468
-745.098083
-245.098037
58.823532
666.666687
1303.921630
1833.333374
2117.647216
1686.274536
1000.000000
382.352935
-225.490203
-529.411804
-1088.235351
-1705.882324
-2127.450927
-1941.176513
-1313.725463
-578.431396
-156.862747
107.843139
921.568664
1598.039184
2098.039306
2156.862792
1539.215698
833.333374
313.725494
-313.725494
-666.666687
-1362.745117
-2019.607910
-2186.274658
-1598.039184
-1009.803955
-29.411766
205.882354
509.803924
1107.843139
1686.274536
1970.588256
1911.764770
519.607849
127.450981
-127.450981
-401.960784
-833.333374
-1549.019653
-1941.176513
-2098.039306
-1519.607910
-892.156860
29.411766
254.901962
588.235290
1235.294189
1862.745117
2039.215698
1745.098022
411.764709
78.431373
-166.666671
-421.568634
-901.960815
-1627.451049
-2196.078369
-1441.176513
-715.686279
-225.490203
39.215686
274.509796
598.039245
1196.078491
2029.411743
1627.451049
990.196105
401.960784
58.823532
-166.666671
-431.372558
-990.196105
-1656.862792
-2147.058837
-1411.764770
-686.274536
-235.294128
68.627449
303.921569
647.058837
1303.921630
2107.843261
1656.862792
990.196105
392.156860
58.823532
-176.470596
-450.980407
-1784.313720
-2215.686279
-2019.607910
-1264.705932
-627.450988
-186.274520
78.431373
784.313720
1490.196166
2088.235351
2235.294189
1656.862792
892.156860
382.352935
-264.705902
-598.039245
-1225.490234
-1921.568603
-2196.078369
-1754.901977
-1137.254882
-88.235298
176.470596
431.372558
950.980407
1627.451049
2117.647216
2156.862792
754.901977
235.294128
-58.823532
-303.921569
-607.843139
-1264.705932
-1931.372558
-1676.470581
-1029.411743
-411.764709
-58.823532
176.470596
450.980407
950.980407
2127.450927
1921.568603
1215.686279
598.039245
176.470596
-98.039215
-323.529418
-1480.392211
-2098.039306
-2186.274658
-1480.392211
-892.156860
-313.725494
274.509796
588.235290
1225.490234
1813.725463
2049.019531
1715.686279
1137.254882
68.627449
-166.666671
-460.784332
-990.196105
-1676.470581
-2019.607910
-2049.019531
-637.254943
-176.470596
78.431373
313.725494
686.274536
1382.353027
1980.392211
1676.470581
990.196105
382.352935
49.019607
-186.274520
-441.176483
-921.568664
-2186.274658
-1872.549072
-1294.117675
-647.058837
-186.274520
98.039215
323.529418
1519.607910
2078.431396
2098.039306
1490.196166
862.745117
343.137268
19.607843
-558.823547
-1205.882324
-1911.764770
-2166.666748
-1696.078491
-1147.058837
-529.411804
-127.450981
117.647064
372.549041
1656.862792
2058.823486
1960.784301
1313.725463
725.490234
245.098037
-39.215686
-696.078430
-1333.333374
-2000.000000
-2196.078369
-1029.411743
-411.764709
-58.823532
176.470596
431.372558
941.176513
1519.607910
2029.411743
2039.215698
1392.156860
725.490234
235.294128
-58.823532
-274.509796
-598.039245
-1215.686279
-1794.117675
-2176.470703
-1784.313720
-1166.666748
-441.176483
196.078430
480.392150
1039.215698
1784.313720
2176.470703
2078.431396
1274.509887
137.254898
-117.647064
-372.549041
-784.313720
-1529.411743
-2098.039306
-2147.058837
-862.745117
-313.725494
9.803922
215.686279
480.392150
1058.823608
1666.666748
1676.470581
1088.235351
490.196075
98.039215
-127.450981
-382.352935
-833.333374
-2117.647216
-2176.470703
-1529.411743
-754.901977
-294.117645
19.607843
245.098037
1225.490234
1862.745117
2176.470703
1774.509887
1147.058837
490.196075
98.039215
-441.176483
-931.372558
-1558.823608
-2098.039306
-2098.039306
-1411.764770
-754.901977
68.627449
303.921569
676.470581
1372.549072
1882.353027
2049.019531
1568.627441
980.392150
382.352935
68.627449
-166.666671
-441.176483
-960.784301
-1656.862792
-2186.274658
-2019.607910
-1362.745117
-774.509826
78.431373
303.921569
696.078430
1352.941162
1990.196166
2156.862792
1598.039184
392.156860
29.411766
-196.078430
-450.980407
-990.196105
-1588.235351
-2137.254882
-1303.921630
-637.254943
-176.470596
98.039215
323.529418
647.058837
1352.941162
2147.058837
1539.215698
852.941162
333.333343
9.803922
-186.274520
-450.980407
-1715.686279
-2078.431396
-1921.568603
-1313.725463
-647.058837
-166.666671
98.039215
794.117675
1392.156860
1941.176513
2117.647216
1500.000000
852.941162
333.333343
-294.117645
-637.254943
-1284.313720
-1862.745117
-2107.843261
-1745.098022
-1147.058837
-78.431373
176.470596
411.764709
911.764709
1637.254882
2009.803955
1960.784301
1323.529418
725.490234
235.294128
-29.411766
-294.117645
-637.254943
-1274.509887
-1774.509887
-2078.431396
-1754.901977
-1156.862792
-68.627449
176.470596
421.568634
901.960815
1617.647094
2019.607910
1970.588256
637.254943
215.686279
-78.431373
-333.333343
-686.274536
-1411.764770
-2019.607910
-1676.470581
-931.372558
-362.745117
-49.019607
196.078430
460.784332
1009.803955
2098.039306
1862.745117
1254.901977
598.039245
166.666671
-88.235298
-352.941192
-1558.823608
-1960.784301
-2078.431396
-1519.607910
-892.156860
-313.725494
264.705902
588.235290
1186.274536
1813.725463
2137.254882
1754.901977
1127.451049
29.411766
-186.274520
-441.176483
-960.784301
-1558.823608
-2098.039306
-2078.431396
-607.843139
-176.470596
88.235298
333.333343
735.294128
1421.568603
1901.960815
1607.843139
892.156860
382.352935
29.411766
-215.686279
-460.784332
-1039.215698
-2147.058837
-1931.372558
-1294.117675
-568.627441
-147.058822
117.647064
372.549041
1617.647094
2137.254882
2176.470703
1500.000000
852.941162
313.725494
-29.411766
-647.058837
-1284.313720
-1803.921630
-2107.843261
-1745.098022
-1156.862792
-490.196075
196.078430
460.784332
960.784301
1549.019653
2049.019531
2019.607910
1343.137329
705.882385
225.490203
-49.019607
-294.117645
-647.058837
-1284.313720
-1843.137329
-2088.235351
-1735.294189
-1156.862792
-509.803924
176.470596
431.372558
1009.803955
1715.686279
2147.058837
2078.431396
1382.353027
147.058822
-127.450981
-362.745117
-794.117675
-1509.803955
-2068.627441
-2205.882324
-1549.019653
-862.745117
-313.725494
-9.803922
196.078430
460.784332
1009.803955
1715.686279
2186.274658
2068.627441
1382.353027
117.647064
-137.254898
-392.156860
-774.509826
-1480.392211
-2107.843261
-2215.686279
-872.549011
-313.725494
19.607843
264.705902
519.607849
1058.823608
1725.490234
1656.862792
1068.627441
470.588256
78.431373
-137.254898
-401.960784
-862.745117
-2156.862792
-2156.862792
-1372.549072
-725.490234
-245.098037
19.607843
264.705902
1284.313720
1931.372558
2225.490234
1764.705932
1098.039184
460.784332
68.627449
-460.784332
-1009.803955
-1735.294189
-2186.274658
-2019.607910
-1264.705932
-598.039245
107.843139
372.549041
833.333374
1558.823608
2088.235351
2107.843261
813.725524
274.509796
-39.215686
-284.313720
-568.627441
-1196.078491
-1901.960815
-1754.901977
-1117.647094
-490.196075
-107.843139
147.058822
431.372558
931.372558
2039.215698
2000.000000
1294.117675
676.470581
225.490203
-49.019607
-303.921569
-1333.333374
-1990.196166
-2245.098144
-1627.451049
-970.588256
-411.764709
-68.627449
509.803924
1098.039184
1794.117675
2205.882324
2000.000000
1372.549072
715.686279
-117.647064
-362.745117
-774.509826
-1431.372558
-2019.607910
-2205.882324
-1607.843139
-313.725494
19.607843
254.901962
539.215698
1107.843139
1774.509887
2147.058837
1078.431396
450.980407
68.627449
-147.058822
-411.764709
-882.352966
-1588.235351
-1950.980468
-2098.039306
-1500.000000
-254.901962
29.411766
264.705902
549.019592
1186.274536
1862.745117
2205.882324
1098.039184
470.588256
78.431373
-156.862747
-411.764709
-852.941162
-1460.784301
-1960.784301
-1352.941162
-715.686279
-245.098037
39.215686
264.705902
627.450988
2009.803955
2245.098144
1754.901977
1058.823608
441.176483
58.823532
-166.666671
-1058.823608
-1784.313720
-2215.686279
-1980.392211
-1205.882324
-588.235290
-176.470596
401.960784
882.352966
1598.039184
2078.431396
2029.411743
1421.568603
823.529418
294.117645
9.803922
-225.490203
-470.588256
-1049.019653
-1803.921630
-2215.686279
-2019.607910
-1264.705932
-588.235290
-176.470596
382.352935
862.745117
1568.627441
2088.235351
2127.450927
1470.588256
823.529418
-49.019607
-303.921569
-617.647094
-1264.705932
-1941.176513
-2245.098144
-1754.901977
-441.176483
-78.431373
176.470596
441.176483
950.980407
1598.039184
2127.450927
1323.529418
686.274536
186.274520
-88.235298
-303.921569
-647.058837
-1313.725463
-2186.274658
-1539.215698
-950.980407
-362.745117
-39.215686
176.470596
470.588256
1019.607849
1705.882324
2078.431396
1323.529418
578.431396
176.470596
-98.039215
-333.333343
-705.882385
-1411.764770
-2147.058837
-1607.843139
-950.980407
-362.745117
-49.019607
215.686279
441.176483
1784.313720
2019.607910
1803.921630
1196.078491
549.019592
127.450981
-117.647064
-911.764709
-1627.451049
-2000.000000
-2186.274658
-1509.803955
-823.529418
-303.921569
0.000000
176.470596
450.980407
1803.921630
2205.882324
2019.607910
1313.725463
578.431396
166.666671
-107.843139
-852.941162
-1598.039184
-2117.647216
-2078.431396
-1431.372558
-823.529418
-294.117645
294.117645
627.450988
1254.901977
1803.921630
2058.823486
1656.862792
1058.823608
29.411766
-205.882354
-500.000000
-1019.607849
-1745.098022
-2205.882324
-2058.823486
-1294.117675
-705.882385
-235.294128
343.137268
715.686279
1431.372558
1872.549072
2058.823486
1539.215698
911.764709
-29.411766
-254.901962
-578.431396
-1215.686279
-1745.098022
-2068.627441
-1833.333374
-450.980407
-98.039215
137.254898
401.960784
872.549011
1588.235351
2117.647216
1470.588256
774.509826
245.098037
-68.627449
-274.509796
-578.431396
-1166.666748
-2127.450927
-1696.078491
-1078.431396
-450.980407
-88.235298
137.254898
401.960784
1676.470581
2009.803955
1931.372558
1303.921630
656.862731
205.882354
-78.431373
-794.117675
-1500.000000
-2019.607910
-2235.294189
-1617.647094
-931.372558
-421.568634
245.098037
519.607849
1137.254882
1833.333374
2166.666748
1843.137329
509.803924
117.647064
-147.058822
-392.156860
-882.352966
-1607.843139
-2117.647216
-2058.823486
-1431.372558
-813.725524
-284.313720
303.921569
627.450988
1313.725463
1784.313720
2058.823486
1647.058837
1058.823608
441.176483
58.823532
-147.058822
-1068.627441
-1705.882324
-2049.019531
-1166.666748
-539.215698
-156.862747
98.039215
352.941192
784.313720
1490.196166
1980.392211
2088.235351
1490.196166
892.156860
-9.803922
-245.098037
-490.196075
-1068.627441
-1803.921630
-2205.882324
-1990.196166
-549.019592
-137.254898
147.058822
392.156860
823.529418
1529.411743
2088.235351
2176.470703
1588.235351
901.960815
323.529418
-9.803922
-205.882354
-490.196075
-1019.607849
-1705.882324
-2166.666748
-2019.607910
-558.823547
-137.254898
117.647064
372.549041
754.901977
1421.568603
1970.588256
2107.843261
1568.627441
931.372558
-58.823532
-284.313720
-558.823547
-1156.862792
-1862.745117
-2215.686279
-1813.725463
-431.372558
-68.627449
147.058822
411.764709
882.352966
1549.019653
2078.431396
1294.117675
647.058837
205.882354
-68.627449
-313.725494
-696.078430
-1372.549072
-2264.705810
-1676.470581
-911.764709
-411.764709
-58.823532
176.470596
431.372558
1686.274536
2107.843261
2009.803955
1343.137329
647.058837
205.882354
-98.039215
-343.137268
-666.666687
-1352.941162
-2137.254882
-1617.647094
-941.176513
-343.137268
-19.607843
215.686279
470.588256
1715.686279
2019.607910
1794.117675
1186.274536
539.215698
137.254898
-117.647064
-852.941162
-1529.411743
-2029.411743
-2088.235351
-1480.392211
-794.117675
-254.901962
343.137268
725.490234
1401.960815
2000.000000
2137.254882
1686.274536
1078.431396
19.607843
-196.078430
-480.392150
-980.392150
-1617.647094
-2078.431396
-2000.000000
-647.058837
-205.882354
78.431373
323.529418
656.862731
1323.529418
1950.980468
1578.431396
921.568664
333.333343
19.607843
-225.490203
-509.803924
-1058.823608
-1647.058837
-2039.215698
-2019.607910
-1362.745117
-686.274536
-225.490203
58.823532
294.117645
627.450988
1196.078491
1852.941162
2147.058837
1705.882324
1078.431396
421.568634
78.431373
-156.862747
-431.372558
-1598.039184
-2098.039306
-2029.411743
-1362.745117
-676.470581
-205.882354
68.627449
745.098083
1352.941162
1921.568603
2117.647216
1588.235351
931.372558
362.745117
39.215686
-196.078430
-480.392150
-1000.000000
-1725.490234
-2058.823486
-1941.176513
-568.627441
-156.862747
117.647064
333.333343
715.686279
1441.176513
1882.353027
1529.411743
803.921569
323.529418
0.000000
-186.274520
-480.392150
-1058.823608
-2205.882324
-1862.745117
-1215.686279
-549.019592
-156.862747
98.039215
343.137268
1607.843139
2078.431396
2049.019531
1401.960815
813.725524
294.117645
-19.607843
-617.647094
-1274.509887
-1941.176513
-2205.882324
-1647.058837
-1078.431396
-49.019607
176.470596
460.784332
1009.803955
1715.686279
2107.843261
1911.764770
627.450988
186.274520
-98.039215
-313.725494
-676.470581
-1362.745117
-2019.607910
-1637.254882
-950.980407
-343.137268
-29.411766
196.078430
460.784332
1000.000000
1617.647094
2009.803955
1901.960815
1284.313720
676.470581
205.882354
-58.823532
-735.294128
-1460.784301
-2029.411743
-2068.627441
-1578.431396
-941.176513
-372.549041
254.901962
519.607849
1107.843139
1735.294189
2098.039306
1823.529418
1205.882324
58.823532
-147.058822
-411.764709
-852.941162
-1509.803955
-1990.196166
-2098.039306
-705.882385
-215.686279
58.823532
303.921569
647.058837
1313.725463
1950.980468
2166.666748
1666.666748
1058.823608
39.215686
-215.686279
-500.000000
-901.960815
-2019.607910
-2000.000000
-1284.313720
-686.274536
-215.686279
39.215686
294.117645
637.254943
1284.313720
1931.372558
2117.647216
1627.451049
1049.019653
450.980407
88.235298
-117.647064
-392.156860
-843.137268
-1568.627441
-2107.843261
-2009.803955
-1450.980468
-843.137268
-303.921569
0.000000
509.803924
1098.039184
1725.490234
2088.235351
1833.333374
1225.490234
568.627441
-176.470596
-411.764709
-901.960815
-1568.627441
-2137.254882
-2147.058837
-1480.392211
-784.313720
-284.313720
9.803922
235.294128
519.607849
1078.431396
1745.098022
2107.843261
1843.137329
1245.098022
558.823547
127.450981
-127.450981
-352.941192
-794.117675
-1519.607910
-2068.627441
-2205.882324
-843.137268
-303.921569
29.411766
215.686279
539.215698
1147.058837
1794.117675
1656.862792
1068.627441
450.980407
78.431373
-147.058822
-421.568634
-901.960815
-2196.078369
-2117.647216
-1313.725463
-696.078430
-215.686279
49.019607
284.313720
1352.941162
1970.588256
2235.294189
1705.882324
970.588256
460.784332
68.627449
-480.392150
-1000.000000
-1676.470581
-2039.215698
-2019.607910
-1352.941162
-715.686279
98.039215
313.725494
696.078430
1401.960815
1872.549072
2029.411743
1549.019653
921.568664
352.941192
39.215686
-186.274520
-470.588256
-1039.215698
-1676.470581
-2029.411743
-2019.607910
-1392.156860
-715.686279
127.450981
333.333343
764.705871
1401.960815
1960.784301
2117.647216
1607.843139
921.568664
343.137268
39.215686
-225.490203
-470.588256
-990.196105
-1598.039184
-2117.647216
-2039.215698
-1392.156860
-686.274536
-196.078430
78.431373
303.921569
617.647094
1892.156860
2019.607910
1549.019653
921.568664
382.352935
49.019607
-196.078430
-1068.627441
-1803.921630
-2205.882324
-1960.784301
-1196.078491
-578.431396
-166.666671
392.156860
862.745117
1598.039184
2039.215698
2000.000000
1617.647094
931.372558
352.941192
9.803922
-205.882354
-490.196075
-1009.803955
-1607.843139
-2107.843261
-2049.019531
-1372.549072
-686.274536
-215.686279
392.156860
823.529418
1509.803955
2058.823486
2186.274658
1607.843139
931.372558
-39.215686
-274.509796
-568.627441
-1186.274536
-1862.745117
-2235.294189
-1823.529418
-441.176483
-58.823532
176.470596
431.372558
941.176513
1627.451049
2147.058837
1323.529418
666.666687
196.078430
-88.235298
-313.725494
-647.058837
-1254.901977
-2098.039306
-1558.823608
-941.176513
-352.941192
-39.215686
176.470596
470.588256
1794.117675
2205.882324
1970.588256
1235.294189
549.019592
176.470596
-107.843139
-862.745117
-1598.039184
-2147.058837
-2107.843261
-1411.764770
-823.529418
-294.117645
9.803922
245.098037
500.000000
1803.921630
2058.823486
1774.509887
1186.274536
539.215698
147.058822
-107.843139
-882.352966
-1627.451049
-1990.196166
-2049.019531
-1480.392211
-823.529418
-294.117645
19.607843
254.901962
519.607849
1147.058837
1686.274536
2058.823486
1803.921630
1205.882324
558.823547
127.450981
-137.254898
-362.745117
-764.705871
-1450.980468
-2029.411743
-2215.686279
-1568.627441
-823.529418
-313.725494
0.000000
176.470596
470.588256
1029.411743
1656.862792
2000.000000
2107.843261
666.666687
176.470596
-88.235298
-323.529418
-666.666687
-1343.137329
-2019.607910
-1627.451049
-960.784301
-343.137268
-39.215686
186.274520
460.784332
970.588256
1578.431396
2019.607910
1950.980468
1313.725463
666.666687
196.078430
-88.235298
-745.098083
-1431.372558
-2039.215698
-2127.450927
-921.568664
-333.333343
-9.803922
196.078430
480.392150
990.196105
1666.666748
2019.607910
1970.588256
1294.117675
156.862747
-107.843139
-352.941192
-1568.627441
-2000.000000
-2088.235351
-1421.568603
-813.725524
-274.509796
0.000000
215.686279
470.588256
970.588256
1627.451049
1990.196166
1960.784301
1313.725463
137.254898
-127.450981
-362.745117
-754.901977
-1362.745117
-2019.607910
-2176.470703
-823.529418
-294.117645
9.803922
225.490203
519.607849
1147.058837
1803.921630
1803.921630
1196.078491
539.215698
117.647064
-137.254898
-401.960784
-823.529418
-2019.607910
-2078.431396
-1480.392211
-803.921569
-284.313720
49.019607
254.901962
549.019592
1098.039184
1784.313720
2088.235351
1794.117675
1196.078491
529.411804
-156.862747
-441.176483
-941.176513
-2019.607910
-1980.392211
-1333.333374
-666.666687
-205.882354
58.823532
294.117645
1362.745117
1960.784301
2107.843261
1549.019653
901.960815
333.333343
29.411766
-205.882354
-500.000000
-1000.000000
-1598.039184
-2137.254882
-2137.254882
-1431.372558
-186.274520
78.431373
323.529418
647.058837
1294.117675
1941.176513
2196.078369
1725.490234
1039.215698
411.764709
39.215686
-176.470596
-450.980407
-911.764709
-1549.019653
-1931.372558
-1313.725463
-666.666687
-205.882354
58.823532
294.117645
627.450988
2049.019531
2147.058837
1539.215698
882.352966
382.352935
49.019607
-196.078430
-460.784332
-980.392150
-1686.274536
-1980.392211
-1362.745117
-676.470581
-205.882354
107.843139
343.137268
715.686279
1950.980468
2117.647216
1568.627441
921.568664
333.333343
0.000000
-166.666671
-1049.019653
-1745.098022
-2166.666748
-2009.803955
-1313.725463
-549.019592
-166.666671
411.764709
911.764709
1598.039184
2058.823486
2215.686279
1549.019653
872.549011
313.725494
-9.803922
-215.686279
-480.392150
-1009.803955
-1725.490234
-2176.470703
-1215.686279
-549.019592
-147.058822
127.450981
352.941192
794.117675
1450.980468
2009.803955
1392.156860
784.313720
254.901962
-29.411766
-274.509796
-598.039245
-1960.784301
-2225.490234
-1725.490234
-1039.215698
-450.980407
-78.431373
156.862747
411.764709
911.764709
1617.647094
2098.039306
1441.176513
794.117675
235.294128
-58.823532
-264.705902
-578.431396
-1823.529418
-2127.450927
-1705.882324
-1068.627441
-431.372558
-78.431373
186.274520
1058.823608
1735.294189
2196.078369
1990.196166
1323.529418
647.058837
176.470596
-372.549041
-803.921569
-1509.803955
-2098.039306
-2205.882324
-1539.215698
-803.921569
49.019607
274.509796
568.627441
1205.882324
1843.137329
2147.058837
1823.529418
1196.078491
529.411804
98.039215
-127.450981
-362.745117
-794.117675
-1509.803955
-2068.627441
-2205.882324
-1549.019653
-774.509826
39.215686
264.705902
588.235290
1186.274536
1852.941162
2176.470703
1843.137329
411.764709
49.019607
-147.058822
-441.176483
-931.372558
-1627.451049
-1980.392211
-2078.431396
-1460.784301
-794.117675
-284.313720
29.411766
264.705902
549.019592
1911.764770
2058.823486
1617.647094
1019.607849
421.568634
58.823532
-176.470596
-1029.411743
-1745.098022
-2039.215698
-1970.588256
-1343.137329
-666.666687
117.647064
352.941192
764.705871
1382.353027
1960.784301
2107.843261
1578.431396
245.098037
-29.411766
-274.509796
-588.235290
-1225.490234
-1735.294189
-2117.647216
-1833.333374
-1205.882324
-529.411804
-127.450981
470.588256
990.196105
1676.470581
2156.862792
2127.450927
1421.568603
754.901977
254.901962
-49.019607
-274.509796
-1245.098022
-1892.156860
-2176.470703
-950.980407
-352.941192
-49.019607
196.078430
490.196075
1049.019653
1686.274536
1970.588256
1245.098022
588.235290
186.274520
-127.450981
-362.745117
-784.313720
-1490.196166
-2029.411743
-2039.215698
-1578.431396
-274.509796
9.803922
245.098037
500.000000
970.588256
1656.862792
1990.196166
1137.254882
549.019592
166.666671
-107.843139
-362.745117
-784.313720
-1470.588256
-2176.470703
-1490.196166
-803.921569
-294.117645
9.803922
235.294128
500.000000
980.392150
1696.078491
2049.019531
1235.294189
529.411804
147.058822
-117.647064
-352.941192
-784.313720
-1509.803955
-2196.078369
-1529.411743
-823.529418
-303.921569
0.000000
176.470596
480.392150
1803.921630
2186.274658
2029.411743
1284.313720
617.647094
176.470596
-98.039215
-764.705871
-1401.960815
-2029.411743
-2225.490234
-1607.843139
-872.549011
-323.529418
294.117645
637.254943
1274.509887
1931.372558
2147.058837
1705.882324
1029.411743
441.176483
88.235298
-147.058822
-421.568634
-911.764709
-1617.647094
-2117.647216
-2088.235351
-1431.372558
-823.529418
-284.313720
274.509796
598.039245
1274.509887
1813.725463
2078.431396
1696.078491
1058.823608
49.019607
-196.078430
-470.588256
-1058.823608
-1666.666748
-2039.215698
-2029.411743
-1382.353027
-686.274536
-205.882354
362.745117
794.117675
1519.607910
2068.627441
2196.078369
1627.451049
941.176513
362.745117
9.803922
-196.078430
-480.392150
-1843.137329
-2196.078369
-1833.333374
-1235.294189
-568.627441
-166.666671
98.039215
333.333343
725.490234
1460.784301
1921.568603
2029.411743
1568.627441
950.980407
362.745117
58.823532
-205.882354
-480.392150
-1803.921630
-2215.686279
-1872.549072
-1186.274536
-578.431396
-186.274520
98.039215
333.333343
735.294128
1431.372558
1990.196166
2107.843261
1539.215698
941.176513
-9.803922
-235.294128
-509.803924
-1813.725463
-2196.078369
-1882.353027
-1205.882324
-470.588256
-98.039215
117.647064
921.568664
1607.843139
2137.254882
2127.450927
1490.196166
833.333374
284.313720
-39.215686
-264.705902
-558.823547
-1166.666748
-2156.862792
-1754.901977
-1107.843139
-441.176483
-88.235298
156.862747
1049.019653
1764.705932
2147.058837
2049.019531
1382.353027
666.666687
215.686279
-372.549041
-764.705871
-1441.176513
-2068.627441
-2215.686279
-1549.019653
-843.137268
19.607843
254.901962
539.215698
1127.451049
1823.529418
2166.666748
1882.353027
1254.901977
558.823547
117.647064
-127.450981
-911.764709
-1617.647094
-2147.058837
-2166.666748
-1460.784301
-735.294128
68.627449
313.725494
637.254943
1303.921630
1921.568603
2196.078369
1735.294189
362.745117
39.215686
-186.274520
-450.980407
-990.196105
-1647.058837
-2009.803955
-1215.686279
-598.039245
-166.666671
107.843139
323.529418
686.274536
1372.549072
2156.862792
1460.784301
833.333374
333.333343
9.803922
-196.078430
-470.588256
-1617.647094
-2107.843261
-1882.353027
-1284.313720
-598.039245
-156.862747
107.843139
892.156860
1568.627441
2088.235351
2137.254882
1490.196166
843.137268
274.509796
-303.921569
-666.666687
-1362.745117
-2000.000000
-2196.078369
-1784.313720
-1117.647094
-450.980407
-78.431373
166.666671
1009.803955
1745.098022
2166.666748
2078.431396
1411.764770
686.274536
215.686279
-362.745117
-794.117675
-1519.607910
-2078.431396
-2186.274658
-1480.392211
-852.941162
39.215686
274.509796
588.235290
1215.686279
1931.372558
2196.078369
1823.529418
1107.843139
470.588256
98.039215
-431.372558
-941.176513
-1686.274536
-2186.274658
-1401.960815
-676.470581
-235.294128
68.627449
303.921569
666.666687
1323.529418
1960.784301
2215.686279
1774.509887
1078.431396
392.156860
49.019607
-147.058822
-411.764709
-843.137268
-1578.431396
-2127.450927
-1411.764770
-745.098083
-215.686279
49.019607
264.705902
568.627441
1186.274536
2107.843261
1539.215698
950.980407
392.156860
58.823532
-166.666671
-460.784332
-970.588256
-1696.078491
-2166.666748
-1392.156860
-627.450988
-205.882354
68.627449
284.313720
676.470581
1294.117675
1960.784301
2215.686279
1745.098022
1098.039184
441.176483
58.823532
-156.862747
-411.764709
-911.764709
-1627.451049
-2147.058837
-2186.274658
-1490.196166
-735.294128
-264.705902
333.333343
696.078430
1421.568603
1980.392211
2205.882324
1637.254882
960.784301
19.607843
-196.078430
-460.784332
-990.196105
-1598.039184
-2117.647216
-2098.039306
-1392.156860
-676.470581
-215.686279
372.549041
764.705871
1460.784301
2019.607910
2215.686279
1656.862792
960.784301
-29.411766
-254.901962
-529.411804
-1117.647094
-1843.137329
-2225.490234
-1892.156860
-490.196075
-98.039215
147.058822
372.549041
852.941162
1490.196166
2039.215698
2107.843261
1500.000000
843.137268
284.313720
0.000000
-166.666671
-450.980407
-980.392150
-1617.647094
-2029.411743
-2049.019531
-1411.764770
-745.098083
-215.686279
58.823532
666.666687
1343.137329
1813.725463
2107.843261
1627.451049
990.196105
362.745117
-254.901962
-509.803924
-1117.647094
-1705.882324
-2117.647216
-1911.764770
-1274.509887
-98.039215
137.254898
392.156860
784.313720
1441.176513
1921.568603
2078.431396
725.490234
274.509796
-29.411766
-274.509796
-607.843139
-1254.901977
-1901.960815
-1754.901977
-1000.000000
-500.000000
-117.647064
147.058822
382.352935
784.313720
2147.058837
2098.039306
1382.353027
725.490234
264.705902
-29.411766
-264.705902
-1284.313720
-1960.784301
-2254.902099
-1715.686279
-980.392150
-450.980407
-107.843139
490.196075
1058.823608
1784.313720
2176.470703
2068.627441
1343.137329
598.039245
196.078430
-88.235298
-313.725494
-1392.156860
-2000.000000
-2107.843261
-1656.862792
-1009.803955
-392.156860
-29.411766
509.803924
1049.019653
1745.098022
2107.843261
1911.764770
1284.313720
598.039245
176.470596
-88.235298
-343.137268
-1539.215698
-1941.176513
-2117.647216
-1509.803955
-235.294128
39.215686
264.705902
588.235290
1254.901977
1813.725463
2039.215698
1696.078491
1098.039184
470.588256
107.843139
-147.058822
-392.156860
-813.725524
-1460.784301
-2000.000000
-2058.823486
-1480.392211
-254.901962
49.019607
264.705902
578.431396
1235.294189
1901.960815
2196.078369
1137.254882
460.784332
88.235298
-147.058822
-382.352935
-882.352966
-1529.411743
-2127.450927
-2176.470703
-1509.803955
-784.313720
-274.509796
29.411766
254.901962
1215.686279
1882.353027
2166.666748
1774.509887
1117.647094
490.196075
107.843139
-166.666671
-431.372558
-931.372558
-1647.058837
-2166.666748
-2098.039306
-1343.137329
-735.294128
-245.098037
29.411766
264.705902
1333.333374
1990.196166
2225.490234
1745.098022
1068.627441
401.960784
88.235298
-480.392150
-1029.411743
-1784.313720
-2186.274658
-1921.568603
-1235.294189
-617.647094
117.647064
382.352935
843.137268
1539.215698
1960.784301
2009.803955
1431.372558
833.333374
303.921569
9.803922
-215.686279
-490.196075
-1068.627441
-1813.725463
-2156.862792
-1843.137329
-1284.313720
-617.647094
117.647064
362.745117
784.313720
1470.588256
1911.764770
2107.843261
1500.000000
852.941162
343.137268
9.803922
-196.078430
-460.784332
-1039.215698
-1754.901977
-1931.372558
-1264.705932
-588.235290
-156.862747
117.647064
362.745117
794.117675
2049.019531
2127.450927
1500.000000
852.941162
323.529418
19.607843
-235.294128
-1225.490234
-1931.372558
-2176.470703
-1696.078491
-1137.254882
-509.803924
-107.843139
421.568634
941.176513
1617.647094
1980.392211
2009.803955
1352.941162
715.686279
225.490203
-39.215686
-303.921569
-647.058837
-1274.509887
-1774.509887
-2068.627441
-1745.098022
-1137.254882
-500.000000
-98.039215
441.176483
960.784301
1637.254882
2137.254882
2166.666748
1450.980468
784.313720
-78.431373
-294.117645
-647.058837
-1313.725463
-1990.196166
-2235.294189
-1607.843139
-980.392150
-411.764709
-78.431373
490.196075
1078.431396
1774.509887
2186.274658
1941.176513
1215.686279
578.431396
-127.450981
-401.960784
-852.941162
-1558.823608
-1970.588256
-2068.627441
-1480.392211
-245.098037
29.411766
274.509796
617.647094
1264.705932
1882.353027
2098.039306
1107.843139
431.372558
58.823532
-166.666671
-431.372558
-921.568664
-1627.451049
-2147.058837
-2156.862792
-1333.333374
-745.098083
-245.098037
19.607843
254.901962
1254.901977
1892.156860
2186.274658
1774.509887
1137.254882
460.784332
78.431373
-147.058822
-411.764709
-862.745117
-1990.196166
-2049.019531
-1401.960815
-176.470596
98.039215
303.921569
715.686279
1392.156860
1872.549072
2019.607910
882.352966
372.549041
39.215686
-196.078430
-450.980407
-1019.607849
-1754.901977
-2186.274658
-2029.411743
-1245.098022
-617.647094
98.039215
352.941192
764.705871
1470.588256
2039.215698
2205.882324
1647.058837
960.784301
411.764709
39.215686
-186.274520
-441.176483
-990.196105
-1588.235351
-2117.647216
-2098.039306
-1411.764770
-676.470581
107.843139
343.137268
764.705871
1450.980468
2019.607910
2205.882324
1666.666748
970.588256
372.549041
29.411766
-186.274520
-450.980407
-950.980407
-1539.215698
-1862.745117
-1294.117675
-627.450988
-186.274520
68.627449
313.725494
656.862731
2098.039306
2186.274658
1519.607910
823.529418
372.549041
19.607843
-205.882354
-1127.451049
-1862.745117
-2225.490234
-1862.745117
-1098.039184
-490.196075
-127.450981
450.980407
970.588256
1637.254882
2147.058837
2156.862792
1441.176513
745.098083
294.117645
-9.803922
-245.098037
-1225.490234
-1794.117675
-2166.666748
-1803.921630
-1137.254882
-460.784332
-107.843139
490.196075
1058.823608
1784.313720
2186.274658
2029.411743
1245.098022
607.843139
-117.647064
-392.156860
-813.725524
-1578.431396
-2000.000000
-2235.294189
-1637.254882
-882.352966
-343.137268
-29.411766
607.843139
1245.098022
1892.156860
2186.274658
1843.137329
1107.843139
490.196075
-176.470596
-470.588256
-1009.803955
-1568.627441
-2078.431396
-2068.627441
-1421.568603
-725.490234
-235.294128
68.627449
686.274536
1323.529418
1931.372558
2137.254882
1627.451049
1000.000000
372.549041
39.215686
-176.470596
-470.588256
-1000.000000
-1666.666748
-2186.274658
-2068.627441
-1343.137329
-176.470596
78.431373
333.333343
705.882385
1382.353027
2019.607910
2225.490234
1009.803955
392.156860
19.607843
-186.274520
-450.980407
-960.784301
-1549.019653
-1843.137329
-1284.313720
-607.843139
-176.470596
88.235298
303.921569
715.686279
2078.431396
2215.686279
1588.235351
843.137268
362.745117
19.607843
-215.686279
-1166.666748
-1882.353027
-2245.098144
-1843.137329
-1107.843139
-509.803924
-127.450981
127.450981
372.549041
823.529418
2147.058837
2176.470703
1490.196166
823.529418
284.313720
-39.215686
-254.901962
-568.627441
-1186.274536
-1931.372558
-2196.078369
-1774.509887
-1107.843139
-490.196075
-117.647064
431.372558
921.568664
1627.451049
2078.431396
1950.980468
1323.529418
705.882385
235.294128
-68.627449
-294.117645
