-137.254898
-372.549041
-764.705871
-1431.372558
-2068.627441
-1509.803955
-843.137268
-294.117645
19.607843
254.901962
529.411804
1176.470581
2225.490234
1803.921630
1088.235351
460.784332
88.235298
-147.058822
-421.568634
-911.764709
-1637.254882
-2088.235351
-2078.431396
-1509.803955
-862.745117
-294.117645
303.921569
637.254943
1254.901977
1921.568603
2215.686279
1794.117675
343.137268
49.019607
-196.078430
-470.588256
-1000.000000
-1754.901977
-2058.823486
-2058.823486
-1421.568603
-745.098083
-235.294128
352.941192
715.686279
1352.941162
1970.588256
2186.274658
1676.470581
990.196105
-29.411766
-235.294128
-539.215698
-1098.039184
-1833.333374
-2225.490234
-1990.196166
-519.607849
-107.843139
147.058822
392.156860
862.745117
1539.215698
2127.450927
2196.078369
1578.431396
892.156860
-58.823532
-303.921569
-627.450988
-1862.745117
-2166.666748
-1745.098022
-1068.627441
-431.372558
-58.823532
186.274520
1156.862792
1892.156860
1843.137329
1196.078491
539.215698
98.039215
-441.176483
-921.568664
-1568.627441
-2137.254882
-2166.666748
-1519.607910
-784.313720
-254.901962
39.215686
264.705902
598.039245
1215.686279
1892.156860
2235.294189
1852.941162
1205.882324
519.607849
107.843139
-460.784332
-1029.411743
-1803.921630
-2166.666748
-1970.588256
-1372.549072
-715.686279
107.843139
333.333343
705.882385
1411.764770
1921.568603
2068.627441
1607.843139
274.509796
-19.607843
-264.705902
-578.431396
-1215.686279
-1803.921630
-2137.254882
-1098.039184
-470.588256
-107.843139
176.470596
401.960784
872.549011
1500.000000
2147.058837
2196.078369
1470.588256
813.725524
313.725494
0.000000
-196.078430
-470.588256
-1049.019653
-1627.451049
-1882.353027
-1274.509887
-607.843139
-205.882354
78.431373
313.725494
735.294128
2156.862792
2254.902099
1627.451049
950.980407
382.352935
19.607843
-225.490203
-1078.431396
-1833.333374
-2274.509765
-1970.588256
-1254.901977
-529.411804
-156.862747
431.372558
990.196105
1705.882324
2147.058837
2176.470703
1490.196166
735.294128
-78.431373
-323.529418
-705.882385
-1431.372558
-2029.411743
-2078.431396
-1696.078491
-1068.627441
-431.372558
-58.823532
539.215698
1098.039184
1803.921630
2215.686279
1960.784301
1313.725463
598.039245
-166.666671
-411.764709
-911.764709
-1637.254882
-2196.078369
-2176.470703
-1421.568603
-794.117675
-254.901962
19.607843
245.098037
549.019592
1147.058837
1843.137329
2254.902099
1950.980468
1274.509887
578.431396
-156.862747
-431.372558
-950.980407
-1647.058837
-2166.666748
-2107.843261
-1460.784301
-205.882354
58.823532
303.921569
676.470581
1352.941162
1990.196166
2098.039306
1039.215698
372.549041
58.823532
-186.274520
-460.784332
-1029.411743
-1754.901977
-2000.000000
-1401.960815
-686.274536
-225.490203
78.431373
323.529418
686.274536
1931.372558
2186.274658
1617.647094
980.392150
372.549041
9.803922
-176.470596
-1098.039184
-1852.941162
-2254.902099
-1882.353027
-1245.098022
-568.627441
-186.274520
392.156860
892.156860
1617.647094
2098.039306
2127.450927
1441.176513
813.725524
313.725494
0.000000
-176.470596
-490.196075
-1029.411743
-1598.039184
-2147.058837
-2088.235351
-1450.980468
-705.882385
-225.490203
352.941192
774.509826
1411.764770
2019.607910
2235.294189
1666.666748
980.392150
-29.411766
-245.098037
-509.803924
-1098.039184
-1794.117675
-2225.490234
-1990.196166
-509.803924
-88.235298
147.058822
382.352935
813.725524
1441.176513
2009.803955
1382.353027
745.098083
254.901962
-29.411766
-284.313720
-598.039245
-1284.313720
-2294.117675
-1764.705932
-1009.803955
-421.568634
-78.431373
166.666671
421.568634
950.980407
1686.274536
2068.627441
1382.353027
656.862731
225.490203
-49.019607
-294.117645
-647.058837
-1343.137329
-2264.705810
-1745.098022
-1068.627441
-392.156860
-39.215686
176.470596
470.588256
1745.098022
2117.647216
1990.196166
1333.333374
617.647094
166.666671
-98.039215
-774.509826
-1431.372558
-2019.607910
-2215.686279
-1656.862792
-921.568664
-333.333343
-19.607843
235.294128
509.803924
1803.921630
2186.274658
1833.333374
1215.686279
549.019592
98.039215
-127.450981
-911.764709
-1637.254882
-1990.196166
-2127.450927
-1500.000000
-823.529418
-294.117645
303.921569
656.862731
1352.941162
1862.745117
2098.039306
1715.686279
1098.039184
29.411766
-205.882354
-480.392150
-1049.019653
-1637.254882
-2137.254882
-2078.431396
-1401.960815
-715.686279
-196.078430
382.352935
813.725524
1549.019653
2098.039306
2264.705810
1676.470581
970.588256
-49.019607
-274.509796
-568.627441
-1156.862792
-1892.156860
-2245.098144
-1950.980468
-490.196075
-88.235298
137.254898
392.156860
794.117675
1480.392211
2029.411743
1352.941162
725.490234
225.490203
-58.823532
-303.921569
-637.254943
-1323.529418
-2294.117675
-1666.666748
-1009.803955
-401.960784
-68.627449
147.058822
431.372558
980.392150
1705.882324
2166.666748
2039.215698
1362.745117
725.490234
254.901962
-49.019607
-294.117645
-637.254943
-1303.921630
-2313.725585
-1696.078491
-1009.803955
-411.764709
-68.627449
147.058822
441.176483
1794.117675
2225.490234
2019.607910
1323.529418
647.058837
225.490203
-78.431373
-764.705871
-1460.784301
-2088.235351
-2284.313720
-1637.254882
-921.568664
-352.941192
254.901962
598.039245
1235.294189
1921.568603
2147.058837
1803.921630
1147.058837
539.215698
117.647064
-127.450981
-352.941192
-764.705871
-1431.372558
-2068.627441
-2176.470703
-1617.647094
-941.176513
-343.137268
284.313720
617.647094
1274.509887
1950.980468
2284.313720
1852.941162
1196.078491
49.019607
-176.470596
-441.176483
-931.372558
-1588.235351
-2137.254882
-2147.058837
-686.274536
-205.882354
78.431373
323.529418
656.862731
1245.098022
1833.333374
1549.019653
941.176513
372.549041
39.215686
-196.078430
-460.784332
-1029.411743
-2274.509765
-2000.000000
-1401.960815
-725.490234
-186.274520
78.431373
323.529418
1352.941162
2029.411743
2176.470703
1656.862792
970.588256
352.941192
29.411766
-205.882354
-460.784332
-980.392150
-2215.686279
-1833.333374
-1264.705932
-607.843139
-166.666671
98.039215
333.333343
715.686279
1401.960815
1882.353027
2186.274658
1637.254882
1000.000000
372.549041
58.823532
-539.215698
-1156.862792
-1882.353027
-2147.058837
-1833.333374
-1284.313720
-617.647094
-176.470596
107.843139
333.333343
754.901977
1411.764770
2000.000000
2098.039306
921.568664
382.352935
9.803922
-215.686279
-431.372558
-960.784301
-1568.627441
-1862.745117
-1303.921630
-637.254943
-176.470596
78.431373
323.529418
676.470581
2107.843261
2186.274658
1490.196166
843.137268
333.333343
0.000000
-186.274520
-441.176483
-960.784301
-1656.862792
-1980.392211
-1303.921630
-666.666687
-196.078430
88.235298
323.529418
735.294128
2098.039306
2254.902099
1715.686279
1019.607849
392.156860
29.411766
-215.686279
-1127.451049
-1882.353027
-2294.117675
-1911.764770
-1156.862792
-549.019592
-147.058822
401.960784
931.372558
1676.470581
2117.647216
2058.823486
1392.156860
754.901977
264.705902
-49.019607
-254.901962
-1313.725463
-1990.196166
-2284.313720
-1686.274536
-1088.235351
-450.980407
-58.823532
480.392150
1058.823608
1666.666748
2058.823486
1970.588256
1333.333374
666.666687
-147.058822
-382.352935
-794.117675
-1441.176513
-2078.431396
-2254.902099
-1627.451049
-274.509796
39.215686
274.509796
558.823547
1166.666748
1852.941162
2215.686279
1911.764770
1235.294189
549.019592
-186.274520
-441.176483
-980.392150
-1696.078491
-2215.686279
-2166.666748
-1352.941162
-176.470596
78.431373
352.941192
696.078430
1372.549072
2019.607910
2254.902099
970.588256
352.941192
9.803922
-176.470596
-450.980407
-960.784301
-1676.470581
-2058.823486
-1421.568603
-715.686279
-215.686279
78.431373
303.921569
666.666687
1343.137329
2019.607910
2264.705810
980.392150
372.549041
9.803922
-176.470596
-450.980407
-970.588256
-1705.882324
-2068.627441
-1421.568603
-735.294128
-235.294128
58.823532
303.921569
656.862731
1921.568603
2147.058837
1656.862792
980.392150
372.549041
39.215686
-186.274520
-1127.451049
-1843.137329
-2098.039306
-1921.568603
-1313.725463
-637.254943
-176.470596
107.843139
333.333343
725.490234
1392.156860
2000.000000
2098.039306
1578.431396
323.529418
19.607843
-215.686279
-519.607849
-1813.725463
-2245.098144
-2000.000000
-1352.941162
-647.058837
-176.470596
401.960784
813.725524
1500.000000
1980.392211
2088.235351
1588.235351
901.960815
-49.019607
-274.509796
-617.647094
-1294.117675
-1803.921630
-2166.666748
-1852.941162
-1215.686279
-549.019592
-127.450981
147.058822
970.588256
1686.274536
2166.666748
2156.862792
1450.980468
784.313720
225.490203
-49.019607
-284.313720
-568.627441
-1196.078491
-1941.176513
-2254.902099
-1872.549072
-1127.451049
-460.784332
-88.235298
166.666671
1009.803955
1764.705932
2215.686279
2029.411743
1284.313720
676.470581
225.490203
-362.745117
-794.117675
-1529.411743
-1950.980468
-2137.254882
-1637.254882
-970.588256
9.803922
225.490203
500.000000
980.392150
1705.882324
2068.627441
1970.588256
558.823547
156.862747
-117.647064
-372.549041
-794.117675
-1490.196166
-1901.960815
-2176.470703
-1647.058837
-1000.000000
-9.803922
235.294128
509.803924
1098.039184
1862.745117
2245.098144
2058.823486
588.235290
127.450981
-137.254898
-372.549041
-1588.235351
-2176.470703
-2205.882324
-1509.803955
-745.098083
-294.117645
343.137268
754.901977
1411.764770
2049.019531
2264.705810
1735.294189
970.588256
19.607843
-215.686279
-470.588256
-1068.627441
-1833.333374
-2205.882324
-1882.353027
-509.803924
-127.450981
117.647064
401.960784
843.137268
1549.019653
2127.450927
2225.490234
1627.451049
911.764709
-29.411766
-254.901962
-578.431396
-1235.294189
-1960.784301
-2225.490234
-1764.705932
-450.980407
-107.843139
147.058822
411.764709
921.568664
1656.862792
2196.078369
1431.372558
754.901977
235.294128
-49.019607
-274.509796
-607.843139
-1205.882324
-2147.058837
-1715.686279
-1058.823608
-421.568634
-58.823532
166.666671
441.176483
970.588256
1607.843139
2117.647216
2117.647216
1470.588256
784.313720
225.490203
-343.137268
-696.078430
-1372.549072
-2176.470703
-1578.431396
-931.372558
-343.137268
-19.607843
215.686279
480.392150
1813.725463
2068.627441
1833.333374
1176.470581
529.411804
127.450981
-137.254898
-882.352966
-1549.019653
-2127.450927
-2186.274658
-1529.411743
-774.509826
-264.705902
39.215686
284.313720
607.843139
1254.901977
1901.960815
2235.294189
1862.745117
431.372558
78.431373
-156.862747
-1000.000000
-1725.490234
-2029.411743
-2058.823486
-1411.764770
-735.294128
-215.686279
362.745117
813.725524
1509.803955
2107.843261
2225.490234
1637.254882
950.980407
-39.215686
-274.509796
-568.627441
-1176.470581
-1882.353027
-2274.509765
-1931.372558
-480.392150
-98.039215
156.862747
372.549041
862.745117
1490.196166
2078.431396
1372.549072
705.882385
215.686279
-68.627449
-303.921569
-647.058837
-1333.333374
-2235.294189
-1588.235351
-1019.607849
-401.960784
-49.019607
196.078430
431.372558
1843.137329
2156.862792
1882.353027
1235.294189
607.843139
156.862747
-78.431373
-352.941192
-745.098083
-1441.176513
-2284.313720
-1568.627441
-901.960815
-323.529418
-9.803922
186.274520
480.392150
1725.490234
2147.058837
1931.372558
1333.333374
647.058837
176.470596
-98.039215
-843.137268
-1490.196166
-2058.823486
-2225.490234
-1607.843139
-921.568664
-352.941192
294.117645
617.647094
1284.313720
1950.980468
2235.294189
1833.333374
1147.058837
490.196075
98.039215
-166.666671
-960.784301
-1666.666748
-2166.666748
-2176.470703
-1490.196166
-715.686279
-215.686279
352.941192
794.117675
1509.803955
2088.235351
2127.450927
1509.803955
911.764709
-9.803922
-235.294128
-509.803924
-1078.431396
-1862.745117
-2254.902099
-1970.588256
-558.823547
-147.058822
137.254898
401.960784
882.352966
1588.235351
2147.058837
2264.705810
1617.647094
941.176513
343.137268
9.803922
-225.490203
-480.392150
-1039.215698
-1676.470581
-2196.078369
-2088.235351
-598.039245
-156.862747
107.843139
343.137268
784.313720
1441.176513
2058.823486
1490.196166
843.137268
274.509796
-9.803922
-245.098037
-549.019592
-1176.470581
-2274.509765
-1921.568603
-1176.470581
-490.196075
-117.647064
127.450981
382.352935
1745.098022
2186.274658
2166.666748
1441.176513
725.490234
274.509796
-39.215686
-666.666687
-1352.941162
-2068.627441
-2235.294189
-1578.431396
-1019.607849
-401.960784
245.098037
509.803924
1137.254882
1656.862792
2147.058837
1911.764770
500.000000
156.862747
-127.450981
-352.941192
-852.941162
-1568.627441
-2049.019531
-1519.607910
-774.509826
-274.509796
9.803922
254.901962
519.607849
1088.235351
1833.333374
2225.490234
2009.803955
1323.529418
88.235298
-156.862747
-401.960784
-852.941162
-1578.431396
-2147.058837
-2254.902099
-784.313720
-245.098037
29.411766
264.705902
549.019592
1205.882324
1764.705932
2088.235351
1803.921630
1176.470581
539.215698
117.647064
-147.058822
-382.352935
-813.725524
-1509.803955
-2098.039306
-2235.294189
-1598.039184
-823.529418
-284.313720
9.803922
205.882354
509.803924
1058.823608
2078.431396
1833.333374
1245.098022
558.823547
107.843139
-127.450981
-362.745117
-1539.215698
-2127.450927
-2176.470703
-1529.411743
-823.529418
-264.705902
49.019607
666.666687
1245.098022
1901.960815
2205.882324
1774.509887
1098.039184
470.588256
78.431373
-166.666671
-431.372558
-901.960815
-1607.843139
-2147.058837
-2156.862792
-705.882385
-235.294128
58.823532
274.509796
617.647094
1235.294189
1843.137329
2176.470703
1754.901977
1107.843139
460.784332
78.431373
-156.862747
-411.764709
-833.333374
-1480.392211
-2107.843261
-2205.882324
-735.294128
-235.294128
49.019607
284.313720
607.843139
1274.509887
1813.725463
1617.647094
960.784301
421.568634
58.823532
-156.862747
-421.568634
-960.784301
-2137.254882
-2117.647216
-1450.980468
-725.490234
-225.490203
58.823532
303.921569
1382.353027
1990.196166
2235.294189
1725.490234
1009.803955
401.960784
29.411766
-519.607849
-1068.627441
-1862.745117
-2284.313720
-1901.960815
-1147.058837
-78.431373
147.058822
411.764709
892.156860
1588.235351
2176.470703
2245.098144
1588.235351
872.549011
333.333343
-9.803922
-578.431396
-1166.666748
-1901.960815
-2245.098144
-1862.745117
-1186.274536
-450.980407
-107.843139
147.058822
431.372558
921.568664
1637.254882
2176.470703
2205.882324
1470.588256
764.705871
303.921569
-9.803922
-588.235290
-1186.274536
-1892.156860
-2284.313720
-1892.156860
-1156.862792
-480.392150
196.078430
490.196075
1843.137329
2245.098144
2049.019531
1362.745117
666.666687
176.470596
-98.039215
-784.313720
-1470.588256
-2058.823486
-2254.902099
-1647.058837
-911.764709
-372.549041
284.313720
637.254943
1254.901977
1931.372558
2274.509765
1862.745117
1137.254882
58.823532
-186.274520
-421.568634
-950.980407
-1666.666748
-2186.274658
-2166.666748
-1362.745117
-725.490234
-235.294128
49.019607
274.509796
607.843139
1254.901977
2225.490234
1843.137329
1147.058837
470.588256
68.627449
-156.862747
-421.568634
-1705.882324
-2196.078369
-2107.843261
-1401.960815
-647.058837
-205.882354
49.019607
284.313720
627.450988
1303.921630
1970.588256
2264.705810
1852.941162
1147.058837
490.196075
88.235298
-147.058822
-401.960784
-1578.431396
-2127.450927
-2127.450927
-1470.588256
-774.509826
-264.705902
58.823532
705.882385
1362.745117
2029.411743
2225.490234
1725.490234
1029.411743
401.960784
-254.901962
-549.019592
-1186.274536
-1941.176513
-2147.058837
-1784.313720
-1215.686279
-568.627441
-147.058822
107.843139
362.745117
774.509826
1352.941162
1980.392211
2176.470703
1588.235351
931.372558
352.941192
-284.313720
-568.627441
-1186.274536
-1882.353027
-2245.098144
-1911.764770
-1166.666748
-49.019607
156.862747
450.980407
911.764709
1578.431396
2078.431396
2166.666748
676.470581
196.078430
-78.431373
-313.725494
-666.666687
-1343.137329
-1892.156860
-1607.843139
-990.196105
-362.745117
-39.215686
196.078430
470.588256
1000.000000
2186.274658
2078.431396
1421.568603
715.686279
205.882354
-78.431373
-323.529418
-686.274536
-1382.353027
-2029.411743
-1676.470581
-960.784301
-372.549041
-49.019607
186.274520
450.980407
950.980407
2245.098144
2000.000000
1431.372558
735.294128
215.686279
-58.823532
-284.313720
-1392.156860
-2029.411743
-2274.509765
-1686.274536
-990.196105
-411.764709
-49.019607
519.607849
1117.647094
1803.921630
2196.078369
1941.176513
1323.529418
598.039245
-156.862747
-411.764709
-882.352966
-1656.862792
-2196.078369
-2196.078369
-1431.372558
-774.509826
-264.705902
19.607843
666.666687
1352.941162
2029.411743
2254.902099
1813.725463
1107.843139
421.568634
49.019607
-156.862747
-450.980407
-911.764709
-1627.451049
-2186.274658
-2156.862792
-1401.960815
-215.686279
58.823532
303.921569
676.470581
1343.137329
2029.411743
2196.078369
1039.215698
372.549041
29.411766
-186.274520
-450.980407
-980.392150
-1666.666748
-2215.686279
-2156.862792
-1431.372558
-166.666671
98.039215
323.529418
705.882385
1372.549072
1970.588256
2245.098144
1745.098022
1078.431396
431.372558
39.215686
-490.196075
-1029.411743
-1794.117675
-2245.098144
-2039.215698
-1196.078491
-568.627441
127.450981
411.764709
892.156860
1627.451049
2137.254882
2186.274658
823.529418
264.705902
-39.215686
-274.509796
-568.627441
-1235.294189
-1950.980468
-1784.313720
-1117.647094
-470.588256
-68.627449
166.666671
441.176483
931.372558
2029.411743
2039.215698
1382.353027
715.686279
225.490203
-58.823532
-294.117645
-1450.980468
-1892.156860
-2186.274658
-1676.470581
-1019.607849
-372.549041
-39.215686
529.411804
1147.058837
1862.745117
2215.686279
1911.764770
1284.313720
588.235290
-186.274520
-441.176483
-950.980407
-1676.470581
-2215.686279
-2176.470703
-1460.784301
-754.901977
-254.901962
39.215686
686.274536
1382.353027
2019.607910
2274.509765
1803.921630
1088.235351
421.568634
-225.490203
-529.411804
-1147.058837
-1803.921630
-2068.627441
-1950.980468
-1343.137329
-656.862731
-186.274520
98.039215
333.333343
705.882385
1352.941162
2000.000000
2088.235351
1666.666748
1009.803955
392.156860
58.823532
-176.470596
-470.588256
-970.588256
-2235.294189
-2088.235351
-1294.117675
-656.862731
-205.882354
78.431373
303.921569
1539.215698
2029.411743
2078.431396
1529.411743
911.764709
323.529418
9.803922
-519.607849
-1127.451049
-1872.549072
-2254.902099
-1911.764770
-1176.470581
-558.823547
-127.450981
117.647064
343.137268
745.098083
1500.000000
2049.019531
2245.098144
1745.098022
1078.431396
382.352935
39.215686
-529.411804
-1137.254882
-1882.353027
-2245.098144
-1980.392211
-1196.078491
-558.823547
156.862747
401.960784
901.960815
1627.451049
2156.862792
2117.647216
1401.960815
254.901962
-68.627449
-294.117645
-637.254943
-1352.941162
-1941.176513
-2098.039306
-1705.882324
-1107.843139
-470.588256
215.686279
460.784332
1019.607849
1745.098022
2127.450927
2049.019531
1421.568603
725.490234
196.078430
-78.431373
-323.529418
-627.450988
-1264.705932
-1980.392211
-2264.705810
-1794.117675
-970.588256
-411.764709
225.490203
519.607849
1098.039184
1852.941162
2225.490234
1960.784301
1294.117675
127.450981
-137.254898
-401.960784
-872.549011
-1617.647094
-2098.039306
-2107.843261
-774.509826
-274.509796
19.607843
274.509796
558.823547
1176.470581
1892.156860
1774.509887
1137.254882
490.196075
88.235298
-147.058822
-392.156860
-823.529418
-1490.196166
-2127.450927
-2245.098144
-754.901977
-245.098037
39.215686
264.705902
598.039245
1284.313720
1843.137329
1794.117675
1078.431396
392.156860
78.431373
-166.666671
-431.372558
-970.588256
-2156.862792
-2147.058837
-1490.196166
-725.490234
-235.294128
49.019607
274.509796
1343.137329
2000.000000
2098.039306
1607.843139
1009.803955
411.764709
68.627449
-176.470596
-431.372558
-970.588256
-1705.882324
-2068.627441
-2098.039306
-1460.784301
-196.078430
78.431373
313.725494
696.078430
1382.353027
2009.803955
2137.254882
1000.000000
421.568634
68.627449
-156.862747
-431.372558
-931.372558
-1627.451049
-1970.588256
-1372.549072
-686.274536
-186.274520
78.431373
303.921569
647.058837
2058.823486
2205.882324
1539.215698
941.176513
362.745117
39.215686
-196.078430
-480.392150
-1039.215698
-1754.901977
-2039.215698
-2019.607910
-1401.960815
-696.078430
117.647064
352.941192
745.098083
1372.549072
1941.176513
2205.882324
1627.451049
960.784301
352.941192
39.215686
-568.627441
-1215.686279
-1774.509887
-2068.627441
-1127.451049
-480.392150
-107.843139
166.666671
392.156860
852.941162
2176.470703
2186.274658
1480.392211
745.098083
284.313720
-19.607843
-274.509796
-1323.529418
-2039.215698
-2294.117675
-1725.490234
-980.392150
-421.568634
-68.627449
490.196075
1078.431396
1833.333374
2235.294189
1980.392211
1196.078491
598.039245
-137.254898
-401.960784
-882.352966
-1558.823608
-1990.196166
-2147.058837
-1549.019653
-235.294128
39.215686
264.705902
607.843139
1264.705932
1892.156860
2078.431396
1078.431396
401.960784
68.627449
-176.470596
-421.568634
-941.176513
-1696.078491
-2127.450927
-1460.784301
-715.686279
-225.490203
58.823532
284.313720
627.450988
1284.313720
1970.588256
2264.705810
1843.137329
1205.882324
509.803924
78.431373
-147.058822
-401.960784
-852.941162
-1558.823608
-2098.039306
-1480.392211
-784.313720
-274.509796
49.019607
274.509796
539.215698
2000.000000
2274.509765
1872.549072
1205.882324
500.000000
127.450981
-137.254898
-901.960815
-1558.823608
-2098.039306
-2098.039306
-1470.588256
-833.333374
-274.509796
323.529418
696.078430
1362.745117
1970.588256
2274.509765
1735.294189
1088.235351
-9.803922
-225.490203
-490.196075
-1009.803955
-1754.901977
-2196.078369
-2049.019531
-588.235290
-147.058822
107.843139
352.941192
774.509826
1421.568603
2029.411743
2196.078369
1656.862792
960.784301
343.137268
9.803922
-186.274520
-509.803924
-1039.215698
-1715.686279
-2049.019531
-2039.215698
-578.431396
-156.862747
107.843139
352.941192
715.686279
1352.941162
2029.411743
1470.588256
823.529418
254.901962
-9.803922
-235.294128
-519.607849
-1127.451049
-1892.156860
-2147.058837
-1833.333374
-519.607849
-127.450981
127.450981
401.960784
882.352966
1607.843139
2107.843261
1529.411743
833.333374
284.313720
-49.019607
-264.705902
-578.431396
-1205.882324
-2245.098144
-1803.921630
-1166.666748
-460.784332
-98.039215
156.862747
401.960784
1656.862792
2137.254882
2088.235351
1421.568603
735.294128
225.490203
-78.431373
-303.921569
-656.862731
-1294.117675
-2019.607910
-1715.686279
-1039.215698
-392.156860
-39.215686
196.078430
480.392150
1754.901977
2107.843261
1921.568603
1323.529418
617.647094
156.862747
-98.039215
-833.333374
-1480.392211
-2039.215698
-2186.274658
-1588.235351
-843.137268
-313.725494
303.921569
676.470581
1362.745117
2039.215698
2294.117675
1715.686279
1009.803955
421.568634
68.627449
-166.666671
-1049.019653
-1823.529418
-2098.039306
-1931.372558
-1352.941162
-676.470581
-196.078430
362.745117
764.705871
1392.156860
1960.784301
2147.058837
1598.039184
950.980407
-29.411766
-284.313720
-598.039245
-1245.098022
-1784.313720
-2196.078369
-1862.745117
-441.176483
-78.431373
166.666671
401.960784
882.352966
1578.431396
1970.588256
2098.039306
1460.784301
784.313720
-78.431373
-313.725494
-696.078430
-1382.353027
-1862.745117
-2166.666748
-1784.313720
-362.745117
-29.411766
205.882354
441.176483
1000.000000
1735.294189
2166.666748
1372.549072
647.058837
196.078430
-98.039215
-323.529418
-696.078430
-1343.137329
-2029.411743
-2303.921630
-1637.254882
-343.137268
-19.607843
225.490203
500.000000
941.176513
1647.058837
2009.803955
1990.196166
1382.353027
705.882385
205.882354
-352.941192
-725.490234
-1431.372558
-2117.647216
-1490.196166
-862.745117
-303.921569
9.803922
235.294128
549.019592
1862.745117
2254.902099
1921.568603
1254.901977
588.235290
147.058822
-127.450981
-382.352935
-833.333374
-1568.627441
-2127.450927
-1529.411743
-764.705871
-284.313720
19.607843
264.705902
588.235290
1166.666748
1892.156860
2264.705810
1970.588256
1284.313720
598.039245
147.058822
-127.450981
-362.745117
-794.117675
-1549.019653
-2127.450927
-1529.411743
-754.901977
-274.509796
0.000000
215.686279
529.411804
1117.647094
2274.509765
1950.980468
1274.509887
607.843139
156.862747
-107.843139
-372.549041
-1617.647094
-2176.470703
-2215.686279
-1441.176513
-784.313720
-274.509796
9.803922
598.039245
1264.705932
1921.568603
2235.294189
1852.941162
1205.882324
490.196075
-196.078430
-470.588256
-1029.411743
-1833.333374
-2098.039306
-1941.176513
-1352.941162
-147.058822
98.039215
362.745117
794.117675
1490.196166
1931.372558
1431.372558
774.509826
313.725494
-19.607843
-264.705902
-558.823547
-1215.686279
-2284.313720
-1862.745117
-1098.039184
-441.176483
-78.431373
137.254898
411.764709
1754.901977
2205.882324
2107.843261
1343.137329
686.274536
196.078430
-49.019607
-715.686279
-1411.764770
-2098.039306
-2294.117675
-1647.058837
-941.176513
-382.352935
245.098037
558.823547
1186.274536
1862.745117
2137.254882
1813.725463
1196.078491
558.823547
137.254898
-117.647064
-901.960815
-1637.254882
-2019.607910
-2058.823486
-1509.803955
-862.745117
-313.725494
313.725494
666.666687
1323.529418
1970.588256
2235.294189
1784.313720
1137.254882
19.607843
-205.882354
-490.196075
-1029.411743
-1784.313720
-2235.294189
-2058.823486
-607.843139
-166.666671
98.039215
352.941192
764.705871
1411.764770
2009.803955
2215.686279
1666.666748
1000.000000
-19.607843
-245.098037
-549.019592
-1156.862792
-1705.882324
-2166.666748
-1980.392211
-509.803924
-107.843139
147.058822
392.156860
833.333374
1509.803955
2049.019531
1382.353027
735.294128
225.490203
-49.019607
-303.921569
-647.058837
-1313.725463
-1823.529418
-2166.666748
-1813.725463
-411.764709
-58.823532
166.666671
441.176483
921.568664
1656.862792
2009.803955
1294.117675
637.254943
205.882354
-78.431373
-343.137268
-725.490234
-1382.353027
-2294.117675
-1637.254882
-892.156860
-372.549041
-39.215686
196.078430
460.784332
1754.901977
2176.470703
2019.607910
1352.941162
656.862731
166.666671
-98.039215
-794.117675
-1450.980468
-1990.196166
-2196.078369
-1617.647094
-950.980407
-343.137268
284.313720
627.450988
1254.901977
1950.980468
2215.686279
1882.353027
1215.686279
529.411804
88.235298
-137.254898
-392.156860
-852.941162
-1588.235351
-2156.862792
-2205.882324
-1431.372558
-833.333374
-294.117645
274.509796
656.862731
1333.333374
1803.921630
2127.450927
1735.294189
1098.039184
431.372558
78.431373
-166.666671
-411.764709
-843.137268
-1509.803955
-2117.647216
-1372.549072
-705.882385
-215.686279
362.745117
745.098083
1382.353027
1921.568603
2147.058837
1607.843139
960.784301
-9.803922
-254.901962
-529.411804
-1166.666748
-1843.137329
-2078.431396
-1901.960815
-480.392150
-117.647064
147.058822
372.549041
852.941162
1578.431396
1990.196166
2098.039306
1500.000000
882.352966
352.941192
19.607843
-225.490203
-500.000000
-1833.333374
-2058.823486
-1911.764770
-500.000000
-137.254898
117.647064
382.352935
803.921569
1539.215698
2127.450927
1539.215698
882.352966
303.921569
-9.803922
-235.294128
-519.607849
-1137.254882
-2117.647216
-1754.901977
-1156.862792
-509.803924
-117.647064
137.254898
401.960784
823.529418
1431.372558
2009.803955
2156.862792
745.098083
274.509796
-29.411766
-284.313720
-617.647094
-1254.901977
-1941.176513
-2078.431396
-1794.117675
-1196.078491
-519.607849
-117.647064
127.450981
401.960784
833.333374
1549.019653
2127.450927
2196.078369
745.098083
254.901962
-29.411766
-294.117645
-627.450988
-1264.705932
-1813.725463
-1676.470581
-1058.823608
-421.568634
-58.823532
176.470596
411.764709
950.980407
1676.470581
2117.647216
2009.803955
696.078430
254.901962
-68.627449
-284.313720
-598.039245
-1254.901977
-1970.588256
-1764.705932
-1088.235351
-441.176483
-58.823532
186.274520
441.176483
1019.607849
2156.862792
2009.803955
1372.549072
656.862731
156.862747
-88.235298
-343.137268
-1411.764770
-2049.019531
-2235.294189
-1627.451049
-960.784301
-372.549041
-19.607843
578.431396
1196.078491
1882.353027
2225.490234
1882.353027
1225.490234
568.627441
-186.274520
-441.176483
-1000.000000
-1607.843139
-2156.862792
-2186.274658
-1509.803955
-764.705871
-264.705902
29.411766
294.117645
598.039245
1235.294189
1911.764770
2245.098144
1892.156860
1225.490234
549.019592
-186.274520
-460.784332
-980.392150
-1696.078491
-2205.882324
-2147.058837
-1352.941162
-156.862747
68.627449
352.941192
715.686279
1401.960815
2039.215698
2274.509765
990.196105
362.745117
58.823532
-205.882354
-460.784332
-970.588256
-1607.843139
-1843.137329
-1294.117675
-617.647094
-156.862747
107.843139
343.137268
745.098083
2019.607910
2078.431396
1509.803955
843.137268
294.117645
-29.411766
-245.098037
-1313.725463
-1901.960815
-2068.627441
-1784.313720
-1186.274536
-509.803924
-117.647064
470.588256
1000.000000
1578.431396
2088.235351
2078.431396
1460.784301
147.058822
-107.843139
-372.549041
-705.882385
-1372.549072
-2049.019531
-2274.509765
-911.764709
-333.333343
-19.607843
215.686279
490.196075
1039.215698
1696.078491
1715.686279
1147.058837
500.000000
137.254898
-117.647064
-352.941192
-843.137268
-2117.647216
-2254.902099
-1519.607910
-784.313720
-313.725494
-9.803922
245.098037
1186.274536
1852.941162
2235.294189
1852.941162
1196.078491
519.607849
107.843139
-470.588256
-1000.000000
-1637.254882
-2137.254882
-2186.274658
-1500.000000
-794.117675
58.823532
303.921569
647.058837
1343.137329
1882.353027
2088.235351
1715.686279
1078.431396
421.568634
58.823532
-509.803924
-1029.411743
-1715.686279
-2166.666748
-2029.411743
-1323.529418
-588.235290
147.058822
382.352935
862.745117
1588.235351
2147.058837
2254.902099
1607.843139
245.098037
-39.215686
-274.509796
-578.431396
-1235.294189
-1911.764770
-2264.705810
-1127.451049
-450.980407
-88.235298
176.470596
411.764709
872.549011
1558.823608
2058.823486
2137.254882
1519.607910
196.078430
-68.627449
-303.921569
-647.058837
-1284.313720
-1892.156860
-2235.294189
-990.196105
-382.352935
-19.607843
196.078430
460.784332
1009.803955
1637.254882
2009.803955
1254.901977
598.039245
186.274520
-98.039215
-333.333343
-715.686279
-1450.980468
-2088.235351
-2156.862792
-882.352966
-343.137268
-29.411766
215.686279
509.803924
1098.039184
1823.529418
1941.176513
1254.901977
588.235290
147.058822
-127.450981
-362.745117
-823.529418
-2068.627441
-2196.078369
-1588.235351
-862.745117
-313.725494
29.411766
254.901962
1303.921630
1941.176513
2235.294189
1803.921630
1166.666748
480.392150
78.431373
-166.666671
-401.960784
-911.764709
-2107.843261
-2107.843261
-1470.588256
-754.901977
-245.098037
49.019607
303.921569
1294.117675
1970.588256
2225.490234
1696.078491
1009.803955
382.352935
39.215686
-519.607849
-1088.235351
-1754.901977
-2156.862792
-1990.196166
-1343.137329
-598.039245
156.862747
431.372558
941.176513
1647.058837
2127.450927
2225.490234
1568.627441
833.333374
284.313720
0.000000
-235.294128
-1215.686279
-1941.176513
-2088.235351
-1823.529418
-1225.490234
-539.215698
176.470596
421.568634
892.156860
1509.803955
2058.823486
2068.627441
1470.588256
196.078430
-107.843139
-323.529418
-696.078430
-1274.509887
-1980.392211
-2274.509765
-960.784301
-343.137268
-39.215686
205.882354
470.588256
1039.215698
1656.862792
2127.450927
2019.607910
1372.549072
656.862731
176.470596
-78.431373
-303.921569
-1411.764770
-2019.607910
-2205.882324
-1647.058837
-950.980407
-352.941192
-29.411766
558.823547
1186.274536
1911.764770
2254.902099
1872.549072
1225.490234
578.431396
98.039215
-127.450981
-372.549041
-764.705871
-1421.568603
-2049.019531
-2274.509765
-1647.058837
-941.176513
-362.745117
-19.607843
215.686279
519.607849
1068.627441
1813.725463
2225.490234
2039.215698
1323.529418
117.647064
-156.862747
-411.764709
-901.960815
-1617.647094
-2166.666748
-2176.470703
-833.333374
-284.313720
39.215686
274.509796
588.235290
1235.294189
1921.568603
2245.098144
1882.353027
1235.294189
509.803924
137.254898
-137.254898
-401.960784
-872.549011
-1607.843139
-2107.843261
-2039.215698
-1519.607910
-872.549011
-313.725494
0.000000
186.274520
441.176483
980.392150
1578.431396
2098.039306
2049.019531
1401.960815
715.686279
225.490203
-49.019607
-294.117645
-1460.784301
-2019.607910
-2107.843261
-1666.666748
-1009.803955
-392.156860
-49.019607
509.803924
1078.431396
1813.725463
2166.666748
1911.764770
1294.117675
617.647094
-166.666671
-401.960784
-892.156860
-1588.235351
-2137.254882
-2205.882324
-1558.823608
-794.117675
-284.313720
9.803922
245.098037
500.000000
1098.039184
1843.137329
1950.980468
1264.705932
607.843139
147.058822
-127.450981
-382.352935
-823.529418
-2107.843261
-2225.490234
-1558.823608
-843.137268
-294.117645
9.803922
215.686279
1147.058837
1843.137329
2205.882324
1823.529418
1176.470581
509.803924
88.235298
-147.058822
-382.352935
-833.333374
-2029.411743
-2107.843261
-1460.784301
-774.509826
-264.705902
9.803922
254.901962
1382.353027
2019.607910
2245.098144
1705.882324
1019.607849
411.764709
78.431373
-470.588256
-1068.627441
-1794.117675
-2039.215698
-1980.392211
-1372.549072
-696.078430
137.254898
362.745117
794.117675
1411.764770
2019.607910
2166.666748
1588.235351
941.176513
323.529418
0.000000
-519.607849
-1068.627441
-1862.745117
-2245.098144
-2009.803955
-1235.294189
-588.235290
137.254898
421.568634
931.372558
1627.451049
2127.450927
2156.862792
1450.980468
254.901962
-68.627449
-294.117645
-637.254943
-1343.137329
-2009.803955
-2205.882324
-1019.607849
-392.156860
-68.627449
186.274520
480.392150
990.196105
1686.274536
2176.470703
2186.274658
1480.392211
176.470596
-98.039215
-313.725494
-686.274536
-1411.764770
-2049.019531
-2284.313720
-980.392150
-382.352935
-39.215686
215.686279
500.000000
980.392150
1735.294189
2019.607910
1303.921630
617.647094
176.470596
-88.235298
-333.333343
-696.078430
-2009.803955
-2215.686279
-1686.274536
-950.980407
-382.352935
-49.019607
215.686279
1127.451049
1823.529418
2245.098144
1921.568603
1274.509887
607.843139
147.058822
-401.960784
-872.549011
-1568.627441
-2137.254882
-2215.686279
-1509.803955
-774.509826
49.019607
284.313720
627.450988
1245.098022
1911.764770
2215.686279
1823.529418
1147.058837
480.392150
78.431373
-166.666671
-411.764709
-852.941162
-1568.627441
-2137.254882
-2215.686279
-1509.803955
-764.705871
58.823532
294.117645
647.058837
1303.921630
1950.980468
2235.294189
1833.333374
392.156860
49.019607
-196.078430
-431.372558
-911.764709
-1647.058837
-1990.196166
-1264.705932
-656.862731
-196.078430
88.235298
323.529418
705.882385
1401.960815
2274.509765
1725.490234
1000.000000
431.372558
58.823532
-196.078430
-411.764709
-872.549011
-1509.803955
-2068.627441
-1323.529418
-656.862731
-186.274520
68.627449
313.725494
647.058837
1333.333374
2176.470703
1578.431396
911.764709
362.745117
19.607843
-196.078430
-470.588256
-1784.313720
-2235.294189
-2029.411743
-1294.117675
-568.627441
-186.274520
107.843139
931.372558
1656.862792
2117.647216
2049.019531
1392.156860
813.725524
284.313720
-39.215686
-264.705902
-588.235290
-1950.980468
-2294.117675
-1862.745117
-1068.627441
-460.784332
-98.039215
156.862747
1058.823608
1754.901977
2137.254882
1960.784301
1294.117675
647.058837
205.882354
-392.156860
-813.725524
-1500.000000
-2078.431396
-2235.294189
-1607.843139
-970.588256
-19.607843
235.294128
519.607849
1127.451049
1843.137329
2245.098144
2039.215698
1323.529418
617.647094
186.274520
-392.156860
-862.745117
-1588.235351
-2156.862792
-2235.294189
-1460.784301
-843.137268
39.215686
294.117645
656.862731
1313.725463
1970.588256
2245.098144
1823.529418
480.392150
68.627449
-156.862747
-421.568634
-911.764709
-1647.058837
-2147.058837
-1421.568603
-745.098083
-225.490203
68.627449
284.313720
627.450988
1303.921630
1823.529418
2078.431396
1745.098022
392.156860
58.823532
-186.274520
-460.784332
-980.392150
-1715.686279
-2196.078369
-1421.568603
-696.078430
-225.490203
58.823532
303.921569
637.254943
1294.117675
2166.666748
1656.862792
1039.215698
392.156860
29.411766
-196.078430
-450.980407
-1784.313720
-2107.843261
-1960.784301
-1313.725463
-637.254943
-176.470596
98.039215
313.725494
696.078430
1294.117675
1901.960815
2166.666748
1676.470581
1039.215698
392.156860
49.019607
-166.666671
-441.176483
-931.372558
-1588.235351
-2147.058837
-2127.450927
-647.058837
-196.078430
88.235298
323.529418
715.686279
1401.960815
2009.803955
1696.078491
1000.000000
382.352935
39.215686
-205.882354
-460.784332
-911.764709
-2215.686279
-1911.764770
-1323.529418
-656.862731
-205.882354
78.431373
303.921569
1539.215698
1960.784301
2058.823486
1549.019653
892.156860
333.333343
19.607843
-215.686279
-509.803924
-1107.843139
-2254.902099
-1921.568603
-1176.470581
-558.823547
-137.254898
127.450981
343.137268
1647.058837
2098.039306
2068.627441
1382.353027
784.313720
274.509796
-9.803922
-588.235290
-1235.294189
-1941.176513
-2294.117675
-1735.294189
-1088.235351
-450.980407
-98.039215
137.254898
411.764709
1764.705932
2225.490234
2127.450927
1431.372558
725.490234
264.705902
-58.823532
-705.882385
-1401.960815
-2039.215698
-2274.509765
-1754.901977
-950.980407
-431.372558
225.490203
500.000000
990.196105
1637.254882
2049.019531
2019.607910
1352.941162
137.254898
-127.450981
-372.549041
-735.294128
-1392.156860
-2029.411743
-2245.098144
-1666.666748
-931.372558
-372.549041
274.509796
588.235290
1245.098022
1950.980468
2225.490234
1901.960815
1245.098022
68.627449
-156.862747
-421.568634
-911.764709
-1588.235351
-2147.058837
-2215.686279
-725.490234
-215.686279
88.235298
303.921569
617.647094
1186.274536
1892.156860
2166.666748
1774.509887
1137.254882
490.196075
88.235298
-147.058822
-411.764709
-852.941162
-1568.627441
-2176.470703
-1421.568603
-745.098083
-225.490203
58.823532
274.509796
627.450988
1294.117675
2274.509765
1784.313720
1078.431396
411.764709
68.627449
-166.666671
-441.176483
-1735.294189
-2225.490234
-2147.058837
-1392.156860
-627.450988
-215.686279
58.823532
794.117675
1500.000000
1980.392211
2176.470703
1686.274536
1009.803955
362.745117
-254.901962
-539.215698
-1166.666748
-1950.980468
-2245.098144
-1911.764770
-1156.862792
-78.431373
147.058822
441.176483
941.176513
1656.862792
2205.882324
2176.470703
1490.196166
764.705871
294.117645
-19.607843
-284.313720
-598.039245
-1215.686279
-1941.176513
-2107.843261
-1803.921630
-1215.686279
-88.235298
147.058822
1098.039184
1725.490234
2039.215698
1960.784301
1284.313720
647.058837
176.470596
-382.352935
-823.529418
-1529.411743
-1970.588256
-2176.470703
-1578.431396
-950.980407
19.607843
264.705902
598.039245
1225.490234
1872.549072
2107.843261
1774.509887
460.784332
98.039215
-156.862747
-411.764709
-882.352966
-1637.254882
-2186.274658
-2127.450927
-1382.353027
-813.725524
58.823532
303.921569
647.058837
1313.725463
1980.392211
2196.078369
1696.078491
431.372558
58.823532
-196.078430
-441.176483
-980.392150
-1647.058837
-2176.470703
-1401.960815
-705.882385
-196.078430
68.627449
303.921569
627.450988
1254.901977
2137.254882
1539.215698
950.980407
382.352935
68.627449
-186.274520
-450.980407
-1000.000000
-1637.254882
-2166.666748
-2225.490234
-705.882385
-196.078430
49.019607
284.313720
607.843139
1254.901977
1813.725463
2107.843261
1745.098022
1117.647094
450.980407
98.039215
-147.058822
-421.568634
-911.764709
-1588.235351
-2029.411743
-2176.470703
-715.686279
-235.294128
39.215686
264.705902
627.450988
1303.921630
1921.568603
1784.313720
1088.235351
411.764709
58.823532
-176.470596
-421.568634
-960.784301
-2117.647216
-2078.431396
-1450.980468
-745.098083
-225.490203
49.019607
284.313720
1401.960815
1882.353027
2127.450927
1637.254882
980.392150
362.745117
39.215686
-558.823547
-1156.862792
-1754.901977
-2117.647216
-1901.960815
-1313.725463
-617.647094
127.450981
372.549041
862.745117
1490.196166
2088.235351
2186.274658
1558.823608
892.156860
303.921569
0.000000
-539.215698
-1137.254882
-1882.353027
-2274.509765
-1960.784301
-1215.686279
-529.411804
176.470596
431.372558
950.980407
1647.058837
2186.274658
2225.490234
1519.607910
215.686279
-68.627449
-303.921569
-637.254943
-1343.137329
-2029.411743
-2274.509765
-1735.294189
-1049.019653
-421.568634
-58.823532
186.274520
401.960784
970.588256
1686.274536
2029.411743
2029.411743
1441.176513
166.666671
-98.039215
-343.137268
-725.490234
-1431.372558
-1911.764770
-2176.470703
-921.568664
-372.549041
-29.411766
186.274520
480.392150
1039.215698
1813.725463
1980.392211
1294.117675
558.823547
147.058822
-107.843139
-382.352935
-833.333374
-2137.254882
-2245.098144
-1509.803955
-784.313720
-294.117645
0.000000
196.078430
1225.490234
1892.156860
2156.862792
1745.098022
1166.666748
519.607849
166.666671
-117.647064
-382.352935
-813.725524
-2147.058837
-2098.039306
-1441.176513
-813.725524
-274.509796
49.019607
264.705902
1313.725463
1960.784301
2274.509765
1862.745117
1137.254882
450.980407
127.450981
-490.196075
-1019.607849
-1794.117675
-2049.019531
-2000.000000
-1392.156860
-696.078430
68.627449
313.725494
715.686279
1431.372558
2078.431396
2274.509765
1735.294189
352.941192
9.803922
-205.882354
-480.392150
-1009.803955
-1647.058837
-2147.058837
-1264.705932
-588.235290
-156.862747
107.843139
343.137268
764.705871
1323.529418
2000.000000
2107.843261
1578.431396
970.588256
352.941192
39.215686
-205.882354
-490.196075
-1039.215698
-1617.647094
-2078.431396
-2049.019531
-1450.980468
-725.490234
-225.490203
333.333343
745.098083
1352.941162
2009.803955
2205.882324
1656.862792
274.509796
-19.607843
-245.098037
-529.411804
-1166.666748
-1774.509887
-2196.078369
-1176.470581
-519.607849
-98.039215
137.254898
352.941192
813.725524
1509.803955
2107.843261
1333.333374
715.686279
225.490203
-39.215686
-294.117645
-598.039245
-1284.313720
-1931.372558
-2058.823486
-1764.705932
-421.568634
-68.627449
176.470596
450.980407
960.784301
1696.078491
2147.058837
2205.882324
1539.215698
803.921569
303.921569
-39.215686
-254.901962
-568.627441
-1215.686279
-1921.568603
-2186.274658
-1745.098022
-460.784332
-88.235298
156.862747
411.764709
892.156860
1607.843139
2127.450927
1450.980468
774.509826
245.098037
-49.019607
-284.313720
-627.450988
-1264.705932
-2254.902099
-1656.862792
-1068.627441
-431.372558
-68.627449
156.862747
401.960784
1794.117675
2147.058837
1960.784301
1254.901977
637.254943
215.686279
-78.431373
-774.509826
-1509.803955
-2117.647216
-2127.450927
-1568.627441
-931.372558
-352.941192
264.705902
539.215698
1127.451049
1745.098022
2078.431396
1833.333374
1235.294189
568.627441
137.254898
-147.058822
-872.549011
-1529.411743
-2088.235351
-2147.058837
-1529.411743
-813.725524
-284.313720
333.333343
735.294128
1431.372558
2068.627441
2254.902099
1666.666748
941.176513
421.568634
58.823532
-176.470596
-460.784332
-980.392150
-1725.490234
-2225.490234
-2166.666748
-1372.549072
-735.294128
-215.686279
323.529418
725.490234
1431.372558
1921.568603
2088.235351
1607.843139
970.588256
-19.607843
-254.901962
-558.823547
-1196.078491
-1764.705932
-2098.039306
-1901.960815
-1294.117675
-617.647094
-156.862747
98.039215
343.137268
715.686279
1392.156860
1990.196166
2235.294189
1696.078491
1000.000000
-9.803922
-245.098037
-519.607849
-1117.647094
-1862.745117
-2058.823486
-1921.568603
-509.803924
-127.450981
117.647064
372.549041
833.333374
1588.235351
1990.196166
1421.568603
735.294128
284.313720
-29.411766
-254.901962
-588.235290
-1245.098022
-2284.313720
-1862.745117
-1039.215698
-421.568634
-49.019607
156.862747
431.372558
1725.490234
2186.274658
2137.254882
1460.784301
745.098083
235.294128
-78.431373
-303.921569
-656.862731
-1323.529418
-2215.686279
-1754.901977
-1049.019653
-392.156860
-39.215686
166.666671
470.588256
1784.313720
2156.862792
2000.000000
1284.313720
627.450988
166.666671
-88.235298
-813.725524
-1549.019653
-2058.823486
-2088.235351
-1598.039184
-941.176513
-343.137268
274.509796
568.627441
1127.451049
1852.941162
2176.470703
1833.333374
1215.686279
529.411804
127.450981
-137.254898
-392.156860
-872.549011
-1598.039184
-2156.862792
-2215.686279
-1411.764770
-803.921569
19.607843
284.313720
647.058837
1264.705932
1941.176513
2313.725585
1872.549072
421.568634
49.019607
-176.470596
-421.568634
-882.352966
-1509.803955
-2058.823486
-1352.941162
-696.078430
-225.490203
49.019607
294.117645
696.078430
1333.333374
1970.588256
2156.862792
1676.470581
382.352935
49.019607
-176.470596
-431.372558
-980.392150
-1686.274536
-2205.882324
-1401.960815
-666.666687
-215.686279
78.431373
323.529418
686.274536
1382.353027
2176.470703
1656.862792
1000.000000
372.549041
29.411766
-186.274520
-480.392150
-1843.137329
-2274.509765
-1931.372558
-1245.098022
-607.843139
-176.470596
98.039215
343.137268
735.294128
1460.784301
2019.607910
2225.490234
1617.647094
960.784301
19.607843
-225.490203
-480.392150
-1019.607849
-1803.921630
-2235.294189
-2068.627441
-1264.705932
-637.254943
-166.666671
88.235298
323.529418
725.490234
1401.960815
2019.607910
1705.882324
980.392150
392.156860
29.411766
-205.882354
-470.588256
-990.196105
-2068.627441
-1921.568603
-519.607849
-117.647064
137.254898
392.156860
1676.470581
2166.666748
2127.450927
1431.372558
745.098083
303.921569
-29.411766
-676.470581
-1343.137329
-2019.607910
-2323.529541
-1725.490234
-1029.411743
-19.607843
215.686279
529.411804
1117.647094
1843.137329
2098.039306
1872.549072
588.235290
166.666671
-117.647064
-352.941192
-833.333374
-1529.411743
-2049.019531
-2117.647216
-1588.235351
-921.568664
-333.333343
274.509796
588.235290
1166.666748
1872.549072
2205.882324
1872.549072
1186.274536
519.607849
98.039215
-137.254898
-921.568664
-1539.215698
-2107.843261
-2107.843261
-1500.000000
-813.725524
-274.509796
323.529418
656.862731
1274.509887
1901.960815
2147.058837
1725.490234
1078.431396
411.764709
58.823532
-176.470596
-1088.235351
-1696.078491
-2176.470703
-2029.411743
-1372.549072
-696.078430
-205.882354
401.960784
823.529418
1558.823608
2117.647216
2264.705810
1627.451049
901.960815
-39.215686
-284.313720
-598.039245
-1245.098022
-1882.353027
-2264.705810
-1931.372558
-460.784332
-58.823532
166.666671
441.176483
901.960815
1588.235351
2088.235351
2137.254882
1519.607910
823.529418
274.509796
-9.803922
-254.901962
-578.431396
-1196.078491
-1725.490234
-2176.470703
-1931.372558
-450.980407
-107.843139
147.058822
382.352935
833.333374
1490.196166
2000.000000
1529.411743
813.725524
294.117645
-39.215686
-284.313720
-568.627441
-1274.509887
-2235.294189
-1833.333374
-1049.019653
-401.960784
-78.431373
166.666671
431.372558
941.176513
1676.470581
2166.666748
1411.764770
735.294128
196.078430
-58.823532
-294.117645
-627.450988
-1274.509887
-2107.843261
-1676.470581
-1039.215698
-411.764709
-49.019607
166.666671
431.372558
1735.294189
2058.823486
1950.980468
1274.509887
607.843139
156.862747
-117.647064
-833.333374
-1480.392211
-2039.215698
-2215.686279
-1598.039184
-911.764709
-323.529418
0.000000
205.882354
500.000000
911.764709
1558.823608
2039.215698
2088.235351
1441.176513
764.705871
245.098037
-49.019607
-264.705902
-617.647094
-1264.705932
-1774.509887
-2176.470703
-1852.941162
-1225.490234
-568.627441
-107.843139
137.254898
411.764709
862.745117
1598.039184
2147.058837
2254.902099
1617.647094
950.980407
313.725494
0.000000
-509.803924
-1117.647094
-1823.529418
-2264.705810
-2009.803955
-1196.078491
-558.823547
127.450981
431.372558
911.764709
1656.862792
2156.862792
2127.450927
1431.372558
225.490203
-58.823532
-313.725494
-666.666687
-1362.745117
-1990.196166
-2098.039306
-960.784301
-421.568634
-58.823532
176.470596
480.392150
970.588256
1666.666748
2049.019531
1401.960815
705.882385
196.078430
-78.431373
-323.529418
-656.862731
-1303.921630
-1980.392211
-2294.117675
-990.196105
-382.352935
-39.215686
205.882354
460.784332
1009.803955
1735.294189
1872.549072
1254.901977
578.431396
127.450981
-107.843139
-352.941192
-764.705871
-2009.803955
-2127.450927
-1519.607910
-872.549011
-323.529418
19.607843
225.490203
1274.509887
1931.372558
2078.431396
1745.098022
1117.647094
490.196075
98.039215
-137.254898
-411.764709
-892.156860
-1607.843139
-2000.000000
-2264.705810
-1627.451049
-303.921569
39.215686
245.098037
578.431396
1196.078491
1892.156860
2196.078369
1941.176513
1254.901977
558.823547
137.254898
-137.254898
-392.156860
-852.941162
-1568.627441
-2078.431396
-2068.627441
-1549.019653
-274.509796
29.411766
264.705902
598.039245
1245.098022
1911.764770
2205.882324
1794.117675
1147.058837
509.803924
-166.666671
-450.980407
-980.392150
-1686.274536
-2049.019531
-2088.235351
-1450.980468
-196.078430
78.431373
323.529418
686.274536
1411.764770
1960.784301
2117.647216
980.392150
401.960784
58.823532
-176.470596
-441.176483
-960.784301
-1627.451049
-2009.803955
-1382.353027
-676.470581
-186.274520
68.627449
323.529418
656.862731
1284.313720
1803.921630
2147.058837
1696.078491
1058.823608
431.372558
78.431373
-147.058822
-421.568634
-872.549011
-1519.607910
-2068.627441
-2147.058837
-1509.803955
-843.137268
88.235298
303.921569
647.058837
1274.509887
1813.725463
2127.450927
1715.686279
362.745117
49.019607
-186.274520
-480.392150
-1049.019653
-1764.705932
-2049.019531
-1215.686279
-588.235290
-147.058822
98.039215
352.941192
754.901977
1441.176513
2235.294189
1627.451049
960.784301
372.549041
29.411766
-196.078430
-480.392150
-1843.137329
-2098.039306
-1872.549072
-1294.117675
-617.647094
-156.862747
98.039215
352.941192
725.490234
1333.333374
1990.196166
2186.274658
1666.666748
1000.000000
382.352935
29.411766
-196.078430
-480.392150
-1852.941162
-2127.450927
-1852.941162
-1284.313720
-637.254943
-166.666671
78.431373
323.529418
696.078430
1392.156860
1921.568603
2078.431396
1627.451049
990.196105
29.411766
-235.294128
-519.607849
-1107.843139
-1833.333374
-2049.019531
-1921.568603
-1323.529418
-637.254943
-147.058822
107.843139
362.745117
774.509826
1450.980468
2068.627441
1549.019653
901.960815
313.725494
-9.803922
-215.686279
-519.607849
-1117.647094
-2274.509765
-1950.980468
-1156.862792
-509.803924
-137.254898
117.647064
352.941192
1676.470581
2147.058837
2117.647216
1392.156860
754.901977
254.901962
-19.607843
-647.058837
-1313.725463
-2000.000000
-2215.686279
-1872.549072
-1166.666748
-58.823532
176.470596
450.980407
941.176513
1617.647094
2098.039306
2088.235351
637.254943
186.274520
-78.431373
-333.333343
-705.882385
-1372.549072
-1852.941162
-2176.470703
-1745.098022
-1078.431396
-460.784332
235.294128
519.607849
1117.647094
1843.137329
2264.705810
2019.607910
1323.529418
627.450988
176.470596
-107.843139
-362.745117
-794.117675
-1509.803955
-2078.431396
-2088.235351
-1588.235351
-980.392150
-372.549041
264.705902
549.019592
1137.254882
1813.725463
2147.058837
1833.333374
1235.294189
88.235298
-166.666671
-382.352935
-862.745117
-1539.215698
-2098.039306
-2166.666748
-1549.019653
-784.313720
-274.509796
29.411766
284.313720
578.431396
1245.098022
1882.353027
2225.490234
1901.960815
1225.490234
78.431373
-156.862747
-421.568634
-901.960815
-1637.254882
-2166.666748
-2225.490234
-735.294128
-235.294128
58.823532
294.117645
637.254943
1254.901977
1921.568603
1598.039184
950.980407
392.156860
58.823532
-186.274520
-450.980407
-960.784301
-2156.862792
-2098.039306
-1421.568603
-686.274536
-235.294128
68.627449
294.117645
1441.176513
2049.019531
2264.705810
1696.078491
1009.803955
382.352935
39.215686
-539.215698
-1137.254882
-1862.745117
-2264.705810
-1950.980468
-1156.862792
-519.607849
-137.254898
107.843139
343.137268
1696.078491
2137.254882
2049.019531
1362.745117
745.098083
245.098037
-39.215686
-666.666687
-1343.137329
-2058.823486
-2196.078369
-1607.843139
-1029.411743
-431.372558
225.490203
490.196075
1009.803955
1735.294189
2156.862792
2000.000000
1264.705932
647.058837
205.882354
-68.627449
-333.333343
-735.294128
-1411.764770
-1960.784301
-2117.647216
-1705.882324
-1088.235351
-441.176483
-49.019607
156.862747
421.568634
901.960815
1539.215698
2068.627441
2088.235351
656.862731
205.882354
-78.431373
-313.725494
-1519.607910
-2098.039306
-2137.254882
-1568.627441
-941.176513
-362.745117
264.705902
568.627441
1156.862792
1784.313720
2137.254882
1862.745117
1235.294189
58.823532
-186.274520
-411.764709
-862.745117
-1519.607910
-2098.039306
-2127.450927
-1509.803955
-823.529418
-274.509796
39.215686
264.705902
558.823547
1147.058837
1843.137329
2196.078369
1882.353027
1245.098022
568.627441
127.450981
-117.647064
-372.549041
-1598.039184
-2137.254882
-2166.666748
-1509.803955
-784.313720
-274.509796
49.019607
666.666687
1294.117675
1980.392211
2284.313720
1774.509887
1117.647094
450.980407
-245.098037
-500.000000
-1009.803955
-1686.274536
-2186.274658
-2107.843261
-1392.156860
-137.254898
127.450981
382.352935
833.333374
1568.627441
2117.647216
2215.686279
1558.823608
892.156860
372.549041
9.803922
-225.490203
-460.784332
-950.980407
-1607.843139
-2107.843261
-2098.039306
-1421.568603
-147.058822
88.235298
333.333343
705.882385
1323.529418
1941.176513
2186.274658
862.745117
284.313720
-19.607843
-225.490203
-558.823547
-1156.862792
-1745.098022
-1794.117675
-1137.254882
-539.215698
-127.450981
137.254898
382.352935
803.921569
2166.666748
2058.823486
1343.137329
725.490234
225.490203
-29.411766
-284.313720
-1343.137329
-2039.215698
-2235.294189
-1627.451049
-1029.411743
-411.764709
-58.823532
196.078430
441.176483
921.568664
2235.294189
2058.823486
1313.725463
627.450988
225.490203
-78.431373
-313.725494
-676.470581
-1382.353027
-2049.019531
-1754.901977
-1019.607849
-362.745117
-49.019607
205.882354
490.196075
1049.019653
2186.274658
1950.980468
1323.529418
637.254943
147.058822
-98.039215
-343.137268
-1431.372558
-2068.627441
-2205.882324
-1607.843139
-921.568664
-343.137268
0.000000
598.039245
1196.078491
1892.156860
2245.098144
1950.980468
1313.725463
558.823547
-156.862747
-441.176483
-970.588256
-1686.274536
-2117.647216
-2049.019531
-1460.784301
-225.490203
68.627449
294.117645
696.078430
1362.745117
2000.000000
2254.902099
1068.627441
421.568634
39.215686
-186.274520
-421.568634
-892.156860
-1549.019653
-2107.843261
-2166.666748
-1500.000000
-225.490203
49.019607
303.921569
647.058837
1294.117675
1970.588256
2274.509765
1078.431396
431.372558
49.019607
-176.470596
-411.764709
-882.352966
-1529.411743
-2009.803955
-1392.156860
-705.882385
-205.882354
68.627449
284.313720
637.254943
2000.000000
2205.882324
1784.313720
1058.823608
411.764709
49.019607
-186.274520
-450.980407
-950.980407
-1598.039184
-2127.450927
-2156.862792
-1519.607910
-803.921569
-264.705902
39.215686
274.509796
588.235290
1205.882324
1941.176513
2274.509765
1901.960815
1215.686279
519.607849
127.450981
-156.862747
-411.764709
-862.745117
-1588.235351
-2205.882324
-1509.803955
-745.098083
-274.509796
39.215686
245.098037
558.823547
1784.313720
2147.058837
1745.098022
1107.843139
450.980407
88.235298
-147.058822
-1019.607849
-1705.882324
-2039.215698
-2068.627441
-1431.372558
-745.098083
-225.490203
372.549041
764.705871
1411.764770
2000.000000
2078.431396
1647.058837
970.588256
392.156860
39.215686
-196.078430
-441.176483
-980.392150
-1696.078491
-2186.274658
-2088.235351
-1392.156860
-754.901977
-235.294128
343.137268
666.666687
1343.137329
1911.764770
2147.058837
1647.058837
1000.000000
19.607843
-215.686279
-509.803924
-1078.431396
-1843.137329
-2186.274658
-1872.549072
-558.823547
-147.058822
117.647064
372.549041
843.137268
1539.215698
2107.843261
1558.823608
872.549011
303.921569
-19.607843
-254.901962
-558.823547
-1166.666748
-2235.294189
-1892.156860
-1156.862792
-441.176483
-88.235298
156.862747
421.568634
931.372558
1647.058837
2156.862792
1450.980468
764.705871
235.294128
-58.823532
-294.117645
-607.843139
-1294.117675
-2176.470703
-1715.686279
-1068.627441
-411.764709
-58.823532
186.274520
460.784332
1774.509887
2196.078369
1990.196166
1333.333374
647.058837
176.470596
-117.647064
-823.529418
-1519.607910
-2127.450927
-2235.294189
-1568.627441
-803.921569
-294.117645
9.803922
225.490203
509.803924
1735.294189
2176.470703
1833.333374
1205.882324
519.607849
107.843139
-147.058822
-372.549041
-794.117675
-1480.392211
-2117.647216
-2254.902099
-1617.647094
-882.352966
-333.333343
303.921569
676.470581
1352.941162
1970.588256
2205.882324
1715.686279
1039.215698
29.411766
-215.686279
-500.000000
-960.784301
-1705.882324
-2196.078369
-2176.470703
-1450.980468
-715.686279
-205.882354
343.137268
774.509826
1470.588256
2049.019531
2225.490234
1656.862792
941.176513
0.000000
-196.078430
-500.000000
-921.568664
-2058.823486
-2039.215698
-1411.764770
-735.294128
-215.686279
68.627449
294.117645
647.058837
1274.509887
1931.372558
2235.294189
1803.921630
1127.451049
460.784332
68.627449
-166.666671
-431.372558
-950.980407
-2098.039306
-2049.019531
-1431.372558
-754.901977
-235.294128
78.431373
284.313720
1333.333374
1960.784301
2196.078369
1656.862792
1000.000000
372.549041
39.215686
-519.607849
-1127.451049
-1843.137329
-2078.431396
-1921.568603
-1284.313720
-627.450988
-166.666671
98.039215
343.137268
705.882385
1303.921630
1892.156860
2156.862792
1627.451049
1000.000000
382.352935
49.019607
-500.000000
-950.980407
-1588.235351
-2107.843261
-2107.843261
-1450.980468
-754.901977
117.647064
343.137268
754.901977
1431.372558
2049.019531
2254.902099
1705.882324
313.725494
-9.803922
-225.490203
-539.215698
-1127.451049
-1676.470581
-2166.666748
-1176.470581
-529.411804
-107.843139
127.450981
372.549041
764.705871
1431.372558
1990.196166
2156.862792
1588.235351
235.294128
-58.823532
-264.705902
-588.235290
-1235.294189
-1833.333374
-2205.882324
-1078.431396
-411.764709
-68.627449
176.470596
450.980407
882.352966
1539.215698
2000.000000
1441.176513
794.117675
245.098037
-49.019607
-294.117645
-607.843139
-1852.941162
-2186.274658
-1745.098022
-1088.235351
-431.372558
-58.823532
186.274520
1088.235351
1823.529418
2254.902099
2039.215698
1333.333374
598.039245
186.274520
-107.843139
-362.745117
-794.117675
-2127.450927
-2254.902099
-1598.039184
-852.941162
-323.529418
-19.607843
254.901962
1284.313720
1960.784301
2264.705810
1882.353027
1215.686279
519.607849
117.647064
-460.784332
-1019.607849
-1774.509887
-2166.666748
-1980.392211
-1333.333374
-715.686279
107.843139
352.941192
745.098083
1421.568603
1862.745117
2127.450927
1617.647094
284.313720
-19.607843
-264.705902
-568.627441
-1186.274536
-1715.686279
-2156.862792
-1127.451049
-480.392150
-107.843139
156.862747
401.960784
852.941162
1500.000000
2137.254882
2196.078369
1509.803955
843.137268
333.333343
9.803922
-215.686279
-480.392150
-1029.411743
-1803.921630
-2245.098144
-1284.313720
-558.823547
-137.254898
127.450981
392.156860
833.333374
1568.627441
2186.274658
1509.803955
852.941162
303.921569
-39.215686
-274.509796
-558.823547
-1862.745117
-2205.882324
-1803.921630
-1156.862792
-450.980407
-88.235298
147.058822
1000.000000
1607.843139
2068.627441
2058.823486
1401.960815
735.294128
245.098037
-58.823532
-284.313720
-647.058837
-2029.411743
-2215.686279
-1617.647094
-1029.411743
-401.960784
-88.235298
176.470596
441.176483
970.588256
1676.470581
2117.647216
2019.607910
1362.745117
745.098083
264.705902
-39.215686
-303.921569
-627.450988
-1274.509887
-1941.176513
-2068.627441
-1803.921630
-411.764709
-88.235298
156.862747
421.568634
960.784301
1696.078491
2127.450927
2049.019531
1343.137329
754.901977
-78.431373
-333.333343
-696.078430
-1382.353027
-2009.803955
-2117.647216
-1696.078491
-343.137268
-19.607843
205.882354
500.000000
960.784301
1627.451049
2098.039306
1303.921630
637.254943
166.666671
-88.235298
-323.529418
-705.882385
-1392.156860
-2205.882324
-1539.215698
-941.176513
-362.745117
-29.411766
205.882354
460.784332
1058.823608
1666.666748
2049.019531
2009.803955
1333.333374
666.666687
176.470596
-352.941192
-774.509826
-1450.980468
-1941.176513
-2176.470703
-1637.254882
-980.392150
-362.745117
-19.607843
215.686279
500.000000
1068.627441
1686.274536
1990.196166
2000.000000
696.078430
176.470596
-78.431373
-313.725494
-696.078430
-1343.137329
-2019.607910
-1627.451049
-1000.000000
-372.549041
-39.215686
196.078430
450.980407
1058.823608
1666.666748
2019.607910
2019.607910
1382.353027
676.470581
196.078430
-78.431373
-784.313720
-1470.588256
-2000.000000
-2284.313720
-1735.294189
-970.588256
-411.764709
215.686279
549.019592
1147.058837
1862.745117
2186.274658
1931.372558
1196.078491
578.431396
147.058822
-88.235298
-343.137268
-764.705871
-1460.784301
-2039.215698
-2098.039306
-1647.058837
-1009.803955
-382.352935
-49.019607
196.078430
441.176483
950.980407
1656.862792
2019.607910
2019.607910
1401.960815
715.686279
205.882354
-58.823532
-294.117645
-637.254943
-1294.117675
-1803.921630
-1637.254882
-1009.803955
-382.352935
-58.823532
186.274520
441.176483
911.764709
2205.882324
1970.588256
1254.901977
637.254943
205.882354
-78.431373
-343.137268
-1558.823608
-2137.254882
-2156.862792
-1490.196166
-882.352966
-333.333343
-19.607843
617.647094
1264.705932
1882.353027
2098.039306
1725.490234
1127.451049
500.000000
176.470596
-117.647064
-352.941192
-803.921569
-1529.411743
-2127.450927
-2117.647216
-823.529418
-303.921569
19.607843
245.098037
539.215698
1166.666748
1862.745117
2235.294189
1950.980468
1254.901977
107.843139
-156.862747
-431.372558
-1794.117675
-2205.882324
-2009.803955
-1333.333374
-686.274536
-186.274520
68.627449
813.725524
1470.588256
2039.215698
2078.431396
1558.823608
892.156860
343.137268
