-1950.980468
-2156.862792
-1715.686279
-1058.823608
-421.568634
-58.823532
176.470596
441.176483
960.784301
2196.078369
2029.411743
1284.313720
627.450988
196.078430
-78.431373
-323.529418
-1500.000000
-2019.607910
-2245.098144
-1715.686279
-1029.411743
-382.352935
-49.019607
549.019592
1147.058837
1843.137329
2245.098144
1960.784301
1303.921630
598.039245
156.862747
-107.843139
-362.745117
-1617.647094
-2186.274658
-2264.705810
-1558.823608
-794.117675
-294.117645
19.607843
627.450988
1313.725463
1980.392211
2284.313720
1872.549072
1176.470581
490.196075
-205.882354
-500.000000
-950.980407
-1588.235351
-2137.254882
-2117.647216
-1490.196166
-196.078430
107.843139
362.745117
735.294128
1431.372558
2058.823486
2235.294189
1725.490234
1049.019653
401.960784
39.215686
-196.078430
-450.980407
-931.372558
-1607.843139
-2127.450927
-2127.450927
-1500.000000
-196.078430
58.823532
313.725494
676.470581
1372.549072
2039.215698
2274.509765
1823.529418
1039.215698
421.568634
78.431373
-176.470596
-421.568634
-960.784301
-2166.666748
-2166.666748
-1490.196166
-725.490234
-245.098037
49.019607
274.509796
598.039245
1205.882324
1911.764770
2196.078369
1833.333374
1186.274536
509.803924
107.843139
-450.980407
-990.196105
-1656.862792
-2156.862792
-2147.058837
-1490.196166
-735.294128
98.039215
323.529418
696.078430
1343.137329
2000.000000
2186.274658
1627.451049
362.745117
29.411766
-215.686279
-500.000000
-931.372558
-1598.039184
-2127.450927
-1323.529418
-656.862731
-176.470596
78.431373
313.725494
686.274536
1372.549072
2274.509765
1598.039184
882.352966
362.745117
19.607843
-205.882354
-480.392150
-1039.215698
-1862.745117
-2215.686279
-1294.117675
-549.019592
-156.862747
117.647064
372.549041
823.529418
1539.215698
2235.294189
1588.235351
911.764709
313.725494
-19.607843
-245.098037
-529.411804
-1931.372558
-2088.235351
-1823.529418
-1196.078491
-519.607849
-137.254898
117.647064
931.372558
1568.627441
2098.039306
2098.039306
1431.372558
754.901977
235.294128
-323.529418
-686.274536
-1323.529418
-2009.803955
-2235.294189
-1735.294189
-1058.823608
0.000000
215.686279
490.196075
1068.627441
1843.137329
2215.686279
2009.803955
1284.313720
627.450988
205.882354
-88.235298
-323.529418
-696.078430
-1411.764770
-2088.235351
-2225.490234
-1627.451049
-1029.411743
-19.607843
225.490203
519.607849
1117.647094
1833.333374
2117.647216
1882.353027
1264.705932
617.647094
186.274520
-411.764709
-882.352966
-1588.235351
-2078.431396
-2147.058837
-1549.019653
-882.352966
39.215686
274.509796
617.647094
1284.313720
1941.176513
2147.058837
1745.098022
470.588256
88.235298
-156.862747
-411.764709
-901.960815
-1568.627441
-2196.078369
-1480.392211
-774.509826
-235.294128
49.019607
294.117645
598.039245
1225.490234
1774.509887
2156.862792
1803.921630
392.156860
68.627449
-176.470596
-431.372558
-970.588256
-1725.490234
-2215.686279
-1460.784301
-666.666687
-215.686279
68.627449
303.921569
656.862731
1352.941162
2225.490234
1686.274536
1029.411743
382.352935
39.215686
-196.078430
-470.588256
-1715.686279
-2176.470703
-1950.980468
-1343.137329
-627.450988
-176.470596
107.843139
343.137268
794.117675
1450.980468
2098.039306
2235.294189
1705.882324
1019.607849
-19.607843
-254.901962
-549.019592
-1794.117675
-2196.078369
-1852.941162
-1186.274536
-480.392150
-117.647064
147.058822
1049.019653
1833.333374
2254.902099
2127.450927
1411.764770
715.686279
205.882354
-372.549041
-784.313720
-1509.803955
-2147.058837
-2313.725585
-1676.470581
-892.156860
0.000000
225.490203
509.803924
1078.431396
1843.137329
2205.882324
1990.196166
607.843139
156.862747
-117.647064
-362.745117
-833.333374
-1578.431396
-2117.647216
-1509.803955
-745.098083
-294.117645
9.803922
235.294128
539.215698
1137.254882
2137.254882
1794.117675
1147.058837
480.392150
88.235298
-127.450981
-411.764709
-1735.294189
-2127.450927
-2029.411743
-1441.176513
-764.705871
-245.098037
58.823532
274.509796
598.039245
1323.529418
2264.705810
1803.921630
1078.431396
39.215686
-205.882354
-490.196075
-1088.235351
-1872.549072
-2176.470703
-1901.960815
-529.411804
-147.058822
117.647064
382.352935
843.137268
1549.019653
2147.058837
1558.823608
892.156860
303.921569
-19.607843
-254.901962
-519.607849
-1078.431396
-2117.647216
-1813.725463
-1196.078491
-529.411804
-98.039215
127.450981
362.745117
1558.823608
2068.627441
2088.235351
1450.980468
745.098083
225.490203
-39.215686
-715.686279
-1470.588256
-2000.000000
-2313.725585
-1794.117675
-1049.019653
-421.568634
215.686279
509.803924
1107.843139
1745.098022
2068.627441
1892.156860
1294.117675
617.647094
166.666671
-117.647064
-852.941162
-1539.215698
-1990.196166
-2196.078369
-1588.235351
-911.764709
-323.529418
303.921569
607.843139
1274.509887
1931.372558
2245.098144
1892.156860
1186.274536
39.215686
-186.274520
-450.980407
-960.784301
-1656.862792
-2166.666748
-2156.862792
-647.058837
-186.274520
78.431373
313.725494
676.470581
1392.156860
1901.960815
2088.235351
1666.666748
1029.411743
-9.803922
-215.686279
-519.607849
-1107.843139
-1764.705932
-2088.235351
-1970.588256
-519.607849
-137.254898
98.039215
372.549041
823.529418
1529.411743
2127.450927
1598.039184
911.764709
333.333343
9.803922
-225.490203
-539.215698
-1107.843139
-2196.078369
-1774.509887
-1186.274536
-539.215698
-137.254898
117.647064
362.745117
803.921569
1450.980468
2058.823486
1392.156860
745.098083
264.705902
-9.803922
-254.901962
-549.019592
-1147.058837
-2196.078369
-1882.353027
-1235.294189
-519.607849
-127.450981
137.254898
382.352935
1715.686279
2186.274658
2156.862792
1450.980468
774.509826
235.294128
-58.823532
-696.078430
-1294.117675
-2029.411743
-2284.313720
-1754.901977
-1058.823608
-382.352935
254.901962
578.431396
1235.294189
1892.156860
2225.490234
1813.725463
1166.666748
519.607849
127.450981
-117.647064
-392.156860
-833.333374
-1470.588256
-2009.803955
-2225.490234
-1637.254882
-960.784301
-343.137268
254.901962
588.235290
1196.078491
1882.353027
2205.882324
1882.353027
1215.686279
49.019607
-196.078430
-431.372558
-921.568664
-1617.647094
-2107.843261
-2205.882324
-1529.411743
-735.294128
-264.705902
352.941192
794.117675
1480.392211
2127.450927
2284.313720
1676.470581
960.784301
0.000000
-186.274520
-490.196075
-1029.411743
-1803.921630
-2098.039306
-2000.000000
-705.882385
-215.686279
98.039215
303.921569
617.647094
1254.901977
1882.353027
1568.627441
941.176513
362.745117
49.019607
-186.274520
-450.980407
-970.588256
-2127.450927
-2039.215698
-1401.960815
-705.882385
-215.686279
78.431373
313.725494
1401.960815
2049.019531
2225.490234
1637.254882
960.784301
362.745117
39.215686
-578.431396
-1225.490234
-1725.490234
-2196.078369
-1921.568603
-1264.705932
-607.843139
156.862747
421.568634
941.176513
1647.058837
2137.254882
2186.274658
1519.607910
823.529418
254.901962
-29.411766
-637.254943
-1245.098022
-1950.980468
-2254.902099
-1813.725463
-1147.058837
-441.176483
225.490203
500.000000
941.176513
1607.843139
2068.627441
2049.019531
1382.353027
147.058822
-98.039215
-372.549041
-803.921569
-1480.392211
-1960.784301
-2147.058837
-852.941162
-333.333343
-9.803922
205.882354
490.196075
1039.215698
1803.921630
2235.294189
2088.235351
1352.941162
127.450981
-127.450981
-392.156860
-852.941162
-1578.431396
-2147.058837
-2166.666748
-784.313720
-284.313720
19.607843
254.901962
558.823547
1196.078491
1892.156860
1794.117675
1156.862792
470.588256
78.431373
-166.666671
-421.568634
-882.352966
-2049.019531
-2088.235351
-1421.568603
-754.901977
-245.098037
39.215686
264.705902
588.235290
1254.901977
1794.117675
1607.843139
980.392150
411.764709
49.019607
-156.862747
-431.372558
-950.980407
-2147.058837
-2098.039306
-1460.784301
-794.117675
-254.901962
39.215686
284.313720
1313.725463
1950.980468
2205.882324
1676.470581
1019.607849
401.960784
39.215686
-529.411804
-1147.058837
-1686.274536
-2196.078369
-2019.607910
-1352.941162
-617.647094
137.254898
392.156860
862.745117
1568.627441
2137.254882
2235.294189
1588.235351
882.352966
303.921569
-9.803922
-617.647094
-1245.098022
-1823.529418
-2196.078369
-1058.823608
-441.176483
-68.627449
156.862747
431.372558
892.156860
1666.666748
2098.039306
2049.019531
1382.353027
205.882354
-78.431373
-323.529418
-1519.607910
-2127.450927
-2254.902099
-1549.019653
-921.568664
-362.745117
-29.411766
588.235290
1245.098022
1931.372558
2176.470703
1843.137329
1176.470581
519.607849
-156.862747
-431.372558
-950.980407
-1676.470581
-2049.019531
-2127.450927
-1500.000000
-245.098037
39.215686
274.509796
617.647094
1254.901977
1931.372558
2264.705810
1068.627441
441.176483
78.431373
-176.470596
-411.764709
-872.549011
-1578.431396
-1960.784301
-1362.745117
-686.274536
-215.686279
78.431373
294.117645
637.254943
1274.509887
1852.941162
2215.686279
1745.098022
1078.431396
450.980407
68.627449
-176.470596
-421.568634
-862.745117
-2186.274658
-1970.588256
-1362.745117
-156.862747
107.843139
352.941192
745.098083
1401.960815
1911.764770
2186.274658
833.333374
294.117645
0.000000
-196.078430
-500.000000
-1000.000000
-1666.666748
-2205.882324
-1431.372558
-725.490234
-235.294128
68.627449
303.921569
666.666687
1294.117675
1950.980468
2254.902099
1794.117675
362.745117
29.411766
-215.686279
-470.588256
-980.392150
-1627.451049
-2117.647216
-1274.509887
-607.843139
-176.470596
107.843139
333.333343
696.078430
1362.745117
1941.176513
2186.274658
1696.078491
1000.000000
362.745117
49.019607
-196.078430
-1117.647094
-1872.549072
-2254.902099
-1931.372558
-1264.705932
-627.450988
-166.666671
88.235298
333.333343
745.098083
1450.980468
2029.411743
2147.058837
1588.235351
970.588256
392.156860
68.627449
-166.666671
-1098.039184
-1852.941162
-2137.254882
-1901.960815
-1284.313720
-617.647094
-196.078430
362.745117
813.725524
1519.607910
1980.392211
2078.431396
1529.411743
872.549011
-58.823532
-274.509796
-647.058837
-1303.921630
-1833.333374
-2196.078369
-1813.725463
-411.764709
-68.627449
166.666671
441.176483
960.784301
1705.882324
2147.058837
2078.431396
1352.941162
754.901977
274.509796
-19.607843
-284.313720
-637.254943
-1294.117675
-1872.549072
-2117.647216
-1843.137329
-1205.882324
-519.607849
-107.843139
470.588256
1029.411743
1794.117675
2264.705810
2137.254882
1372.549072
637.254943
-127.450981
-372.549041
-803.921569
-1558.823608
-2107.843261
-2107.843261
-1578.431396
-264.705902
49.019607
254.901962
578.431396
1215.686279
1931.372558
2176.470703
1176.470581
500.000000
107.843139
-137.254898
-392.156860
-833.333374
-1529.411743
-2156.862792
-2284.313720
-1519.607910
-254.901962
49.019607
274.509796
578.431396
1225.490234
1892.156860
2264.705810
1058.823608
411.764709
58.823532
-166.666671
-441.176483
-921.568664
-1568.627441
-2000.000000
-1500.000000
-823.529418
-274.509796
29.411766
245.098037
558.823547
1990.196166
2196.078369
1696.078491
1039.215698
421.568634
78.431373
-166.666671
-1068.627441
-1735.294189
-2039.215698
-2039.215698
-1431.372558
-715.686279
-205.882354
372.549041
823.529418
1519.607910
2098.039306
2254.902099
1666.666748
970.588256
-29.411766
-254.901962
-568.627441
-1166.666748
-1941.176513
-2313.725585
-1901.960815
-480.392150
-88.235298
156.862747
401.960784
882.352966
1529.411743
2078.431396
2137.254882
1509.803955
833.333374
-68.627449
-303.921569
-647.058837
-1254.901977
-1892.156860
-2254.902099
-1852.941162
-392.156860
-39.215686
176.470596
450.980407
931.372558
1617.647094
2029.411743
1225.490234
578.431396
137.254898
-98.039215
-343.137268
-754.901977
-1480.392211
-2264.705810
-1627.451049
-872.549011
-352.941192
-19.607843
196.078430
509.803924
1039.215698
1833.333374
2264.705810
1284.313720
607.843139
166.666671
-127.450981
-362.745117
-803.921569
-1529.411743
-2245.098144
-1578.431396
-764.705871
-284.313720
19.607843
245.098037
549.019592
1794.117675
2196.078369
1803.921630
1166.666748
490.196075
127.450981
-156.862747
-950.980407
-1588.235351
-2147.058837
-2107.843261
-1490.196166
-784.313720
-254.901962
58.823532
294.117645
607.843139
1911.764770
2166.666748
1696.078491
1049.019653
401.960784
49.019607
-156.862747
-431.372558
-921.568664
-1568.627441
-2117.647216
-1323.529418
-676.470581
-186.274520
78.431373
313.725494
676.470581
1382.353027
1931.372558
2088.235351
1696.078491
352.941192
29.411766
-215.686279
-1235.294189
-1911.764770
-2205.882324
-1823.529418
-1225.490234
-549.019592
-137.254898
441.176483
901.960815
1519.607910
2019.607910
2098.039306
1460.784301
803.921569
-88.235298
-323.529418
-656.862731
-1313.725463
-1941.176513
-2235.294189
-1813.725463
-372.549041
-29.411766
196.078430
480.392150
1019.607849
1735.294189
2225.490234
1215.686279
558.823547
137.254898
-127.450981
-362.745117
-794.117675
-1450.980468
-2058.823486
-2284.313720
-1647.058837
-921.568664
-372.549041
-29.411766
225.490203
490.196075
1058.823608
1803.921630
2254.902099
1254.901977
578.431396
137.254898
-127.450981
-382.352935
-784.313720
-1470.588256
-2147.058837
-1509.803955
-872.549011
-294.117645
29.411766
264.705902
509.803924
1970.588256
2225.490234
1745.098022
1078.431396
460.784332
98.039215
-127.450981
-960.784301
-1715.686279
-2235.294189
-2137.254882
-1362.745117
-725.490234
-215.686279
333.333343
725.490234
1441.176513
1911.764770
2117.647216
1627.451049
970.588256
372.549041
49.019607
-186.274520
-421.568634
-980.392150
-1725.490234
-2225.490234
-2176.470703
-1382.353027
-754.901977
-254.901962
333.333343
754.901977
1411.764770
2078.431396
2166.666748
1588.235351
343.137268
19.607843
-215.686279
-1215.686279
-1921.568603
-2284.313720
-1843.137329
-1176.470581
-529.411804
-127.450981
441.176483
921.568664
1598.039184
2039.215698
2068.627441
1411.764770
745.098083
-98.039215
-333.333343
-745.098083
-1431.372558
-1990.196166
-2137.254882
-1686.274536
-343.137268
-29.411766
215.686279
500.000000
1049.019653
1774.509887
2245.098144
1343.137329
637.254943
147.058822
-117.647064
-343.137268
-764.705871
-1490.196166
-2225.490234
-1627.451049
-921.568664
-343.137268
-9.803922
215.686279
490.196075
1882.353027
2117.647216
1784.313720
1196.078491
519.607849
127.450981
-127.450981
-970.588256
-1686.274536
-2029.411743
-2127.450927
-1480.392211
-823.529418
68.627449
303.921569
656.862731
1323.529418
1852.941162
2196.078369
1725.490234
333.333343
19.607843
-215.686279
-509.803924
-1107.843139
-1686.274536
-2186.274658
-1245.098022
-568.627441
-147.058822
117.647064
352.941192
754.901977
1401.960815
2147.058837
1470.588256
823.529418
313.725494
0.000000
-205.882354
-519.607849
-1872.549072
-2245.098144
-1235.294189
-490.196075
-137.254898
147.058822
1009.803955
1754.901977
2245.098144
2147.058837
1401.960815
725.490234
254.901962
-343.137268
-715.686279
-1450.980468
-2088.235351
-2245.098144
-1588.235351
-970.588256
-19.607843
215.686279
519.607849
1098.039184
1843.137329
2264.705810
2078.431396
1362.745117
617.647094
186.274520
-107.843139
-362.745117
-784.313720
-1490.196166
-1970.588256
-2098.039306
-1656.862792
-1000.000000
-19.607843
225.490203
529.411804
1117.647094
1843.137329
2235.294189
1941.176513
568.627441
127.450981
-137.254898
-401.960784
-852.941162
-1607.843139
-2176.470703
-1549.019653
-833.333374
-313.725494
9.803922
235.294128
529.411804
1107.843139
2068.627441
1725.490234
1117.647094
470.588256
98.039215
-147.058822
-421.568634
-1735.294189
-2176.470703
-2039.215698
-1431.372558
-754.901977
-245.098037
58.823532
274.509796
617.647094
1294.117675
2303.921630
1794.117675
1029.411743
19.607843
-215.686279
-509.803924
-1098.039184
-1852.941162
-2137.254882
-1941.176513
-519.607849
-127.450981
107.843139
392.156860
862.745117
1588.235351
2068.627441
1519.607910
823.529418
303.921569
-29.411766
-264.705902
-578.431396
-1225.490234
-2254.902099
-1872.549072
-1127.451049
-441.176483
-98.039215
137.254898
411.764709
1666.666748
2176.470703
2166.666748
1460.784301
764.705871
245.098037
-49.019607
-745.098083
-1431.372558
-1862.745117
-2196.078369
-1735.294189
-1058.823608
-411.764709
-49.019607
196.078430
441.176483
1666.666748
2078.431396
1980.392211
1333.333374
637.254943
166.666671
-98.039215
-843.137268
-1500.000000
-2147.058837
-2284.313720
-1549.019653
-931.372558
-333.333343
235.294128
578.431396
1235.294189
1784.313720
2117.647216
1823.529418
1186.274536
58.823532
-176.470596
-441.176483
-960.784301
-1666.666748
-2039.215698
-2137.254882
-1509.803955
-823.529418
-254.901962
333.333343
725.490234
1411.764770
1990.196166
2225.490234
1754.901977
1068.627441
-9.803922
-235.294128
-500.000000
-1078.431396
-1735.294189
-2078.431396
-2029.411743
-568.627441
-156.862747
107.843139
362.745117
764.705871
1382.353027
2039.215698
1421.568603
784.313720
274.509796
-9.803922
-254.901962
-519.607849
-1156.862792
-1921.568603
-2264.705810
-1882.353027
-519.607849
-117.647064
156.862747
421.568634
911.764709
1617.647094
2186.274658
1500.000000
794.117675
254.901962
-29.411766
-254.901962
-598.039245
-1215.686279
-2225.490234
-1686.274536
-1098.039184
-450.980407
-78.431373
156.862747
382.352935
1745.098022
2117.647216
2000.000000
1519.607910
843.137268
274.509796
-39.215686
-274.509796
-578.431396
-1235.294189
-2205.882324
-1803.921630
-1147.058837
-460.784332
-88.235298
166.666671
411.764709
1735.294189
2176.470703
2068.627441
1421.568603
705.882385
196.078430
-78.431373
-745.098083
-1431.372558
-2009.803955
-2196.078369
-1676.470581
-1029.411743
-392.156860
264.705902
578.431396
1284.313720
1960.784301
2274.509765
1911.764770
1205.882324
509.803924
117.647064
-147.058822
-1000.000000
-1617.647094
-2186.274658
-2254.902099
-1509.803955
-754.901977
-254.901962
333.333343
735.294128
1460.784301
2068.627441
2225.490234
1656.862792
990.196105
29.411766
-225.490203
-490.196075
-1068.627441
-1833.333374
-2186.274658
-1901.960815
-529.411804
-166.666671
107.843139
382.352935
852.941162
1549.019653
2098.039306
2235.294189
1539.215698
872.549011
-49.019607
-264.705902
-558.823547
-1215.686279
-1941.176513
-2186.274658
-1764.705932
-431.372558
-68.627449
166.666671
450.980407
941.176513
1666.666748
2205.882324
1470.588256
774.509826
225.490203
-68.627449
-294.117645
-598.039245
-1245.098022
-2147.058837
-1705.882324
-1068.627441
-441.176483
-58.823532
186.274520
441.176483
950.980407
1558.823608
2088.235351
1303.921630
637.254943
166.666671
-78.431373
-323.529418
-705.882385
-1392.156860
-2254.902099
-1539.215698
-941.176513
-372.549041
-58.823532
196.078430
500.000000
1686.274536
2156.862792
2009.803955
1362.745117
705.882385
166.666671
-98.039215
-784.313720
-1401.960815
-2039.215698
-2215.686279
-1656.862792
-960.784301
-372.549041
284.313720
607.843139
1245.098022
1911.764770
2245.098144
1911.764770
1245.098022
58.823532
-166.666671
-431.372558
-950.980407
-1617.647094
-2127.450927
-2215.686279
-1539.215698
-745.098083
-284.313720
343.137268
735.294128
1470.588256
2088.235351
2284.313720
1705.882324
970.588256
411.764709
58.823532
-176.470596
-441.176483
-941.176513
-1696.078491
-2205.882324
-2176.470703
-1372.549072
-735.294128
-225.490203
39.215686
294.117645
617.647094
1264.705932
2235.294189
1784.313720
1117.647094
29.411766
-215.686279
-480.392150
-1009.803955
-1803.921630
-2245.098144
-2098.039306
-627.450988
-156.862747
127.450981
352.941192
774.509826
1421.568603
2019.607910
1549.019653
843.137268
294.117645
-19.607843
-235.294128
-549.019592
-1156.862792
-2235.294189
-1735.294189
-1166.666748
-500.000000
-147.058822
117.647064
392.156860
862.745117
1588.235351
2088.235351
2186.274658
1519.607910
862.745117
333.333343
9.803922
-205.882354
-500.000000
-1000.000000
-1735.294189
-2127.450927
-2039.215698
-1441.176513
-186.274520
78.431373
323.529418
725.490234
1411.764770
2000.000000
2264.705810
1039.215698
392.156860
49.019607
-166.666671
-450.980407
-960.784301
-1715.686279
-2058.823486
-1274.509887
-627.450988
-225.490203
68.627449
313.725494
686.274536
2039.215698
2284.313720
1745.098022
1029.411743
401.960784
19.607843
-196.078430
-1058.823608
-1784.313720
-2245.098144
-2019.607910
-1352.941162
-617.647094
-176.470596
421.568634
892.156860
1637.254882
2156.862792
2235.294189
1568.627441
823.529418
-68.627449
-323.529418
-647.058837
-1303.921630
-2039.215698
-2294.117675
-1686.274536
-392.156860
-58.823532
176.470596
470.588256
1029.411743
1803.921630
2186.274658
2000.000000
1490.196166
774.509826
-107.843139
-343.137268
-754.901977
-2078.431396
-2274.509765
-1647.058837
-960.784301
-343.137268
-9.803922
235.294128
1098.039184
1774.509887
2117.647216
1852.941162
1264.705932
568.627441
127.450981
-431.372558
-911.764709
-1539.215698
-2107.843261
-2166.666748
-1539.215698
-784.313720
68.627449
303.921569
686.274536
1313.725463
1970.588256
2245.098144
1794.117675
343.137268
29.411766
-215.686279
-470.588256
-980.392150
-1627.451049
-2137.254882
-1254.901977
-598.039245
-166.666671
98.039215
313.725494
745.098083
1441.176513
2039.215698
2186.274658
1578.431396
313.725494
-19.607843
-254.901962
-519.607849
-1117.647094
-1872.549072
-2176.470703
-1235.294189
-529.411804
-127.450981
117.647064
382.352935
852.941162
1598.039184
2196.078369
1529.411743
843.137268
274.509796
-29.411766
-264.705902
-578.431396
-1950.980468
-2264.705810
-1852.941162
-1156.862792
-450.980407
-107.843139
166.666671
431.372558
970.588256
1666.666748
2186.274658
2127.450927
1401.960815
754.901977
274.509796
-9.803922
-264.705902
-539.215698
-1176.470581
-1941.176513
-2303.921630
-1872.549072
-1156.862792
-529.411804
-117.647064
421.568634
921.568664
1676.470581
2078.431396
2009.803955
1382.353027
754.901977
-78.431373
-343.137268
-725.490234
-1421.568603
-2009.803955
-2137.254882
-1735.294189
-1068.627441
-441.176483
-58.823532
186.274520
441.176483
931.372558
1617.647094
1921.568603
1323.529418
647.058837
176.470596
-78.431373
-333.333343
-725.490234
-2107.843261
-2196.078369
-1549.019653
-941.176513
-352.941192
-19.607843
205.882354
490.196075
1078.431396
1735.294189
2019.607910
1970.588256
1343.137329
647.058837
196.078430
-98.039215
-333.333343
-725.490234
-2107.843261
-2235.294189
-1578.431396
-970.588256
-362.745117
-39.215686
205.882354
1176.470581
1892.156860
2186.274658
1803.921630
1205.882324
549.019592
147.058822
-421.568634
-950.980407
-1656.862792
-2049.019531
-2088.235351
-1500.000000
-823.529418
39.215686
274.509796
607.843139
1245.098022
1941.176513
2294.117675
1911.764770
1205.882324
500.000000
147.058822
-401.960784
-872.549011
-1490.196166
-2088.235351
-2176.470703
-1539.215698
-823.529418
78.431373
294.117645
656.862731
1274.509887
1931.372558
2205.882324
1823.529418
372.549041
19.607843
-176.470596
-490.196075
-1049.019653
-1656.862792
-2098.039306
-1264.705932
-607.843139
-176.470596
88.235298
333.333343
745.098083
1460.784301
2254.902099
1666.666748
950.980407
382.352935
9.803922
-176.470596
-460.784332
-1872.549072
-2098.039306
-1901.960815
-1313.725463
-647.058837
-176.470596
98.039215
862.745117
1558.823608
2107.843261
2088.235351
1529.411743
862.745117
303.921569
-9.803922
-225.490203
-509.803924
-1107.843139
-1852.941162
-2068.627441
-1980.392211
-1333.333374
-647.058837
-186.274520
107.843139
333.333343
745.098083
1392.156860
1990.196166
2196.078369
1715.686279
1039.215698
401.960784
29.411766
-205.882354
-470.588256
-960.784301
-1686.274536
-2186.274658
-2147.058837
-666.666687
-176.470596
88.235298
313.725494
656.862731
1303.921630
1931.372558
1490.196166
901.960815
333.333343
29.411766
-225.490203
-500.000000
-960.784301
-2117.647216
-1970.588256
-1343.137329
-676.470581
-186.274520
88.235298
323.529418
1441.176513
1931.372558
2186.274658
1598.039184
931.372558
333.333343
19.607843
-607.843139
-1254.901977
-1843.137329
-2176.470703
-1892.156860
-1225.490234
-568.627441
166.666671
421.568634
921.568664
1637.254882
2098.039306
2107.843261
1480.392211
794.117675
254.901962
-58.823532
-637.254943
-1313.725463
-1931.372558
-1607.843139
-950.980407
-362.745117
-49.019607
176.470596
480.392150
1039.215698
2284.313720
1921.568603
1205.882324
558.823547
147.058822
-107.843139
-362.745117
-1656.862792
-2029.411743
-2137.254882
-1529.411743
-862.745117
-264.705902
29.411766
617.647094
1284.313720
1843.137329
2156.862792
1754.901977
1117.647094
470.588256
-205.882354
-480.392150
-1009.803955
-1794.117675
-2274.509765
-2088.235351
-1333.333374
-117.647064
137.254898
392.156860
852.941162
1588.235351
2147.058837
2235.294189
1529.411743
843.137268
303.921569
0.000000
-186.274520
-509.803924
-1039.215698
-1627.451049
-2166.666748
-2088.235351
-1421.568603
-156.862747
107.843139
382.352935
784.313720
1470.588256
2078.431396
2264.705810
1666.666748
970.588256
362.745117
-294.117645
-588.235290
-1254.901977
-1941.176513
-2254.902099
-1774.509887
-1147.058837
-78.431373
166.666671
460.784332
970.588256
1725.490234
2215.686279
2156.862792
735.294128
205.882354
-78.431373
-303.921569
-666.666687
-1362.745117
-2058.823486
-1715.686279
-980.392150
-401.960784
-29.411766
196.078430
470.588256
1009.803955
1725.490234
2186.274658
2137.254882
617.647094
176.470596
-98.039215
-343.137268
-735.294128
-1323.529418
-1990.196166
-1568.627441
-921.568664
-333.333343
-29.411766
215.686279
460.784332
1058.823608
2156.862792
1745.098022
1127.451049
509.803924
117.647064
-127.450981
-392.156860
-1715.686279
-2147.058837
-2039.215698
-1441.176513
-784.313720
-264.705902
39.215686
274.509796
588.235290
1254.901977
1872.549072
2117.647216
1774.509887
1176.470581
58.823532
-156.862747
-441.176483
-1803.921630
-2254.902099
-2068.627441
-1313.725463
-656.862731
-205.882354
68.627449
803.921569
1500.000000
2029.411743
2274.509765
1764.705932
1039.215698
401.960784
-254.901962
-539.215698
-1215.686279
-1911.764770
-2166.666748
-1823.529418
-1235.294189
-568.627441
-137.254898
127.450981
911.764709
1529.411743
2088.235351
2107.843261
1500.000000
803.921569
274.509796
-323.529418
-686.274536
-1352.941162
-1882.353027
-2225.490234
-1745.098022
-1117.647094
-9.803922
186.274520
460.784332
1049.019653
1647.058837
2078.431396
2029.411743
558.823547
156.862747
-98.039215
-352.941192
-774.509826
-1509.803955
-2029.411743
-2098.039306
-1637.254882
-990.196105
9.803922
225.490203
490.196075
1068.627441
1823.529418
2254.902099
2078.431396
588.235290
117.647064
-117.647064
-382.352935
-794.117675
-1549.019653
-2147.058837
-1539.215698
-852.941162
-274.509796
29.411766
254.901962
539.215698
1107.843139
2117.647216
1735.294189
1117.647094
441.176483
68.627449
-147.058822
-411.764709
-872.549011
-1588.235351
-2049.019531
-1382.353027
-754.901977
-225.490203
39.215686
284.313720
647.058837
1284.313720
2254.902099
1823.529418
1137.254882
450.980407
78.431373
-156.862747
-421.568634
-1735.294189
-2235.294189
-2156.862792
-1392.156860
-647.058837
-205.882354
68.627449
774.509826
1450.980468
2019.607910
2235.294189
1715.686279
1029.411743
382.352935
19.607843
-215.686279
-490.196075
-1049.019653
-2176.470703
-1960.784301
-1352.941162
-568.627441
-156.862747
98.039215
882.352966
1558.823608
2117.647216
2205.882324
1558.823608
901.960815
303.921569
-313.725494
-676.470581
-1333.333374
-2058.823486
-2264.705810
-1647.058837
-1029.411743
-19.607843
205.882354
519.607849
1098.039184
1803.921630
2137.254882
1950.980468
1274.509887
627.450988
176.470596
-401.960784
-823.529418
-1578.431396
-2039.215698
-2156.862792
-1598.039184
-941.176513
39.215686
284.313720
568.627441
1215.686279
1774.509887
2117.647216
1823.529418
421.568634
68.627449
-166.666671
-431.372558
-960.784301
-1686.274536
-2117.647216
-1382.353027
-676.470581
-215.686279
68.627449
294.117645
647.058837
1323.529418
2225.490234
1754.901977
1078.431396
431.372558
39.215686
-196.078430
-450.980407
-1686.274536
-2147.058837
-2039.215698
-1401.960815
-676.470581
-196.078430
88.235298
754.901977
1372.549072
1980.392211
2186.274658
1617.647094
950.980407
343.137268
9.803922
-196.078430
-470.588256
-1068.627441
-1705.882324
-2088.235351
-2058.823486
-1411.764770
-715.686279
-205.882354
382.352935
843.137268
1568.627441
2137.254882
1500.000000
823.529418
284.313720
-9.803922
-245.098037
-529.411804
-1156.862792
-2225.490234
-1921.568603
-1245.098022
-549.019592
-137.254898
137.254898
980.392150
1676.470581
2186.274658
2205.882324
1519.607910
813.725524
274.509796
-343.137268
-725.490234
-1441.176513
-2078.431396
-2264.705810
-1627.451049
-980.392150
-392.156860
-58.823532
176.470596
441.176483
990.196105
1686.274536
2205.882324
2186.274658
1431.372558
715.686279
254.901962
-39.215686
-294.117645
-607.843139
-1284.313720
-2294.117675
-1774.509887
-1009.803955
-392.156860
-58.823532
166.666671
450.980407
1813.725463
2225.490234
2107.843261
1362.745117
627.450988
205.882354
-88.235298
-343.137268
-705.882385
-1421.568603
-2245.098144
-1715.686279
-1000.000000
-411.764709
-39.215686
186.274520
441.176483
1745.098022
2039.215698
1892.156860
1284.313720
627.450988
166.666671
-78.431373
-862.745117
-1578.431396
-2098.039306
-2156.862792
-1500.000000
-990.196105
-421.568634
274.509796
568.627441
1225.490234
1931.372558
2264.705810
1911.764770
1205.882324
519.607849
147.058822
-127.450981
-392.156860
-862.745117
-1588.235351
-2009.803955
-1411.764770
-774.509826
-274.509796
29.411766
284.313720
588.235290
1225.490234
2235.294189
1852.941162
1166.666748
500.000000
107.843139
-156.862747
-382.352935
-1558.823608
-2117.647216
-2156.862792
-1509.803955
-745.098083
-245.098037
68.627449
274.509796
578.431396
1225.490234
2107.843261
1735.294189
1068.627441
9.803922
-225.490203
-509.803924
-1098.039184
-1745.098022
-2058.823486
-2000.000000
-676.470581
-196.078430
88.235298
313.725494
676.470581
1284.313720
1931.372558
1529.411743
911.764709
352.941192
19.607843
-205.882354
-490.196075
-1039.215698
-2264.705810
-2009.803955
-1313.725463
-588.235290
-186.274520
88.235298
343.137268
1568.627441
2137.254882
2274.509765
1647.058837
931.372558
352.941192
9.803922
-588.235290
-1235.294189
-1774.509887
-2088.235351
-1892.156860
-1254.901977
-578.431396
156.862747
421.568634
950.980407
1529.411743
2098.039306
2137.254882
1549.019653
196.078430
-88.235298
-323.529418
-647.058837
-1284.313720
-1892.156860
-2205.882324
-990.196105
-372.549041
-39.215686
176.470596
480.392150
1019.607849
1715.686279
2029.411743
1313.725463
588.235290
176.470596
-107.843139
-352.941192
-784.313720
-1490.196166
-2029.411743
-2186.274658
-1656.862792
-1000.000000
-382.352935
-49.019607
196.078430
470.588256
1019.607849
1696.078491
2058.823486
1284.313720
627.450988
225.490203
-78.431373
-343.137268
-715.686279
-1421.568603
-2088.235351
-2205.882324
-1607.843139
-313.725494
0.000000
186.274520
450.980407
1000.000000
1696.078491
2205.882324
2215.686279
1509.803955
784.313720
274.509796
-29.411766
-284.313720
-588.235290
-1264.705932
-1980.392211
-2156.862792
-1725.490234
-441.176483
-68.627449
176.470596
460.784332
960.784301
1676.470581
2156.862792
1460.784301
754.901977
245.098037
-39.215686
-284.313720
-598.039245
-1235.294189
-2098.039306
-1696.078491
-1049.019653
-411.764709
-58.823532
176.470596
441.176483
1774.509887
2068.627441
1911.764770
1294.117675
607.843139
176.470596
-68.627449
-823.529418
-1549.019653
-2107.843261
-2117.647216
-1568.627441
-941.176513
-333.333343
274.509796
568.627441
1107.843139
1813.725463
2196.078369
1843.137329
431.372558
49.019607
-166.666671
-450.980407
-980.392150
-1686.274536
-2019.607910
-1294.117675
-666.666687
-205.882354
88.235298
303.921569
705.882385
1372.549072
2313.725585
1715.686279
1009.803955
392.156860
39.215686
-196.078430
-450.980407
-1754.901977
-2166.666748
-2058.823486
-1382.353027
-656.862731
-196.078430
98.039215
813.725524
1490.196166
2127.450927
1470.588256
813.725524
264.705902
-313.725494
-666.666687
-1294.117675
-2009.803955
-2274.509765
-1794.117675
-1078.431396
-9.803922
215.686279
490.196075
1019.607849
1754.901977
2156.862792
2019.607910
1392.156860
686.274536
196.078430
-98.039215
-323.529418
-676.470581
-1313.725463
-1990.196166
-2294.117675
-1794.117675
-990.196105
-431.372558
-68.627449
186.274520
441.176483
950.980407
1627.451049
2127.450927
2166.666748
1509.803955
813.725524
274.509796
-39.215686
-284.313720
-568.627441
-1196.078491
-2215.686279
-1784.313720
-1137.254882
-490.196075
-78.431373
147.058822
401.960784
1588.235351
2068.627441
2058.823486
1411.764770
725.490234
205.882354
-78.431373
-784.313720
-1470.588256
-1941.176513
-2215.686279
-1725.490234
-1029.411743
-392.156860
274.509796
578.431396
1225.490234
1931.372558
2264.705810
1931.372558
1225.490234
549.019592
117.647064
-137.254898
-411.764709
-882.352966
-1627.451049
-2078.431396
-2068.627441
-1529.411743
-911.764709
-313.725494
284.313720
607.843139
1196.078491
1862.745117
2186.274658
1803.921630
1166.666748
39.215686
-205.882354
-460.784332
-950.980407
-1607.843139
-2176.470703
-2127.450927
-1460.784301
-745.098083
-254.901962
343.137268
754.901977
1460.784301
2029.411743
2245.098144
1745.098022
1058.823608
-19.607843
-264.705902
-529.411804
-1137.254882
-1901.960815
-2264.705810
-1990.196166
-549.019592
-117.647064
147.058822
392.156860
833.333374
1519.607910
2078.431396
1441.176513
784.313720
254.901962
-49.019607
-264.705902
-617.647094
-1225.490234
-1794.117675
-2245.098144
-1882.353027
-450.980407
-88.235298
156.862747
382.352935
911.764709
1637.254882
2039.215698
1382.353027
676.470581
254.901962
-68.627449
-313.725494
-656.862731
-1362.745117
-2303.921630
-1745.098022
-970.588256
-411.764709
-68.627449
176.470596
450.980407
1686.274536
2166.666748
2039.215698
1421.568603
705.882385
186.274520
-68.627449
-745.098083
-1441.176513
-2049.019531
-2225.490234
-1686.274536
-950.980407
-372.549041
254.901962
578.431396
1225.490234
1931.372558
2274.509765
1911.764770
1245.098022
568.627441
127.450981
-137.254898
-421.568634
-911.764709
-1568.627441
-2156.862792
-2088.235351
-1500.000000
-892.156860
-352.941192
294.117645
637.254943
1303.921630
1960.784301
2245.098144
1794.117675
1058.823608
480.392150
127.450981
-127.450981
-1009.803955
-1725.490234
-2009.803955
-2058.823486
-1431.372558
-774.509826
-235.294128
323.529418
735.294128
1421.568603
2009.803955
2196.078369
1696.078491
1009.803955
-19.607843
-264.705902
-549.019592
-1088.235351
-1843.137329
-2284.313720
-1970.588256
-500.000000
-117.647064
127.450981
382.352935
784.313720
1421.568603
1960.784301
1362.745117
745.098083
264.705902
-29.411766
-274.509796
-627.450988
-1294.117675
-2303.921630
-1794.117675
-1049.019653
-421.568634
-68.627449
156.862747
411.764709
960.784301
1676.470581
2147.058837
2156.862792
1411.764770
774.509826
284.313720
-9.803922
-245.098037
-509.803924
-1068.627441
-2186.274658
-1862.745117
-431.372558
-88.235298
147.058822
401.960784
1784.313720
2186.274658
2000.000000
1490.196166
803.921569
225.490203
-49.019607
-647.058837
-1303.921630
-1931.372558
-2235.294189
-1774.509887
-1117.647094
-421.568634
225.490203
529.411804
1117.647094
1862.745117
2264.705810
2019.607910
1294.117675
578.431396
166.666671
-117.647064
-882.352966
-1656.862792
-2147.058837
-2117.647216
-784.313720
-274.509796
29.411766
284.313720
607.843139
1294.117675
2235.294189
1794.117675
1127.451049
450.980407
78.431373
-166.666671
-401.960784
-1607.843139
-2147.058837
-2088.235351
-1421.568603
-745.098083
-205.882354
68.627449
715.686279
1323.529418
2009.803955
2205.882324
1666.666748
980.392150
362.745117
-284.313720
-539.215698
-1137.254882
-1892.156860
-2264.705810
-1960.784301
-1176.470581
-78.431373
156.862747
441.176483
941.176513
1676.470581
2176.470703
2215.686279
725.490234
235.294128
-68.627449
-294.117645
-598.039245
-1245.098022
-1813.725463
-1637.254882
-1049.019653
-401.960784
-68.627449
176.470596
431.372558
911.764709
1666.666748
2029.411743
2078.431396
607.843139
196.078430
-78.431373
-323.529418
-715.686279
-1421.568603
-2000.000000
-1725.490234
-1078.431396
-411.764709
-68.627449
186.274520
460.784332
1000.000000
2156.862792
1911.764770
1274.509887
627.450988
205.882354
-68.627449
-323.529418
-1500.000000
-2000.000000
-2107.843261
-1725.490234
-1088.235351
-441.176483
-68.627449
166.666671
431.372558
931.372558
1607.843139
2117.647216
2127.450927
1480.392211
196.078430
-98.039215
-323.529418
-1509.803955
-1950.980468
-2147.058837
-1627.451049
-970.588256
-362.745117
-9.803922
558.823547
1186.274536
1852.941162
2088.235351
1852.941162
1235.294189
558.823547
-176.470596
-431.372558
-862.745117
-1549.019653
-2137.254882
-2176.470703
-1539.215698
-813.725524
-284.313720
19.607843
627.450988
1274.509887
1931.372558
2205.882324
1764.705932
1127.451049
460.784332
-235.294128
-529.411804
-1127.451049
-1862.745117
-2254.902099
-1931.372558
-1274.509887
-107.843139
117.647064
401.960784
901.960815
1627.451049
2156.862792
2147.058837
833.333374
264.705902
-29.411766
-264.705902
-568.627441
-1225.490234
-1970.588256
-2264.705810
-1774.509887
-1156.862792
-68.627449
166.666671
450.980407
980.392150
1666.666748
2215.686279
2176.470703
745.098083
245.098037
-68.627449
-284.313720
-627.450988
-1176.470581
-1911.764770
-1705.882324
-1049.019653
-401.960784
-49.019607
176.470596
431.372558
901.960815
2205.882324
2039.215698
1254.901977
627.450988
205.882354
-68.627449
-333.333343
-696.078430
-1372.549072
-2049.019531
-1735.294189
-1000.000000
-431.372558
-58.823532
186.274520
450.980407
970.588256
1578.431396
2137.254882
2147.058837
1470.588256
176.470596
-98.039215
-313.725494
-1558.823608
-1990.196166
-2147.058837
-1588.235351
-960.784301
-362.745117
-19.607843
568.627441
1107.843139
1813.725463
2166.666748
1852.941162
1225.490234
539.215698
117.647064
-137.254898
-411.764709
-843.137268
-2049.019531
-2147.058837
-1509.803955
-823.529418
-264.705902
29.411766
656.862731
1264.705932
1901.960815
2147.058837
1745.098022
1088.235351
441.176483
-235.294128
-500.000000
-1068.627441
-1676.470581
-2156.862792
-2078.431396
-1392.156860
-147.058822
127.450981
401.960784
813.725524
1519.607910
2107.843261
2284.313720
1637.254882
960.784301
362.745117
-274.509796
-598.039245
-1254.901977
-1970.588256
-2245.098144
-1833.333374
-1107.843139
-49.019607
156.862747
450.980407
990.196105
1676.470581
2176.470703
2225.490234
725.490234
205.882354
-58.823532
-284.313720
-607.843139
-1205.882324
-1970.588256
-1686.274536
-1039.215698
-372.549041
-58.823532
196.078430
450.980407
980.392150
2107.843261
1862.745117
1274.509887
617.647094
156.862747
-98.039215
-352.941192
-1558.823608
-2098.039306
-2117.647216
-1568.627441
-911.764709
-333.333343
-29.411766
558.823547
1196.078491
1774.509887
2166.666748
1823.529418
1196.078491
519.607849
107.843139
-137.254898
-392.156860
-872.549011
-1578.431396
-2176.470703
-2274.509765
-1568.627441
-784.313720
-274.509796
9.803922
588.235290
1176.470581
1901.960815
2205.882324
1872.549072
1215.686279
519.607849
-196.078430
-460.784332
-1000.000000
-1598.039184
-2127.450927
-2166.666748
-1519.607910
-205.882354
98.039215
313.725494
666.666687
1274.509887
1921.568603
2186.274658
921.568664
372.549041
39.215686
-196.078430
-470.588256
-1019.607849
-1764.705932
-2058.823486
-2009.803955
-1382.353027
-176.470596
107.843139
362.745117
754.901977
1362.745117
1941.176513
2196.078369
823.529418
274.509796
-9.803922
-225.490203
-490.196075
-1098.039184
-1843.137329
-1941.176513
-1215.686279
-500.000000
-176.470596
107.843139
343.137268
774.509826
1980.392211
2147.058837
1529.411743
843.137268
284.313720
-29.411766
-245.098037
-549.019592
-1186.274536
-1696.078491
-1715.686279
-1156.862792
-500.000000
-147.058822
107.843139
401.960784
852.941162
2127.450927
2205.882324
1568.627441
852.941162
284.313720
-29.411766
-264.705902
-1284.313720
-2000.000000
-2205.882324
-1833.333374
-1205.882324
-509.803924
-107.843139
490.196075
1068.627441
1813.725463
2215.686279
2019.607910
1264.705932
637.254943
186.274520
-88.235298
-333.333343
-1519.607910
-2137.254882
-2264.705810
-1558.823608
-931.372558
-343.137268
-9.803922
549.019592
1176.470581
1882.353027
2225.490234
1941.176513
1176.470581
539.215698
-156.862747
-450.980407
-960.784301
-1696.078491
-2078.431396
-2088.235351
-1490.196166
-205.882354
68.627449
303.921569
656.862731
1333.333374
1852.941162
2147.058837
921.568664
401.960784
58.823532
-186.274520
-450.980407
-970.588256
-1696.078491
-2029.411743
-1392.156860
-725.490234
-205.882354
88.235298
303.921569
686.274536
1901.960815
2205.882324
1637.254882
970.588256
372.549041
29.411766
-215.686279
-1196.078491
-1823.529418
-2117.647216
-1911.764770
-1294.117675
-607.843139
156.862747
421.568634
921.568664
1607.843139
2156.862792
2196.078369
1539.215698
205.882354
-88.235298
-303.921569
-666.666687
-1323.529418
-2029.411743
-2303.921630
-1019.607849
-343.137268
-19.607843
205.882354
480.392150
1058.823608
1823.529418
1960.784301
1313.725463
617.647094
137.254898
-107.843139
-372.549041
-774.509826
-2088.235351
-2186.274658
-1598.039184
-872.549011
-333.333343
-9.803922
245.098037
1196.078491
1784.313720
2147.058837
1813.725463
1186.274536
509.803924
117.647064
-441.176483
-921.568664
-1558.823608
-2127.450927
-2156.862792
-1490.196166
-754.901977
88.235298
313.725494
676.470581
1323.529418
1990.196166
2245.098144
1774.509887
1078.431396
421.568634
49.019607
-490.196075
-1019.607849
-1813.725463
-1852.941162
-1254.901977
-578.431396
-117.647064
147.058822
382.352935
833.333374
2009.803955
2107.843261
1441.176513
803.921569
264.705902
-29.411766
-254.901962
-1372.549072
-1892.156860
-2196.078369
-1764.705932
-1117.647094
-470.588256
-58.823532
490.196075
1019.607849
1813.725463
2215.686279
2039.215698
1392.156860
666.666687
-137.254898
-401.960784
-843.137268
-1598.039184
-2156.862792
-2137.254882
-1470.588256
-264.705902
29.411766
274.509796
627.450988
1264.705932
1960.784301
2274.509765
1921.568603
1196.078491
500.000000
147.058822
-98.039215
-362.745117
-696.078430
-1382.353027
-2000.000000
-2127.450927
-1656.862792
-343.137268
-9.803922
205.882354
490.196075
1049.019653
1813.725463
2205.882324
2058.823486
1372.549072
666.666687
215.686279
-392.156860
-833.333374
-1568.627441
-2117.647216
-2098.039306
-1519.607910
-892.156860
-343.137268
-9.803922
215.686279
509.803924
1058.823608
1833.333374
2147.058837
1931.372558
1294.117675
637.254943
176.470596
-382.352935
-852.941162
-1500.000000
-2127.450927
-2264.705810
-1598.039184
-921.568664
0.000000
205.882354
509.803924
1088.235351
1754.901977
2068.627441
1941.176513
539.215698
127.450981
-107.843139
-382.352935
-823.529418
-1450.980468
-1960.784301
-1480.392211
-813.725524
-274.509796
29.411766
254.901962
578.431396
1186.274536
2215.686279
1696.078491
1049.019653
450.980407
88.235298
-147.058822
-401.960784
-1715.686279
-2225.490234
-2176.470703
-1401.960815
-705.882385
-225.490203
49.019607
294.117645
578.431396
1284.313720
1950.980468
2264.705810
1872.549072
1186.274536
509.803924
127.450981
-137.254898
-401.960784
-1725.490234
-2245.098144
-2098.039306
-1382.353027
-735.294128
-225.490203
49.019607
686.274536
1411.764770
2068.627441
2274.509765
1784.313720
1039.215698
392.156860
-235.294128
-568.627441
-1176.470581
-1735.294189
-2156.862792
-1941.176513
-1333.333374
-617.647094
-147.058822
107.843139
901.960815
1607.843139
2147.058837
2215.686279
1568.627441
862.745117
294.117645
-333.333343
-696.078430
-1372.549072
-2058.823486
-2196.078369
-1607.843139
-1039.215698
-421.568634
-68.627449
186.274520
441.176483
901.960815
1627.451049
2049.019531
2009.803955
1411.764770
764.705871
254.901962
-333.333343
-696.078430
-1392.156860
-1892.156860
-2196.078369
-1705.882324
-1078.431396
-19.607843
205.882354
500.000000
1058.823608
1774.509887
2098.039306
1950.980468
607.843139
176.470596
-107.843139
-362.745117
-774.509826
-1500.000000
-2000.000000
-1627.451049
-931.372558
-352.941192
-49.019607
176.470596
480.392150
1009.803955
2245.098144
2078.431396
1372.549072
637.254943
186.274520
-117.647064
-352.941192
-1568.627441
-2176.470703
-2205.882324
-1431.372558
-852.941162
-284.313720
9.803922
607.843139
1235.294189
1970.588256
2254.902099
1911.764770
1235.294189
519.607849
137.254898
-117.647064
-401.960784
-862.745117
-1607.843139
-2147.058837
-2137.254882
-1470.588256
-862.745117
-313.725494
-9.803922
617.647094
1254.901977
1941.176513
2254.902099
1852.941162
1117.647094
490.196075
-186.274520
-470.588256
-1029.411743
-1637.254882
-2088.235351
-2117.647216
-1441.176513
-176.470596
88.235298
313.725494
696.078430
1382.353027
1872.549072
2078.431396
892.156860
352.941192
19.607843
-205.882354
-490.196075
-1039.215698
-1823.529418
-2019.607910
-1294.117675
-539.215698
-137.254898
107.843139
372.549041
813.725524
2196.078369
2225.490234
774.509826
245.098037
-58.823532
-705.882385
-1392.156860
-1843.137329
-2186.274658
-1764.705932
-1078.431396
-401.960784
245.098037
529.411804
1176.470581
1901.960815
2254.902099
1990.196166
1264.705932
98.039215
-156.862747
-401.960784
-882.352966
-1568.627441
-2186.274658
-2235.294189
-803.921569
-284.313720
39.215686
284.313720
598.039245
1235.294189
1941.176513
2264.705810
1872.549072
1176.470581
68.627449
-186.274520
-450.980407
-970.588256
-1637.254882
-2205.882324
-2186.274658
-715.686279
-215.686279
78.431373
313.725494
656.862731
1352.941162
1990.196166
1637.254882
960.784301
352.941192
29.411766
-196.078430
-490.196075
-1058.823608
-2245.098144
-1911.764770
-1274.509887
-607.843139
-166.666671
88.235298
333.333343
745.098083
1460.784301
2039.215698
1627.451049
950.980407
372.549041
9.803922
-186.274520
-460.784332
-990.196105
-1666.666748
-2019.607910
-2078.431396
-1450.980468
-754.901977
-215.686279
58.823532
274.509796
578.431396
1196.078491
1862.745117
2186.274658
990.196105
392.156860
68.627449
-186.274520
-441.176483
-1009.803955
-1696.078491
-2009.803955
-1284.313720
-647.058837
-186.274520
78.431373
333.333343
705.882385
2068.627441
2274.509765
1705.882324
1000.000000
401.960784
58.823532
-186.274520
-1107.843139
-1696.078491
-2166.666748
-2009.803955
-1343.137329
-578.431396
-156.862747
421.568634
921.568664
1647.058837
2166.666748
2225.490234
1460.784301
774.509826
323.529418
-9.803922
-245.098037
-1205.882324
-1862.745117
-2235.294189
-1872.549072
-1196.078491
-500.000000
-147.058822
421.568634
921.568664
1588.235351
2098.039306
2117.647216
1509.803955
794.117675
-78.431373
-333.333343
-647.058837
-1264.705932
-1980.392211
-2264.705810
-1784.313720
-352.941192
-39.215686
196.078430
480.392150
980.392150
1617.647094
2039.215698
1980.392211
1362.745117
686.274536
-137.254898
-362.745117
-803.921569
-2000.000000
-2284.313720
-1539.215698
-843.137268
-303.921569
9.803922
225.490203
1245.098022
1892.156860
2235.294189
1901.960815
1245.098022
578.431396
127.450981
-431.372558
-970.588256
-1696.078491
-2215.686279
-2176.470703
-1392.156860
-725.490234
58.823532
313.725494
705.882385
1392.156860
2058.823486
2294.117675
1784.313720
1058.823608
421.568634
49.019607
-166.666671
-431.372558
-950.980407
-1647.058837
-2176.470703
-2245.098144
-1509.803955
-754.901977
-264.705902
19.607843
264.705902
568.627441
1901.960815
2176.470703
1813.725463
1166.666748
509.803924
107.843139
-166.666671
-960.784301
-1627.451049
-2156.862792
-2107.843261
-1441.176513
-715.686279
-245.098037
372.549041
784.313720
1470.588256
2078.431396
2284.313720
1666.666748
931.372558
411.764709
29.411766
-205.882354
-450.980407
-1000.000000
-1568.627441
-2137.254882
-2137.254882
-1490.196166
-725.490234
-235.294128
352.941192
794.117675
1509.803955
2098.039306
2274.509765
1735.294189
980.392150
0.000000
-215.686279
-490.196075
-1049.019653
-1794.117675
-2078.431396
-1990.196166
-1352.941162
-656.862731
-186.274520
372.549041
823.529418
1490.196166
2049.019531
2235.294189
1647.058837
941.176513
-49.019607
-264.705902
-568.627441
-1156.862792
-1872.549072
-2254.902099
-1911.764770
-460.784332
-78.431373
186.274520
421.568634
901.960815
1529.411743
2107.843261
1323.529418
676.470581
215.686279
-68.627449
-303.921569
-686.274536
-1362.745117
-1862.745117
-2225.490234
-1803.921630
-352.941192
-49.019607
186.274520
470.588256
1009.803955
1588.235351
2107.843261
1225.490234
558.823547
147.058822
-107.843139
-362.745117
-735.294128
-1372.549072
-2068.627441
-1519.607910
-852.941162
-303.921569
9.803922
235.294128
539.215698
1901.960815
2205.882324
1931.372558
1264.705932
588.235290
107.843139
-137.254898
-931.372558
-1656.862792
-2186.274658
-2186.274658
-1392.156860
-754.901977
-254.901962
323.529418
754.901977
1431.372558
2000.000000
2284.313720
1823.529418
1127.451049
29.411766
-196.078430
-490.196075
-1039.215698
-1823.529418
-2245.098144
-2009.803955
-627.450988
-166.666671
107.843139
382.352935
833.333374
1539.215698
2107.843261
2254.902099
1617.647094
892.156860
372.549041
29.411766
-205.882354
-490.196075
-1019.607849
-1803.921630
-2215.686279
-1980.392211
-558.823547
-166.666671
98.039215
343.137268
774.509826
1490.196166
2068.627441
1588.235351
921.568664
323.529418
0.000000
-205.882354
-480.392150
-1009.803955
-2196.078369
-1990.196166
-1333.333374
-558.823547
-166.666671
98.039215
362.745117
745.098083
1431.372558
2058.823486
1607.843139
921.568664
333.333343
9.803922
-225.490203
-500.000000
-1000.000000
-1588.235351
-1980.392211
-1392.156860
-676.470581
-186.274520
58.823532
323.529418
1450.980468
1931.372558
2088.235351
1607.843139
950.980407
343.137268
19.607843
-578.431396
-1235.294189
-1862.745117
-2166.666748
-1862.745117
-1254.901977
-578.431396
166.666671
441.176483
1745.098022
2147.058837
2049.019531
1411.764770
137.254898
-117.647064
-392.156860
-784.313720
-1450.980468
-2068.627441
-2235.294189
-852.941162
-294.117645
0.000000
196.078430
480.392150
1009.803955
1764.705932
1872.549072
1235.294189
588.235290
156.862747
-127.450981
-382.352935
-754.901977
-1431.372558
-2078.431396
-2254.902099
-1676.470581
-931.372558
-362.745117
-9.803922
196.078430
460.784332
990.196105
1617.647094
1813.725463
1254.901977
598.039245
166.666671
-98.039215
-362.745117
-774.509826
-2117.647216
-2225.490234
-1509.803955
-882.352966
-343.137268
-19.607843
215.686279
1235.294189
1921.568603
2205.882324
1754.901977
1137.254882
519.607849
127.450981
-470.588256
-990.196105
-1705.882324
-2029.411743
-2088.235351
-1441.176513
-774.509826
78.431373
303.921569
647.058837
1362.745117
1872.549072
2147.058837
1676.470581
1039.215698
392.156860
58.823532
-176.470596
-441.176483
-931.372558
-1598.039184
-2039.215698
-2117.647216
-1500.000000
-803.921569
68.627449
313.725494
715.686279
1392.156860
1980.392211
2147.058837
1656.862792
392.156860
49.019607
-186.274520
-450.980407
-950.980407
-1637.254882
-2156.862792
-1362.745117
-705.882385
-196.078430
78.431373
313.725494
647.058837
1245.098022
2117.647216
1558.823608
931.372558
362.745117
39.215686
-205.882354
-500.000000
-1676.470581
-2186.274658
-2088.235351
-1392.156860
-686.274536
-215.686279
98.039215
774.509826
1441.176513
2039.215698
2235.294189
1647.058837
960.784301
343.137268
19.607843
-196.078430
-490.196075
-1862.745117
-2107.843261
-1901.960815
-1284.313720
-607.843139
-156.862747
98.039215
823.529418
1470.588256
2009.803955
2107.843261
1490.196166
843.137268
284.313720
-303.921569
-617.647094
-1225.490234
-1950.980468
-2235.294189
-1843.137329
-1117.647094
-29.411766
215.686279
490.196075
1068.627441
1833.333374
2264.705810
2078.431396
1274.509887
607.843139
186.274520
-78.431373
-352.941192
-745.098083
-1411.764770
-2049.019531
-2107.843261
-1666.666748
-1029.411743
-9.803922
186.274520
549.019592
1137.254882
1784.313720
2078.431396
1921.568603
529.411804
147.058822
-137.254898
-401.960784
-833.333374
-1539.215698
-2058.823486
-1490.196166
-764.705871
58.823532
323.529418
656.862731
1323.529418
2019.607910
2294.117675
1705.882324
421.568634
39.215686
-196.078430
-470.588256
-1676.470581
-2176.470703
-2039.215698
-1362.745117
-588.235290
-147.058822
411.764709
852.941162
1617.647094
2166.666748
2245.098144
1598.039184
901.960815
-68.627449
-294.117645
-607.843139
-1254.901977
-1970.588256
-2294.117675
-1794.117675
-1088.235351
-460.784332
-98.039215
147.058822
392.156860
901.960815
1656.862792
2186.274658
1460.784301
764.705871
264.705902
-49.019607
-284.313720
-578.431396
-1872.549072
-2205.882324
-1794.117675
-1098.039184
-431.372558
-78.431373
156.862747
1068.627441
1833.333374
2264.705810
2039.215698
1313.725463
607.843139
186.274520
-107.843139
-362.745117
-774.509826
-1480.392211
-1960.784301
-2156.862792
-1676.470581
-303.921569
-19.607843
235.294128
519.607849
1147.058837
1705.882324
1696.078491
1107.843139
480.392150
107.843139
-107.843139
-392.156860
-833.333374
-2176.470703
-2049.019531
-1392.156860
-754.901977
-254.901962
39.215686
264.705902
1411.764770
2029.411743
2225.490234
1705.882324
990.196105
431.372558
68.627449
-490.196075
-1058.823608
-1794.117675
-2264.705810
-2088.235351
-1284.313720
-627.450988
127.450981
372.549041
823.529418
1578.431396
2078.431396
2088.235351
1519.607910
264.705902
-29.411766
-264.705902
-598.039245
-1235.294189
-1892.156860
-2088.235351
-1843.137329
-1225.490234
-539.215698
166.666671
450.980407
931.372558
1539.215698
2127.450927
2107.843261
1480.392211
186.274520
-98.039215
-303.921569
-666.666687
-1274.509887
-1931.372558
-2245.098144
-1784.313720
-1068.627441
-382.352935
-49.019607
166.666671
460.784332
1029.411743
1774.509887
2049.019531
1372.549072
676.470581
186.274520
-88.235298
-333.333343
-696.078430
-1931.372558
-2196.078369
-1656.862792
-980.392150
-382.352935
-29.411766
215.686279
470.588256
1009.803955
1735.294189
1862.745117
1235.294189
549.019592
117.647064
-127.450981
-372.549041
-764.705871
-2058.823486
-2117.647216
-1529.411743
-852.941162
-294.117645
19.607843
254.901962
1284.313720
1784.313720
2137.254882
1754.901977
1117.647094
480.392150
98.039215
-470.588256
-1039.215698
-1607.843139
-2137.254882
-2107.843261
-1441.176513
-715.686279
-225.490203
58.823532
313.725494
1431.372558
2088.235351
2284.313720
1676.470581
1009.803955
392.156860
9.803922
-558.823547
-1147.058837
-1696.078491
-2186.274658
-1960.784301
-1343.137329
-607.843139
166.666671
421.568634
921.568664
1607.843139
2176.470703
2254.902099
1549.019653
882.352966
303.921569
-9.803922
-235.294128
-519.607849
-1039.215698
-1764.705932
-2196.078369
-1990.196166
-1303.921630
-549.019592
147.058822
411.764709
892.156860
1558.823608
2127.450927
2264.705810
1598.039184
215.686279
-68.627449
-303.921569
-617.647094
-1284.313720
-1960.784301
-2294.117675
-1078.431396
-421.568634
-39.215686
196.078430
441.176483
970.588256
1676.470581
1980.392211
1333.333374
676.470581
176.470596
-107.843139
-333.333343
-705.882385
-1352.941162
-2039.215698
-2294.117675
-950.980407
-352.941192
9.803922
196.078430
509.803924
1068.627441
1705.882324
1960.784301
1235.294189
578.431396
156.862747
-107.843139
-372.549041
-813.725524
-2196.078369
-2215.686279
-1441.176513
-843.137268
-294.117645
9.803922
215.686279
1264.705932
1950.980468
2254.902099
1911.764770
1245.098022
558.823547
127.450981
-450.980407
-911.764709
-1598.039184
-2127.450927
-2205.882324
-1549.019653
-794.117675
68.627449
294.117645
666.666687
1343.137329
2049.019531
2284.313720
1764.705932
1098.039184
470.588256
68.627449
-147.058822
-431.372558
-931.372558
-1647.058837
-2186.274658
-2215.686279
-1450.980468
-754.901977
68.627449
313.725494
686.274536
1343.137329
2019.607910
2264.705810
1813.725463
382.352935
39.215686
-225.490203
-450.980407
-950.980407
-1578.431396
-2156.862792
-1294.117675
-637.254943
-176.470596
78.431373
333.333343
666.666687
1313.725463
2127.450927
1500.000000
1019.607849
392.156860
19.607843
-215.686279
-460.784332
-1754.901977
-2196.078369
-1990.196166
-1333.333374
-549.019592
-156.862747
117.647064
372.549041
813.725524
1519.607910
2205.882324
1607.843139
901.960815
333.333343
0.000000
-205.882354
-470.588256
-1803.921630
-2245.098144
-2019.607910
-1343.137329
-558.823547
-166.666671
107.843139
941.176513
1656.862792
2147.058837
2117.647216
1411.764770
794.117675
254.901962
-333.333343
-735.294128
-1401.960815
-1892.156860
-2156.862792
-1745.098022
-1107.843139
-470.588256
-78.431373
176.470596
1049.019653
1764.705932
2166.666748
2029.411743
1372.549072
686.274536
196.078430
-362.745117
-823.529418
-1558.823608
-2127.450927
-2274.509765
-1578.431396
-833.333374
39.215686
284.313720
627.450988
1284.313720
1990.196166
2284.313720
1862.745117
470.588256
58.823532
-176.470596
-411.764709
-901.960815
-1588.235351
-2156.862792
-2196.078369
-1509.803955
-735.294128
-235.294128
39.215686
264.705902
578.431396
1254.901977
1941.176513
2284.313720
1872.549072
1215.686279
509.803924
117.647064
-137.254898
-411.764709
-892.156860
-1607.843139
-2225.490234
-1490.196166
-735.294128
-254.901962
39.215686
284.313720
598.039245
1941.176513
2264.705810
1852.941162
1127.451049
490.196075
68.627449
-147.058822
-411.764709
-882.352966
-1578.431396
-2107.843261
-1441.176513
-764.705871
-235.294128
58.823532
284.313720
627.450988
1911.764770
2098.039306
1637.254882
1019.607849
401.960784
39.215686
-196.078430
-1107.843139
-1803.921630
-2039.215698
-1960.784301
-1362.745117
-666.666687
-186.274520
392.156860
823.529418
1519.607910
2058.823486
2176.470703
1598.039184
911.764709
-58.823532
-294.117645
-617.647094
-1196.078491
-1931.372558
-2294.117675
-1872.549072
-441.176483
-58.823532
176.470596
421.568634
950.980407
1617.647094
2058.823486
1303.921630
647.058837
186.274520
-88.235298
-313.725494
-705.882385
-1392.156860
-1901.960815
-2176.470703
-1754.901977
-1098.039184
-431.372558
-68.627449
176.470596
411.764709
892.156860
1500.000000
2137.254882
1500.000000
813.725524
284.313720
-49.019607
-254.901962
-588.235290
-1215.686279
-2254.902099
-1705.882324
-1107.843139
-470.588256
-107.843139
147.058822
411.764709
1647.058837
2019.607910
2029.411743
1372.549072
705.882385
205.882354
-58.823532
-774.509826
-1500.000000
-2029.411743
-2294.117675
-1705.882324
-960.784301
-372.549041
225.490203
539.215698
1156.862792
1833.333374
2088.235351
1833.333374
1254.901977
578.431396
147.058822
-127.450981
-372.549041
-715.686279
-1362.745117
-2029.411743
-2254.902099
-1686.274536
-941.176513
-343.137268
274.509796
588.235290
1274.509887
1941.176513
2254.902099
1892.156860
1166.666748
78.431373
-166.666671
-431.372558
-960.784301
-1676.470581
-2205.882324
-2176.470703
-1411.764770
-745.098083
-254.901962
333.333343
735.294128
1441.176513
2019.607910
2196.078369
1637.254882
970.588256
29.411766
-215.686279
-480.392150
-1068.627441
-1862.745117
-2117.647216
-1911.764770
-519.607849
-127.450981
137.254898
372.549041
843.137268
1529.411743
2049.019531
1549.019653
833.333374
303.921569
-29.411766
-254.901962
-578.431396
-1225.490234
-1950.980468
-2205.882324
-1764.705932
-450.980407
-98.039215
147.058822
382.352935
862.745117
1578.431396
2137.254882
1470.588256
784.313720
225.490203
-49.019607
-274.509796
-607.843139
-1196.078491
-2098.039306
-1705.882324
-1078.431396
-450.980407
-68.627449
166.666671
401.960784
1774.509887
2068.627441
1941.176513
1333.333374
666.666687
186.274520
-88.235298
-313.725494
-696.078430
-1372.549072
-2235.294189
-1568.627441
-950.980407
-372.549041
-39.215686
196.078430
490.196075
1833.333374
2245.098144
2058.823486
1343.137329
637.254943
176.470596
-98.039215
-803.921569
-1509.803955
-2137.254882
-2274.509765
-1617.647094
-872.549011
-362.745117
303.921569
647.058837
1343.137329
1980.392211
2235.294189
1774.509887
1068.627441
470.588256
68.627449
-147.058822
-1019.607849
-1794.117675
-2127.450927
-1950.980468
-1382.353027
-725.490234
-225.490203
343.137268
735.294128
1343.137329
1990.196166
2186.274658
1637.254882
970.588256
-9.803922
-254.901962
-558.823547
-1196.078491
-1696.078491
-2186.274658
-1950.980468
-490.196075
-98.039215
137.254898
372.549041
872.549011
1607.843139
1980.392211
2039.215698
1519.607910
843.137268
284.313720
0.000000
-186.274520
-460.784332
-1803.921630
-2078.431396
-1960.784301
-1323.529418
-637.254943
-166.666671
98.039215
803.921569
1450.980468
2039.215698
2147.058837
1578.431396
892.156860
284.313720
-294.117645
-588.235290
-1205.882324
-1950.980468
-2274.509765
-1872.549072
-1156.862792
-460.784332
-98.039215
137.254898
411.764709
901.960815
1637.254882
2156.862792
2235.294189
1578.431396
813.725524
303.921569
-313.725494
-686.274536
-1382.353027
-2009.803955
-2107.843261
-1696.078491
-1068.627441
-29.411766
225.490203
480.392150
1039.215698
1666.666748
2156.862792
2000.000000
1264.705932
647.058837
186.274520
-78.431373
-333.333343
-705.882385
-1392.156860
-1941.176513
-2166.666748
-1725.490234
-1098.039184
-19.607843
215.686279
480.392150
1019.607849
1754.901977
2166.666748
2039.215698
549.019592
117.647064
