-656.862731
-1274.509887
-1813.725463
-2137.254882
-1784.313720
-1117.647094
-490.196075
-98.039215
147.058822
401.960784
794.117675
1470.588256
1950.980468
1333.333374
705.882385
235.294128
-49.019607
-294.117645
-637.254943
-1980.392211
-2225.490234
-1617.647094
-960.784301
-421.568634
-98.039215
147.058822
1019.607849
1745.098022
2176.470703
2088.235351
1362.745117
656.862731
196.078430
-88.235298
-323.529418
-637.254943
-1343.137329
-2009.803955
-2186.274658
-1588.235351
-970.588256
-411.764709
-68.627449
519.607849
1107.843139
1784.313720
1901.960815
1274.509887
598.039245
147.058822
-107.843139
-352.941192
-764.705871
-1990.196166
-2137.254882
-1529.411743
-872.549011
-313.725494
9.803922
245.098037
509.803924
1098.039184
1705.882324
1970.588256
1156.862792
500.000000
147.058822
-107.843139
-372.549041
-754.901977
-1421.568603
-2019.607910
-2215.686279
-1666.666748
-313.725494
19.607843
235.294128
519.607849
1068.627441
1774.509887
2147.058837
1117.647094
480.392150
98.039215
-137.254898
-421.568634
-862.745117
-1549.019653
-2098.039306
-1323.529418
-745.098083
-264.705902
39.215686
264.705902
588.235290
1225.490234
1892.156860
2205.882324
1127.451049
480.392150
88.235298
-147.058822
-401.960784
-784.313720
-1441.176513
-1980.392211
-1401.960815
-735.294128
-235.294128
29.411766
284.313720
578.431396
1990.196166
2117.647216
1568.627441
950.980407
431.372558
58.823532
-176.470596
-1029.411743
-1803.921630
-2176.470703
-2009.803955
-1264.705932
-617.647094
-196.078430
68.627449
323.529418
696.078430
1343.137329
1960.784301
2245.098144
1764.705932
362.745117
29.411766
-196.078430
-441.176483
-970.588256
-1578.431396
-2127.450927
-1274.509887
-627.450988
-186.274520
98.039215
323.529418
715.686279
1421.568603
2186.274658
1607.843139
882.352966
382.352935
29.411766
-205.882354
-480.392150
-1029.411743
-1794.117675
-2137.254882
-1254.901977
-519.607849
-147.058822
117.647064
382.352935
823.529418
1558.823608
2156.862792
1519.607910
862.745117
303.921569
-29.411766
-254.901962
-558.823547
-1852.941162
-2205.882324
-1774.509887
-1127.451049
-441.176483
-78.431373
147.058822
1009.803955
1735.294189
2156.862792
2058.823486
1352.941162
627.450988
215.686279
-88.235298
-303.921569
-666.666687
-1970.588256
-2196.078369
-1686.274536
-960.784301
-392.156860
-49.019607
196.078430
1029.411743
1764.705932
2117.647216
1921.568603
1284.313720
607.843139
156.862747
-401.960784
-843.137268
-1529.411743
-2137.254882
-2156.862792
-1480.392211
-764.705871
78.431373
294.117645
637.254943
1284.313720
1911.764770
2166.666748
1774.509887
1107.843139
470.588256
98.039215
-450.980407
-950.980407
-1558.823608
-2088.235351
-2098.039306
-1421.568603
-754.901977
68.627449
323.529418
676.470581
1274.509887
1843.137329
2117.647216
1637.254882
294.117645
0.000000
-196.078430
-441.176483
-921.568664
-1558.823608
-2058.823486
-1254.901977
-627.450988
-186.274520
68.627449
303.921569
705.882385
1392.156860
2205.882324
1637.254882
950.980407
382.352935
39.215686
-196.078430
-431.372558
-1666.666748
-2088.235351
-1921.568603
-1303.921630
-637.254943
-166.666671
78.431373
323.529418
725.490234
1372.549072
2019.607910
1460.784301
862.745117
303.921569
9.803922
-235.294128
-470.588256
-1058.823608
-1794.117675
-2127.450927
-1862.745117
-1264.705932
-627.450988
-176.470596
78.431373
823.529418
1529.411743
2009.803955
2058.823486
1450.980468
862.745117
323.529418
-274.509796
-617.647094
-1264.705932
-1843.137329
-2078.431396
-1774.509887
-1147.058837
-68.627449
166.666671
431.372558
921.568664
1637.254882
2058.823486
1970.588256
1294.117675
705.882385
225.490203
-49.019607
-294.117645
-627.450988
-1254.901977
-1911.764770
-2039.215698
-1745.098022
-1147.058837
-58.823532
156.862747
421.568634
931.372558
1617.647094
1970.588256
1970.588256
627.450988
205.882354
-58.823532
-303.921569
-686.274536
-1362.745117
-2009.803955
-1686.274536
-901.960815
-382.352935
-58.823532
205.882354
460.784332
1029.411743
2156.862792
1921.568603
1294.117675
607.843139
156.862747
-137.254898
-372.549041
-803.921569
-1529.411743
-2058.823486
-2029.411743
-1509.803955
-901.960815
-333.333343
294.117645
568.627441
1127.451049
1813.725463
2127.450927
1754.901977
392.156860
58.823532
-166.666671
-441.176483
-990.196105
-1686.274536
-1990.196166
-1225.490234
-627.450988
-205.882354
58.823532
303.921569
676.470581
1343.137329
2186.274658
1686.274536
1019.607849
392.156860
29.411766
-186.274520
-470.588256
-1000.000000
-1539.215698
-2117.647216
-2098.039306
-1450.980468
-774.509826
-254.901962
323.529418
725.490234
1401.960815
1960.784301
2147.058837
1666.666748
1009.803955
-9.803922
-245.098037
-519.607849
-1098.039184
-1637.254882
-2098.039306
-1931.372558
-519.607849
-117.647064
127.450981
352.941192
774.509826
1392.156860
1921.568603
2088.235351
1539.215698
901.960815
303.921569
0.000000
-196.078430
-460.784332
-1656.862792
-2107.843261
-1950.980468
-1313.725463
-637.254943
-156.862747
107.843139
382.352935
754.901977
1441.176513
2039.215698
2205.882324
1578.431396
892.156860
401.960784
58.823532
-196.078430
-441.176483
-1745.098022
-2127.450927
-1960.784301
-1313.725463
-627.450988
-166.666671
98.039215
323.529418
705.882385
1372.549072
1941.176513
2166.666748
1676.470581
1019.607849
392.156860
39.215686
-176.470596
-441.176483
-941.176513
-1578.431396
-2147.058837
-2117.647216
-627.450988
-176.470596
68.627449
303.921569
666.666687
1333.333374
1784.313720
1539.215698
872.549011
362.745117
19.607843
-215.686279
-470.588256
-1039.215698
-2156.862792
-1941.176513
-1235.294189
-529.411804
-137.254898
98.039215
323.529418
1509.803955
2068.627441
2156.862792
1529.411743
872.549011
313.725494
-19.607843
-578.431396
-1147.058837
-1852.941162
-2215.686279
-1823.529418
-1117.647094
-68.627449
166.666671
441.176483
1000.000000
1539.215698
2078.431396
2088.235351
617.647094
176.470596
-88.235298
-323.529418
-725.490234
-1392.156860
-1901.960815
-1558.823608
-892.156860
-362.745117
-39.215686
186.274520
480.392150
1058.823608
2156.862792
1950.980468
1294.117675
637.254943
147.058822
-98.039215
-352.941192
-1441.176513
-2049.019531
-2176.470703
-1558.823608
-911.764709
-333.333343
0.000000
549.019592
1127.451049
1843.137329
2176.470703
1931.372558
1245.098022
598.039245
176.470596
-117.647064
-372.549041
-784.313720
-2058.823486
-2176.470703
-1558.823608
-872.549011
-343.137268
-9.803922
205.882354
490.196075
1000.000000
1754.901977
1960.784301
1313.725463
607.843139
176.470596
-127.450981
-362.745117
-774.509826
-1480.392211
-2098.039306
-2137.254882
-1480.392211
-892.156860
-323.529418
0.000000
176.470596
1078.431396
1627.451049
2019.607910
1911.764770
1264.705932
627.450988
176.470596
-88.235298
-333.333343
-715.686279
-1372.549072
-1931.372558
-2049.019531
-1666.666748
-333.333343
-9.803922
205.882354
470.588256
1039.215698
1754.901977
2147.058837
1313.725463
617.647094
156.862747
-107.843139
-372.549041
-745.098083
-1450.980468
-2127.450927
-1558.823608
-911.764709
-343.137268
-9.803922
196.078430
490.196075
1078.431396
1666.666748
2029.411743
1107.843139
500.000000
147.058822
-98.039215
-323.529418
-705.882385
-1382.353027
-2117.647216
-1549.019653
-901.960815
-333.333343
-9.803922
186.274520
480.392150
1882.353027
2176.470703
1911.764770
1245.098022
588.235290
147.058822
-117.647064
-862.745117
-1558.823608
-2137.254882
-2205.882324
-1470.588256
-764.705871
-284.313720
9.803922
225.490203
509.803924
1049.019653
1705.882324
2098.039306
1941.176513
1303.921630
637.254943
166.666671
-117.647064
-333.333343
-745.098083
-1392.156860
-2000.000000
-1509.803955
-911.764709
-352.941192
-9.803922
186.274520
450.980407
960.784301
1980.392211
1921.568603
1284.313720
637.254943
186.274520
-88.235298
-333.333343
-1539.215698
-1970.588256
-2117.647216
-1539.215698
-911.764709
-343.137268
-19.607843
568.627441
1196.078491
1735.294189
2058.823486
1745.098022
1166.666748
500.000000
156.862747
-107.843139
-372.549041
-813.725524
-1509.803955
-2039.215698
-2049.019531
-1549.019653
-911.764709
-343.137268
-9.803922
578.431396
1186.274536
1901.960815
2196.078369
1882.353027
1176.470581
539.215698
-156.862747
-450.980407
-960.784301
-1666.666748
-2137.254882
-2029.411743
-1411.764770
-186.274520
78.431373
313.725494
686.274536
1343.137329
1950.980468
2137.254882
1009.803955
401.960784
29.411766
-176.470596
-431.372558
-1009.803955
-1725.490234
-1960.784301
-1323.529418
-598.039245
-176.470596
98.039215
313.725494
656.862731
1333.333374
1960.784301
2176.470703
1696.078491
1039.215698
401.960784
39.215686
-186.274520
-441.176483
-921.568664
-1549.019653
-2088.235351
-2127.450927
-1460.784301
-764.705871
88.235298
313.725494
656.862731
1284.313720
1921.568603
2147.058837
1686.274536
1029.411743
401.960784
49.019607
-176.470596
-431.372558
-892.156860
-1568.627441
-2019.607910
-2098.039306
-1441.176513
-774.509826
88.235298
294.117645
637.254943
1313.725463
1813.725463
2107.843261
1676.470581
323.529418
0.000000
-186.274520
-431.372558
-901.960815
-1509.803955
-2088.235351
-1313.725463
-656.862731
-196.078430
78.431373
303.921569
676.470581
1343.137329
2196.078369
1627.451049
921.568664
362.745117
29.411766
-186.274520
-441.176483
-1745.098022
-2127.450927
-1980.392211
-1303.921630
-558.823547
-147.058822
98.039215
813.725524
1500.000000
1872.549072
2078.431396
1549.019653
911.764709
333.333343
19.607843
-215.686279
-509.803924
-1862.745117
-2205.882324
-1813.725463
-1166.666748
-539.215698
-127.450981
107.843139
862.745117
1539.215698
1980.392211
2068.627441
1431.372558
774.509826
254.901962
-313.725494
-666.666687
-1264.705932
-1950.980468
-2196.078369
-1745.098022
-1058.823608
-421.568634
-58.823532
196.078430
1088.235351
1803.921630
2176.470703
1970.588256
1303.921630
637.254943
147.058822
-401.960784
-843.137268
-1558.823608
-2127.450927
-2186.274658
-1460.784301
-784.313720
-294.117645
9.803922
225.490203
509.803924
1029.411743
1725.490234
2127.450927
1960.784301
1333.333374
647.058837
176.470596
-392.156860
-774.509826
-1401.960815
-2029.411743
-2196.078369
-1578.431396
-872.549011
39.215686
264.705902
549.019592
1098.039184
1774.509887
2107.843261
1794.117675
401.960784
78.431373
-147.058822
-431.372558
-941.176513
-1647.058837
-2039.215698
-1323.529418
-666.666687
-215.686279
68.627449
294.117645
637.254943
1323.529418
2205.882324
1715.686279
1019.607849
401.960784
49.019607
-176.470596
-431.372558
-1617.647094
-2068.627441
-1960.784301
-1352.941162
-666.666687
-196.078430
117.647064
303.921569
705.882385
1372.549072
2088.235351
1529.411743
921.568664
343.137268
19.607843
-205.882354
-509.803924
-1892.156860
-2117.647216
-1745.098022
-1176.470581
-549.019592
-156.862747
107.843139
882.352966
1529.411743
1960.784301
1245.098022
647.058837
225.490203
-68.627449
-303.921569
-617.647094
-1323.529418
-1970.588256
-2166.666748
-1617.647094
-401.960784
-58.823532
186.274520
450.980407
990.196105
1627.451049
2088.235351
2117.647216
1431.372558
745.098083
-88.235298
-323.529418
-686.274536
-1362.745117
-1990.196166
-2235.294189
-1676.470581
-911.764709
-382.352935
-49.019607
196.078430
441.176483
960.784301
1607.843139
2107.843261
1313.725463
647.058837
166.666671
-98.039215
-323.529418
-686.274536
-1313.725463
-2098.039306
-1509.803955
-921.568664
-352.941192
-19.607843
205.882354
490.196075
1843.137329
2196.078369
1921.568603
1225.490234
549.019592
147.058822
-117.647064
-852.941162
-1558.823608
-2147.058837
-2205.882324
-1401.960815
-794.117675
-284.313720
9.803922
225.490203
500.000000
1882.353027
2186.274658
1862.745117
1147.058837
519.607849
147.058822
-117.647064
-882.352966
-1617.647094
-2156.862792
-2098.039306
-1382.353027
-754.901977
-274.509796
294.117645
666.666687
1352.941162
1892.156860
2058.823486
1617.647094
1019.607849
401.960784
49.019607
-176.470596
-421.568634
-921.568664
-1647.058837
-2156.862792
-1431.372558
-696.078430
-254.901962
343.137268
745.098083
1431.372558
2009.803955
2166.666748
1696.078491
1029.411743
-19.607843
-245.098037
-519.607849
-1117.647094
-1843.137329
-2196.078369
-1872.549072
-519.607849
-127.450981
137.254898
401.960784
862.745117
1558.823608
2098.039306
1421.568603
764.705871
254.901962
-49.019607
-274.509796
-598.039245
-1245.098022
-1813.725463
-2078.431396
-1784.313720
-441.176483
-88.235298
147.058822
411.764709
931.372558
1647.058837
2098.039306
2098.039306
1382.353027
754.901977
303.921569
-39.215686
-264.705902
-558.823547
-1196.078491
-2225.490234
-1823.529418
-1107.843139
-441.176483
-78.431373
156.862747
421.568634
1696.078491
2137.254882
2117.647216
1411.764770
725.490234
254.901962
-78.431373
-696.078430
-1343.137329
-1990.196166
-2225.490234
-1637.254882
-901.960815
-401.960784
-58.823532
176.470596
441.176483
1735.294189
2137.254882
1950.980468
1333.333374
637.254943
176.470596
-107.843139
-784.313720
-1450.980468
-2049.019531
-2166.666748
-1578.431396
-892.156860
-343.137268
274.509796
607.843139
1294.117675
1931.372558
2245.098144
1813.725463
1127.451049
460.784332
78.431373
-137.254898
-421.568634
-882.352966
-1607.843139
-2156.862792
-2098.039306
-1352.941162
-774.509826
49.019607
294.117645
627.450988
1274.509887
1941.176513
2225.490234
1774.509887
411.764709
49.019607
-176.470596
-421.568634
-911.764709
-1500.000000
-2147.058837
-1441.176513
-676.470581
-235.294128
49.019607
274.509796
598.039245
1215.686279
2127.450927
1637.254882
1029.411743
421.568634
49.019607
-186.274520
-421.568634
-1764.705932
-2019.607910
-1950.980468
-1352.941162
-656.862731
-186.274520
78.431373
764.705871
1490.196166
1911.764770
2000.000000
1666.666748
990.196105
421.568634
-254.901962
-549.019592
-1176.470581
-1882.353027
-2205.882324
-1774.509887
-1147.058837
-539.215698
-137.254898
117.647064
911.764709
1637.254882
2039.215698
1960.784301
1352.941162
735.294128
254.901962
-343.137268
-715.686279
-1372.549072
-1823.529418
-2137.254882
-1696.078491
-1058.823608
-19.607843
205.882354
470.588256
1039.215698
1745.098022
2117.647216
1921.568603
1313.725463
627.450988
156.862747
-372.549041
-794.117675
-1450.980468
-2029.411743
-2166.666748
-1558.823608
-882.352966
29.411766
274.509796
568.627441
1137.254882
1794.117675
2137.254882
1754.901977
1156.862792
509.803924
127.450981
-421.568634
-941.176513
-1588.235351
-2107.843261
-1313.725463
-637.254943
-186.274520
78.431373
323.529418
656.862731
1284.313720
1794.117675
2107.843261
1666.666748
313.725494
9.803922
-196.078430
-1088.235351
-1813.725463
-2196.078369
-1931.372558
-1215.686279
-529.411804
-147.058822
431.372558
941.176513
1617.647094
2137.254882
2166.666748
1411.764770
754.901977
-68.627449
-303.921569
-617.647094
-1313.725463
-1980.392211
-2186.274658
-1598.039184
-343.137268
-39.215686
205.882354
500.000000
921.568664
1509.803955
2009.803955
1235.294189
607.843139
176.470596
-78.431373
-333.333343
-725.490234
-1392.156860
-2225.490234
-1686.274536
-882.352966
-352.941192
-29.411766
205.882354
490.196075
1794.117675
2166.666748
1941.176513
1284.313720
607.843139
147.058822
-98.039215
-794.117675
-1470.588256
-2058.823486
-2186.274658
-1529.411743
-813.725524
39.215686
284.313720
617.647094
1225.490234
1862.745117
2156.862792
1774.509887
372.549041
58.823532
-166.666671
-441.176483
-960.784301
-1637.254882
-1980.392211
-1245.098022
-617.647094
-186.274520
68.627449
303.921569
686.274536
1352.941162
2215.686279
1676.470581
1019.607849
372.549041
29.411766
-196.078430
-460.784332
-1715.686279
-2127.450927
-1921.568603
-1323.529418
-637.254943
-166.666671
98.039215
833.333374
1480.392211
2039.215698
2117.647216
1490.196166
852.941162
313.725494
-303.921569
-637.254943
-1274.509887
-1950.980468
-2264.705810
-1764.705932
-1019.607849
-421.568634
-78.431373
127.450981
441.176483
950.980407
1617.647094
2107.843261
2147.058837
1450.980468
833.333374
294.117645
-343.137268
-735.294128
-1431.372558
-1941.176513
-2078.431396
-1647.058837
-1029.411743
-9.803922
205.882354
490.196075
1117.647094
1735.294189
2019.607910
1862.745117
519.607849
137.254898
-117.647064
-392.156860
-823.529418
-1549.019653
-2058.823486
-1470.588256
-764.705871
-274.509796
9.803922
235.294128
519.607849
1039.215698
2009.803955
1745.098022
1117.647094
490.196075
107.843139
-137.254898
-372.549041
-1676.470581
-2000.000000
-2156.862792
-1333.333374
-745.098083
-274.509796
29.411766
264.705902
578.431396
1166.666748
2176.470703
1764.705932
1127.451049
490.196075
88.235298
-147.058822
-401.960784
-1578.431396
-2088.235351
-2088.235351
-1431.372558
-745.098083
-245.098037
58.823532
666.666687
1274.509887
1882.353027
2107.843261
1656.862792
1000.000000
382.352935
49.019607
-156.862747
-441.176483
-1715.686279
-2186.274658
-2078.431396
-1264.705932
-607.843139
-186.274520
88.235298
794.117675
1509.803955
2088.235351
2186.274658
1588.235351
862.745117
333.333343
-274.509796
-598.039245
-1254.901977
-1882.353027
-2078.431396
-1725.490234
-1127.451049
-78.431373
186.274520
421.568634
931.372558
1627.451049
2098.039306
2098.039306
1392.156860
745.098083
274.509796
-333.333343
-696.078430
-1343.137329
-1990.196166
-2117.647216
-1627.451049
-1000.000000
-29.411766
196.078430
470.588256
1029.411743
1735.294189
2196.078369
2039.215698
617.647094
156.862747
-98.039215
-333.333343
-705.882385
-1313.725463
-1960.784301
-1519.607910
-892.156860
-323.529418
0.000000
166.666671
421.568634
950.980407
2156.862792
1921.568603
607.843139
147.058822
-117.647064
-352.941192
-1558.823608
-2127.450927
-2176.470703
-1480.392211
-754.901977
-274.509796
0.000000
607.843139
1215.686279
1872.549072
2117.647216
1666.666748
1117.647094
480.392150
127.450981
-127.450981
-411.764709
-1686.274536
-2107.843261
-1980.392211
-637.254943
-205.882354
78.431373
323.529418
696.078430
1352.941162
1980.392211
1676.470581
1009.803955
392.156860
49.019607
-176.470596
-431.372558
-960.784301
-2078.431396
-1882.353027
-1284.313720
-637.254943
-176.470596
78.431373
303.921569
1500.000000
2029.411743
2235.294189
1656.862792
911.764709
372.549041
39.215686
-519.607849
-1078.431396
-1803.921630
-2166.666748
-1941.176513
-1215.686279
-539.215698
147.058822
431.372558
950.980407
1607.843139
2117.647216
2156.862792
1480.392211
225.490203
-68.627449
-284.313720
-607.843139
-1284.313720
-1941.176513
-2254.902099
-1019.607849
-401.960784
-68.627449
186.274520
450.980407
931.372558
1549.019653
1862.745117
1225.490234
588.235290
176.470596
-107.843139
-333.333343
-735.294128
-1401.960815
-1843.137329
-2137.254882
-892.156860
-333.333343
-29.411766
225.490203
500.000000
1000.000000
1529.411743
1843.137329
1235.294189
588.235290
166.666671
-107.843139
-333.333343
-686.274536
-2029.411743
-2058.823486
-1509.803955
-882.352966
-323.529418
0.000000
176.470596
1029.411743
1676.470581
2078.431396
1901.960815
1264.705932
588.235290
156.862747
-117.647064
-343.137268
-705.882385
-1960.784301
-2078.431396
-1529.411743
-882.352966
-323.529418
0.000000
215.686279
1107.843139
1794.117675
2137.254882
1911.764770
1284.313720
607.843139
147.058822
-421.568634
-892.156860
-1588.235351
-2127.450927
-2186.274658
-1470.588256
-745.098083
58.823532
294.117645
627.450988
1245.098022
1852.941162
2166.666748
1754.901977
392.156860
39.215686
-176.470596
-460.784332
-1000.000000
-1696.078491
-2088.235351
-1323.529418
-617.647094
-205.882354
58.823532
313.725494
656.862731
1343.137329
2166.666748
1666.666748
1000.000000
372.549041
58.823532
-176.470596
-450.980407
-1745.098022
-2186.274658
-2019.607910
-1254.901977
-617.647094
-186.274520
58.823532
323.529418
686.274536
1382.353027
2186.274658
1656.862792
980.392150
362.745117
39.215686
-186.274520
-450.980407
-1803.921630
-2029.411743
-1872.549072
-1264.705932
-627.450988
-176.470596
88.235298
843.137268
1558.823608
2049.019531
2058.823486
1411.764770
823.529418
323.529418
-264.705902
-637.254943
-1284.313720
-1862.745117
-2078.431396
-1745.098022
-1147.058837
-509.803924
-107.843139
156.862747
990.196105
1598.039184
2068.627441
2039.215698
1392.156860
715.686279
215.686279
-352.941192
-725.490234
-1421.568603
-2009.803955
-2186.274658
-1656.862792
-970.588256
0.000000
205.882354
480.392150
1019.607849
1735.294189
2176.470703
2078.431396
598.039245
156.862747
-107.843139
-343.137268
-725.490234
-1382.353027
-1990.196166
-2225.490234
-1637.254882
-911.764709
9.803922
225.490203
519.607849
1127.451049
1754.901977
2058.823486
1823.529418
509.803924
117.647064
-117.647064
-392.156860
-833.333374
-1558.823608
-2078.431396
-1450.980468
-764.705871
-274.509796
9.803922
225.490203
480.392150
1068.627441
2078.431396
1666.666748
1098.039184
480.392150
98.039215
-117.647064
-392.156860
-852.941162
-1588.235351
-1990.196166
-2019.607910
-735.294128
-254.901962
29.411766
284.313720
598.039245
1245.098022
1921.568603
2215.686279
1852.941162
1098.039184
480.392150
117.647064
-127.450981
-392.156860
-852.941162
-1568.627441
-2019.607910
-2019.607910
-764.705871
-284.313720
19.607843
235.294128
558.823547
1186.274536
1862.745117
1725.490234
1127.451049
460.784332
88.235298
-137.254898
-392.156860
-794.117675
-2088.235351
-1980.392211
-1392.156860
-735.294128
-254.901962
58.823532
294.117645
588.235290
1166.666748
1784.313720
2117.647216
1735.294189
1107.843139
460.784332
98.039215
-137.254898
-382.352935
-813.725524
-2068.627441
-1980.392211
-1382.353027
-745.098083
-235.294128
49.019607
264.705902
1401.960815
1990.196166
2166.666748
1588.235351
950.980407
401.960784
78.431373
-166.666671
-431.372558
-931.372558
-1656.862792
-2068.627441
-1411.764770
-745.098083
-225.490203
58.823532
294.117645
1303.921630
1892.156860
2088.235351
1607.843139
980.392150
362.745117
49.019607
-539.215698
-1147.058837
-1813.725463
-2019.607910
-1872.549072
-1274.509887
-607.843139
127.450981
382.352935
774.509826
1490.196166
1931.372558
2088.235351
1500.000000
245.098037
-39.215686
-284.313720
-578.431396
-1225.490234
-1950.980468
-2156.862792
-1088.235351
-411.764709
-68.627449
147.058822
421.568634
911.764709
1568.627441
2000.000000
1303.921630
715.686279
225.490203
-29.411766
-274.509796
-578.431396
-1901.960815
-2225.490234
-1784.313720
-1058.823608
-392.156860
-78.431373
156.862747
1019.607849
1754.901977
2186.274658
2049.019531
1362.745117
637.254943
186.274520
-88.235298
-313.725494
-656.862731
-1980.392211
-2196.078369
-1656.862792
-960.784301
-392.156860
-49.019607
196.078430
1049.019653
1705.882324
2088.235351
1882.353027
1254.901977
568.627441
137.254898
-392.156860
-823.529418
-1519.607910
-2049.019531
-2166.666748
-1519.607910
-833.333374
58.823532
294.117645
588.235290
1176.470581
1833.333374
2156.862792
1754.901977
1107.843139
460.784332
58.823532
-166.666671
-411.764709
-843.137268
-1490.196166
-2039.215698
-2156.862792
-1509.803955
-784.313720
78.431373
284.313720
617.647094
1225.490234
1823.529418
2156.862792
1754.901977
362.745117
49.019607
-205.882354
-460.784332
-1019.607849
-1568.627441
-2107.843261
-2058.823486
-1401.960815
-715.686279
98.039215
333.333343
725.490234
1313.725463
1941.176513
2137.254882
1627.451049
284.313720
-29.411766
-235.294128
-519.607849
-1147.058837
-1676.470581
-2098.039306
-1107.843139
-500.000000
-127.450981
107.843139
382.352935
843.137268
1568.627441
2147.058837
1460.784301
784.313720
274.509796
-49.019607
-254.901962
-539.215698
-1186.274536
-1911.764770
-2215.686279
-1127.451049
-450.980407
-107.843139
176.470596
421.568634
931.372558
1607.843139
2019.607910
1352.941162
705.882385
196.078430
-58.823532
-274.509796
-637.254943
-2019.607910
-2166.666748
-1558.823608
-980.392150
-392.156860
-58.823532
166.666671
1078.431396
1803.921630
2156.862792
1921.568603
1245.098022
588.235290
176.470596
-88.235298
-313.725494
-696.078430
-1392.156860
-2186.274658
-1656.862792
-970.588256
-392.156860
-39.215686
196.078430
1078.431396
1764.705932
2107.843261
1872.549072
1254.901977
588.235290
156.862747
-401.960784
-852.941162
-1509.803955
-2058.823486
-2166.666748
-1509.803955
-813.725524
68.627449
294.117645
598.039245
1225.490234
1843.137329
2176.470703
1735.294189
382.352935
29.411766
-176.470596
-480.392150
-1039.215698
-1558.823608
-2098.039306
-1235.294189
-607.843139
-186.274520
78.431373
323.529418
725.490234
1421.568603
2196.078369
1627.451049
931.372558
343.137268
19.607843
-205.882354
-460.784332
-1676.470581
-2117.647216
-1911.764770
-1274.509887
-578.431396
-147.058822
117.647064
372.549041
784.313720
1519.607910
2088.235351
1500.000000
833.333374
313.725494
9.803922
-215.686279
-470.588256
-1745.098022
-2107.843261
-1901.960815
-1274.509887
-578.431396
-147.058822
117.647064
892.156860
1568.627441
2137.254882
2147.058837
1490.196166
823.529418
274.509796
-294.117645
-656.862731
-1352.941162
-2019.607910
-2205.882324
-1598.039184
-960.784301
-39.215686
196.078430
480.392150
1019.607849
1705.882324
2147.058837
2049.019531
1372.549072
696.078430
215.686279
-343.137268
-754.901977
-1441.176513
-2039.215698
-2215.686279
-1588.235351
-823.529418
-323.529418
-19.607843
215.686279
509.803924
1107.843139
1813.725463
2127.450927
1852.941162
529.411804
137.254898
-127.450981
-392.156860
-843.137268
-1549.019653
-2107.843261
-2078.431396
-1450.980468
-862.745117
39.215686
284.313720
617.647094
1235.294189
1941.176513
2147.058837
1774.509887
470.588256
78.431373
-156.862747
-411.764709
-892.156860
-1568.627441
-2156.862792
-1401.960815
-705.882385
-225.490203
58.823532
294.117645
617.647094
1186.274536
2029.411743
1578.431396
941.176513
362.745117
29.411766
-166.666671
-460.784332
-1000.000000
-1696.078491
-2107.843261
-1333.333374
-607.843139
-215.686279
68.627449
323.529418
686.274536
1362.745117
2176.470703
1627.451049
960.784301
362.745117
19.607843
-196.078430
-431.372558
-1803.921630
-2009.803955
-1872.549072
-1274.509887
-617.647094
-176.470596
107.843139
803.921569
1421.568603
2000.000000
2156.862792
1470.588256
843.137268
313.725494
-294.117645
-647.058837
-1274.509887
-1901.960815
-2039.215698
-1705.882324
-1117.647094
-68.627449
166.666671
401.960784
960.784301
1676.470581
2127.450927
2039.215698
686.274536
205.882354
-68.627449
-303.921569
-647.058837
-1284.313720
-1950.980468
-2225.490234
-1735.294189
-960.784301
-49.019607
196.078430
450.980407
970.588256
1549.019653
2019.607910
2009.803955
1362.745117
705.882385
225.490203
-58.823532
-294.117645
-598.039245
-1166.666748
-1872.549072
-1656.862792
-1009.803955
-392.156860
-49.019607
176.470596
411.764709
911.764709
2176.470703
2088.235351
1343.137329
637.254943
215.686279
-68.627449
-313.725494
-1480.392211
-2058.823486
-2205.882324
-1568.627441
-882.352966
-333.333343
-19.607843
617.647094
1196.078491
1892.156860
2215.686279
1843.137329
1147.058837
509.803924
137.254898
-117.647064
-392.156860
-803.921569
-1539.215698
-2029.411743
-2029.411743
-1509.803955
-892.156860
-313.725494
-19.607843
568.627441
1215.686279
1745.098022
2039.215698
1725.490234
1117.647094
500.000000
-156.862747
-450.980407
-931.372558
-1637.254882
-2176.470703
-2137.254882
-1343.137329
-745.098083
-274.509796
39.215686
666.666687
1362.745117
1960.784301
2225.490234
1715.686279
980.392150
450.980407
-205.882354
-490.196075
-1058.823608
-1764.705932
-2147.058837
-1931.372558
-1264.705932
-137.254898
98.039215
382.352935
794.117675
1509.803955
2049.019531
2166.666748
882.352966
313.725494
-19.607843
-235.294128
-509.803924
-1088.235351
-1852.941162
-2215.686279
-1843.137329
-1156.862792
-68.627449
147.058822
421.568634
921.568664
1598.039184
2147.058837
2166.666748
745.098083
225.490203
-49.019607
-274.509796
-617.647094
-1225.490234
-1764.705932
-1588.235351
-1019.607849
-411.764709
-78.431373
156.862747
411.764709
921.568664
2147.058837
2098.039306
1411.764770
735.294128
215.686279
-58.823532
-294.117645
-627.450988
-1294.117675
-1950.980468
-1715.686279
-1029.411743
-362.745117
-29.411766
186.274520
470.588256
1019.607849
2156.862792
1960.784301
1313.725463
627.450988
166.666671
-127.450981
-343.137268
-1549.019653
-2117.647216
-2196.078369
-1509.803955
-813.725524
-303.921569
0.000000
588.235290
1196.078491
1892.156860
2156.862792
1813.725463
1117.647094
519.607849
-166.666671
-450.980407
-950.980407
-1647.058837
-2088.235351
-1990.196166
-1441.176513
-205.882354
49.019607
303.921569
666.666687
1352.941162
1931.372558
2088.235351
980.392150
411.764709
58.823532
-186.274520
-441.176483
-931.372558
-1588.235351
-1941.176513
-1352.941162
-666.666687
-186.274520
88.235298
303.921569
656.862731
1901.960815
2009.803955
1519.607910
921.568664
343.137268
0.000000
-166.666671
-1058.823608
-1617.647094
-2058.823486
-1970.588256
-1362.745117
-666.666687
-186.274520
382.352935
823.529418
1529.411743
2088.235351
2196.078369
1539.215698
245.098037
-39.215686
-284.313720
-578.431396
-1235.294189
-1911.764770
-2225.490234
-1784.313720
-1049.019653
-460.784332
-107.843139
470.588256
1019.607849
1588.235351
2039.215698
1960.784301
1343.137329
147.058822
-107.843139
-382.352935
-803.921569
-1490.196166
-2117.647216
-2205.882324
-813.725524
-274.509796
19.607843
245.098037
539.215698
1078.431396
1794.117675
1676.470581
1039.215698
460.784332
68.627449
-156.862747
-401.960784
-892.156860
-1598.039184
-1941.176513
-2098.039306
-1480.392211
-833.333374
-284.313720
19.607843
607.843139
1225.490234
1784.313720
2098.039306
1686.274536
1058.823608
450.980407
-196.078430
-450.980407
-1009.803955
-1647.058837
-2098.039306
-2019.607910
-1401.960815
-696.078430
-205.882354
68.627449
294.117645
637.254943
1245.098022
1843.137329
2137.254882
1735.294189
1088.235351
450.980407
-235.294128
-490.196075
-1049.019653
-1803.921630
-2186.274658
-1911.764770
-1235.294189
-588.235290
-166.666671
88.235298
352.941192
725.490234
1411.764770
2009.803955
1607.843139
960.784301
362.745117
-264.705902
-558.823547
-1186.274536
-1901.960815
-2215.686279
-1823.529418
-1078.431396
-68.627449
156.862747
450.980407
931.372558
1627.451049
2127.450927
2176.470703
696.078430
196.078430
-58.823532
-294.117645
-598.039245
-1225.490234
-1882.353027
-1607.843139
-1000.000000
-401.960784
-78.431373
176.470596
411.764709
941.176513
2078.431396
2039.215698
1411.764770
696.078430
215.686279
-68.627449
-303.921569
-1372.549072
-1862.745117
-2156.862792
-1666.666748
-1000.000000
-392.156860
-49.019607
500.000000
1049.019653
1774.509887
2156.862792
1980.392211
1264.705932
627.450988
196.078430
-68.627449
-313.725494
-1431.372558
-2058.823486
-2235.294189
-1607.843139
-862.745117
-323.529418
-9.803922
539.215698
1156.862792
1833.333374
2186.274658
1901.960815
1235.294189
549.019592
-176.470596
-421.568634
-931.372558
-1637.254882
-2147.058837
-2166.666748
-1352.941162
-745.098083
-245.098037
19.607843
656.862731
1313.725463
1921.568603
2205.882324
1784.313720
1088.235351
441.176483
-235.294128
-529.411804
-1117.647094
-1774.509887
-2019.607910
-1892.156860
-1294.117675
-117.647064
137.254898
372.549041
794.117675
1392.156860
1950.980468
2078.431396
735.294128
254.901962
-9.803922
-254.901962
-539.215698
-1137.254882
-1872.549072
-2215.686279
-1774.509887
-1127.451049
-78.431373
166.666671
421.568634
901.960815
1568.627441
2098.039306
2186.274658
754.901977
235.294128
-39.215686
-274.509796
-568.627441
-1186.274536
-1862.745117
-1666.666748
-1049.019653
-431.372558
-58.823532
176.470596
431.372558
950.980407
2058.823486
1852.941162
1264.705932
647.058837
176.470596
-88.235298
-323.529418
-725.490234
-1401.960815
-1872.549072
-1519.607910
-892.156860
-362.745117
-39.215686
196.078430
480.392150
1029.411743
2166.666748
1950.980468
1294.117675
637.254943
166.666671
-98.039215
-323.529418
-1421.568603
-2009.803955
-2196.078369
-1588.235351
-892.156860
-343.137268
-9.803922
549.019592
1147.058837
1696.078491
2049.019531
1774.509887
1156.862792
519.607849
-176.470596
-421.568634
-862.745117
-1539.215698
-2058.823486
-2098.039306
-1480.392211
-205.882354
68.627449
313.725494
637.254943
1225.490234
1862.745117
2107.843261
872.549011
343.137268
39.215686
-205.882354
-500.000000
-931.372558
-1598.039184
-1950.980468
-1323.529418
-676.470581
-176.470596
68.627449
303.921569
617.647094
1264.705932
1784.313720
2068.627441
882.352966
382.352935
39.215686
-186.274520
-450.980407
-970.588256
-1656.862792
-1931.372558
-1343.137329
-656.862731
-215.686279
68.627449
303.921569
666.666687
1901.960815
2068.627441
1549.019653
921.568664
352.941192
29.411766
-225.490203
-1166.666748
-1833.333374
-2019.607910
-1813.725463
-1225.490234
-558.823547
-156.862747
401.960784
892.156860
1490.196166
2019.607910
2088.235351
1480.392211
803.921569
264.705902
-29.411766
-264.705902
-549.019592
-1156.862792
-1852.941162
-2215.686279
-1872.549072
-1166.666748
-470.588256
-107.843139
460.784332
1009.803955
1666.666748
1980.392211
1950.980468
1303.921630
666.666687
-107.843139
-343.137268
-735.294128
-1343.137329
-2000.000000
-2098.039306
-1598.039184
-950.980407
-382.352935
-29.411766
529.411804
1147.058837
1705.882324
2009.803955
1813.725463
1196.078491
558.823547
-166.666671
-411.764709
-843.137268
-1470.588256
-2049.019531
-2117.647216
-1480.392211
-225.490203
78.431373
303.921569
637.254943
1215.686279
1862.745117
2127.450927
931.372558
362.745117
58.823532
-176.470596
-480.392150
-980.392150
-1696.078491
-2029.411743
-1333.333374
-598.039245
-196.078430
78.431373
323.529418
676.470581
1323.529418
1970.588256
2205.882324
960.784301
372.549041
29.411766
-176.470596
-490.196075
-1009.803955
-1588.235351
-1823.529418
-1225.490234
-588.235290
-176.470596
68.627449
323.529418
725.490234
2098.039306
2225.490234
1568.627441
823.529418
372.549041
0.000000
-186.274520
-1088.235351
-1823.529418
-2088.235351
-1833.333374
-1245.098022
-588.235290
-166.666671
392.156860
823.529418
1421.568603
1931.372558
2068.627441
1490.196166
833.333374
-58.823532
-303.921569
-598.039245
-1254.901977
-1862.745117
-2205.882324
-1784.313720
-392.156860
-58.823532
176.470596
431.372558
901.960815
1588.235351
1970.588256
2019.607910
1372.549072
725.490234
225.490203
-58.823532
-294.117645
-627.450988
-1264.705932
-1764.705932
-2127.450927
-1784.313720
-1166.666748
-509.803924
-107.843139
147.058822
411.764709
882.352966
1578.431396
2000.000000
1333.333374
705.882385
225.490203
-39.215686
-274.509796
-617.647094
-1970.588256
-2235.294189
-1725.490234
-1029.411743
-421.568634
-78.431373
156.862747
1098.039184
1774.509887
2117.647216
1852.941162
1215.686279
607.843139
176.470596
-88.235298
-323.529418
-745.098083
-1411.764770
-1931.372558
-2107.843261
-1656.862792
-1019.607849
-411.764709
-49.019607
166.666671
1000.000000
1764.705932
2107.843261
1882.353027
1215.686279
617.647094
186.274520
-382.352935
-862.745117
-1539.215698
-1921.568603
-2117.647216
-1549.019653
-892.156860
-333.333343
-9.803922
186.274520
1245.098022
1872.549072
2127.450927
1764.705932
1098.039184
509.803924
127.450981
-441.176483
-970.588256
-1656.862792
-2009.803955
-2029.411743
-1450.980468
-794.117675
58.823532
294.117645
676.470581
1333.333374
1843.137329
2098.039306
1637.254882
333.333343
19.607843
-225.490203
-500.000000
-931.372558
-1568.627441
-2098.039306
-2098.039306
-1470.588256
-735.294128
98.039215
294.117645
666.666687
1284.313720
1911.764770
2196.078369
1715.686279
323.529418
0.000000
-156.862747
-450.980407
-901.960815
-1558.823608
-2117.647216
-1303.921630
-656.862731
-205.882354
58.823532
294.117645
647.058837
1303.921630
2215.686279
1598.039184
931.372558
421.568634
39.215686
-186.274520
-470.588256
-970.588256
-1676.470581
-2156.862792
-2117.647216
-686.274536
-196.078430
78.431373
303.921569
676.470581
1245.098022
1901.960815
2137.254882
1676.470581
1049.019653
441.176483
58.823532
-166.666671
-431.372558
-872.549011
-1490.196166
-2078.431396
-2107.843261
-676.470581
-225.490203
68.627449
284.313720
656.862731
1303.921630
1833.333374
1558.823608
882.352966
392.156860
49.019607
-186.274520
-441.176483
-950.980407
-2000.000000
-2039.215698
-1303.921630
-686.274536
-205.882354
78.431373
284.313720
1450.980468
2009.803955
2107.843261
1509.803955
931.372558
362.745117
39.215686
-519.607849
-1127.451049
-1852.941162
-2127.450927
-1764.705932
-1205.882324
-588.235290
147.058822
372.549041
862.745117
1578.431396
1921.568603
2029.411743
1460.784301
784.313720
254.901962
-19.607843
-666.666687
-1323.529418
-1901.960815
-2058.823486
-1705.882324
-1098.039184
-460.784332
186.274520
480.392150
1000.000000
1598.039184
1950.980468
1970.588256
1333.333374
137.254898
-107.843139
-333.333343
-735.294128
-1362.745117
-2009.803955
-2205.882324
-843.137268
-294.117645
9.803922
215.686279
539.215698
1147.058837
1833.333374
2049.019531
1803.921630
1176.470581
117.647064
-147.058822
-401.960784
-1686.274536
-2156.862792
-2000.000000
-1519.607910
-794.117675
-284.313720
29.411766
666.666687
1274.509887
1931.372558
2245.098144
1774.509887
1107.843139
431.372558
-245.098037
-519.607849
-1098.039184
-1833.333374
-2107.843261
-1833.333374
-1264.705932
-107.843139
137.254898
382.352935
784.313720
1441.176513
1911.764770
2068.627441
1480.392211
843.137268
284.313720
-294.117645
-617.647094
-1205.882324
-1892.156860
-2215.686279
-1774.509887
-1137.254882
-39.215686
205.882354
470.588256
980.392150
1568.627441
2058.823486
2039.215698
607.843139
166.666671
-107.843139
-323.529418
-705.882385
-1303.921630
-1941.176513
-1509.803955
-872.549011
-313.725494
0.000000
196.078430
450.980407
911.764709
2147.058837
1990.196166
1235.294189
607.843139
196.078430
-58.823532
-323.529418
-1480.392211
-2088.235351
-2205.882324
-1470.588256
-882.352966
-333.333343
-19.607843
607.843139
1215.686279
1901.960815
2137.254882
1686.274536
1117.647094
470.588256
107.843139
-137.254898
-392.156860
-823.529418
-1450.980468
-1950.980468
-2117.647216
-1549.019653
-892.156860
-323.529418
-9.803922
215.686279
480.392150
1058.823608
1637.254882
2019.607910
1882.353027
1294.117675
117.647064
-137.254898
-382.352935
-1578.431396
-2019.607910
-2049.019531
-1431.372558
-774.509826
-254.901962
58.823532
656.862731
1235.294189
1882.353027
2147.058837
1666.666748
1009.803955
401.960784
39.215686
-176.470596
-441.176483
-901.960815
-2166.666748
-1941.176513
-1294.117675
-637.254943
-166.666671
58.823532
294.117645
656.862731
1333.333374
1813.725463
1519.607910
872.549011
333.333343
-264.705902
-578.431396
-1186.274536
-1843.137329
-2068.627441
-1794.117675
-1186.274536
-58.823532
147.058822
421.568634
862.745117
1480.392211
2019.607910
2039.215698
637.254943
186.274520
-78.431373
-313.725494
-725.490234
-1382.353027
-1843.137329
-1529.411743
-921.568664
-343.137268
-49.019607
186.274520
490.196075
1009.803955
2137.254882
1950.980468
1323.529418
647.058837
186.274520
-98.039215
-343.137268
-1401.960815
-2039.215698
-2176.470703
-1578.431396
-833.333374
-323.529418
-9.803922
578.431396
1127.451049
1843.137329
2176.470703
1823.529418
1186.274536
539.215698
117.647064
-137.254898
-382.352935
-1607.843139
-2147.058837
-2137.254882
-696.078430
-186.274520
68.627449
323.529418
627.450988
1254.901977
1764.705932
1558.823608
921.568664
392.156860
58.823532
-166.666671
-441.176483
-970.588256
-2098.039306
-1980.392211
-1372.549072
-676.470581
-205.882354
68.627449
303.921569
1323.529418
2000.000000
2088.235351
1519.607910
931.372558
352.941192
39.215686
-529.411804
-1137.254882
-1872.549072
-2205.882324
-1803.921630
-1196.078491
-588.235290
156.862747
362.745117
823.529418
1519.607910
1990.196166
1990.196166
1421.568603
205.882354
-68.627449
-303.921569
-676.470581
-1323.529418
-1794.117675
-2147.058837
-970.588256
-382.352935
225.490203
549.019592
1156.862792
1803.921630
2039.215698
1784.313720
1215.686279
98.039215
-137.254898
-401.960784
-1705.882324
-2137.254882
-1990.196166
-1362.745117
-715.686279
-245.098037
29.411766
735.294128
1431.372558
1990.196166
2117.647216
1539.215698
931.372558
362.745117
-235.294128
-568.627441
-1156.862792
-1696.078491
-2098.039306
-1862.745117
-1254.901977
-588.235290
-147.058822
117.647064
882.352966
1539.215698
2039.215698
2156.862792
1490.196166
803.921569
274.509796
-323.529418
-666.666687
-1352.941162
-1970.588256
-2225.490234
-1647.058837
-980.392150
-39.215686
205.882354
480.392150
1009.803955
1725.490234
2156.862792
2049.019531
598.039245
147.058822
-107.843139
-352.941192
-745.098083
-1343.137329
-1990.196166
-2225.490234
-1637.254882
-872.549011
-9.803922
225.490203
500.000000
1088.235351
1794.117675
2058.823486
1813.725463
509.803924
127.450981
-127.450981
-401.960784
-852.941162
-1519.607910
-2068.627441
-1500.000000
-892.156860
-323.529418
-9.803922
225.490203
519.607849
1098.039184
2205.882324
1862.745117
1088.235351
490.196075
137.254898
-107.843139
-392.156860
-862.745117
-1539.215698
-1911.764770
-2107.843261
-1539.215698
-892.156860
-333.333343
294.117645
588.235290
1205.882324
2098.039306
1627.451049
1000.000000
450.980407
88.235298
-147.058822
-392.156860
-1568.627441
-2078.431396
-2078.431396
-1431.372558
-735.294128
-235.294128
58.823532
264.705902
598.039245
1254.901977
1872.549072
2205.882324
1813.725463
1156.862792
29.411766
-166.666671
-460.784332
-970.588256
-2029.411743
-1921.568603
-1333.333374
-666.666687
-166.666671
98.039215
784.313720
1401.960815
1990.196166
2127.450927
1529.411743
892.156860
323.529418
-284.313720
-598.039245
-1205.882324
-1911.764770
-2215.686279
-1813.725463
-1019.607849
-19.607843
205.882354
500.000000
892.156860
1509.803955
2019.607910
2029.411743
1431.372558
774.509826
245.098037
-39.215686
-686.274536
-1382.353027
-1843.137329
-2127.450927
-1696.078491
-1068.627441
-19.607843
196.078430
480.392150
990.196105
1725.490234
2068.627441
1872.549072
598.039245
166.666671
-98.039215
-343.137268
-735.294128
-1441.176513
-2058.823486
-2098.039306
-1509.803955
-931.372558
-352.941192
245.098037
568.627441
1205.882324
1764.705932
2019.607910
1764.705932
441.176483
88.235298
-166.666671
-411.764709
-882.352966
-1627.451049
-2078.431396
-1441.176513
-715.686279
-245.098037
29.411766
284.313720
607.843139
1235.294189
2147.058837
1696.078491
1088.235351
441.176483
58.823532
-176.470596
-431.372558
-1627.451049
-2098.039306
-1950.980468
-1352.941162
-686.274536
-205.882354
107.843139
794.117675
1470.588256
2019.607910
2166.666748
1578.431396
911.764709
352.941192
-274.509796
-568.627441
-1245.098022
-1892.156860
-2235.294189
-1823.529418
-1049.019653
-450.980407
-107.843139
137.254898
392.156860
843.137268
1568.627441
1980.392211
1980.392211
1450.980468
794.117675
284.313720
-29.411766
-245.098037
-568.627441
-1176.470581
-1686.274536
-2156.862792
-1931.372558
-470.588256
-78.431373
137.254898
392.156860
803.921569
1470.588256
1941.176513
1264.705932
696.078430
254.901962
-49.019607
-284.313720
-588.235290
-1264.705932
-2176.470703
-1764.705932
-1088.235351
-401.960784
-58.823532
166.666671
450.980407
1676.470581
2107.843261
2029.411743
1352.941162
676.470581
205.882354
-68.627449
-303.921569
-637.254943
-1333.333374
-2166.666748
-1656.862792
-970.588256
-372.549041
-39.215686
196.078430
450.980407
1725.490234
2049.019531
1813.725463
1205.882324
578.431396
156.862747
-98.039215
-843.137268
-1558.823608
-2088.235351
-2029.411743
-1480.392211
-882.352966
-313.725494
254.901962
598.039245
1156.862792
1823.529418
2117.647216
1745.098022
1127.451049
480.392150
88.235298
-147.058822
-960.784301
-1607.843139
-2019.607910
-2000.000000
-735.294128
-235.294128
58.823532
303.921569
647.058837
1264.705932
1892.156860
2186.274658
1794.117675
1127.451049
470.588256
88.235298
-156.862747
-421.568634
-892.156860
-1607.843139
-2137.254882
-2147.058837
-754.901977
-254.901962
49.019607
274.509796
568.627441
1127.451049
1784.313720
1568.627441
980.392150
411.764709
68.627449
-156.862747
-431.372558
-931.372558
-2147.058837
-2088.235351
-1392.156860
-686.274536
-235.294128
68.627449
284.313720
1382.353027
1970.588256
2205.882324
1666.666748
1000.000000
401.960784
49.019607
-509.803924
-1088.235351
-1666.666748
-2088.235351
-1950.980468
-1313.725463
-666.666687
107.843139
362.745117
813.725524
1509.803955
2029.411743
2176.470703
1558.823608
911.764709
323.529418
9.803922
-196.078430
-509.803924
-1039.215698
-1745.098022
-2029.411743
-1950.980468
-1343.137329
-666.666687
117.647064
372.549041
794.117675
1460.784301
1990.196166
2166.666748
1578.431396
245.098037
-39.215686
-666.666687
-1294.117675
-1833.333374
-2176.470703
-911.764709
-343.137268
-49.019607
176.470596
490.196075
1029.411743
1705.882324
2039.215698
1901.960815
1294.117675
666.666687
205.882354
-78.431373
-303.921569
-666.666687
-1264.705932
-1862.745117
-2176.470703
-941.176513
-352.941192
-58.823532
176.470596
460.784332
1000.000000
1715.686279
2019.607910
1352.941162
676.470581
196.078430
-88.235298
-313.725494
-666.666687
-1303.921630
-1950.980468
-2245.098144
-960.784301
-362.745117
-39.215686
186.274520
460.784332
921.568664
1568.627441
1833.333374
1196.078491
558.823547
147.058822
-98.039215
-333.333343
-764.705871
-2068.627441
-2186.274658
-1568.627441
-833.333374
-323.529418
-9.803922
225.490203
1186.274536
1852.941162
2176.470703
1872.549072
1254.901977
568.627441
137.254898
-127.450981
-392.156860
-833.333374
-1578.431396
-2176.470703
-1441.176513
-725.490234
-274.509796
29.411766
254.901962
578.431396
1215.686279
1921.568603
2176.470703
1127.451049
460.784332
68.627449
-460.784332
-960.784301
-1549.019653
-2068.627441
-2058.823486
-1431.372558
-725.490234
127.450981
333.333343
754.901977
1392.156860
1950.980468
2176.470703
1656.862792
303.921569
-19.607843
-245.098037
-500.000000
-1088.235351
-1794.117675
-1990.196166
-1117.647094
-529.411804
-117.647064
98.039215
372.549041
823.529418
1519.607910
2166.666748
1509.803955
852.941162
313.725494
-29.411766
-264.705902
-549.019592
-1794.117675
-2147.058837
-1813.725463
-1166.666748
-441.176483
-98.039215
137.254898
970.588256
1598.039184
2098.039306
2078.431396
1421.568603
764.705871
225.490203
-39.215686
-294.117645
-578.431396
-1215.686279
-1901.960815
-2235.294189
-1784.313720
-1078.431396
-431.372558
-98.039215
147.058822
1039.215698
1725.490234
2098.039306
2009.803955
1333.333374
637.254943
205.882354
-382.352935
-803.921569
-1529.411743
-1911.764770
-2088.235351
-1558.823608
-931.372558
-352.941192
-19.607843
215.686279
1107.843139
1784.313720
2117.647216
1794.117675
1166.666748
539.215698
107.843139
-450.980407
-931.372558
-1607.843139
-2147.058837
-2166.666748
-1450.980468
-715.686279
78.431373
323.529418
686.274536
1352.941162
1990.196166
2215.686279
1715.686279
333.333343
19.607843
-215.686279
-490.196075
-980.392150
-1598.039184
-2088.235351
-1970.588256
-1382.353027
-676.470581
117.647064
362.745117
813.725524
1460.784301
2049.019531
2176.470703
1598.039184
274.509796
-39.215686
-264.705902
-539.215698
-1117.647094
-1823.529418
-2186.274658
-1078.431396
-470.588256
-107.843139
176.470596
421.568634
931.372558
1607.843139
1960.784301
1352.941162
696.078430
205.882354
-68.627449
-294.117645
-617.647094
-1245.098022
-1843.137329
-2156.862792
-1009.803955
-382.352935
-39.215686
196.078430
460.784332
931.372558
1568.627441
1813.725463
1205.882324
588.235290
147.058822
-98.039215
-362.745117
-764.705871
-2117.647216
-2176.470703
-1490.196166
-843.137268
-343.137268
-19.607843
225.490203
1225.490234
1882.353027
2215.686279
1794.117675
1088.235351
480.392150
107.843139
-117.647064
-401.960784
-872.549011
-2107.843261
-2186.274658
-1362.745117
-764.705871
-235.294128
29.411766
274.509796
1333.333374
1950.980468
2225.490234
1754.901977
1098.039184
450.980407
98.039215
-460.784332
-980.392150
-1647.058837
-2107.843261
-2088.235351
-1421.568603
-676.470581
127.450981
352.941192
803.921569
1490.196166
2088.235351
2215.686279
1568.627441
882.352966
382.352935
9.803922
-509.803924
-1049.019653
-1774.509887
-2137.254882
-1941.176513
-1235.294189
-529.411804
137.254898
392.156860
911.764709
1549.019653
2058.823486
2186.274658
1539.215698
215.686279
-78.431373
-294.117645
-627.450988
-1284.313720
-1950.980468
-2235.294189
-1784.313720
-1009.803955
-441.176483
225.490203
500.000000
980.392150
1607.843139
2098.039306
2078.431396
1441.176513
166.666671
-107.843139
-343.137268
-754.901977
-1441.176513
-2088.235351
-2147.058837
-872.549011
-343.137268
0.000000
176.470596
470.588256
1009.803955
1764.705932
1931.372558
1303.921630
647.058837
176.470596
-88.235298
-323.529418
-686.274536
-1911.764770
-2147.058837
-1588.235351
-921.568664
-343.137268
-19.607843
215.686279
480.392150
970.588256
1568.627441
1764.705932
1166.666748
529.411804
137.254898
-107.843139
-352.941192
-735.294128
-2039.215698
-2058.823486
-1441.176513
-813.725524
-264.705902
9.803922
245.098037
1274.509887
1911.764770
2215.686279
1803.921630
1117.647094
460.784332
98.039215
-147.058822
-401.960784
-862.745117
-1558.823608
-2147.058837
-1500.000000
-833.333374
-284.313720
0.000000
196.078430
450.980407
1803.921630
2058.823486
1784.313720
1176.470581
539.215698
137.254898
-107.843139
-901.960815
-1578.431396
-1950.980468
-2098.039306
-1480.392211
-852.941162
49.019607
274.509796
627.450988
1284.313720
1843.137329
2000.000000
1843.137329
1088.235351
450.980407
127.450981
-156.862747
-980.392150
-1686.274536
-2147.058837
-1990.196166
-1343.137329
-705.882385
-245.098037
313.725494
705.882385
1352.941162
1872.549072
2107.843261
1588.235351
284.313720
-19.607843
-225.490203
-539.215698
-1166.666748
-1696.078491
-2137.254882
-1127.451049
-480.392150
-117.647064
127.450981
372.549041
794.117675
1421.568603
2019.607910
1294.117675
715.686279
235.294128
-49.019607
-274.509796
-607.843139
-1274.509887
-1941.176513
-2029.411743
-1715.686279
-411.764709
-78.431373
156.862747
450.980407
960.784301
1637.254882
2127.450927
2156.862792
1509.803955
803.921569
274.509796
-9.803922
-245.098037
-549.019592
-1078.431396
-1764.705932
-2176.470703
-1911.764770
-509.803924
-117.647064
137.254898
372.549041
813.725524
1470.588256
2009.803955
2098.039306
1529.411743
852.941162
264.705902
0.000000
-196.078430
-460.784332
-1617.647094
-2098.039306
-1921.568603
-1303.921630
-607.843139
-176.470596
88.235298
774.509826
1431.372558
1921.568603
2107.843261
1509.803955
843.137268
294.117645
-274.509796
-578.431396
-1186.274536
-1911.764770
-2196.078369
-1813.725463
-1137.254882
-441.176483
-78.431373
147.058822
1029.411743
1745.098022
2176.470703
2098.039306
1421.568603
745.098083
225.490203
-343.137268
-715.686279
-1392.156860
-2029.411743
-2254.902099
-1637.254882
-892.156860
-9.803922
205.882354
500.000000
1058.823608
1764.705932
2156.862792
1921.568603
627.450988
156.862747
-107.843139
-372.549041
-774.509826
-1431.372558
-2068.627441
-2215.686279
-1519.607910
-901.960815
-9.803922
225.490203
500.000000
1088.235351
1627.451049
2029.411743
1941.176513
1274.509887
627.450988
176.470596
-98.039215
-794.117675
-1509.803955
-1950.980468
-2107.843261
-1588.235351
-941.176513
-323.529418
-19.607843
225.490203
490.196075
1843.137329
2098.039306
1784.313720
509.803924
107.843139
-147.058822
-411.764709
-862.745117
-1607.843139
-2117.647216
-1460.784301
-735.294128
-254.901962
39.215686
264.705902
598.039245
1225.490234
2098.039306
1656.862792
1058.823608
421.568634
68.627449
-156.862747
-421.568634
-1666.666748
-2019.607910
-2000.000000
-1313.725463
-676.470581
-225.490203
49.019607
725.490234
1372.549072
2000.000000
2088.235351
1696.078491
1058.823608
450.980407
-205.882354
-480.392150
-1000.000000
-1656.862792
-2039.215698
-1980.392211
-1352.941162
-137.254898
98.039215
343.137268
735.294128
1362.745117
1950.980468
2147.058837
803.921569
264.705902
-9.803922
-235.294128
-509.803924
-1058.823608
-1803.921630
-1852.941162
-1245.098022
-539.215698
-137.254898
127.450981
392.156860
823.529418
2029.411743
2127.450927
1490.196166
813.725524
294.117645
-39.215686
-254.901962
-568.627441
-1205.882324
-1950.980468
-1774.509887
-1088.235351
-431.372558
-88.235298
147.058822
411.764709
911.764709
2000.000000
2098.039306
1421.568603
754.901977
274.509796
-58.823532
-274.509796
-1284.313720
-1980.392211
-2274.509765
-1696.078491
-990.196105
-441.176483
-88.235298
137.254898
411.764709
892.156860
2039.215698
2000.000000
1382.353027
686.274536
245.098037
-49.019607
-264.705902
-588.235290
-1205.882324
-1950.980468
-2186.274658
-1676.470581
-1127.451049
-490.196075
-117.647064
127.450981
372.549041
784.313720
1421.568603
1990.196166
1303.921630
705.882385
245.098037
-58.823532
-294.117645
-647.058837
-1990.196166
-2215.686279
-1637.254882
-1000.000000
-490.196075
-98.039215
166.666671
382.352935
852.941162
1529.411743
2088.235351
2156.862792
1519.607910
843.137268
284.313720
-19.607843
-264.705902
-549.019592
-1147.058837
-1882.353027
-2215.686279
-1882.353027
-1166.666748
-529.411804
-117.647064
450.980407
970.588256
1656.862792
2137.254882
2107.843261
1333.333374
715.686279
-78.431373
-313.725494
-725.490234
-1382.353027
-1980.392211
-2078.431396
-1666.666748
-333.333343
-19.607843
196.078430
509.803924
1068.627441
1774.509887
2107.843261
1843.137329
1274.509887
607.843139
176.470596
-78.431373
-313.725494
-745.098083
-1401.960815
-1892.156860
-2078.431396
-1676.470581
-323.529418
-29.411766
225.490203
460.784332
1068.627441
1676.470581
1980.392211
1107.843139
509.803924
127.450981
-127.450981
-401.960784
-823.529418
-1539.215698
-2156.862792
-1382.353027
-764.705871
-254.901962
19.607843
254.901962
558.823547
1823.529418
2186.274658
1813.725463
1166.666748
519.607849
127.450981
-147.058822
-960.784301
-1627.451049
-2137.254882
-2117.647216
-1401.960815
-676.470581
-235.294128
372.549041
754.901977
1431.372558
2019.607910
2225.490234
1666.666748
333.333343
-9.803922
-235.294128
-490.196075
-1029.411743
-1784.313720
-2196.078369
-1960.784301
-1235.294189
-558.823547
-137.254898
401.960784
911.764709
1568.627441
2127.450927
2117.647216
1401.960815
754.901977
303.921569
-9.803922
-235.294128
-509.803924
-1127.451049
-1833.333374
-2215.686279
-1872.549072
-1156.862792
-549.019592
-137.254898
382.352935
892.156860
1598.039184
2068.627441
2009.803955
1372.549072
745.098083
274.509796
-9.803922
-235.294128
-509.803924
-1813.725463
-2186.274658
-1852.941162
-1186.274536
-480.392150
-98.039215
450.980407
950.980407
1607.843139
2049.019531
2107.843261
1450.980468
774.509826
-88.235298
-323.529418
-647.058837
-1245.098022
-1892.156860
-2186.274658
-1764.705932
-343.137268
-19.607843
196.078430
450.980407
960.784301
1696.078491
1990.196166
1931.372558
1333.333374
666.666687
196.078430
-78.431373
-303.921569
-627.450988
-1264.705932
-1823.529418
-2156.862792
-1784.313720
-1088.235351
-431.372558
-68.627449
176.470596
1049.019653
1764.705932
2186.274658
2000.000000
1343.137329
676.470581
186.274520
-352.941192
-725.490234
-1343.137329
-2019.607910
-2166.666748
-1627.451049
-950.980407
0.000000
215.686279
470.588256
1049.019653
1794.117675
2166.666748
2009.803955
578.431396
137.254898
-117.647064
-343.137268
-784.313720
-1421.568603
-2029.411743
-2215.686279
-1549.019653
-843.137268
9.803922
245.098037
519.607849
1107.843139
1696.078491
2098.039306
1852.941162
441.176483
107.843139
-156.862747
-392.156860
-872.549011
-1529.411743
-2000.000000
-1500.000000
-843.137268
-284.313720
-9.803922
215.686279
558.823547
1137.254882
2245.098144
1852.941162
1147.058837
500.000000
147.058822
-117.647064
-343.137268
-1460.784301
-2039.215698
-2166.666748
-1490.196166
-764.705871
-274.509796
19.607843
627.450988
1284.313720
1921.568603
2176.470703
1764.705932
1098.039184
460.784332
98.039215
-147.058822
-401.960784
-1568.627441
-2000.000000
-2029.411743
-1362.745117
-754.901977
-245.098037
39.215686
725.490234
1411.764770
1990.196166
2147.058837
1617.647094
960.784301
441.176483
-225.490203
-509.803924
-1088.235351
-1823.529418
-2098.039306
-1813.725463
-1284.313720
-107.843139
117.647064
372.549041
784.313720
1470.588256
1901.960815
2039.215698
725.490234
264.705902
-49.019607
-274.509796
-568.627441
-1205.882324
-1921.568603
-2166.666748
-1715.686279
-1137.254882
-68.627449
166.666671
421.568634
950.980407
1666.666748
2068.627441
1980.392211
1352.941162
735.294128
235.294128
-49.019607
-274.509796
-627.450988
-1245.098022
-1882.353027
-1774.509887
-1029.411743
-411.764709
-88.235298
156.862747
401.960784
941.176513
2117.647216
2098.039306
1421.568603
745.098083
215.686279
-68.627449
-294.117645
-1294.117675
-1960.784301
-2205.882324
-1686.274536
-921.568664
-401.960784
-78.431373
529.411804
1137.254882
1852.941162
2245.098144
1911.764770
1215.686279
568.627441
156.862747
-107.843139
-392.156860
-833.333374
-1529.411743
-2009.803955
-2029.411743
-1509.803955
-901.960815
-343.137268
-19.607843
215.686279
480.392150
1019.607849
1607.843139
2058.823486
1901.960815
1294.117675
127.450981
-127.450981
-392.156860
-794.117675
-1411.764770
-2009.803955
-2176.470703
-764.705871
-264.705902
19.607843
235.294128
558.823547
1225.490234
1843.137329
1813.725463
1107.843139
421.568634
78.431373
-156.862747
-411.764709
-892.156860
-2078.431396
-2098.039306
-1470.588256
-784.313720
-264.705902
68.627449
284.313720
588.235290
1215.686279
1882.353027
1656.862792
1049.019653
441.176483
68.627449
-176.470596
-441.176483
-892.156860
-2156.862792
-1921.568603
-1274.509887
-666.666687
-196.078430
58.823532
313.725494
1450.980468
2039.215698
2196.078369
1578.431396
882.352966
372.549041
49.019607
-176.470596
-470.588256
-1000.000000
-2078.431396
-1941.176513
-1343.137329
-696.078430
-196.078430
58.823532
294.117645
627.450988
1264.705932
1803.921630
2039.215698
1686.274536
1058.823608
411.764709
78.431373
-166.666671
-411.764709
-911.764709
-1568.627441
-2029.411743
-2107.843261
-1490.196166
-205.882354
78.431373
303.921569
637.254943
1245.098022
1823.529418
2147.058837
1676.470581
1058.823608
431.372558
-215.686279
-490.196075
-1049.019653
-1803.921630
-2215.686279
-1980.392211
-1176.470581
-107.843139
137.254898
411.764709
872.549011
1578.431396
2088.235351
2147.058837
784.313720
245.098037
-39.215686
-264.705902
-568.627441
-1166.666748
-1892.156860
-1735.294189
-1107.843139
-431.372558
-58.823532
176.470596
421.568634
941.176513
1656.862792
2117.647216
2127.450927
676.470581
205.882354
-68.627449
-313.725494
-617.647094
-1274.509887
-1862.745117
-1558.823608
-950.980407
-362.745117
-49.019607
186.274520
480.392150
1029.411743
2196.078369
1960.784301
1303.921630
598.039245
186.274520
-98.039215
-343.137268
-1450.980468
-2049.019531
-2225.490234
-1598.039184
-862.745117
-343.137268
-19.607843
215.686279
490.196075
1098.039184
1803.921630
2186.274658
2009.803955
1313.725463
117.647064
-127.450981
-401.960784
-1656.862792
-2137.254882
-2147.058837
-1431.372558
-705.882385
-245.098037
49.019607
647.058837
1254.901977
1872.549072
2117.647216
1725.490234
1098.039184
450.980407
-215.686279
-480.392150
-1029.411743
-1784.313720
-2215.686279
-1980.392211
-1225.490234
-588.235290
-166.666671
107.843139
843.137268
1568.627441
2019.607910
2009.803955
1411.764770
803.921569
294.117645
-284.313720
-666.666687
-1333.333374
-1794.117675
-2127.450927
-1754.901977
-1137.254882
-49.019607
166.666671
460.784332
911.764709
1637.254882
2000.000000
2156.862792
715.686279
205.882354
-88.235298
-303.921569
-627.450988
-1235.294189
-1950.980468
-2235.294189
-1745.098022
-1068.627441
-39.215686
205.882354
490.196075
1049.019653
1774.509887
2186.274658
2029.411743
598.039245
147.058822
-98.039215
-343.137268
-725.490234
-1343.137329
-2029.411743
-1539.215698
-862.745117
-313.725494
0.000000
205.882354
470.588256
1029.411743
2127.450927
1911.764770
1284.313720
598.039245
166.666671
-98.039215
-343.137268
-715.686279
-1392.156860
-2029.411743
-2225.490234
-872.549011
-313.725494
-9.803922
205.882354
509.803924
1088.235351
1705.882324
2019.607910
1901.960815
1274.509887
117.647064
-137.254898
-382.352935
-1656.862792
-1960.784301
-2049.019531
-1411.764770
-774.509826
-254.901962
49.019607
666.666687
1313.725463
1843.137329
2058.823486
1637.254882
1019.607849
401.960784
49.019607
-156.862747
-450.980407
-950.980407
-1676.470581
-2107.843261
-1960.784301
-647.058837
-215.686279
68.627449
294.117645
656.862731
1313.725463
1990.196166
1696.078491
990.196105
411.764709
49.019607
-166.666671
-441.176483
-921.568664
-2098.039306
-1872.549072
-1303.921630
-656.862731
-196.078430
78.431373
303.921569
647.058837
1323.529418
1843.137329
2088.235351
1647.058837
1019.607849
421.568634
58.823532
-166.666671
-411.764709
-1774.509887
-2088.235351
-1921.568603
-1323.529418
-686.274536
-205.882354
68.627449
764.705871
1490.196166
1892.156860
2019.607910
1500.000000
1009.803955
382.352935
-254.901962
-558.823547
-1225.490234
-1813.725463
-2019.607910
-1803.921630
-1215.686279
-78.431373
137.254898
392.156860
833.333374
1549.019653
1990.196166
2009.803955
1411.764770
803.921569
254.901962
-313.725494
-666.666687
-1284.313720
-1843.137329
-2156.862792
