-1245.098022
-1764.705932
-2156.862792
-1058.823608
-450.980407
-68.627449
147.058822
421.568634
941.176513
1647.058837
2176.470703
1441.176513
696.078430
225.490203
-68.627449
-294.117645
-627.450988
-1931.372558
-2186.274658
-1784.313720
-1088.235351
-411.764709
-49.019607
166.666671
1107.843139
1813.725463
2235.294189
1950.980468
1303.921630
588.235290
186.274520
-401.960784
-862.745117
-1568.627441
-2137.254882
-2107.843261
-1470.588256
-833.333374
-303.921569
9.803922
245.098037
519.607849
1137.254882
1823.529418
2196.078369
1911.764770
1186.274536
588.235290
166.666671
-88.235298
-352.941192
-754.901977
-1450.980468
-2029.411743
-2088.235351
-1647.058837
-303.921569
-9.803922
205.882354
500.000000
901.960815
1617.647094
1980.392211
1215.686279
588.235290
176.470596
-98.039215
-323.529418
-754.901977
-1450.980468
-2284.313720
-1607.843139
-872.549011
-352.941192
-39.215686
205.882354
509.803924
1833.333374
2215.686279
1960.784301
1254.901977
578.431396
166.666671
-98.039215
-852.941162
-1568.627441
-2127.450927
-2235.294189
-1529.411743
-794.117675
-274.509796
323.529418
725.490234
1362.745117
1990.196166
2068.627441
1637.254882
1058.823608
431.372558
68.627449
-176.470596
-1127.451049
-1686.274536
-2117.647216
-1225.490234
-549.019592
-137.254898
107.843139
362.745117
784.313720
1401.960815
2029.411743
1431.372558
803.921569
264.705902
-39.215686
-264.705902
-617.647094
-2009.803955
-2254.902099
-1725.490234
-1068.627441
-450.980407
-107.843139
156.862747
990.196105
1715.686279
2029.411743
1980.392211
1323.529418
676.470581
205.882354
-78.431373
-313.725494
-666.666687
-1254.901977
-2117.647216
-1627.451049
-980.392150
-372.549041
-49.019607
176.470596
1166.666748
1833.333374
2098.039306
1862.745117
1225.490234
578.431396
147.058822
-431.372558
-882.352966
-1598.039184
-2009.803955
-2117.647216
-1519.607910
-852.941162
58.823532
303.921569
627.450988
1284.313720
1862.745117
2117.647216
1764.705932
382.352935
39.215686
-176.470596
-470.588256
-1000.000000
-1666.666748
-2205.882324
-1421.568603
-725.490234
-225.490203
68.627449
294.117645
647.058837
1303.921630
2166.666748
1666.666748
1009.803955
401.960784
58.823532
-205.882354
-450.980407
-1843.137329
-2019.607910
-1941.176513
-1343.137329
-637.254943
-156.862747
98.039215
323.529418
696.078430
1313.725463
1970.588256
2196.078369
1725.490234
1039.215698
392.156860
39.215686
-196.078430
-450.980407
-960.784301
-1627.451049
-2137.254882
-2137.254882
-1460.784301
-725.490234
-245.098037
343.137268
764.705871
1480.392211
2068.627441
2284.313720
1676.470581
950.980407
-9.803922
-215.686279
-1215.686279
-1794.117675
-2196.078369
-1862.745117
-441.176483
-68.627449
166.666671
421.568634
882.352966
1509.803955
2019.607910
2078.431396
1460.784301
803.921569
264.705902
-29.411766
-264.705902
-558.823547
-1156.862792
-1813.725463
-2235.294189
-1901.960815
-470.588256
-88.235298
156.862747
411.764709
852.941162
1480.392211
2049.019531
1362.745117
696.078430
196.078430
-68.627449
-313.725494
-686.274536
-1343.137329
-2156.862792
-1588.235351
-990.196105
-392.156860
-58.823532
176.470596
470.588256
1852.941162
2205.882324
2000.000000
1401.960815
715.686279
196.078430
-58.823532
-715.686279
-1333.333374
-2029.411743
-2235.294189
-1637.254882
-872.549011
-352.941192
274.509796
607.843139
1264.705932
1931.372558
2186.274658
1745.098022
441.176483
68.627449
-176.470596
-421.568634
-950.980407
-1647.058837
-2156.862792
-2196.078369
-1490.196166
-754.901977
-254.901962
19.607843
254.901962
578.431396
1892.156860
2186.274658
1823.529418
1166.666748
490.196075
98.039215
-137.254898
-941.176513
-1607.843139
-2156.862792
-2127.450927
-1460.784301
-754.901977
-245.098037
352.941192
754.901977
1450.980468
2039.215698
2235.294189
1735.294189
1009.803955
-29.411766
-264.705902
-588.235290
-1215.686279
-1911.764770
-2176.470703
-1764.705932
-460.784332
-88.235298
147.058822
431.372558
892.156860
1588.235351
2107.843261
2215.686279
1509.803955
813.725524
323.529418
-19.607843
-235.294128
-529.411804
-1137.254882
-1892.156860
-2245.098144
-1813.725463
-470.588256
-107.843139
147.058822
411.764709
901.960815
1607.843139
2107.843261
1509.803955
813.725524
274.509796
-39.215686
-274.509796
-568.627441
-1245.098022
-2166.666748
-1784.313720
-1117.647094
-450.980407
-88.235298
156.862747
401.960784
1598.039184
2117.647216
2019.607910
1382.353027
715.686279
205.882354
-88.235298
-745.098083
-1401.960815
-1931.372558
-2176.470703
-1676.470581
-1000.000000
-392.156860
-58.823532
186.274520
441.176483
960.784301
1745.098022
2117.647216
1990.196166
1343.137329
696.078430
215.686279
-49.019607
-303.921569
-647.058837
-1323.529418
-1862.745117
-2166.666748
-1794.117675
-1166.666748
-39.215686
196.078430
480.392150
950.980407
1558.823608
2058.823486
2049.019531
617.647094
186.274520
-68.627449
-333.333343
-725.490234
-1411.764770
-2009.803955
-1637.254882
-872.549011
-343.137268
-29.411766
205.882354
509.803924
1058.823608
2225.490234
1980.392211
1303.921630
607.843139
166.666671
-117.647064
-372.549041
-1637.254882
-2156.862792
-2186.274658
-1431.372558
-784.313720
-284.313720
19.607843
264.705902
568.627441
1205.882324
2205.882324
1843.137329
1156.862792
480.392150
88.235298
-156.862747
-411.764709
-1666.666748
-2176.470703
-2147.058837
-1460.784301
-735.294128
-264.705902
49.019607
656.862731
1333.333374
2009.803955
2245.098144
1754.901977
1098.039184
460.784332
-235.294128
-549.019592
-1156.862792
-1892.156860
-2166.666748
-1803.921630
-1245.098022
-78.431373
137.254898
411.764709
892.156860
1627.451049
2117.647216
2196.078369
1519.607910
823.529418
313.725494
-323.529418
-647.058837
-1323.529418
-2294.117675
-1696.078491
-931.372558
-401.960784
-68.627449
147.058822
450.980407
1735.294189
2166.666748
2098.039306
1401.960815
696.078430
215.686279
-88.235298
-725.490234
-1343.137329
-2000.000000
-2098.039306
-1627.451049
-1009.803955
-401.960784
254.901962
529.411804
1127.451049
1784.313720
2147.058837
1911.764770
1303.921630
607.843139
147.058822
-117.647064
-852.941162
-1558.823608
-2147.058837
-2215.686279
-1529.411743
-745.098083
-284.313720
313.725494
705.882385
1401.960815
2019.607910
2245.098144
1735.294189
1019.607849
39.215686
-205.882354
-490.196075
-1078.431396
-1794.117675
-2019.607910
-1990.196166
-529.411804
-127.450981
107.843139
352.941192
774.509826
1529.411743
2009.803955
1519.607910
843.137268
313.725494
-9.803922
-225.490203
-490.196075
-1039.215698
-2107.843261
-1823.529418
-1215.686279
-549.019592
-137.254898
127.450981
392.156860
1607.843139
2117.647216
2166.666748
1470.588256
794.117675
245.098037
-39.215686
-656.862731
-1264.705932
-1950.980468
-2215.686279
-1774.509887
-1088.235351
-19.607843
205.882354
509.803924
1068.627441
1813.725463
2205.882324
2049.019531
539.215698
127.450981
-127.450981
-382.352935
-803.921569
-1519.607910
-2147.058837
-1529.411743
-833.333374
-284.313720
39.215686
264.705902
578.431396
1176.470581
2117.647216
1735.294189
1117.647094
460.784332
98.039215
-156.862747
-401.960784
-1676.470581
-2049.019531
-2078.431396
-1431.372558
-735.294128
-225.490203
49.019607
686.274536
1323.529418
2117.647216
1431.372558
833.333374
303.921569
-9.803922
-235.294128
-519.607849
-1098.039184
-1862.745117
-2058.823486
-1911.764770
-1313.725463
-647.058837
-166.666671
88.235298
843.137268
1529.411743
1950.980468
2078.431396
1509.803955
862.745117
313.725494
-9.803922
-225.490203
-519.607849
-1068.627441
-2225.490234
-1931.372558
-1186.274536
-509.803924
-137.254898
117.647064
950.980407
1666.666748
2147.058837
2147.058837
1431.372558
754.901977
284.313720
-323.529418
-725.490234
-1411.764770
-1970.588256
-2078.431396
-1696.078491
-1078.431396
-19.607843
225.490203
480.392150
1009.803955
1647.058837
2098.039306
1960.784301
549.019592
156.862747
-127.450981
-372.549041
-833.333374
-1490.196166
-1941.176513
-1421.568603
-813.725524
-274.509796
19.607843
235.294128
568.627441
1196.078491
2264.705810
1872.549072
1156.862792
450.980407
117.647064
-147.058822
-411.764709
-1696.078491
-2176.470703
-2137.254882
-1333.333374
-715.686279
-215.686279
58.823532
735.294128
1392.156860
2274.509765
1627.451049
941.176513
-29.411766
-274.509796
-549.019592
-1166.666748
-1911.764770
-2245.098144
-1911.764770
-490.196075
-98.039215
176.470596
431.372558
872.549011
1539.215698
2078.431396
1401.960815
725.490234
245.098037
-49.019607
-294.117645
-637.254943
-1274.509887
-2245.098144
-1598.039184
-1009.803955
-411.764709
-68.627449
166.666671
421.568634
950.980407
1676.470581
2098.039306
1441.176513
745.098083
205.882354
-58.823532
-313.725494
-647.058837
-1333.333374
-2225.490234
-1725.490234
-1049.019653
-392.156860
-58.823532
196.078430
460.784332
1774.509887
2176.470703
1970.588256
1323.529418
637.254943
196.078430
-107.843139
-813.725524
-1549.019653
-2107.843261
-2235.294189
-1529.411743
-803.921569
-274.509796
303.921569
686.274536
1352.941162
1892.156860
2068.627441
1627.451049
1058.823608
19.607843
-205.882354
-509.803924
-1107.843139
-1607.843139
-2107.843261
-2029.411743
-588.235290
-156.862747
137.254898
343.137268
784.313720
1450.980468
1990.196166
2196.078369
1656.862792
980.392150
-39.215686
-294.117645
-578.431396
-1823.529418
-2166.666748
-1774.509887
-1137.254882
-490.196075
-88.235298
156.862747
1009.803955
1725.490234
2176.470703
2058.823486
1411.764770
715.686279
215.686279
-362.745117
-784.313720
-1490.196166
-2098.039306
-2284.313720
-1647.058837
-911.764709
19.607843
235.294128
549.019592
1107.843139
1813.725463
2186.274658
1921.568603
1303.921630
598.039245
137.254898
-411.764709
-862.745117
-1549.019653
-2107.843261
-2215.686279
-1500.000000
-901.960815
58.823532
264.705902
598.039245
1254.901977
1794.117675
2117.647216
1784.313720
392.156860
58.823532
-156.862747
-450.980407
-941.176513
-1676.470581
-2176.470703
-1441.176513
-666.666687
-205.882354
68.627449
294.117645
647.058837
1313.725463
1990.196166
2235.294189
1686.274536
1029.411743
431.372558
58.823532
-166.666671
-1078.431396
-1735.294189
-2058.823486
-1970.588256
-1362.745117
-686.274536
-205.882354
401.960784
843.137268
1529.411743
2137.254882
2205.882324
1598.039184
264.705902
-39.215686
-274.509796
-607.843139
-1235.294189
-1960.784301
-2294.117675
-1107.843139
-411.764709
-78.431373
176.470596
441.176483
960.784301
1607.843139
2156.862792
2186.274658
1500.000000
813.725524
-68.627449
-303.921569
-656.862731
-1264.705932
-1921.568603
-2215.686279
-1794.117675
-392.156860
-39.215686
196.078430
470.588256
980.392150
1607.843139
1980.392211
2000.000000
1352.941162
696.078430
225.490203
-58.823532
-303.921569
-647.058837
-1294.117675
-1911.764770
-2098.039306
-1754.901977
-1147.058837
-500.000000
-137.254898
147.058822
372.549041
852.941162
1558.823608
2009.803955
2078.431396
1450.980468
843.137268
303.921569
9.803922
-205.882354
-490.196075
-1774.509887
-2196.078369
-1950.980468
-1284.313720
-598.039245
-156.862747
117.647064
892.156860
1568.627441
2137.254882
2196.078369
1539.215698
862.745117
313.725494
-303.921569
-676.470581
-1372.549072
-2039.215698
-2225.490234
-1696.078491
-1039.215698
-421.568634
-78.431373
176.470596
1078.431396
1656.862792
2078.431396
1950.980468
1303.921630
637.254943
186.274520
-382.352935
-794.117675
-1441.176513
-2058.823486
-2215.686279
-1588.235351
-823.529418
49.019607
284.313720
598.039245
1205.882324
1843.137329
2196.078369
1862.745117
1196.078491
519.607849
117.647064
-450.980407
-960.784301
-1637.254882
-2147.058837
-2147.058837
-1490.196166
-784.313720
88.235298
313.725494
676.470581
1294.117675
1931.372558
2205.882324
1754.901977
333.333343
-9.803922
-196.078430
-519.607849
-1078.431396
-1627.451049
-2117.647216
-1235.294189
-578.431396
-147.058822
117.647064
362.745117
764.705871
1362.745117
1990.196166
2196.078369
1617.647094
264.705902
-29.411766
-245.098037
-568.627441
-1137.254882
-1803.921630
-2196.078369
-1137.254882
-490.196075
-98.039215
147.058822
392.156860
833.333374
1549.019653
2137.254882
1372.549072
715.686279
245.098037
-39.215686
-284.313720
-607.843139
-1931.372558
-2225.490234
-1813.725463
-1039.215698
-421.568634
-88.235298
166.666671
450.980407
931.372558
1686.274536
2078.431396
1411.764770
725.490234
205.882354
-49.019607
-284.313720
-598.039245
-2029.411743
-2107.843261
-1676.470581
-1039.215698
-401.960784
-49.019607
186.274520
1049.019653
1725.490234
2166.666748
1960.784301
1294.117675
598.039245
166.666671
-401.960784
-843.137268
-1549.019653
-2107.843261
-2225.490234
-1519.607910
-813.725524
-294.117645
19.607843
264.705902
558.823547
1186.274536
1852.941162
2254.902099
1186.274536
509.803924
117.647064
-156.862747
-401.960784
-852.941162
-1598.039184
-2127.450927
-2205.882324
-1450.980468
-813.725524
-274.509796
19.607843
254.901962
549.019592
1166.666748
1892.156860
2245.098144
1215.686279
539.215698
117.647064
-147.058822
-401.960784
-852.941162
-1598.039184
-2147.058837
-1500.000000
-215.686279
78.431373
313.725494
656.862731
1980.392211
2284.313720
1745.098022
1049.019653
411.764709
49.019607
-166.666671
-1009.803955
-1764.705932
-2205.882324
-2049.019531
-1274.509887
-588.235290
-186.274520
421.568634
882.352966
1607.843139
2098.039306
2107.843261
1411.764770
813.725524
313.725494
9.803922
-225.490203
-1117.647094
-1852.941162
-2196.078369
-1950.980468
-1225.490234
-529.411804
-147.058822
137.254898
392.156860
843.137268
2098.039306
2147.058837
1519.607910
852.941162
294.117645
-19.607843
-264.705902
-1264.705932
-1882.353027
-2186.274658
-1794.117675
-1147.058837
-470.588256
-98.039215
490.196075
1068.627441
1794.117675
2215.686279
2068.627441
1323.529418
588.235290
-137.254898
-421.568634
-852.941162
-1578.431396
-1980.392211
-2107.843261
-1549.019653
-872.549011
-333.333343
-9.803922
205.882354
500.000000
1049.019653
1764.705932
2205.882324
2098.039306
1382.353027
676.470581
-127.450981
-392.156860
-794.117675
-1549.019653
-2117.647216
-2137.254882
-1509.803955
-274.509796
29.411766
245.098037
568.627441
1186.274536
1921.568603
2215.686279
1186.274536
490.196075
98.039215
-156.862747
-411.764709
-852.941162
-1578.431396
-2156.862792
-1509.803955
-774.509826
-254.901962
39.215686
274.509796
598.039245
1794.117675
2147.058837
1725.490234
1068.627441
431.372558
88.235298
-156.862747
-1098.039184
-1637.254882
-2137.254882
-2029.411743
-1382.353027
-696.078430
-205.882354
78.431373
303.921569
666.666687
1911.764770
2117.647216
1588.235351
960.784301
333.333343
19.607843
-205.882354
-1205.882324
-1813.725463
-2107.843261
-1872.549072
-1274.509887
-568.627441
-137.254898
421.568634
931.372558
1598.039184
2137.254882
2196.078369
1529.411743
833.333374
-68.627449
-323.529418
-676.470581
-1343.137329
-2009.803955
-2254.902099
-1803.921630
-401.960784
-39.215686
196.078430
460.784332
990.196105
1578.431396
2068.627441
2039.215698
1421.568603
725.490234
-107.843139
-362.745117
-745.098083
-1411.764770
-2107.843261
-1519.607910
-882.352966
-303.921569
9.803922
225.490203
539.215698
1117.647094
1794.117675
2068.627441
1196.078491
509.803924
147.058822
-421.568634
-960.784301
-1666.666748
-2176.470703
-2156.862792
-1382.353027
-754.901977
68.627449
333.333343
696.078430
1352.941162
2019.607910
2215.686279
1705.882324
401.960784
39.215686
-205.882354
-460.784332
-1009.803955
-1794.117675
-2196.078369
-1294.117675
-558.823547
-166.666671
98.039215
352.941192
764.705871
1450.980468
2196.078369
1588.235351
901.960815
333.333343
9.803922
-215.686279
-529.411804
-1098.039184
-1696.078491
-2117.647216
-1196.078491
-539.215698
-137.254898
107.843139
352.941192
764.705871
1362.745117
2019.607910
1431.372558
823.529418
264.705902
-39.215686
-264.705902
-598.039245
-1980.392211
-2176.470703
-1666.666748
-1078.431396
-450.980407
-78.431373
147.058822
1039.215698
1637.254882
2049.019531
2000.000000
1411.764770
735.294128
245.098037
-58.823532
-294.117645
-637.254943
-1990.196166
-2274.509765
-1784.313720
-1049.019653
-411.764709
-68.627449
166.666671
1127.451049
1852.941162
2205.882324
1882.353027
1196.078491
568.627441
166.666671
-401.960784
-892.156860
-1578.431396
-2049.019531
-2068.627441
-1519.607910
-862.745117
58.823532
274.509796
617.647094
1303.921630
1872.549072
2117.647216
1686.274536
1127.451049
470.588256
88.235298
-470.588256
-1009.803955
-1686.274536
-2058.823486
-2058.823486
-1431.372558
-754.901977
107.843139
333.333343
764.705871
1411.764770
1990.196166
2245.098144
1676.470581
1009.803955
392.156860
39.215686
-215.686279
-470.588256
-980.392150
-1676.470581
-2147.058837
-2107.843261
-1441.176513
-676.470581
-205.882354
49.019607
284.313720
627.450988
1264.705932
1960.784301
2235.294189
1039.215698
421.568634
49.019607
-176.470596
-450.980407
-950.980407
-1656.862792
-2009.803955
-1264.705932
-656.862731
-196.078430
107.843139
313.725494
666.666687
2088.235351
2205.882324
1578.431396
882.352966
362.745117
19.607843
-196.078430
-1127.451049
-1862.745117
-2235.294189
-1921.568603
-1196.078491
-558.823547
-156.862747
107.843139
352.941192
764.705871
1382.353027
1980.392211
2176.470703
1617.647094
264.705902
-29.411766
-294.117645
-1362.745117
-1852.941162
-2176.470703
-1754.901977
-1117.647094
-460.784332
-88.235298
500.000000
1039.215698
1617.647094
2009.803955
1970.588256
1333.333374
686.274536
196.078430
-68.627449
-303.921569
-696.078430
-2107.843261
-2215.686279
-1568.627441
-1000.000000
-392.156860
-68.627449
186.274520
441.176483
980.392150
1666.666748
2156.862792
2166.666748
1421.568603
735.294128
264.705902
-29.411766
-284.313720
-617.647094
-1941.176513
-2284.313720
-1794.117675
-970.588256
-441.176483
-88.235298
156.862747
1068.627441
1843.137329
2186.274658
1960.784301
1215.686279
598.039245
176.470596
-382.352935
-843.137268
-1588.235351
-2029.411743
-2127.450927
-1539.215698
-882.352966
39.215686
264.705902
598.039245
1254.901977
1803.921630
2107.843261
1764.705932
1137.254882
490.196075
98.039215
-137.254898
-401.960784
-833.333374
-1519.607910
-1941.176513
-2137.254882
-1568.627441
-892.156860
58.823532
274.509796
588.235290
1176.470581
1784.313720
2166.666748
1794.117675
392.156860
68.627449
-176.470596
-441.176483
-980.392150
-1686.274536
-2019.607910
-1313.725463
-676.470581
-205.882354
68.627449
333.333343
696.078430
1372.549072
2235.294189
1764.705932
1058.823608
421.568634
19.607843
-176.470596
-441.176483
-1696.078491
-2176.470703
-2029.411743
-1362.745117
-578.431396
-166.666671
421.568634
901.960815
1617.647094
2127.450927
2156.862792
1411.764770
803.921569
303.921569
-9.803922
-245.098037
-519.607849
-1735.294189
-2166.666748
-1872.549072
-1254.901977
-558.823547
-137.254898
107.843139
950.980407
1607.843139
2147.058837
2156.862792
1500.000000
813.725524
284.313720
-294.117645
-656.862731
-1215.686279
-1931.372558
-2254.902099
-1823.529418
-1088.235351
-382.352935
-68.627449
166.666671
450.980407
931.372558
1647.058837
2029.411743
1421.568603
725.490234
196.078430
-58.823532
-294.117645
-637.254943
-1941.176513
-2147.058837
-1666.666748
-1019.607849
-401.960784
-39.215686
186.274520
1078.431396
1823.529418
2205.882324
1921.568603
1284.313720
627.450988
156.862747
-411.764709
-862.745117
-1588.235351
-2147.058837
-2215.686279
-1500.000000
-892.156860
29.411766
274.509796
539.215698
1205.882324
1764.705932
2117.647216
1794.117675
382.352935
68.627449
-176.470596
-460.784332
-980.392150
-1696.078491
-2068.627441
-1323.529418
-686.274536
-215.686279
78.431373
323.529418
686.274536
1372.549072
2225.490234
1705.882324
1009.803955
372.549041
29.411766
-196.078430
-450.980407
-1735.294189
-2176.470703
-2029.411743
-1343.137329
-607.843139
-176.470596
98.039215
352.941192
735.294128
1382.353027
2147.058837
1588.235351
941.176513
352.941192
9.803922
-205.882354
-490.196075
-1049.019653
-1735.294189
-2058.823486
-2019.607910
-1362.745117
-715.686279
-205.882354
78.431373
754.901977
1333.333374
1980.392211
2215.686279
1627.451049
970.588256
362.745117
9.803922
-186.274520
-490.196075
-1029.411743
-1676.470581
-2088.235351
-2039.215698
-1411.764770
-696.078430
-215.686279
68.627449
294.117645
656.862731
1294.117675
1980.392211
1656.862792
1000.000000
382.352935
19.607843
-186.274520
-490.196075
-1029.411743
-2225.490234
-1882.353027
-1264.705932
-617.647094
-166.666671
78.431373
323.529418
725.490234
1411.764770
1931.372558
1549.019653
852.941162
323.529418
19.607843
-205.882354
-509.803924
-1078.431396
-2235.294189
-1950.980468
-1176.470581
-529.411804
-127.450981
117.647064
382.352935
1696.078491
2147.058837
2098.039306
1460.784301
794.117675
274.509796
-19.607843
-666.666687
-1323.529418
-2039.215698
-2235.294189
-1617.647094
-1029.411743
-431.372558
235.294128
519.607849
1862.745117
2098.039306
1754.901977
460.784332
68.627449
-137.254898
-401.960784
-852.941162
-1598.039184
-2176.470703
-1470.588256
-774.509826
-274.509796
49.019607
254.901962
549.019592
1127.451049
2078.431396
1666.666748
1058.823608
431.372558
68.627449
-147.058822
-431.372558
-882.352966
-1558.823608
-1980.392211
-2127.450927
-705.882385
-225.490203
49.019607
284.313720
666.666687
1303.921630
1990.196166
2156.862792
1656.862792
1058.823608
460.784332
78.431373
-147.058822
-441.176483
-901.960815
-1637.254882
-1970.588256
-2137.254882
-705.882385
-235.294128
58.823532
294.117645
647.058837
1284.313720
1960.784301
1794.117675
1088.235351
421.568634
68.627449
-176.470596
-441.176483
-960.784301
-2137.254882
-2117.647216
-1421.568603
-647.058837
-196.078430
68.627449
313.725494
1441.176513
2058.823486
2254.902099
1696.078491
990.196105
392.156860
49.019607
-519.607849
-1137.254882
-1735.294189
-2156.862792
-1960.784301
-1323.529418
-578.431396
147.058822
431.372558
911.764709
1578.431396
2127.450927
2205.882324
1539.215698
852.941162
323.529418
-29.411766
-607.843139
-1313.725463
-2000.000000
-2196.078369
-1852.941162
-1186.274536
-460.784332
196.078430
519.607849
1039.215698
1774.509887
2147.058837
2000.000000
1460.784301
784.313720
245.098037
-39.215686
-656.862731
-1333.333374
-1990.196166
-2245.098144
-960.784301
-362.745117
-19.607843
186.274520
470.588256
990.196105
1666.666748
1990.196166
2009.803955
1362.745117
117.647064
-137.254898
-372.549041
-754.901977
-1372.549072
-2029.411743
-2215.686279
-833.333374
-284.313720
29.411766
254.901962
519.607849
1098.039184
1735.294189
1676.470581
1068.627441
441.176483
78.431373
-147.058822
-421.568634
-901.960815
-2196.078369
-2196.078369
-1411.764770
-715.686279
-225.490203
58.823532
274.509796
568.627441
1245.098022
1931.372558
2245.098144
1823.529418
1088.235351
480.392150
117.647064
-147.058822
-431.372558
-892.156860
-2186.274658
-2137.254882
-1372.549072
-745.098083
-264.705902
39.215686
264.705902
1362.745117
2000.000000
2147.058837
1784.313720
1137.254882
500.000000
98.039215
-450.980407
-921.568664
-1656.862792
-2176.470703
-2147.058837
-1362.745117
-745.098083
58.823532
323.529418
715.686279
1382.353027
1990.196166
2205.882324
1696.078491
401.960784
39.215686
-196.078430
-480.392150
-1009.803955
-1764.705932
-2215.686279
-1343.137329
-598.039245
-176.470596
88.235298
352.941192
705.882385
1392.156860
2049.019531
2254.902099
1735.294189
1049.019653
421.568634
39.215686
-196.078430
-460.784332
-1009.803955
-1794.117675
-2117.647216
-1245.098022
-558.823547
-166.666671
107.843139
352.941192
774.509826
1490.196166
2245.098144
1598.039184
862.745117
333.333343
0.000000
-215.686279
-500.000000
-1696.078491
-2166.666748
-2049.019531
-1352.941162
-656.862731
-196.078430
88.235298
803.921569
1450.980468
2058.823486
2225.490234
1617.647094
950.980407
352.941192
19.607843
-205.882354
-460.784332
-980.392150
-1676.470581
-2049.019531
-2029.411743
-588.235290
-156.862747
98.039215
352.941192
764.705871
1450.980468
2009.803955
1607.843139
843.137268
362.745117
19.607843
-225.490203
-490.196075
-1049.019653
-2166.666748
-1950.980468
-1294.117675
-558.823547
-137.254898
107.843139
382.352935
852.941162
1558.823608
2078.431396
2088.235351
1509.803955
843.137268
303.921569
9.803922
-196.078430
-480.392150
-1058.823608
-2196.078369
-1990.196166
-1254.901977
-568.627441
-147.058822
107.843139
372.549041
1656.862792
2156.862792
2176.470703
1529.411743
803.921569
284.313720
-19.607843
-637.254943
-1303.921630
-2000.000000
-2186.274658
-1833.333374
-1205.882324
-490.196075
186.274520
480.392150
1754.901977
2166.666748
2009.803955
1333.333374
637.254943
156.862747
-392.156860
-852.941162
-1598.039184
-2117.647216
-1500.000000
-823.529418
-274.509796
29.411766
245.098037
578.431396
1970.588256
2245.098144
1813.725463
1147.058837
480.392150
98.039215
-137.254898
-970.588256
-1647.058837
-2166.666748
-2156.862792
-1460.784301
-705.882385
-235.294128
68.627449
294.117645
647.058837
1245.098022
1960.784301
2245.098144
1843.137329
431.372558
68.627449
-166.666671
-431.372558
-911.764709
-1617.647094
-2137.254882
-2186.274658
-1519.607910
-784.313720
-274.509796
39.215686
264.705902
588.235290
1176.470581
2166.666748
1764.705932
1117.647094
470.588256
78.431373
-166.666671
-421.568634
-1607.843139
-2117.647216
-2058.823486
-1421.568603
-715.686279
-235.294128
78.431373
754.901977
1411.764770
1970.588256
2166.666748
1686.274536
980.392150
382.352935
39.215686
-205.882354
-460.784332
-1000.000000
-1578.431396
-2107.843261
-2107.843261
-1431.372558
-696.078430
-245.098037
49.019607
686.274536
1313.725463
1941.176513
2176.470703
1676.470581
1009.803955
392.156860
-254.901962
-549.019592
-1147.058837
-1872.549072
-2245.098144
-1960.784301
-1225.490234
-529.411804
-137.254898
107.843139
960.784301
1666.666748
2156.862792
2127.450927
1372.549072
754.901977
264.705902
-303.921569
-735.294128
-1411.764770
-1990.196166
-2107.843261
-1725.490234
-1078.431396
-19.607843
205.882354
509.803924
980.392150
1705.882324
2019.607910
1960.784301
1343.137329
647.058837
186.274520
-372.549041
-794.117675
-1441.176513
-2039.215698
-2205.882324
-1598.039184
-911.764709
-352.941192
-9.803922
215.686279
460.784332
1774.509887
2058.823486
1784.313720
1205.882324
568.627441
137.254898
-137.254898
-901.960815
-1598.039184
-2000.000000
-2137.254882
-1431.372558
-823.529418
58.823532
294.117645
656.862731
1313.725463
1941.176513
2127.450927
1656.862792
362.745117
49.019607
-176.470596
-441.176483
-950.980407
-1686.274536
-2196.078369
-1411.764770
-725.490234
-215.686279
68.627449
323.529418
637.254943
1313.725463
2156.862792
1617.647094
1000.000000
362.745117
39.215686
-196.078430
-470.588256
-1813.725463
-2235.294189
-1911.764770
-1245.098022
-617.647094
-176.470596
88.235298
813.725524
1509.803955
2166.666748
1558.823608
872.549011
303.921569
-313.725494
-647.058837
-1352.941162
-2000.000000
-2196.078369
-1843.137329
-1166.666748
-441.176483
-78.431373
156.862747
421.568634
931.372558
1607.843139
2127.450927
2225.490234
1539.215698
784.313720
274.509796
-333.333343
-696.078430
-1401.960815
-2029.411743
-2078.431396
-1686.274536
-1058.823608
-431.372558
-39.215686
166.666671
1029.411743
1745.098022
2166.666748
1970.588256
1323.529418
666.666687
176.470596
-401.960784
-852.941162
-1549.019653
-2117.647216
-2235.294189
-1539.215698
-794.117675
58.823532
294.117645
637.254943
1313.725463
1950.980468
2245.098144
1852.941162
441.176483
39.215686
-176.470596
-431.372558
-941.176513
-1637.254882
-2166.666748
-2147.058837
-1411.764770
-705.882385
-215.686279
68.627449
303.921569
666.666687
2009.803955
2225.490234
1774.509887
1088.235351
411.764709
58.823532
-166.666671
-1049.019653
-1813.725463
-2254.902099
-2009.803955
-1196.078491
-598.039245
-156.862747
98.039215
362.745117
764.705871
2058.823486
2235.294189
1627.451049
284.313720
-29.411766
-254.901962
-558.823547
-1196.078491
-1882.353027
-2254.902099
-1166.666748
-470.588256
-98.039215
137.254898
411.764709
892.156860
1549.019653
2068.627441
2137.254882
1529.411743
852.941162
-58.823532
-313.725494
-637.254943
-1274.509887
-1970.588256
-2245.098144
-1803.921630
-421.568634
-49.019607
186.274520
460.784332
990.196105
1617.647094
2117.647216
2088.235351
1431.372558
745.098083
235.294128
-68.627449
-294.117645
-617.647094
-1235.294189
-1960.784301
-2235.294189
-1852.941162
-421.568634
-68.627449
176.470596
460.784332
980.392150
1637.254882
2137.254882
1274.509887
647.058837
166.666671
-107.843139
-343.137268
-696.078430
-1274.509887
-2068.627441
-1568.627441
-941.176513
-323.529418
-19.607843
225.490203
460.784332
1852.941162
2078.431396
1813.725463
1205.882324
539.215698
127.450981
-137.254898
-372.549041
-764.705871
-1401.960815
-2009.803955
-1470.588256
-833.333374
-274.509796
0.000000
205.882354
480.392150
1774.509887
2039.215698
1852.941162
1205.882324
539.215698
127.450981
-127.450981
-862.745117
-1500.000000
-2127.450927
-2029.411743
-1450.980468
-852.941162
-294.117645
9.803922
245.098037
549.019592
1117.647094
1813.725463
2215.686279
1960.784301
558.823547
117.647064
-137.254898
-941.176513
-1647.058837
-2186.274658
-2196.078369
-1431.372558
-735.294128
-235.294128
323.529418
735.294128
1470.588256
1931.372558
2078.431396
1607.843139
960.784301
19.607843
-245.098037
-519.607849
-1127.451049
-1833.333374
-2078.431396
-1921.568603
-1313.725463
-627.450988
-176.470596
392.156860
823.529418
1441.176513
2019.607910
2107.843261
1539.215698
882.352966
-49.019607
-284.313720
-588.235290
-1205.882324
-1882.353027
-2235.294189
-1843.137329
-421.568634
-58.823532
186.274520
450.980407
980.392150
1588.235351
2117.647216
1284.313720
617.647094
186.274520
-68.627449
-323.529418
-725.490234
-1392.156860
-1843.137329
-2156.862792
-1735.294189
-333.333343
0.000000
166.666671
431.372558
941.176513
1588.235351
2117.647216
2176.470703
1470.588256
774.509826
245.098037
-333.333343
-666.666687
-1362.745117
-2039.215698
-2264.705810
-1666.666748
-931.372558
9.803922
215.686279
470.588256
1000.000000
1745.098022
2127.450927
2000.000000
1460.784301
774.509826
245.098037
-49.019607
-284.313720
-568.627441
-1196.078491
-1911.764770
-2254.902099
-1862.745117
-1058.823608
-49.019607
176.470596
441.176483
960.784301
1627.451049
2147.058837
2166.666748
686.274536
186.274520
-88.235298
-284.313720
-637.254943
-1274.509887
-1852.941162
-1637.254882
-1000.000000
-382.352935
-49.019607
176.470596
441.176483
1009.803955
2166.666748
2058.823486
1401.960815
647.058837
225.490203
-88.235298
-303.921569
-686.274536
-1362.745117
-2039.215698
-1686.274536
-980.392150
-401.960784
-39.215686
205.882354
480.392150
1000.000000
2147.058837
1931.372558
1235.294189
617.647094
156.862747
-88.235298
-343.137268
-1568.627441
-2049.019531
-2049.019531
-1529.411743
-911.764709
-333.333343
-19.607843
578.431396
1196.078491
1725.490234
2088.235351
1774.509887
1147.058837
500.000000
137.254898
-137.254898
-411.764709
-852.941162
-2147.058837
-2235.294189
-1529.411743
-784.313720
-264.705902
19.607843
264.705902
539.215698
1166.666748
1872.549072
2225.490234
1852.941162
1137.254882
539.215698
137.254898
-117.647064
-382.352935
-833.333374
-2166.666748
-2098.039306
-1401.960815
-794.117675
-284.313720
19.607843
245.098037
1313.725463
1980.392211
2235.294189
1715.686279
1058.823608
441.176483
78.431373
-480.392150
-1019.607849
-1784.313720
-2058.823486
-1990.196166
-1372.549072
-686.274536
-215.686279
68.627449
303.921569
1362.745117
1941.176513
2186.274658
813.725524
284.313720
-9.803922
-225.490203
-519.607849
-1117.647094
-1872.549072
-2176.470703
-1872.549072
-1215.686279
-578.431396
147.058822
362.745117
843.137268
1568.627441
1980.392211
2068.627441
1500.000000
872.549011
372.549041
9.803922
-196.078430
-460.784332
-941.176513
-1578.431396
-2137.254882
-2078.431396
-1421.568603
-696.078430
117.647064
352.941192
784.313720
1470.588256
2088.235351
2264.705810
1656.862792
284.313720
-19.607843
-245.098037
-558.823547
-1166.666748
-1892.156860
-2254.902099
-1901.960815
-1147.058837
-539.215698
-117.647064
107.843139
343.137268
794.117675
2156.862792
2098.039306
1421.568603
754.901977
294.117645
-9.803922
-264.705902
-1225.490234
-1931.372558
-2264.705810
-1843.137329
-1137.254882
-431.372558
-88.235298
480.392150
1058.823608
1784.313720
2176.470703
2049.019531
1294.117675
656.862731
215.686279
-78.431373
-303.921569
-1450.980468
-2088.235351
-2225.490234
-1549.019653
-911.764709
-352.941192
-49.019607
558.823547
1176.470581
1882.353027
2196.078369
1872.549072
1196.078491
539.215698
-166.666671
-431.372558
-941.176513
-1617.647094
-1980.392211
-2107.843261
-1509.803955
-225.490203
58.823532
284.313720
637.254943
1254.901977
1833.333374
2127.450927
1725.490234
1068.627441
450.980407
-205.882354
-480.392150
-1000.000000
-2225.490234
-1931.372558
-1225.490234
-588.235290
-156.862747
107.843139
343.137268
1549.019653
1941.176513
2088.235351
1500.000000
843.137268
343.137268
9.803922
-549.019592
-1078.431396
-1813.725463
-2215.686279
-1941.176513
-1245.098022
-519.607849
147.058822
441.176483
970.588256
1647.058837
2156.862792
2176.470703
1539.215698
813.725524
274.509796
-58.823532
-274.509796
-568.627441
-1196.078491
-1960.784301
-1843.137329
-1078.431396
-411.764709
-78.431373
147.058822
421.568634
931.372558
2107.843261
2098.039306
1431.372558
754.901977
225.490203
-39.215686
-284.313720
-1352.941162
-1921.568603
-2196.078369
-1735.294189
-1039.215698
-372.549041
-39.215686
186.274520
470.588256
1000.000000
1578.431396
2078.431396
2117.647216
1441.176513
774.509826
235.294128
-68.627449
-676.470581
-1294.117675
-1980.392211
-1578.431396
-931.372558
-343.137268
-19.607843
205.882354
480.392150
1000.000000
2225.490234
2000.000000
1352.941162
666.666687
196.078430
-98.039215
-313.725494
-705.882385
-2088.235351
-2156.862792
-1568.627441
-960.784301
-352.941192
-29.411766
578.431396
1186.274536
1735.294189
2098.039306
1833.333374
1205.882324
558.823547
-176.470596
-441.176483
-901.960815
-1578.431396
-2137.254882
-2176.470703
-1500.000000
-225.490203
58.823532
284.313720
666.666687
1323.529418
1882.353027
2088.235351
990.196105
431.372558
58.823532
-186.274520
-421.568634
-931.372558
-1656.862792
-2029.411743
-1421.568603
-715.686279
-205.882354
78.431373
303.921569
656.862731
1921.568603
2147.058837
1637.254882
990.196105
382.352935
19.607843
-196.078430
-1127.451049
-1862.745117
-2078.431396
-1892.156860
-1294.117675
-607.843139
-166.666671
411.764709
872.549011
1549.019653
2068.627441
2186.274658
1529.411743
852.941162
303.921569
-19.607843
-254.901962
-1205.882324
-1911.764770
-2245.098144
-1843.137329
-1049.019653
-411.764709
-88.235298
490.196075
1058.823608
1803.921630
2215.686279
2009.803955
1313.725463
656.862731
196.078430
-78.431373
-303.921569
-686.274536
-1401.960815
-2019.607910
-2186.274658
-1607.843139
-1039.215698
-431.372558
-58.823532
500.000000
1068.627441
1784.313720
2107.843261
1872.549072
1274.509887
647.058837
166.666671
-78.431373
-343.137268
-735.294128
-1431.372558
-1892.156860
-2127.450927
-892.156860
-372.549041
-29.411766
588.235290
1186.274536
1911.764770
2254.902099
1921.568603
1196.078491
539.215698
-156.862747
-421.568634
-960.784301
-1647.058837
-2137.254882
-2029.411743
-1470.588256
-196.078430
58.823532
323.529418
686.274536
1343.137329
1950.980468
2127.450927
1637.254882
1058.823608
441.176483
78.431373
-156.862747
-431.372558
-941.176513
-2215.686279
-2078.431396
-1313.725463
-705.882385
-215.686279
39.215686
294.117645
1460.784301
2068.627441
2245.098144
1686.274536
931.372558
411.764709
58.823532
-490.196075
-1058.823608
-1813.725463
-2235.294189
-1911.764770
-1225.490234
-598.039245
-166.666671
98.039215
333.333343
764.705871
1460.784301
2019.607910
1617.647094
950.980407
362.745117
29.411766
-215.686279
-509.803924
-1029.411743
-2156.862792
-1911.764770
-1294.117675
-607.843139
-147.058822
137.254898
392.156860
1578.431396
2127.450927
2176.470703
1539.215698
852.941162
274.509796
-39.215686
-607.843139
-1245.098022
-1901.960815
-2215.686279
-1843.137329
-1107.843139
-411.764709
205.882354
539.215698
1147.058837
1794.117675
2117.647216
1843.137329
1254.901977
107.843139
-147.058822
-401.960784
-852.941162
-1490.196166
-1980.392211
-2156.862792
-745.098083
-264.705902
29.411766
274.509796
607.843139
1264.705932
1882.353027
2147.058837
1735.294189
1127.451049
509.803924
117.647064
-137.254898
-392.156860
-843.137268
-1519.607910
-1941.176513
-2156.862792
-1578.431396
-921.568664
-343.137268
294.117645
627.450988
1274.509887
1941.176513
2205.882324
1852.941162
1166.666748
39.215686
-205.882354
-460.784332
-1039.215698
-1803.921630
-2137.254882
-1950.980468
-539.215698
-147.058822
117.647064
352.941192
813.725524
1519.607910
2019.607910
1558.823608
862.745117
-49.019607
-284.313720
-578.431396
-1245.098022
-1950.980468
-2274.509765
-1833.333374
-421.568634
-88.235298
166.666671
460.784332
970.588256
1676.470581
2166.666748
1362.745117
656.862731
196.078430
-88.235298
-303.921569
-656.862731
-1264.705932
-2117.647216
-1617.647094
-941.176513
-372.549041
-49.019607
186.274520
490.196075
1039.215698
1686.274536
2029.411743
1196.078491
558.823547
156.862747
-107.843139
-372.549041
-803.921569
-1480.392211
-2098.039306
-1450.980468
-843.137268
-294.117645
0.000000
205.882354
431.372558
1833.333374
2098.039306
1862.745117
1215.686279
578.431396
137.254898
-98.039215
-862.745117
-1627.451049
-2098.039306
-2088.235351
-1490.196166
-882.352966
-323.529418
-9.803922
225.490203
529.411804
1127.451049
1813.725463
2088.235351
1833.333374
1245.098022
588.235290
166.666671
-107.843139
-352.941192
-715.686279
-1333.333374
-2009.803955
-1509.803955
-892.156860
-333.333343
-19.607843
254.901962
490.196075
1098.039184
2156.862792
1705.882324
1107.843139
490.196075
78.431373
-147.058822
-411.764709
-1676.470581
-2196.078369
-2098.039306
-1352.941162
-745.098083
-254.901962
29.411766
264.705902
598.039245
1245.098022
1950.980468
2205.882324
1784.313720
1107.843139
500.000000
137.254898
-117.647064
-872.549011
-1578.431396
-2166.666748
-2225.490234
-784.313720
-245.098037
39.215686
274.509796
588.235290
1147.058837
1813.725463
2156.862792
1794.117675
1176.470581
58.823532
-186.274520
-421.568634
-921.568664
-1549.019653
-2098.039306
-2137.254882
-666.666687
-196.078430
78.431373
303.921569
666.666687
1352.941162
1823.529418
1558.823608
872.549011
343.137268
39.215686
-205.882354
-490.196075
-1049.019653
-2215.686279
-1990.196166
-1196.078491
-568.627441
-137.254898
107.843139
352.941192
803.921569
1500.000000
2058.823486
1568.627441
931.372558
343.137268
-9.803922
-205.882354
-509.803924
-1088.235351
-2147.058837
-1794.117675
-1235.294189
-558.823547
-137.254898
127.450981
392.156860
1500.000000
2147.058837
2196.078369
1460.784301
813.725524
362.745117
-9.803922
-568.627441
-1176.470581
-1911.764770
-2254.902099
-1901.960815
-1225.490234
-480.392150
176.470596
460.784332
1029.411743
1754.901977
2166.666748
2029.411743
1294.117675
676.470581
205.882354
-68.627449
-725.490234
-1470.588256
-2068.627441
-2166.666748
-1568.627441
-970.588256
-362.745117
235.294128
539.215698
1127.451049
1686.274536
2098.039306
1852.941162
1245.098022
88.235298
-147.058822
-411.764709
-911.764709
-1598.039184
-2009.803955
-2078.431396
-1509.803955
-872.549011
-294.117645
9.803922
225.490203
539.215698
1137.254882
1803.921630
2068.627441
1813.725463
1254.901977
598.039245
147.058822
-98.039215
-362.745117
-1588.235351
-2068.627441
-2078.431396
-1529.411743
-882.352966
-333.333343
0.000000
176.470596
450.980407
960.784301
2176.470703
1980.392211
1245.098022
598.039245
186.274520
-78.431373
-333.333343
-735.294128
-1441.176513
-1921.568603
-2117.647216
-1666.666748
-1029.411743
-431.372558
-39.215686
196.078430
431.372558
1000.000000
1558.823608
2009.803955
2049.019531
1431.372558
156.862747
-107.843139
-343.137268
-715.686279
-1333.333374
-2058.823486
-2235.294189
-921.568664
-343.137268
-9.803922
215.686279
509.803924
1098.039184
1725.490234
1843.137329
1127.451049
519.607849
127.450981
-137.254898
-382.352935
-813.725524
-2166.666748
-2068.627441
-1431.372558
-784.313720
-254.901962
39.215686
235.294128
578.431396
1245.098022
1852.941162
2049.019531
1784.313720
1166.666748
549.019592
156.862747
-127.450981
-352.941192
-784.313720
-2019.607910
-2058.823486
-1470.588256
-803.921569
-254.901962
9.803922
254.901962
1333.333374
1990.196166
2176.470703
1754.901977
1078.431396
421.568634
68.627449
-480.392150
-1049.019653
-1803.921630
-2078.431396
-2000.000000
-1352.941162
-686.274536
-215.686279
58.823532
303.921569
1490.196166
2039.215698
2137.254882
1519.607910
921.568664
352.941192
19.607843
-519.607849
-1117.647094
-1862.745117
-2235.294189
-1843.137329
-1205.882324
-549.019592
137.254898
382.352935
833.333374
1519.607910
1960.784301
2058.823486
1450.980468
205.882354
-58.823532
-333.333343
-686.274536
-1333.333374
-1833.333374
-2166.666748
-1774.509887
-1137.254882
-460.784332
215.686279
519.607849
1117.647094
1803.921630
2225.490234
2039.215698
1294.117675
117.647064
-156.862747
-411.764709
-892.156860
-1607.843139
-2127.450927
-2117.647216
-764.705871
-264.705902
19.607843
245.098037
568.627441
1166.666748
1892.156860
2225.490234
1892.156860
1254.901977
68.627449
-156.862747
-411.764709
-872.549011
-1549.019653
-2078.431396
-2186.274658
-735.294128
-225.490203
58.823532
303.921569
598.039245
1196.078491
1813.725463
1578.431396
980.392150
411.764709
78.431373
-166.666671
-441.176483
-970.588256
-2196.078369
-2098.039306
-1401.960815
-705.882385
-225.490203
49.019607
294.117645
607.843139
1294.117675
1970.588256
1656.862792
1019.607849
392.156860
39.215686
-215.686279
-441.176483
-931.372558
-2127.450927
-1901.960815
-1284.313720
-637.254943
-196.078430
88.235298
303.921569
1539.215698
1970.588256
2039.215698
1529.411743
862.745117
313.725494
9.803922
-539.215698
-1196.078491
-1941.176513
-2156.862792
-1745.098022
-1176.470581
-519.607849
-127.450981
147.058822
362.745117
1656.862792
2058.823486
2019.607910
1392.156860
774.509826
245.098037
-29.411766
-686.274536
-1382.353027
-2019.607910
-2196.078369
-1627.451049
-1058.823608
-441.176483
205.882354
490.196075
1000.000000
1754.901977
2156.862792
1941.176513
1254.901977
166.666671
-107.843139
-372.549041
-823.529418
-1519.607910
-1950.980468
-2137.254882
-1588.235351
-950.980407
-343.137268
264.705902
558.823547
1137.254882
1852.941162
2196.078369
1852.941162
1215.686279
78.431373
-176.470596
-431.372558
-892.156860
-1598.039184
-2137.254882
-2166.666748
-696.078430
-196.078430
68.627449
294.117645
627.450988
1284.313720
1813.725463
1568.627441
950.980407
382.352935
49.019607
-186.274520
-441.176483
-1019.607849
-1764.705932
-2107.843261
-2009.803955
-588.235290
-166.666671
98.039215
323.529418
725.490234
1392.156860
2039.215698
1666.666748
980.392150
362.745117
19.607843
-205.882354
-500.000000
-1039.215698
-2205.882324
-1833.333374
-1274.509887
-607.843139
-166.666671
88.235298
313.725494
1598.039184
2029.411743
2058.823486
1431.372558
843.137268
294.117645
-9.803922
-245.098037
-519.607849
-1088.235351
-1862.745117
-2156.862792
-1833.333374
-1284.313720
-117.647064
156.862747
392.156860
784.313720
1490.196166
1921.568603
2088.235351
745.098083
284.313720
-39.215686
-264.705902
-588.235290
-1235.294189
-1960.784301
-1833.333374
-1098.039184
-441.176483
-78.431373
156.862747
441.176483
970.588256
1647.058837
2156.862792
2127.450927
745.098083
235.294128
-49.019607
-284.313720
-607.843139
-1205.882324
-1941.176513
-1725.490234
-1058.823608
-411.764709
-58.823532
186.274520
460.784332
980.392150
2000.000000
2068.627441
1313.725463
617.647094
205.882354
-68.627449
-313.725494
-1460.784301
-2068.627441
-2264.705810
-1647.058837
-911.764709
-372.549041
-39.215686
196.078430
460.784332
1019.607849
2176.470703
1990.196166
1372.549072
676.470581
186.274520
-88.235298
-343.137268
-1401.960815
-2019.607910
-2205.882324
-1617.647094
-950.980407
-352.941192
-29.411766
558.823547
1196.078491
1882.353027
2205.882324
1862.745117
1196.078491
539.215698
-176.470596
-441.176483
-1009.803955
-1774.509887
-2156.862792
-1970.588256
-1362.745117
-705.882385
-196.078430
78.431373
294.117645
627.450988
1313.725463
1823.529418
2107.843261
1745.098022
1078.431396
450.980407
-225.490203
-480.392150
-980.392150
-1647.058837
-2078.431396
-2039.215698
-1421.568603
-147.058822
117.647064
372.549041
754.901977
1431.372558
2029.411743
2196.078369
803.921569
274.509796
-19.607843
-245.098037
-578.431396
-1176.470581
-1745.098022
-2117.647216
-1892.156860
-1294.117675
-107.843139
147.058822
382.352935
852.941162
1500.000000
2000.000000
2225.490234
852.941162
303.921569
-19.607843
-245.098037
-519.607849
-1088.235351
-1823.529418
-1794.117675
-1166.666748
-490.196075
-107.843139
156.862747
411.764709
882.352966
2029.411743
2049.019531
1431.372558
745.098083
225.490203
-58.823532
-303.921569
-1441.176513
-1852.941162
-2176.470703
-1725.490234
-1049.019653
-411.764709
-49.019607
529.411804
1117.647094
1823.529418
2225.490234
1970.588256
1303.921630
637.254943
166.666671
-127.450981
-382.352935
-803.921569
-1519.607910
-2107.843261
-2107.843261
-1539.215698
-931.372558
-362.745117
-9.803922
588.235290
1235.294189
1852.941162
2088.235351
1784.313720
1166.666748
500.000000
-166.666671
-431.372558
-950.980407
-1666.666748
-2098.039306
-2029.411743
-1480.392211
-205.882354
68.627449
313.725494
676.470581
1372.549072
1950.980468
2127.450927
1058.823608
401.960784
39.215686
-186.274520
-470.588256
-980.392150
-1696.078491
-2009.803955
-1372.549072
-705.882385
-205.882354
88.235298
323.529418
656.862731
1294.117675
1960.784301
2205.882324
950.980407
352.941192
19.607843
-196.078430
-490.196075
-1049.019653
-1686.274536
-1882.353027
-1205.882324
-578.431396
-166.666671
98.039215
343.137268
725.490234
2107.843261
2215.686279
1529.411743
813.725524
343.137268
9.803922
-205.882354
-1098.039184
-1813.725463
-2235.294189
-1921.568603
-1156.862792
-490.196075
-107.843139
137.254898
392.156860
862.745117
1588.235351
1990.196166
2019.607910
1460.784301
843.137268
303.921569
0.000000
-186.274520
-470.588256
-1000.000000
-1735.294189
-2088.235351
-2029.411743
-1421.568603
-754.901977
98.039215
333.333343
715.686279
1401.960815
1911.764770
2068.627441
1607.843139
294.117645
0.000000
-176.470596
-450.980407
-970.588256
-1647.058837
-2009.803955
-2078.431396
-1441.176513
-774.509826
-235.294128
352.941192
735.294128
1431.372558
2039.215698
2254.902099
1686.274536
1019.607849
372.549041
29.411766
-205.882354
-1137.254882
-1872.549072
-2264.705810
-1882.353027
-1147.058837
-529.411804
-137.254898
411.764709
941.176513
1676.470581
2088.235351
1990.196166
1392.156860
784.313720
-68.627449
-333.333343
-1470.588256
-2088.235351
-2127.450927
-1558.823608
-931.372558
-333.333343
-29.411766
558.823547
1215.686279
1794.117675
2078.431396
1823.529418
1235.294189
529.411804
127.450981
-147.058822
-372.549041
-1519.607910
-2068.627441
-2137.254882
-1500.000000
-843.137268
-284.313720
0.000000
205.882354
470.588256
1029.411743
1735.294189
2186.274658
2058.823486
1372.549072
676.470581
205.882354
-88.235298
-313.725494
-666.666687
-1980.392211
-2215.686279
-1647.058837
-980.392150
-372.549041
-29.411766
186.274520
460.784332
1049.019653
1774.509887
1872.549072
1264.705932
578.431396
156.862747
-117.647064
-352.941192
-774.509826
-1450.980468
-2049.019531
-2245.098144
-1627.451049
-901.960815
-372.549041
-19.607843
205.882354
1176.470581
1872.549072
2215.686279
1921.568603
1264.705932
598.039245
156.862747
-117.647064
-372.549041
-803.921569
-2088.235351
-2186.274658
-1568.627441
-862.745117
-303.921569
9.803922
245.098037
1156.862792
1843.137329
2176.470703
1764.705932
1156.862792
509.803924
107.843139
-450.980407
-960.784301
-1568.627441
-2137.254882
-2127.450927
-1460.784301
-754.901977
107.843139
352.941192
745.098083
1421.568603
1980.392211
2215.686279
1725.490234
1039.215698
392.156860
39.215686
-205.882354
-460.784332
-1029.411743
-1794.117675
-2000.000000
-1362.745117
-686.274536
-186.274520
98.039215
333.333343
676.470581
1931.372558
2107.843261
1558.823608
950.980407
352.941192
-9.803922
-196.078430
-1147.058837
-1892.156860
-2215.686279
-1774.509887
-1225.490234
-558.823547
166.666671
411.764709
862.745117
1529.411743
2029.411743
2107.843261
1460.784301
176.470596
-78.431373
-313.725494
-637.254943
-1245.098022
-1921.568603
-2186.274658
-980.392150
-372.549041
-49.019607
176.470596
480.392150
1039.215698
1696.078491
2029.411743
1245.098022
598.039245
186.274520
-107.843139
-372.549041
-774.509826
-1490.196166
-1901.960815
-2176.470703
-872.549011
-323.529418
-19.607843
235.294128
539.215698
1137.254882
1823.529418
1852.941162
1147.058837
519.607849
137.254898
-137.254898
-421.568634
-882.352966
-2196.078369
-2215.686279
-1450.980468
-745.098083
-264.705902
39.215686
284.313720
1352.941162
2000.000000
2147.058837
1803.921630
1166.666748
519.607849
98.039215
-431.372558
-941.176513
-1558.823608
-2088.235351
-2107.843261
-1470.588256
-754.901977
88.235298
323.529418
676.470581
1294.117675
1941.176513
2196.078369
1725.490234
313.725494
9.803922
-215.686279
-509.803924
-1058.823608
-1813.725463
-2058.823486
-1166.666748
-529.411804
-156.862747
117.647064
352.941192
754.901977
1460.784301
2186.274658
1450.980468
764.705871
313.725494
-9.803922
-245.098037
-509.803924
-1735.294189
-2147.058837
-1872.549072
-1215.686279
-558.823547
-117.647064
147.058822
392.156860
852.941162
1568.627441
2137.254882
2245.098144
1588.235351
843.137268
352.941192
0.000000
-196.078430
-509.803924
-1833.333374
-2215.686279
-1882.353027
-1205.882324
-558.823547
-176.470596
107.843139
843.137268
1519.607910
1950.980468
2068.627441
1460.784301
823.529418
284.313720
-29.411766
-254.901962
-558.823547
-1166.666748
-1745.098022
-2156.862792
-1911.764770
-1274.509887
-588.235290
-156.862747
117.647064
382.352935
813.725524
1529.411743
2107.843261
1529.411743
843.137268
264.705902
-29.411766
-264.705902
-558.823547
-1205.882324
-2196.078369
-1794.117675
-1147.058837
-441.176483
-88.235298
156.862747
421.568634
941.176513
1666.666748
2166.666748
1441.176513
745.098083
215.686279
-58.823532
-294.117645
-637.254943
-1303.921630
-2215.686279
-1715.686279
-1039.215698
-372.549041
-49.019607
196.078430
450.980407
1637.254882
2107.843261
1931.372558
1303.921630
637.254943
186.274520
-107.843139
-803.921569
-1490.196166
-2078.431396
-2225.490234
-1549.019653
-794.117675
-274.509796
9.803922
245.098037
480.392150
1009.803955
1735.294189
2156.862792
1990.196166
1323.529418
647.058837
166.666671
-401.960784
-823.529418
-1558.823608
-2127.450927
-2235.294189
-1539.215698
-823.529418
-264.705902
9.803922
225.490203
500.000000
1058.823608
1686.274536
2039.215698
1980.392211
539.215698
137.254898
-117.647064
-352.941192
-794.117675
-1411.764770
-1970.588256
-1480.392211
-813.725524
-284.313720
29.411766
254.901962
529.411804
1117.647094
2176.470703
1705.882324
1088.235351
460.784332
88.235298
-156.862747
-421.568634
-1735.294189
-2137.254882
-1970.588256
-1362.745117
-725.490234
-245.098037
49.019607
284.313720
656.862731
1303.921630
2264.705810
1774.509887
1058.823608
421.568634
68.627449
-166.666671
-431.372558
-1715.686279
-2205.882324
-2078.431396
-1264.705932
-627.450988
-196.078430
78.431373
784.313720
1509.803955
2107.843261
2245.098144
1637.254882
941.176513
382.352935
-274.509796
-598.039245
-1245.098022
-1980.392211
-2137.254882
-1754.901977
-1156.862792
-68.627449
176.470596
450.980407
970.588256
1666.666748
2078.431396
1980.392211
1362.745117
745.098083
225.490203
-333.333343
-715.686279
-1401.960815
-1843.137329
-2176.470703
-1745.098022
-1068.627441
-441.176483
-39.215686
186.274520
1049.019653
1813.725463
2176.470703
1970.588256
1333.333374
656.862731
147.058822
-98.039215
-333.333343
-715.686279
-1401.960815
-2019.607910
-2294.117675
-1705.882324
-931.372558
-19.607843
235.294128
549.019592
1117.647094
1892.156860
2245.098144
1990.196166
1235.294189
558.823547
156.862747
-421.568634
-901.960815
-1607.843139
-2107.843261
-2029.411743
-1470.588256
-823.529418
39.215686
284.313720
647.058837
1303.921630
1901.960815
2127.450927
1676.470581
382.352935
49.019607
-166.666671
-441.176483
-980.392150
-1686.274536
-2196.078369
-1421.568603
-676.470581
-205.882354
78.431373
284.313720
647.058837
1323.529418
2137.254882
1617.647094
1000.000000
372.549041
58.823532
-196.078430
-470.588256
-1823.529418
-2225.490234
-1921.568603
-1235.294189
-617.647094
-176.470596
78.431373
852.941162
1539.215698
2098.039306
2156.862792
1460.784301
872.549011
362.745117
-274.509796
-627.450988
-1254.901977
-1901.960815
-2088.235351
-1803.921630
-1186.274536
-68.627449
166.666671
421.568634
901.960815
1617.647094
1970.588256
2029.411743
1421.568603
735.294128
225.490203
-333.333343
-686.274536
-1284.313720
-2058.823486
-1549.019653
-921.568664
-343.137268
-19.607843
205.882354
490.196075
1892.156860
2245.098144
1950.980468
1264.705932
568.627441
166.666671
-107.843139
-372.549041
-813.725524
-1519.607910
-2029.411743
-1450.980468
-813.725524
-284.313720
19.607843
245.098037
549.019592
1117.647094
1872.549072
2264.705810
1980.392211
1245.098022
578.431396
166.666671
-117.647064
-372.549041
-803.921569
-1500.000000
-2039.215698
-1647.058837
-980.392150
-362.745117
-39.215686
215.686279
470.588256
1019.607849
2147.058837
1862.745117
1215.686279
568.627441
117.647064
-127.450981
-382.352935
-794.117675
-1519.607910
-2107.843261
-1539.215698
-852.941162
-294.117645
29.411766
254.901962
558.823547
1176.470581
2088.235351
1754.901977
1127.451049
460.784332
88.235298
-137.254898
-392.156860
-1745.098022
-2058.823486
-2029.411743
-1401.960815
-745.098083
-245.098037
29.411766
735.294128
1421.568603
1911.764770
2078.431396
1627.451049
970.588256
372.549041
29.411766
-186.274520
-470.588256
-1000.000000
-2117.647216
-2098.039306
-1431.372558
-735.294128
-245.098037
58.823532
715.686279
1333.333374
1970.588256
2176.470703
1676.470581
1019.607849
392.156860
-254.901962
-539.215698
-1147.058837
-1892.156860
-2254.902099
-1872.549072
-1147.058837
-88.235298
156.862747
431.372558
921.568664
1656.862792
2166.666748
2147.058837
774.509826
245.098037
-68.627449
-294.117645
-588.235290
-1176.470581
-1901.960815
-1686.274536
-1068.627441
-441.176483
-58.823532
196.078430
441.176483
950.980407
2107.843261
1901.960815
1303.921630
637.254943
196.078430
-78.431373
-333.333343
-1529.411743
-1980.392211
-2147.058837
-1617.647094
-931.372558
-372.549041
-9.803922
558.823547
1196.078491
1872.549072
2107.843261
1794.117675
1205.882324
539.215698
137.254898
-137.254898
-372.549041
-754.901977
-1392.156860
-2029.411743
-2235.294189
-1617.647094
-941.176513
-343.137268
-19.607843
588.235290
1225.490234
1931.372558
2235.294189
1852.941162
1186.274536
500.000000
-166.666671
-421.568634
-921.568664
-1627.451049
-2176.470703
-2186.274658
-1500.000000
-862.745117
-284.313720
0.000000
568.627441
1196.078491
1862.745117
2196.078369
1872.549072
1254.901977
568.627441
-186.274520
-450.980407
-960.784301
-1676.470581
-2215.686279
-2137.254882
-1333.333374
-186.274520
78.431373
352.941192
696.078430
1411.764770
2029.411743
2235.294189
990.196105
362.745117
29.411766
-225.490203
-450.980407
-941.176513
-1588.235351
-2117.647216
-2117.647216
-1441.176513
-176.470596
127.450981
362.745117
784.313720
1490.196166
2068.627441
2245.098144
872.549011
313.725494
-9.803922
-235.294128
-539.215698
-1156.862792
-1705.882324
-1745.098022
-1166.666748
-500.000000
-156.862747
117.647064
392.156860
833.333374
2127.450927
2205.882324
1568.627441
901.960815
313.725494
-9.803922
-235.294128
-1245.098022
-1784.313720
-2156.862792
-1823.529418
-1196.078491
-529.411804
-127.450981
480.392150
1019.607849
1794.117675
2176.470703
2068.627441
1323.529418
637.254943
-107.843139
-392.156860
-833.333374
-1549.019653
-1941.176513
-2156.862792
-1598.039184
-284.313720
19.607843
676.470581
1362.745117
1901.960815
1686.274536
960.784301
421.568634
58.823532
-186.274520
-441.176483
-990.196105
-2058.823486
-2000.000000
-1303.921630
-676.470581
-205.882354
78.431373
323.529418
1490.196166
2049.019531
2166.666748
1568.627441
931.372558
343.137268
29.411766
-539.215698
-1166.666748
-1892.156860
-2058.823486
-1813.725463
-1235.294189
-578.431396
-147.058822
137.254898
372.549041
1549.019653
2058.823486
2117.647216
1470.588256
813.725524
264.705902
-29.411766
-627.450988
-1274.509887
-1843.137329
-2147.058837
-1784.313720
-1127.451049
-470.588256
225.490203
500.000000
970.588256
1666.666748
1990.196166
2019.607910
1401.960815
137.254898
-107.843139
-343.137268
-725.490234
-1372.549072
-1980.392211
-2205.882324
-1666.666748
-941.176513
-382.352935
284.313720
627.450988
1245.098022
1911.764770
2225.490234
1872.549072
1176.470581
88.235298
-166.666671
-421.568634
-931.372558
-1637.254882
-2176.470703
-2235.294189
-754.901977
-235.294128
68.627449
294.117645
617.647094
1245.098022
1901.960815
1607.843139
1000.000000
421.568634
78.431373
-176.470596
-441.176483
-960.784301
-1676.470581
-2166.666748
-2107.843261
-735.294128
-235.294128
39.215686
303.921569
656.862731
1333.333374
2000.000000
1568.627441
1009.803955
401.960784
49.019607
-176.470596
-421.568634
-960.784301
-2147.058837
-2147.058837
-1480.392211
-705.882385
-245.098037
39.215686
294.117645
1392.156860
2009.803955
2215.686279
1705.882324
1058.823608
421.568634
39.215686
-176.470596
-441.176483
-1009.803955
-1774.509887
-2000.000000
-1323.529418
-666.666687
-186.274520
88.235298
323.529418
666.666687
1313.725463
1852.941162
2156.862792
1715.686279
1078.431396
441.176483
58.823532
-186.274520
-431.372558
-941.176513
-1637.254882
-1980.392211
-1362.745117
-696.078430
-196.078430
68.627449
333.333343
666.666687
2009.803955
2088.235351
1578.431396
921.568664
352.941192
39.215686
-205.882354
-1205.882324
-1833.333374
-2107.843261
-1862.745117
-1254.901977
-598.039245
-166.666671
421.568634
921.568664
1627.451049
2127.450927
2166.666748
1509.803955
813.725524
264.705902
-19.607843
-284.313720
-578.431396
-1225.490234
-1911.764770
-2245.098144
-1901.960815
-1166.666748
-480.392150
-107.843139
431.372558
970.588256
1696.078491
2039.215698
1970.588256
1352.941162
705.882385
-98.039215
-343.137268
-784.313720
-1450.980468
-1911.764770
-2137.254882
-1637.254882
-1009.803955
-401.960784
-49.019607
156.862747
450.980407
931.372558
1568.627441
2058.823486
2049.019531
1411.764770
735.294128
-117.647064
-343.137268
-745.098083
-1343.137329
-2039.215698
-2294.117675
-1656.862792
-313.725494
19.607843
264.705902
539.215698
1127.451049
1823.529418
2215.686279
1196.078491
509.803924
88.235298
-137.254898
-372.549041
-813.725524
-1450.980468
-2009.803955
-1401.960815
-794.117675
-264.705902
29.411766
264.705902
588.235290
2029.411743
2254.902099
1784.313720
1078.431396
431.372558
68.627449
-166.666671
-990.196105
-1696.078491
-2205.882324
-2117.647216
-1303.921630
-166.666671
98.039215
323.529418
725.490234
1382.353027
2019.607910
2254.902099
931.372558
333.333343
19.607843
-225.490203
-500.000000
-1009.803955
-1774.509887
-2049.019531
-1343.137329
-607.843139
-186.274520
88.235298
313.725494
735.294128
1990.196166
2176.470703
1617.647094
941.176513
313.725494
9.803922
-205.882354
-490.196075
-1078.431396
-1666.666748
-2078.431396
-2049.019531
-1372.549072
-696.078430
98.039215
323.529418
735.294128
1421.568603
1911.764770
2078.431396
1617.647094
284.313720
-19.607843
-264.705902
-568.627441
-1196.078491
-1764.705932
-2117.647216
-1107.843139
-480.392150
-98.039215
137.254898
411.764709
843.137268
1588.235351
2127.450927
1372.549072
715.686279
264.705902
-29.411766
-284.313720
-598.039245
-1264.705932
-1970.588256
-2147.058837
-1088.235351
-401.960784
-68.627449
166.666671
431.372558
980.392150
1666.666748
2107.843261
1411.764770
715.686279
215.686279
-88.235298
-303.921569
-637.254943
-1901.960815
-2186.274658
-1725.490234
-1009.803955
-382.352935
-39.215686
196.078430
1127.451049
1852.941162
2245.098144
1950.980468
1303.921630
617.647094
166.666671
-401.960784
-911.764709
-1617.647094
-2166.666748
-2196.078369
-1470.588256
-764.705871
68.627449
294.117645
647.058837
1323.529418
2009.803955
2294.117675
1803.921630
1068.627441
411.764709
78.431373
-176.470596
-421.568634
-921.568664
-1666.666748
-2147.058837
-2029.411743
-1421.568603
-813.725524
68.627449
303.921569
686.274536
1382.353027
1921.568603
2078.431396
1666.666748
1039.215698
401.960784
78.431373
-509.803924
-1068.627441
-1656.862792
-2117.647216
-2009.803955
-1392.156860
-686.274536
127.450981
392.156860
852.941162
1509.803955
2107.843261
2225.490234
1588.235351
274.509796
-58.823532
-274.509796
-588.235290
-1215.686279
-1941.176513
-2284.313720
-1107.843139
-392.156860
235.294128
529.411804
1147.058837
1872.549072
2205.882324
1872.549072
1186.274536
117.647064
-147.058822
-421.568634
-1745.098022
-2176.470703
-2098.039306
