-147.058822
127.450981
352.941192
794.117675
1960.784301
2088.235351
1450.980468
813.725524
284.313720
-29.411766
-254.901962
-1362.745117
-1843.137329
-2176.470703
-1754.901977
-1107.843139
-450.980407
-88.235298
490.196075
1000.000000
1725.490234
2058.823486
1931.372558
1323.529418
676.470581
205.882354
-68.627449
-313.725494
-1500.000000
-2009.803955
-2284.313720
-1686.274536
-980.392150
-392.156860
-68.627449
529.411804
1098.039184
1833.333374
2205.882324
1931.372558
1225.490234
578.431396
-147.058822
-421.568634
-921.568664
-1568.627441
-1941.176513
-2098.039306
-1519.607910
-225.490203
58.823532
294.117645
598.039245
1303.921630
1823.529418
2117.647216
1754.901977
1107.843139
470.588256
78.431373
-137.254898
-401.960784
-833.333374
-2049.019531
-1980.392211
-1431.372558
-725.490234
-225.490203
39.215686
274.509796
578.431396
1205.882324
1813.725463
2117.647216
1774.509887
1127.451049
490.196075
98.039215
-147.058822
-392.156860
-803.921569
-2117.647216
-1990.196166
-1421.568603
-754.901977
-245.098037
29.411766
264.705902
1411.764770
1980.392211
2088.235351
1627.451049
1009.803955
392.156860
49.019607
-500.000000
-970.588256
-1627.451049
-2098.039306
-2088.235351
-1460.784301
-774.509826
78.431373
333.333343
686.274536
1313.725463
1950.980468
2166.666748
1686.274536
323.529418
-29.411766
-235.294128
-500.000000
-1098.039184
-1803.921630
-2058.823486
-1147.058837
-529.411804
-127.450981
107.843139
362.745117
764.705871
1480.392211
1882.353027
2088.235351
1519.607910
892.156860
323.529418
0.000000
-176.470596
-431.372558
-931.372558
-1617.647094
-2117.647216
-1323.529418
-666.666687
-225.490203
78.431373
313.725494
637.254943
1303.921630
2147.058837
1519.607910
911.764709
421.568634
39.215686
-196.078430
-460.784332
-1764.705932
-2225.490234
-2019.607910
-1333.333374
-558.823547
-156.862747
78.431373
872.549011
1578.431396
2147.058837
2235.294189
1539.215698
794.117675
323.529418
-333.333343
-686.274536
-1392.156860
-1950.980468
-2058.823486
-1715.686279
-1107.843139
-460.784332
-68.627449
166.666671
411.764709
901.960815
1519.607910
2019.607910
2068.627441
1450.980468
803.921569
274.509796
-303.921569
-666.666687
-1274.509887
-1941.176513
-2215.686279
-1764.705932
-1039.215698
-19.607843
225.490203
519.607849
1058.823608
1794.117675
2215.686279
2049.019531
558.823547
117.647064
-127.450981
-382.352935
-794.117675
-1529.411743
-2107.843261
-1500.000000
-843.137268
-294.117645
9.803922
235.294128
539.215698
1166.666748
2235.294189
1892.156860
1196.078491
500.000000
127.450981
-117.647064
-362.745117
-1480.392211
-2088.235351
-2166.666748
-1529.411743
-764.705871
-245.098037
29.411766
284.313720
578.431396
1245.098022
1901.960815
2215.686279
1892.156860
1225.490234
549.019592
137.254898
-127.450981
-392.156860
-1676.470581
-2156.862792
-2176.470703
-1441.176513
-725.490234
-254.901962
68.627449
696.078430
1352.941162
2009.803955
2245.098144
1794.117675
1098.039184
421.568634
-245.098037
-539.215698
-1137.254882
-1823.529418
-2058.823486
-1911.764770
-1284.313720
-627.450988
-186.274520
88.235298
323.529418
676.470581
1352.941162
1862.745117
2137.254882
1637.254882
980.392150
382.352935
-225.490203
-509.803924
-1107.843139
-1725.490234
-2156.862792
-1970.588256
-1313.725463
-117.647064
156.862747
421.568634
892.156860
1578.431396
2107.843261
2176.470703
735.294128
225.490203
-58.823532
-284.313720
-568.627441
-1186.274536
-1941.176513
-1686.274536
-1049.019653
-401.960784
-49.019607
176.470596
450.980407
941.176513
2078.431396
1882.353027
1284.313720
637.254943
176.470596
-88.235298
-323.529418
-715.686279
-1362.745117
-1892.156860
-1549.019653
-921.568664
-333.333343
-19.607843
196.078430
509.803924
1098.039184
2235.294189
1960.784301
1215.686279
519.607849
156.862747
-107.843139
-382.352935
-1666.666748
-2107.843261
-2019.607910
-1441.176513
-794.117675
-284.313720
19.607843
676.470581
1352.941162
1872.549072
2058.823486
1617.647094
1049.019653
421.568634
78.431373
-156.862747
-450.980407
-1764.705932
-2205.882324
-1970.588256
-1323.529418
-676.470581
-215.686279
58.823532
784.313720
1480.392211
1931.372558
2088.235351
1568.627441
921.568664
333.333343
-274.509796
-578.431396
-1147.058837
-1833.333374
-2205.882324
-1892.156860
-1215.686279
-88.235298
176.470596
431.372558
921.568664
1617.647094
2137.254882
2127.450927
1490.196166
823.529418
284.313720
-343.137268
-686.274536
-1372.549072
-2019.607910
-2264.705810
-1735.294189
-950.980407
-29.411766
215.686279
490.196075
1049.019653
1784.313720
2215.686279
2039.215698
1343.137329
588.235290
166.666671
-382.352935
-862.745117
-1607.843139
-2117.647216
-1470.588256
-735.294128
-264.705902
19.607843
264.705902
558.823547
1205.882324
1901.960815
2215.686279
1872.549072
460.784332
68.627449
-156.862747
-970.588256
-1588.235351
-2117.647216
-2049.019531
-1431.372558
-696.078430
-235.294128
352.941192
784.313720
1460.784301
2009.803955
2225.490234
1647.058837
980.392150
0.000000
-205.882354
-480.392150
-1029.411743
-1794.117675
-2186.274658
-1852.941162
-519.607849
-147.058822
117.647064
401.960784
813.725524
1529.411743
2098.039306
2235.294189
1607.843139
862.745117
-19.607843
-274.509796
-558.823547
-1196.078491
-1941.176513
-2166.666748
-1715.686279
-411.764709
-88.235298
156.862747
431.372558
941.176513
1666.666748
2176.470703
1421.568603
725.490234
235.294128
-68.627449
-303.921569
-617.647094
-1264.705932
-2156.862792
-1715.686279
-1058.823608
-401.960784
-49.019607
205.882354
441.176483
1656.862792
2088.235351
1960.784301
1313.725463
627.450988
156.862747
-107.843139
-813.725524
-1460.784301
-2078.431396
-2196.078369
-1568.627441
-852.941162
-333.333343
9.803922
205.882354
490.196075
1049.019653
1774.509887
2137.254882
1941.176513
1323.529418
637.254943
147.058822
-98.039215
-774.509826
-1441.176513
-2000.000000
-2107.843261
-1539.215698
-931.372558
-352.941192
-19.607843
215.686279
480.392150
1039.215698
2107.843261
1715.686279
1166.666748
519.607849
107.843139
-147.058822
-382.352935
-1588.235351
-2088.235351
-2147.058837
-1509.803955
-803.921569
-284.313720
352.941192
705.882385
1401.960815
2029.411743
2254.902099
1745.098022
1039.215698
392.156860
49.019607
-176.470596
-441.176483
-1676.470581
-2117.647216
-2029.411743
-1343.137329
-578.431396
-156.862747
78.431373
343.137268
754.901977
1441.176513
2196.078369
1607.843139
941.176513
-29.411766
-264.705902
-578.431396
-1176.470581
-1901.960815
-2245.098144
-1862.745117
-470.588256
-88.235298
166.666671
421.568634
931.372558
1607.843139
2147.058837
2186.274658
1490.196166
813.725524
264.705902
-323.529418
-696.078430
-1372.549072
-2000.000000
-2186.274658
-1794.117675
-1127.451049
-29.411766
205.882354
480.392150
1009.803955
1754.901977
2166.666748
1254.901977
568.627441
166.666671
-117.647064
-352.941192
-764.705871
-1460.784301
-2137.254882
-1529.411743
-862.745117
-303.921569
19.607843
245.098037
509.803924
1078.431396
1774.509887
2127.450927
1892.156860
1284.313720
617.647094
147.058822
-98.039215
-333.333343
-715.686279
-1352.941162
-2019.607910
-2215.686279
-1686.274536
-970.588256
0.000000
205.882354
480.392150
1009.803955
1774.509887
2186.274658
2098.039306
607.843139
137.254898
-107.843139
-372.549041
-745.098083
-1382.353027
-2049.019531
-1549.019653
-901.960815
-323.529418
-9.803922
205.882354
490.196075
1098.039184
2225.490234
1833.333374
1117.647094
509.803924
147.058822
-117.647064
-372.549041
-1637.254882
-2156.862792
-2068.627441
-1382.353027
-754.901977
-264.705902
39.215686
686.274536
1362.745117
2000.000000
2186.274658
1823.529418
1186.274536
519.607849
-205.882354
-490.196075
-1039.215698
-1823.529418
-2068.627441
-1931.372558
-1333.333374
-147.058822
127.450981
343.137268
784.313720
1411.764770
2019.607910
2147.058837
1568.627441
921.568664
323.529418
-9.803922
-225.490203
-529.411804
-1107.843139
-1666.666748
-2088.235351
-1990.196166
-1352.941162
-127.450981
147.058822
382.352935
843.137268
1519.607910
2078.431396
2235.294189
784.313720
245.098037
-29.411766
-284.313720
-568.627441
-1137.254882
-1843.137329
-1705.882324
-1088.235351
-450.980407
-68.627449
166.666671
421.568634
911.764709
1539.215698
2058.823486
2117.647216
676.470581
176.470596
-78.431373
-313.725494
-1480.392211
-2009.803955
-2078.431396
-1627.451049
-970.588256
-372.549041
254.901962
539.215698
1088.235351
1754.901977
2117.647216
1872.549072
1225.490234
88.235298
-156.862747
-401.960784
-872.549011
-1549.019653
-1990.196166
-2137.254882
-725.490234
-215.686279
68.627449
294.117645
647.058837
1284.313720
1882.353027
1686.274536
960.784301
480.392150
68.627449
-176.470596
-431.372558
-911.764709
-2029.411743
-2029.411743
-1431.372558
-715.686279
-225.490203
68.627449
303.921569
1352.941162
1990.196166
2235.294189
1676.470581
960.784301
382.352935
39.215686
-186.274520
-450.980407
-960.784301
-2215.686279
-1872.549072
-1254.901977
-607.843139
-176.470596
88.235298
323.529418
1549.019653
2117.647216
2235.294189
1558.823608
852.941162
333.333343
9.803922
-529.411804
-1107.843139
-1843.137329
-2196.078369
-1931.372558
-1196.078491
-509.803924
156.862747
431.372558
941.176513
1676.470581
2147.058837
2166.666748
1460.784301
754.901977
294.117645
-19.607843
-637.254943
-1313.725463
-2019.607910
-2274.509765
-1764.705932
-1049.019653
-421.568634
205.882354
500.000000
1019.607849
1754.901977
2205.882324
2098.039306
1411.764770
156.862747
-137.254898
-333.333343
-813.725524
-1500.000000
-2000.000000
-2098.039306
-901.960815
-352.941192
-39.215686
205.882354
490.196075
1049.019653
1774.509887
1960.784301
1313.725463
647.058837
176.470596
-98.039215
-323.529418
-715.686279
-1911.764770
-2137.254882
-1598.039184
-921.568664
-343.137268
-9.803922
215.686279
1205.882324
1794.117675
2058.823486
1803.921630
1205.882324
549.019592
127.450981
-421.568634
-882.352966
-1549.019653
-2117.647216
-2117.647216
-1470.588256
-764.705871
78.431373
303.921569
676.470581
1294.117675
1931.372558
2225.490234
1705.882324
1068.627441
441.176483
49.019607
-196.078430
-431.372558
-921.568664
-1549.019653
-2098.039306
-2127.450927
-1490.196166
-784.313720
88.235298
303.921569
676.470581
1274.509887
1892.156860
2176.470703
1715.686279
352.941192
39.215686
-215.686279
-470.588256
-1049.019653
-1666.666748
-2147.058837
-1245.098022
-588.235290
-156.862747
117.647064
343.137268
754.901977
1382.353027
2029.411743
1450.980468
813.725524
264.705902
-29.411766
-245.098037
-568.627441
-1941.176513
-2235.294189
-1696.078491
-1117.647094
-490.196075
-107.843139
450.980407
931.372558
1607.843139
1990.196166
2029.411743
1392.156860
715.686279
-107.843139
-362.745117
-764.705871
-1431.372558
-2039.215698
-2254.902099
-1617.647094
-303.921569
29.411766
284.313720
558.823547
1196.078491
1892.156860
2215.686279
1117.647094
490.196075
98.039215
-147.058822
-392.156860
-843.137268
-1529.411743
-2009.803955
-1382.353027
-735.294128
-264.705902
49.019607
284.313720
627.450988
2000.000000
2166.666748
1774.509887
1166.666748
500.000000
117.647064
-117.647064
-1000.000000
-1676.470581
-2156.862792
-2049.019531
-1362.745117
-745.098083
-274.509796
303.921569
696.078430
1392.156860
1921.568603
2098.039306
1598.039184
980.392150
19.607843
-225.490203
-490.196075
-1049.019653
-1803.921630
-2186.274658
-1911.764770
-549.019592
-156.862747
431.372558
960.784301
1656.862792
2088.235351
1431.372558
735.294128
235.294128
-78.431373
-294.117645
-656.862731
-1941.176513
-2245.098144
-1745.098022
-1029.411743
-362.745117
-39.215686
215.686279
1205.882324
1901.960815
2205.882324
1774.509887
1156.862792
529.411804
107.843139
-450.980407
-970.588256
-1656.862792
-2019.607910
-2029.411743
-1441.176513
-803.921569
78.431373
284.313720
666.666687
1372.549072
1843.137329
2068.627441
1676.470581
1029.411743
431.372558
68.627449
-176.470596
-421.568634
-892.156860
-1558.823608
-1990.196166
-2107.843261
-1490.196166
-784.313720
68.627449
294.117645
686.274536
1333.333374
1931.372558
2196.078369
1764.705932
333.333343
9.803922
-215.686279
-500.000000
-950.980407
-1607.843139
-2137.254882
-1392.156860
-696.078430
-205.882354
78.431373
303.921569
647.058837
1245.098022
2117.647216
1549.019653
931.372558
343.137268
39.215686
-215.686279
-490.196075
-1862.745117
-2235.294189
-1911.764770
-1196.078491
-578.431396
-156.862747
107.843139
882.352966
1598.039184
1990.196166
2039.215698
1450.980468
813.725524
274.509796
-29.411766
-264.705902
-588.235290
-1980.392211
-2147.058837
-1676.470581
-1088.235351
-450.980407
-88.235298
137.254898
1029.411743
1607.843139
2088.235351
1980.392211
1362.745117
696.078430
196.078430
-343.137268
-735.294128
-1401.960815
-2029.411743
-2235.294189
-1627.451049
-901.960815
9.803922
245.098037
539.215698
1156.862792
1686.274536
2107.843261
1852.941162
1245.098022
588.235290
147.058822
-401.960784
-833.333374
-1460.784301
-2068.627441
-2156.862792
-1539.215698
-823.529418
68.627449
284.313720
637.254943
1294.117675
1960.784301
2225.490234
1784.313720
1117.647094
500.000000
88.235298
-147.058822
-411.764709
-892.156860
-1598.039184
-2058.823486
-2068.627441
-1509.803955
-852.941162
39.215686
264.705902
637.254943
1303.921630
1833.333374
2107.843261
1754.901977
1107.843139
470.588256
78.431373
-137.254898
-1000.000000
-1705.882324
-2098.039306
-1980.392211
-1401.960815
-745.098083
-225.490203
39.215686
264.705902
607.843139
1254.901977
1931.372558
2127.450927
1725.490234
1088.235351
490.196075
107.843139
-137.254898
-990.196105
-1696.078491
-1980.392211
-2058.823486
-1431.372558
-764.705871
-225.490203
49.019607
264.705902
588.235290
1980.392211
2196.078369
1696.078491
980.392150
460.784332
78.431373
-156.862747
-1009.803955
-1754.901977
-2176.470703
-2098.039306
-1352.941162
-656.862731
-196.078430
382.352935
823.529418
1549.019653
2098.039306
2205.882324
1519.607910
852.941162
-29.411766
-245.098037
-549.019592
-1186.274536
-1892.156860
-2235.294189
-1725.490234
-1166.666748
-519.607849
-117.647064
421.568634
872.549011
1549.019653
1950.980468
1990.196166
1411.764770
754.901977
-98.039215
-333.333343
-725.490234
-1401.960815
-1882.353027
-2127.450927
-1676.470581
-333.333343
-9.803922
196.078430
460.784332
1000.000000
1637.254882
2147.058837
1294.117675
627.450988
186.274520
-98.039215
-333.333343
-725.490234
-1401.960815
-2137.254882
-1480.392211
-882.352966
-333.333343
-19.607843
205.882354
509.803924
1882.353027
2235.294189
1911.764770
1215.686279
539.215698
147.058822
-117.647064
-921.568664
-1637.254882
-2156.862792
-2078.431396
-1401.960815
-774.509826
-264.705902
313.725494
676.470581
1372.549072
1872.549072
2058.823486
1676.470581
1029.411743
421.568634
49.019607
-156.862747
-431.372558
-911.764709
-1549.019653
-1941.176513
-1313.725463
-686.274536
-205.882354
88.235298
313.725494
676.470581
1372.549072
1901.960815
2098.039306
1617.647094
362.745117
39.215686
-205.882354
-480.392150
-1039.215698
-1794.117675
-2058.823486
-1166.666748
-539.215698
-147.058822
107.843139
343.137268
745.098083
1441.176513
1921.568603
2058.823486
1519.607910
284.313720
-29.411766
-274.509796
-1362.745117
-2000.000000
-2225.490234
-1862.745117
-1068.627441
-450.980407
-88.235298
500.000000
921.568664
1578.431396
2078.431396
2127.450927
1470.588256
794.117675
-98.039215
-333.333343
-676.470581
-1284.313720
-1980.392211
-2245.098144
-1745.098022
-362.745117
-9.803922
215.686279
480.392150
990.196105
1745.098022
2088.235351
1911.764770
1323.529418
676.470581
186.274520
-58.823532
-343.137268
-696.078430
-2058.823486
-2225.490234
-1578.431396
-303.921569
-19.607843
225.490203
500.000000
980.392150
1705.882324
2009.803955
1960.784301
1323.529418
656.862731
196.078430
-88.235298
-323.529418
-656.862731
-1323.529418
-1833.333374
-2166.666748
-1745.098022
-1117.647094
-29.411766
205.882354
480.392150
1039.215698
1754.901977
2176.470703
2009.803955
1362.745117
666.666687
166.666671
-382.352935
-794.117675
-1529.411743
-2107.843261
-2215.686279
-1441.176513
-833.333374
29.411766
284.313720
627.450988
1284.313720
1921.568603
2245.098144
1882.353027
460.784332
58.823532
-166.666671
-431.372558
-941.176513
-1647.058837
-2137.254882
-1411.764770
-735.294128
-196.078430
88.235298
313.725494
617.647094
1215.686279
2049.019531
1568.627441
941.176513
352.941192
19.607843
-196.078430
-470.588256
-1803.921630
-2245.098144
-2000.000000
-1392.156860
-725.490234
-225.490203
88.235298
696.078430
1333.333374
1872.549072
2117.647216
1598.039184
970.588256
372.549041
39.215686
-176.470596
-470.588256
-1039.215698
-1598.039184
-2117.647216
-2058.823486
-1421.568603
-715.686279
-215.686279
88.235298
303.921569
656.862731
1313.725463
1941.176513
2196.078369
1774.509887
1117.647094
470.588256
58.823532
-176.470596
-431.372558
-892.156860
-1598.039184
-2137.254882
-2176.470703
-735.294128
-235.294128
88.235298
313.725494
598.039245
1196.078491
1803.921630
1558.823608
950.980407
392.156860
68.627449
-176.470596
-431.372558
-970.588256
-2147.058837
-2068.627441
-1401.960815
-705.882385
-235.294128
58.823532
303.921569
1411.764770
2009.803955
2215.686279
1637.254882
960.784301
362.745117
29.411766
-558.823547
-1127.451049
-1745.098022
-2156.862792
-1950.980468
-1284.313720
-578.431396
166.666671
421.568634
911.764709
1607.843139
2117.647216
2166.666748
1470.588256
813.725524
294.117645
-29.411766
-676.470581
-1323.529418
-2019.607910
-2254.902099
-1745.098022
-1000.000000
-490.196075
196.078430
480.392150
1019.607849
1754.901977
2196.078369
2078.431396
1401.960815
715.686279
225.490203
-88.235298
-294.117645
-666.666687
-1333.333374
-2009.803955
-2245.098144
-1686.274536
-1000.000000
-480.392150
196.078430
490.196075
1029.411743
1794.117675
2235.294189
2039.215698
1264.705932
137.254898
-127.450981
-382.352935
-843.137268
-1558.823608
-2049.019531
-2049.019531
-754.901977
-264.705902
19.607843
245.098037
529.411804
1137.254882
1862.745117
1803.921630
1166.666748
509.803924
88.235298
-166.666671
-382.352935
-823.529418
-2019.607910
-2019.607910
-1411.764770
-784.313720
-264.705902
29.411766
264.705902
568.627441
1254.901977
1833.333374
1735.294189
990.196105
490.196075
107.843139
-156.862747
-441.176483
-960.784301
-2186.274658
-2127.450927
-1401.960815
-676.470581
-225.490203
49.019607
303.921569
1352.941162
2000.000000
2117.647216
1647.058837
1009.803955
392.156860
78.431373
-529.411804
-1137.254882
-1676.470581
-2098.039306
-1960.784301
-1323.529418
-656.862731
-186.274520
88.235298
313.725494
1490.196166
1921.568603
2098.039306
1549.019653
892.156860
313.725494
19.607843
-558.823547
-1215.686279
-1901.960815
-2127.450927
-1754.901977
-1196.078491
-539.215698
166.666671
411.764709
892.156860
1568.627441
1960.784301
2000.000000
1549.019653
235.294128
-49.019607
-274.509796
-598.039245
-1235.294189
-1931.372558
-2235.294189
-1794.117675
-1049.019653
-431.372558
205.882354
460.784332
1029.411743
1627.451049
2117.647216
1990.196166
1333.333374
117.647064
-127.450981
-372.549041
-794.117675
-1490.196166
-2098.039306
-2225.490234
-823.529418
-264.705902
49.019607
274.509796
549.019592
1137.254882
1725.490234
1686.274536
1019.607849
431.372558
58.823532
-166.666671
-441.176483
-941.176513
-1676.470581
-2058.823486
-2068.627441
-676.470581
-215.686279
78.431373
303.921569
647.058837
1303.921630
1980.392211
1705.882324
1029.411743
382.352935
49.019607
-196.078430
-450.980407
-941.176513
-2049.019531
-2009.803955
-1343.137329
-696.078430
-205.882354
78.431373
313.725494
1392.156860
1901.960815
2098.039306
1568.627441
931.372558
333.333343
19.607843
-568.627441
-1205.882324
-1823.529418
-2078.431396
-1852.941162
-1245.098022
-568.627441
166.666671
411.764709
872.549011
1519.607910
2058.823486
2098.039306
1441.176513
803.921569
254.901962
-29.411766
-264.705902
-539.215698
-1147.058837
-1852.941162
-2186.274658
-1862.745117
-1186.274536
-470.588256
176.470596
490.196075
1019.607849
1735.294189
2186.274658
2058.823486
1313.725463
156.862747
-107.843139
-362.745117
-803.921569
-1490.196166
-1892.156860
-2127.450927
-823.529418
-284.313720
-9.803922
235.294128
509.803924
1088.235351
1784.313720
2225.490234
2039.215698
1323.529418
127.450981
-156.862747
-401.960784
-872.549011
-2107.843261
-2176.470703
-1509.803955
-794.117675
-274.509796
29.411766
294.117645
607.843139
1245.098022
1921.568603
1725.490234
1107.843139
450.980407
58.823532
-166.666671
-392.156860
-862.745117
-2078.431396
-2019.607910
-1372.549072
-705.882385
-235.294128
68.627449
274.509796
1460.784301
1950.980468
2049.019531
1588.235351
941.176513
352.941192
29.411766
-186.274520
-480.392150
-1039.215698
-1666.666748
-2049.019531
-2029.411743
-1401.960815
-725.490234
-225.490203
58.823532
294.117645
1372.549072
1892.156860
2098.039306
1598.039184
960.784301
343.137268
29.411766
-529.411804
-1137.254882
-1833.333374
-2049.019531
-1882.353027
-1294.117675
-598.039245
137.254898
392.156860
833.333374
1460.784301
2049.019531
2117.647216
1480.392211
843.137268
284.313720
-9.803922
-656.862731
-1323.529418
-1852.941162
-2137.254882
-1754.901977
-1147.058837
-500.000000
186.274520
441.176483
970.588256
1725.490234
2078.431396
1960.784301
1352.941162
156.862747
-68.627449
-343.137268
-754.901977
-1450.980468
-1960.784301
-2117.647216
-862.745117
-303.921569
-29.411766
215.686279
529.411804
1147.058837
1794.117675
1901.960815
1254.901977
529.411804
127.450981
-127.450981
-421.568634
-843.137268
-1588.235351
-2009.803955
-2098.039306
-754.901977
-254.901962
29.411766
264.705902
588.235290
1205.882324
1921.568603
1774.509887
1137.254882
490.196075
98.039215
-137.254898
-392.156860
-872.549011
-2019.607910
-2058.823486
-1431.372558
-754.901977
-245.098037
78.431373
284.313720
1343.137329
1823.529418
2127.450927
1686.274536
1039.215698
401.960784
58.823532
-509.803924
-1107.843139
-1754.901977
-2166.666748
-1941.176513
-1274.509887
-107.843139
137.254898
411.764709
882.352966
1588.235351
2137.254882
2186.274658
764.705871
245.098037
-39.215686
-274.509796
-598.039245
-1186.274536
-1862.745117
-1676.470581
-1068.627441
-441.176483
-88.235298
166.666671
431.372558
921.568664
2127.450927
1921.568603
1254.901977
637.254943
176.470596
-88.235298
-323.529418
-696.078430
-1392.156860
-1960.784301
-2078.431396
-931.372558
-362.745117
-39.215686
196.078430
470.588256
1029.411743
1774.509887
2205.882324
2058.823486
1343.137329
156.862747
-107.843139
-382.352935
-1617.647094
-2156.862792
-2058.823486
-1382.353027
-794.117675
-274.509796
29.411766
676.470581
1372.549072
1990.196166
2196.078369
1637.254882
1009.803955
401.960784
-215.686279
-490.196075
-1098.039184
-1637.254882
-2078.431396
-1980.392211
-1382.353027
-137.254898
127.450981
362.745117
833.333374
1539.215698
2127.450927
2215.686279
1578.431396
882.352966
333.333343
9.803922
-225.490203
-490.196075
-1019.607849
-1666.666748
-2127.450927
-2009.803955
-1392.156860
-647.058837
-186.274520
68.627449
313.725494
686.274536
1352.941162
1970.588256
1578.431396
950.980407
343.137268
29.411766
-196.078430
-480.392150
-1019.607849
-2068.627441
-1833.333374
-1235.294189
-568.627441
-156.862747
98.039215
343.137268
1509.803955
1960.784301
2039.215698
1441.176513
823.529418
274.509796
-29.411766
-666.666687
-1362.745117
-1794.117675
-2147.058837
-1764.705932
-1127.451049
-470.588256
215.686279
500.000000
970.588256
1617.647094
1980.392211
1980.392211
1382.353027
686.274536
225.490203
-88.235298
-313.725494
-647.058837
-1264.705932
-1843.137329
-2156.862792
-1794.117675
-1117.647094
-441.176483
225.490203
509.803924
1127.451049
1833.333374
2196.078369
2029.411743
1245.098022
127.450981
-147.058822
-401.960784
-882.352966
-1617.647094
-2078.431396
-2029.411743
-1490.196166
-862.745117
-284.313720
284.313720
627.450988
1245.098022
1852.941162
2137.254882
1784.313720
1127.451049
470.588256
88.235298
-147.058822
-411.764709
-833.333374
-1450.980468
-2068.627441
-2176.470703
-735.294128
-245.098037
68.627449
254.901962
607.843139
1264.705932
1911.764770
1774.509887
1088.235351
401.960784
58.823532
-156.862747
-431.372558
-970.588256
-2107.843261
-2088.235351
-1421.568603
-666.666687
-205.882354
68.627449
313.725494
1460.784301
2058.823486
2215.686279
1637.254882
990.196105
382.352935
9.803922
-549.019592
-1127.451049
-1705.882324
-2137.254882
-1911.764770
-1303.921630
-617.647094
147.058822
382.352935
852.941162
1509.803955
2088.235351
2186.274658
735.294128
205.882354
-68.627449
-294.117645
-607.843139
-1205.882324
-1882.353027
-1656.862792
-1039.215698
-431.372558
-39.215686
176.470596
441.176483
941.176513
2078.431396
1852.941162
1274.509887
617.647094
176.470596
-58.823532
-343.137268
-1539.215698
-2117.647216
-2098.039306
-1480.392211
-882.352966
-333.333343
-29.411766
568.627441
1245.098022
1784.313720
2029.411743
1745.098022
1137.254882
490.196075
-186.274520
-421.568634
-901.960815
-1558.823608
-2078.431396
-2078.431396
-1480.392211
-176.470596
88.235298
323.529418
676.470581
1284.313720
1892.156860
2127.450927
1656.862792
1039.215698
401.960784
58.823532
-196.078430
-421.568634
-921.568664
-1539.215698
-2088.235351
-2127.450927
-1460.784301
-764.705871
-225.490203
49.019607
254.901962
558.823547
1166.666748
1862.745117
1686.274536
1068.627441
421.568634
-245.098037
-500.000000
-1107.843139
-1647.058837
-2117.647216
-1950.980468
-1352.941162
-107.843139
137.254898
372.549041
813.725524
1431.372558
2019.607910
2156.862792
794.117675
245.098037
-19.607843
-274.509796
-578.431396
-1235.294189
-1754.901977
-1676.470581
-1058.823608
-460.784332
-78.431373
137.254898
372.549041
901.960815
2176.470703
2127.450927
1450.980468
764.705871
245.098037
-49.019607
-254.901962
-1274.509887
-1911.764770
-2176.470703
-1745.098022
-1107.843139
-460.784332
-68.627449
500.000000
1039.215698
1627.451049
2029.411743
1960.784301
1333.333374
686.274536
-127.450981
-362.745117
-774.509826
-1411.764770
-2049.019531
-2225.490234
-1617.647094
-284.313720
39.215686
235.294128
539.215698
1137.254882
1823.529418
2166.666748
1882.353027
1235.294189
549.019592
117.647064
-156.862747
-382.352935
-901.960815
-1588.235351
-2147.058837
-2166.666748
-1441.176513
-225.490203
58.823532
294.117645
627.450988
1294.117675
1950.980468
2176.470703
1098.039184
460.784332
78.431373
-176.470596
-411.764709
-892.156860
-1598.039184
-2029.411743
-1401.960815
-705.882385
-215.686279
78.431373
323.529418
627.450988
1941.176513
2058.823486
1549.019653
960.784301
382.352935
39.215686
-186.274520
-1078.431396
-1823.529418
-2225.490234
-1823.529418
-1215.686279
-588.235290
137.254898
382.352935
843.137268
1539.215698
1931.372558
2058.823486
1509.803955
196.078430
-58.823532
-284.313720
-637.254943
-1303.921630
-1833.333374
-2156.862792
-980.392150
-392.156860
-78.431373
176.470596
441.176483
960.784301
1666.666748
2049.019531
1411.764770
754.901977
235.294128
-78.431373
-323.529418
-637.254943
-1892.156860
-2176.470703
-1647.058837
-980.392150
-382.352935
-58.823532
176.470596
1098.039184
1647.058837
2107.843261
1882.353027
1264.705932
578.431396
166.666671
-392.156860
-833.333374
-1568.627441
-2107.843261
-2205.882324
-1519.607910
-784.313720
58.823532
294.117645
637.254943
1303.921630
1970.588256
2245.098144
1784.313720
1137.254882
470.588256
88.235298
-470.588256
-1019.607849
-1764.705932
-1921.568603
-1303.921630
-607.843139
-156.862747
107.843139
372.549041
813.725524
2029.411743
2166.666748
1539.215698
862.745117
284.313720
0.000000
-215.686279
-1186.274536
-1892.156860
-2205.882324
-1774.509887
-1147.058837
-500.000000
-147.058822
411.764709
892.156860
1607.843139
2127.450927
2196.078369
1568.627441
852.941162
-78.431373
-303.921569
-647.058837
-1294.117675
-1990.196166
-2264.705810
-1656.862792
-382.352935
-29.411766
196.078430
470.588256
1000.000000
1607.843139
2117.647216
1284.313720
627.450988
176.470596
-78.431373
-333.333343
-735.294128
-1392.156860
-2215.686279
-1500.000000
-1000.000000
-421.568634
-68.627449
196.078430
441.176483
1745.098022
2088.235351
1852.941162
1264.705932
627.450988
176.470596
-78.431373
-833.333374
-1539.215698
-2068.627441
-2058.823486
-1549.019653
-911.764709
-333.333343
294.117645
558.823547
1156.862792
1852.941162
2156.862792
1813.725463
401.960784
68.627449
-176.470596
-460.784332
-980.392150
-1647.058837
-2000.000000
-2186.274658
-1411.764770
-774.509826
-264.705902
303.921569
686.274536
1352.941162
2264.705810
1715.686279
1029.411743
372.549041
39.215686
-196.078430
-450.980407
-1715.686279
-2156.862792
-2000.000000
-1303.921630
-656.862731
-176.470596
88.235298
813.725524
1490.196166
1980.392211
2039.215698
1519.607910
872.549011
323.529418
-284.313720
-588.235290
-1215.686279
-1774.509887
-2127.450927
-1794.117675
-1205.882324
-49.019607
176.470596
421.568634
892.156860
1490.196166
2009.803955
2039.215698
617.647094
196.078430
-78.431373
-313.725494
-715.686279
-1392.156860
-1970.588256
-2088.235351
-1686.274536
-1049.019653
-9.803922
186.274520
509.803924
1078.431396
1676.470581
2049.019531
1872.549072
1294.117675
637.254943
186.274520
-88.235298
-323.529418
-735.294128
-1372.549072
-1852.941162
-1519.607910
-921.568664
-333.333343
-29.411766
186.274520
509.803924
1088.235351
2205.882324
1911.764770
1196.078491
539.215698
156.862747
-107.843139
-382.352935
-1656.862792
-2098.039306
-2000.000000
-1568.627441
-794.117675
-294.117645
-9.803922
588.235290
1225.490234
1892.156860
2196.078369
1833.333374
1205.882324
539.215698
98.039215
-137.254898
-372.549041
-813.725524
-1529.411743
-2137.254882
-2225.490234
-1539.215698
-803.921569
-274.509796
19.607843
235.294128
549.019592
1176.470581
1862.745117
2215.686279
1862.745117
1156.862792
529.411804
117.647064
-137.254898
-352.941192
-803.921569
-1431.372558
-1970.588256
-2176.470703
-813.725524
-284.313720
9.803922
254.901962
539.215698
1166.666748
1882.353027
1823.529418
1186.274536
500.000000
127.450981
-127.450981
-382.352935
-784.313720
-2000.000000
-2196.078369
-1470.588256
-803.921569
-294.117645
9.803922
225.490203
1166.666748
1862.745117
2205.882324
1852.941162
1196.078491
539.215698
107.843139
-431.372558
-980.392150
-1656.862792
-2176.470703
-2147.058837
-1421.568603
-735.294128
68.627449
303.921569
696.078430
1343.137329
2009.803955
2274.509765
1764.705932
1068.627441
431.372558
39.215686
-186.274520
-441.176483
-960.784301
-1627.451049
-2147.058837
-2156.862792
-1450.980468
-715.686279
98.039215
303.921569
686.274536
1294.117675
1960.784301
2245.098144
1745.098022
343.137268
29.411766
-196.078430
-490.196075
-1058.823608
-1627.451049
-2107.843261
-1235.294189
-578.431396
-147.058822
107.843139
362.745117
745.098083
1382.353027
2049.019531
1421.568603
803.921569
284.313720
0.000000
-196.078430
-480.392150
-1882.353027
-2078.431396
-1843.137329
-1254.901977
-568.627441
-107.843139
107.843139
862.745117
1519.607910
2058.823486
2107.843261
1509.803955
803.921569
264.705902
-39.215686
-264.705902
-529.411804
-1950.980468
-2098.039306
-1696.078491
-1098.039184
-470.588256
-98.039215
147.058822
382.352935
823.529418
1509.803955
1941.176513
2058.823486
1450.980468
803.921569
274.509796
-294.117645
-647.058837
-1264.705932
-1892.156860
-2205.882324
-1745.098022
-1117.647094
-49.019607
196.078430
460.784332
960.784301
1607.843139
1980.392211
1950.980468
588.235290
176.470596
-98.039215
-333.333343
-745.098083
-1411.764770
-2058.823486
-1656.862792
-950.980407
-362.745117
-39.215686
215.686279
470.588256
1058.823608
1774.509887
2196.078369
2039.215698
588.235290
137.254898
-117.647064
-362.745117
-1529.411743
-2098.039306
-2147.058837
-1539.215698
-813.725524
-284.313720
333.333343
725.490234
1392.156860
2019.607910
2284.313720
1715.686279
960.784301
0.000000
-186.274520
-441.176483
-990.196105
-1705.882324
-2196.078369
-2107.843261
-676.470581
-205.882354
88.235298
294.117645
656.862731
1274.509887
1941.176513
1607.843139
960.784301
372.549041
19.607843
-186.274520
-470.588256
-1049.019653
-2225.490234
-1921.568603
-1225.490234
-578.431396
-176.470596
98.039215
333.333343
1558.823608
2098.039306
2215.686279
1578.431396
872.549011
343.137268
9.803922
-549.019592
-1137.254882
-1803.921630
-2156.862792
-1901.960815
-1245.098022
-578.431396
166.666671
421.568634
931.372558
1627.451049
2127.450927
2156.862792
1490.196166
833.333374
254.901962
-49.019607
-656.862731
-1294.117675
-1960.784301
-2235.294189
-990.196105
-372.549041
-58.823532
196.078430
450.980407
1009.803955
1627.451049
1990.196166
1960.784301
1323.529418
147.058822
-88.235298
-343.137268
-784.313720
-2098.039306
-2245.098144
-1607.843139
-833.333374
-313.725494
0.000000
166.666671
480.392150
1009.803955
1666.666748
2000.000000
1362.745117
715.686279
205.882354
-68.627449
-294.117645
-666.666687
-1901.960815
-2166.666748
-1666.666748
-980.392150
-343.137268
-29.411766
196.078430
1098.039184
1794.117675
2147.058837
1862.745117
1254.901977
568.627441
127.450981
-392.156860
-843.137268
-1509.803955
-2078.431396
-2147.058837
-1509.803955
-843.137268
-303.921569
49.019607
254.901962
1196.078491
1852.941162
2186.274658
941.176513
362.745117
49.019607
-176.470596
-450.980407
-960.784301
-1676.470581
-2049.019531
-1401.960815
-715.686279
-235.294128
49.019607
294.117645
637.254943
1882.353027
2098.039306
1558.823608
941.176513
372.549041
49.019607
-176.470596
-1078.431396
-1823.529418
-2215.686279
-1950.980468
-1215.686279
-588.235290
-176.470596
392.156860
872.549011
1588.235351
2088.235351
2049.019531
1411.764770
803.921569
-49.019607
-294.117645
-656.862731
-1303.921630
-1980.392211
-2078.431396
-1725.490234
-372.549041
-49.019607
156.862747
460.784332
990.196105
1656.862792
2186.274658
1352.941162
696.078430
186.274520
-88.235298
-323.529418
-666.666687
-1274.509887
-2078.431396
-1617.647094
-960.784301
-372.549041
-58.823532
186.274520
441.176483
1833.333374
2156.862792
1843.137329
1196.078491
558.823547
166.666671
-117.647064
-892.156860
-1617.647094
-2068.627441
-2049.019531
-1490.196166
-843.137268
-284.313720
9.803922
225.490203
529.411804
1862.745117
2196.078369
1862.745117
1245.098022
607.843139
127.450981
-137.254898
-931.372558
-1607.843139
-2166.666748
-2176.470703
-1441.176513
-715.686279
-245.098037
323.529418
735.294128
1392.156860
2029.411743
2205.882324
1588.235351
911.764709
441.176483
68.627449
-166.666671
-441.176483
-980.392150
-1696.078491
-2176.470703
-2176.470703
-1490.196166
-725.490234
-245.098037
323.529418
735.294128
1411.764770
2019.607910
2254.902099
1745.098022
1049.019653
0.000000
-186.274520
-460.784332
-1019.607849
-1735.294189
-2029.411743
-2029.411743
-578.431396
-186.274520
88.235298
333.333343
754.901977
1441.176513
1990.196166
1598.039184
931.372558
352.941192
0.000000
-205.882354
-460.784332
-1009.803955
-2215.686279
-1980.392211
-1186.274536
-588.235290
-166.666671
88.235298
333.333343
1598.039184
2098.039306
2186.274658
1509.803955
803.921569
333.333343
9.803922
-529.411804
-1127.451049
-1813.725463
-2215.686279
-1901.960815
-1245.098022
-568.627441
176.470596
421.568634
950.980407
1598.039184
2107.843261
2137.254882
686.274536
205.882354
-88.235298
-313.725494
-656.862731
-1254.901977
-1892.156860
-1617.647094
-990.196105
-382.352935
-39.215686
186.274520
460.784332
1019.607849
2176.470703
1921.568603
1245.098022
607.843139
205.882354
-88.235298
-323.529418
-1470.588256
-2088.235351
-2254.902099
-1637.254882
-872.549011
-323.529418
0.000000
558.823547
1166.666748
1852.941162
2107.843261
1764.705932
1215.686279
558.823547
-166.666671
-392.156860
-862.745117
-1539.215698
-2019.607910
-2117.647216
-1519.607910
-215.686279
58.823532
274.509796
627.450988
1303.921630
1882.353027
2068.627441
1029.411743
401.960784
58.823532
-196.078430
-450.980407
-960.784301
-1637.254882
-2019.607910
-1401.960815
-715.686279
-196.078430
88.235298
294.117645
647.058837
1980.392211
2049.019531
1598.039184
950.980407
372.549041
49.019607
-166.666671
-1078.431396
-1843.137329
-2156.862792
-1803.921630
-1264.705932
-598.039245
-176.470596
78.431373
303.921569
735.294128
2117.647216
2235.294189
1539.215698
254.901962
-58.823532
-264.705902
-598.039245
-1235.294189
-1950.980468
-2235.294189
-1117.647094
-411.764709
-78.431373
156.862747
421.568634
921.568664
1617.647094
2019.607910
1382.353027
725.490234
205.882354
-68.627449
-294.117645
-627.450988
-2049.019531
-2127.450927
-1578.431396
-970.588256
-362.745117
-78.431373
156.862747
1156.862792
1754.901977
2019.607910
1794.117675
1254.901977
549.019592
147.058822
-411.764709
-892.156860
-1598.039184
-2019.607910
-2019.607910
-1480.392211
-843.137268
39.215686
274.509796
647.058837
1294.117675
1901.960815
2107.843261
1647.058837
1088.235351
460.784332
98.039215
-127.450981
-411.764709
-892.156860
-1607.843139
-2058.823486
-2019.607910
-1490.196166
-852.941162
39.215686
264.705902
637.254943
1294.117675
1941.176513
2088.235351
1696.078491
382.352935
58.823532
-196.078430
-450.980407
-950.980407
-1637.254882
-2156.862792
-1401.960815
-725.490234
-225.490203
68.627449
294.117645
647.058837
1254.901977
2068.627441
1607.843139
960.784301
362.745117
49.019607
-186.274520
-470.588256
-1754.901977
-2205.882324
-2058.823486
-1274.509887
-607.843139
-176.470596
88.235298
794.117675
1490.196166
2068.627441
2225.490234
1647.058837
970.588256
352.941192
-264.705902
-578.431396
-1254.901977
-1970.588256
-2225.490234
-1666.666748
-411.764709
-78.431373
147.058822
421.568634
931.372558
1627.451049
2147.058837
1362.745117
705.882385
235.294128
-88.235298
-294.117645
-627.450988
-1274.509887
-2176.470703
-1588.235351
-1000.000000
-421.568634
-58.823532
166.666671
431.372558
1754.901977
2156.862792
2078.431396
1372.549072
666.666687
215.686279
-88.235298
-745.098083
-1401.960815
-2019.607910
-2215.686279
-1676.470581
-931.372558
-382.352935
274.509796
588.235290
1254.901977
1931.372558
2215.686279
1862.745117
1186.274536
78.431373
-176.470596
-431.372558
-970.588256
-1647.058837
-2176.470703
-2147.058837
-745.098083
-225.490203
68.627449
264.705902
598.039245
1196.078491
1774.509887
1607.843139
980.392150
411.764709
98.039215
-166.666671
-421.568634
-921.568664
-2088.235351
-2068.627441
-1431.372558
-725.490234
-235.294128
68.627449
284.313720
1352.941162
1950.980468
2176.470703
1656.862792
1000.000000
372.549041
49.019607
-500.000000
-950.980407
-1539.215698
-2078.431396
-2088.235351
-1411.764770
-754.901977
107.843139
333.333343
754.901977
1431.372558
2039.215698
2215.686279
1676.470581
1000.000000
382.352935
49.019607
-186.274520
-441.176483
-941.176513
-1607.843139
-2039.215698
-2088.235351
-1411.764770
-725.490234
107.843139
343.137268
784.313720
1450.980468
2000.000000
2137.254882
1647.058837
294.117645
0.000000
-196.078430
-441.176483
-931.372558
-1598.039184
-2098.039306
-1284.313720
-647.058837
-186.274520
88.235298
313.725494
715.686279
1401.960815
2235.294189
1637.254882
931.372558
382.352935
49.019607
-186.274520
-460.784332
-1676.470581
-2127.450927
-1941.176513
-1323.529418
-598.039245
-147.058822
88.235298
823.529418
1470.588256
2039.215698
2156.862792
1529.411743
862.745117
294.117645
-29.411766
-245.098037
-549.019592
-1147.058837
-1882.353027
-2225.490234
-1901.960815
-1166.666748
-529.411804
-137.254898
137.254898
960.784301
1666.666748
2088.235351
1980.392211
1343.137329
735.294128
254.901962
-323.529418
-745.098083
-1401.960815
-1852.941162
-2156.862792
-1696.078491
-1039.215698
-401.960784
-68.627449
196.078430
1049.019653
1774.509887
2147.058837
1921.568603
1313.725463
617.647094
156.862747
-107.843139
-352.941192
-735.294128
-1411.764770
-2029.411743
-2225.490234
-1607.843139
-901.960815
9.803922
225.490203
490.196075
1049.019653
1666.666748
2117.647216
1921.568603
519.607849
107.843139
-147.058822
-362.745117
-784.313720
-1460.784301
-2009.803955
-1392.156860
-774.509826
-245.098037
39.215686
264.705902
578.431396
1215.686279
1901.960815
2156.862792
1725.490234
500.000000
107.843139
-147.058822
-372.549041
-794.117675
-1480.392211
-2098.039306
-1411.764770
-774.509826
-264.705902
19.607843
254.901962
598.039245
1235.294189
2254.902099
1774.509887
1147.058837
509.803924
98.039215
-127.450981
-382.352935
-1598.039184
-2088.235351
-2107.843261
-1441.176513
-715.686279
-235.294128
49.019607
686.274536
1382.353027
1950.980468
2166.666748
1705.882324
1039.215698
401.960784
-245.098037
-539.215698
-1196.078491
-1931.372558
-2176.470703
-1764.705932
-1156.862792
-529.411804
-147.058822
107.843139
892.156860
1598.039184
1970.588256
2019.607910
1372.549072
745.098083
235.294128
-343.137268
-735.294128
-1372.549072
-2215.686279
-1509.803955
-911.764709
-323.529418
-19.607843
225.490203
500.000000
941.176513
1607.843139
2098.039306
2068.627441
637.254943
176.470596
-78.431373
-833.333374
-1558.823608
-2019.607910
-2058.823486
-1549.019653
-921.568664
-323.529418
264.705902
578.431396
1156.862792
1843.137329
2166.666748
1803.921630
1176.470581
58.823532
-176.470596
-450.980407
-911.764709
-1578.431396
-2039.215698
-2107.843261
-656.862731
-205.882354
78.431373
303.921569
666.666687
1352.941162
1813.725463
1490.196166
882.352966
303.921569
19.607843
-225.490203
-480.392150
-1058.823608
-2205.882324
-1941.176513
-1186.274536
-529.411804
-137.254898
117.647064
343.137268
784.313720
1480.392211
1911.764770
2098.039306
1519.607910
872.549011
313.725494
39.215686
-225.490203
-509.803924
-1078.431396
-2225.490234
-1921.568603
-1166.666748
-529.411804
-137.254898
137.254898
352.941192
1647.058837
2098.039306
2078.431396
1362.745117
754.901977
264.705902
-29.411766
-656.862731
-1362.745117
-1980.392211
-2088.235351
-1676.470581
-1049.019653
-421.568634
235.294128
509.803924
1068.627441
1794.117675
2176.470703
1941.176513
1323.529418
637.254943
156.862747
-107.843139
-882.352966
-1568.627441
-2147.058837
-1460.784301
-784.313720
-254.901962
49.019607
274.509796
558.823547
1147.058837
2068.627441
1647.058837
1009.803955
411.764709
68.627449
-156.862747
-441.176483
-1774.509887
-2156.862792
-1980.392211
-1303.921630
-656.862731
-205.882354
78.431373
803.921569
1509.803955
2029.411743
2147.058837
1578.431396
882.352966
343.137268
-274.509796
-617.647094
-1254.901977
-1794.117675
-2107.843261
-1813.725463
-1196.078491
-549.019592
-127.450981
137.254898
401.960784
833.333374
1529.411743
2088.235351
2196.078369
1607.843139
823.529418
303.921569
-294.117645
-656.862731
-1343.137329
-2000.000000
-2245.098144
-1862.745117
-1156.862792
-68.627449
186.274520
450.980407
941.176513
1637.254882
2088.235351
2107.843261
656.862731
186.274520
-88.235298
-303.921569
-656.862731
-1303.921630
-1892.156860
-1558.823608
-921.568664
-362.745117
-39.215686
205.882354
470.588256
1039.215698
2166.666748
1764.705932
1147.058837
539.215698
137.254898
-107.843139
-382.352935
-1637.254882
-2068.627441
-2029.411743
-1431.372558
-823.529418
-264.705902
19.607843
245.098037
568.627441
1205.882324
2254.902099
1784.313720
1068.627441
49.019607
-196.078430
-460.784332
-990.196105
-1656.862792
-2186.274658
-2137.254882
-696.078430
-196.078430
68.627449
294.117645
647.058837
1254.901977
1872.549072
1500.000000
1049.019653
411.764709
58.823532
-176.470596
-441.176483
-970.588256
-1666.666748
-2176.470703
-2156.862792
-1421.568603
-186.274520
88.235298
323.529418
666.666687
1352.941162
1970.588256
2205.882324
1754.901977
1049.019653
421.568634
58.823532
-176.470596
-441.176483
-931.372558
-1656.862792
-2166.666748
-2147.058837
-1411.764770
-196.078430
98.039215
303.921569
666.666687
1323.529418
1921.568603
2215.686279
921.568664
352.941192
19.607843
-215.686279
-509.803924
-1058.823608
-1617.647094
-1813.725463
-1225.490234
-578.431396
-127.450981
117.647064
352.941192
735.294128
2049.019531
2009.803955
1421.568603
803.921569
303.921569
-19.607843
-264.705902
-1294.117675
-1980.392211
-2127.450927
-1696.078491
-1098.039184
-450.980407
-117.647064
470.588256
980.392150
1598.039184
1990.196166
1990.196166
1362.745117
147.058822
-117.647064
-372.549041
-735.294128
-1411.764770
-2039.215698
-2215.686279
-852.941162
-294.117645
29.411766
254.901962
539.215698
1098.039184
1813.725463
1705.882324
1078.431396
470.588256
78.431373
-147.058822
-411.764709
-872.549011
-2176.470703
-2009.803955
-1343.137329
-705.882385
-225.490203
68.627449
294.117645
1431.372558
2029.411743
2166.666748
1607.843139
931.372558
401.960784
68.627449
-490.196075
-1049.019653
-1823.529418
-2225.490234
-1950.980468
-1196.078491
-598.039245
127.450981
401.960784
882.352966
1588.235351
2049.019531
2068.627441
1401.960815
813.725524
313.725494
-9.803922
-225.490203
-509.803924
-1049.019653
-1823.529418
-2215.686279
-1931.372558
-1225.490234
-617.647094
127.450981
382.352935
852.941162
1558.823608
2019.607910
2019.607910
1441.176513
235.294128
-58.823532
-284.313720
-637.254943
-1313.725463
-1901.960815
-2078.431396
-970.588256
-401.960784
-88.235298
147.058822
421.568634
941.176513
1676.470581
2029.411743
1401.960815
725.490234
225.490203
-58.823532
-294.117645
-607.843139
-1990.196166
-2088.235351
-1656.862792
-980.392150
-392.156860
-58.823532
186.274520
1137.254882
1666.666748
2107.843261
1882.353027
1274.509887
598.039245
147.058822
-117.647064
-352.941192
-764.705871
-1441.176513
-2078.431396
-2254.902099
-1578.431396
-852.941162
-323.529418
-9.803922
235.294128
1176.470581
1862.745117
2245.098144
1911.764770
1254.901977
588.235290
147.058822
-431.372558
-882.352966
-1578.431396
-2147.058837
-2186.274658
-1450.980468
-745.098083
88.235298
303.921569
617.647094
1284.313720
1931.372558
2205.882324
1784.313720
1117.647094
470.588256
88.235298
-460.784332
-970.588256
-1627.451049
-2107.843261
-1274.509887
-627.450988
-176.470596
68.627449
313.725494
666.666687
1382.353027
1872.549072
2058.823486
1637.254882
294.117645
-9.803922
-215.686279
-1137.254882
-1882.353027
-2274.509765
-1862.745117
-1107.843139
-509.803924
-127.450981
431.372558
911.764709
1696.078491
2039.215698
1950.980468
1382.353027
725.490234
-88.235298
-343.137268
-754.901977
-1450.980468
-1980.392211
-2127.450927
-1666.666748
-313.725494
-19.607843
215.686279
500.000000
1049.019653
1794.117675
2205.882324
1294.117675
607.843139
156.862747
-107.843139
-372.549041
-774.509826
-1490.196166
-2166.666748
-1558.823608
-872.549011
-323.529418
19.607843
254.901962
519.607849
1823.529418
2078.431396
1774.509887
1137.254882
500.000000
137.254898
-117.647064
-372.549041
-862.745117
-1539.215698
-1980.392211
-2117.647216
-1529.411743
-911.764709
-303.921569
0.000000
196.078430
460.784332
1715.686279
2137.254882
1911.764770
1284.313720
607.843139
156.862747
-98.039215
-852.941162
-1490.196166
-1980.392211
-2147.058837
-1558.823608
-882.352966
-323.529418
294.117645
617.647094
1303.921630
1931.372558
2235.294189
1833.333374
1156.862792
19.607843
-205.882354
-480.392150
-990.196105
-1666.666748
-2147.058837
-2088.235351
-617.647094
-176.470596
107.843139
313.725494
705.882385
1372.549072
1950.980468
2166.666748
1686.274536
1009.803955
0.000000
-196.078430
-450.980407
-1000.000000
-2098.039306
-1872.549072
-1294.117675
-656.862731
-196.078430
98.039215
284.313720
666.666687
1372.549072
1872.549072
2039.215698
1676.470581
1009.803955
401.960784
58.823532
-176.470596
-460.784332
-960.784301
-2205.882324
-2039.215698
-1274.509887
-637.254943
-186.274520
58.823532
323.529418
1470.588256
2078.431396
2156.862792
1539.215698
862.745117
362.745117
29.411766
-558.823547
-1196.078491
-1892.156860
-2235.294189
-1784.313720
-1186.274536
-529.411804
176.470596
411.764709
931.372558
1656.862792
1980.392211
2000.000000
1519.607910
245.098037
-49.019607
-274.509796
-607.843139
-1245.098022
-1872.549072
-2225.490234
-1058.823608
-431.372558
-58.823532
166.666671
431.372558
941.176513
1588.235351
2068.627441
2107.843261
1480.392211
774.509826
225.490203
-49.019607
-284.313720
-558.823547
-1147.058837
-1872.549072
-2225.490234
-1058.823608
-441.176483
-78.431373
156.862747
401.960784
882.352966
1509.803955
1901.960815
1264.705932
637.254943
176.470596
-68.627449
-333.333343
-705.882385
-2039.215698
-2245.098144
-1637.254882
-901.960815
-382.352935
-39.215686
176.470596
1127.451049
1852.941162
2235.294189
1921.568603
1205.882324
549.019592
147.058822
-127.450981
-362.745117
-803.921569
-1500.000000
-2058.823486
-2225.490234
-1617.647094
-892.156860
-392.156860
-39.215686
186.274520
1107.843139
1823.529418
2205.882324
1980.392211
1264.705932
588.235290
176.470596
-401.960784
-862.745117
-1588.235351
-2137.254882
-2186.274658
-1401.960815
-813.725524
49.019607
294.117645
647.058837
1303.921630
1941.176513
2264.705810
1843.137329
431.372558
49.019607
-166.666671
-441.176483
-941.176513
-1627.451049
-2137.254882
-1343.137329
-705.882385
-215.686279
78.431373
303.921569
666.666687
1245.098022
2127.450927
1519.607910
911.764709
392.156860
58.823532
-176.470596
-431.372558
-1745.098022
-2186.274658
-2049.019531
-1323.529418
-588.235290
-176.470596
88.235298
323.529418
715.686279
1372.549072
2166.666748
1617.647094
950.980407
343.137268
9.803922
-186.274520
-470.588256
-1049.019653
-1745.098022
-2039.215698
-2000.000000
-1313.725463
-686.274536
-225.490203
58.823532
735.294128
1441.176513
2039.215698
2156.862792
1549.019653
950.980407
401.960784
-254.901962
-558.823547
-1196.078491
-1794.117675
-2088.235351
-1872.549072
-1254.901977
-588.235290
-166.666671
117.647064
382.352935
803.921569
1470.588256
2029.411743
2225.490234
1627.451049
911.764709
343.137268
-274.509796
-568.627441
-1235.294189
-1921.568603
-2245.098144
-1784.313720
-1098.039184
-58.823532
176.470596
470.588256
990.196105
1686.274536
2176.470703
2156.862792
705.882385
205.882354
-88.235298
-313.725494
-647.058837
-1274.509887
-1950.980468
-1627.451049
-980.392150
-392.156860
-29.411766
186.274520
441.176483
970.588256
2196.078369
1970.588256
1245.098022
598.039245
196.078430
-88.235298
-313.725494
-1431.372558
-2068.627441
-2235.294189
-1568.627441
-862.745117
-313.725494
-19.607843
578.431396
1235.294189
1921.568603
2215.686279
1784.313720
1098.039184
49.019607
-176.470596
-431.372558
-950.980407
-1686.274536
-2176.470703
-2176.470703
-745.098083
-235.294128
58.823532
264.705902
588.235290
1186.274536
1852.941162
1598.039184
960.784301
392.156860
49.019607
-166.666671
-431.372558
-960.784301
-2137.254882
-2078.431396
-1411.764770
-715.686279
-235.294128
58.823532
303.921569
1431.372558
2029.411743
2235.294189
1656.862792
960.784301
392.156860
39.215686
-519.607849
-1049.019653
-1764.705932
-2166.666748
-1970.588256
-1294.117675
-549.019592
156.862747
450.980407
921.568664
1647.058837
2127.450927
2176.470703
1549.019653
245.098037
-68.627449
-274.509796
-598.039245
-1196.078491
-1892.156860
-2215.686279
-1000.000000
-411.764709
-68.627449
156.862747
460.784332
941.176513
1647.058837
2117.647216
1401.960815
686.274536
245.098037
-88.235298
-313.725494
-637.254943
-1941.176513
-2225.490234
-1715.686279
-1009.803955
-362.745117
-29.411766
196.078430
470.588256
1029.411743
1774.509887
2176.470703
2009.803955
1284.313720
647.058837
225.490203
-68.627449
-274.509796
-637.254943
-1941.176513
-2196.078369
-1715.686279
-1029.411743
-392.156860
-58.823532
186.274520
1156.862792
1833.333374
2215.686279
1931.372558
1225.490234
549.019592
166.666671
-421.568634
-921.568664
-1656.862792
-2127.450927
-2019.607910
-1421.568603
-803.921569
58.823532
303.921569
656.862731
1303.921630
1980.392211
2166.666748
1666.666748
1000.000000
529.411804
98.039215
-147.058822
-352.941192
-813.725524
-1519.607910
-2088.235351
-2215.686279
-1568.627441
-784.313720
29.411766
303.921569
598.039245
1245.098022
1901.960815
2205.882324
1852.941162
431.372558
49.019607
-156.862747
-421.568634
-862.745117
-1549.019653
-2117.647216
-1362.745117
-686.274536
-215.686279
78.431373
294.117645
637.254943
1245.098022
2196.078369
1568.627441
892.156860
372.549041
58.823532
-186.274520
-460.784332
-1745.098022
-2176.470703
-2039.215698
-1294.117675
-568.627441
-147.058822
88.235298
343.137268
754.901977
1431.372558
2205.882324
1617.647094
941.176513
343.137268
19.607843
-215.686279
-480.392150
-1058.823608
-1784.313720
-2215.686279
-2019.607910
-1264.705932
-588.235290
-156.862747
88.235298
843.137268
1568.627441
2117.647216
2196.078369
1558.823608
843.137268
323.529418
-303.921569
-666.666687
-1313.725463
-1872.549072
-2088.235351
-1735.294189
-1117.647094
-58.823532
176.470596
441.176483
921.568664
1578.431396
2039.215698
2009.803955
1343.137329
715.686279
215.686279
-68.627449
-294.117645
-617.647094
-1254.901977
-1823.529418
-2156.862792
-1794.117675
-1088.235351
-29.411766
225.490203
470.588256
1058.823608
1764.705932
2176.470703
2098.039306
598.039245
147.058822
-127.450981
-362.745117
-745.098083
-1372.549072
-2029.411743
-1519.607910
-892.156860
-323.529418
9.803922
215.686279
539.215698
1137.254882
2205.882324
1852.941162
1127.451049
500.000000
147.058822
-107.843139
-343.137268
-1558.823608
-2137.254882
-2196.078369
-1509.803955
-774.509826
-284.313720
19.607843
245.098037
529.411804
1156.862792
2127.450927
1774.509887
1137.254882
490.196075
107.843139
-156.862747
-421.568634
-1617.647094
-2127.450927
-2107.843261
-637.254943
-176.470596
88.235298
313.725494
666.666687
1372.549072
1852.941162
1500.000000
1009.803955
401.960784
39.215686
-176.470596
-450.980407
-990.196105
-2058.823486
-1931.372558
-1343.137329
-637.254943
-176.470596
88.235298
323.529418
1441.176513
1941.176513
2147.058837
1529.411743
892.156860
333.333343
9.803922
-558.823547
-1196.078491
-1901.960815
-2215.686279
-1784.313720
-1166.666748
-519.607849
166.666671
421.568634
892.156860
1637.254882
2019.607910
2000.000000
1500.000000
245.098037
-49.019607
-245.098037
-607.843139
-1235.294189
-1745.098022
-2156.862792
-1029.411743
-441.176483
-78.431373
176.470596
401.960784
882.352966
1627.451049
2127.450927
1431.372558
676.470581
245.098037
-58.823532
-294.117645
-617.647094
-1931.372558
-2205.882324
-1764.705932
-1009.803955
-362.745117
-58.823532
186.274520
1117.647094
1833.333374
2215.686279
1911.764770
1196.078491
549.019592
166.666671
-117.647064
-352.941192
-794.117675
-2137.254882
-2196.078369
-1431.372558
-235.294128
49.019607
264.705902
568.627441
1225.490234
1862.745117
2196.078369
1058.823608
441.176483
78.431373
-137.254898
-401.960784
-892.156860
-1529.411743
-1970.588256
-1352.941162
-705.882385
-225.490203
49.019607
284.313720
647.058837
2009.803955
2235.294189
1735.294189
1029.411743
392.156860
58.823532
-186.274520
-1088.235351
-1833.333374
-2186.274658
-1823.529418
-1215.686279
-598.039245
-156.862747
392.156860
823.529418
1480.392211
1970.588256
2098.039306
1460.784301
833.333374
-98.039215
-303.921569
-656.862731
-1323.529418
-1794.117675
-2127.450927
-1764.705932
-392.156860
-58.823532
186.274520
431.372558
950.980407
1715.686279
2039.215698
1970.588256
1352.941162
686.274536
205.882354
-78.431373
-303.921569
-656.862731
-1303.921630
-1794.117675
-2137.254882
-1794.117675
-382.352935
-29.411766
176.470596
450.980407
941.176513
1637.254882
1980.392211
1196.078491
578.431396
156.862747
-78.431373
-343.137268
-745.098083
-1450.980468
-2254.902099
-1656.862792
-892.156860
-382.352935
-29.411766
225.490203
480.392150
1745.098022
2107.843261
1892.156860
1274.509887
598.039245
156.862747
-98.039215
-833.333374
-1490.196166
-2039.215698
-2186.274658
-1539.215698
-833.333374
-303.921569
313.725494
686.274536
1362.745117
2000.000000
2147.058837
1784.313720
1137.254882
490.196075
88.235298
-156.862747
-382.352935
-852.941162
-1588.235351
-2147.058837
-2215.686279
-1509.803955
-754.901977
-274.509796
333.333343
705.882385
1411.764770
1990.196166
2176.470703
1715.686279
970.588256
19.607843
-215.686279
-480.392150
-1019.607849
-1794.117675
-2186.274658
-1931.372558
-1284.313720
-637.254943
-196.078430
68.627449
323.529418
705.882385
1401.960815
1950.980468
2049.019531
1607.843139
1000.000000
39.215686
-196.078430
-470.588256
-1000.000000
-1627.451049
-2117.647216
-2127.450927
-637.254943
-186.274520
88.235298
313.725494
637.254943
1284.313720
1872.549072
1480.392211
852.941162
323.529418
9.803922
-196.078430
-450.980407
-980.392150
-2009.803955
-1931.372558
-1352.941162
-676.470581
-196.078430
78.431373
313.725494
1411.764770
1901.960815
2078.431396
1529.411743
892.156860
343.137268
9.803922
-529.411804
-1137.254882
-1862.745117
-2176.470703
-1823.529418
-1186.274536
-539.215698
186.274520
401.960784
862.745117
1568.627441
1941.176513
2088.235351
1460.784301
774.509826
264.705902
-29.411766
-686.274536
-1392.156860
-1862.745117
-2127.450927
-931.372558
-372.549041
-39.215686
205.882354
480.392150
1019.607849
1764.705932
2127.450927
1960.784301
1274.509887
647.058837
196.078430
-78.431373
-303.921569
-647.058837
-1323.529418
-1960.784301
-2098.039306
-980.392150
-450.980407
-68.627449
156.862747
421.568634
941.176513
1617.647094
1950.980468
1333.333374
676.470581
205.882354
-78.431373
-333.333343
-666.666687
-1294.117675
-1911.764770
-2196.078369
-950.980407
-382.352935
-39.215686
186.274520
480.392150
1019.607849
1627.451049
1911.764770
1196.078491
578.431396
176.470596
-88.235298
-333.333343
-754.901977
-2058.823486
-2235.294189
-1617.647094
-892.156860
-372.549041
-29.411766
235.294128
1235.294189
1921.568603
2205.882324
1892.156860
1225.490234
529.411804
127.450981
-441.176483
-970.588256
-1686.274536
-2156.862792
-2058.823486
-1313.725463
-715.686279
68.627449
333.333343
735.294128
1411.764770
2068.627441
2225.490234
1627.451049
970.588256
460.784332
58.823532
-490.196075
-1058.823608
-1794.117675
-2215.686279
-1274.509887
-607.843139
-147.058822
127.450981
382.352935
852.941162
1529.411743
2107.843261
2215.686279
1509.803955
274.509796
-39.215686
-274.509796
-1313.725463
-2009.803955
-2245.098144
-1745.098022
-1000.000000
-509.803924
-98.039215
441.176483
970.588256
1568.627441
2098.039306
2029.411743
1392.156860
715.686279
-117.647064
-352.941192
-774.509826
-1411.764770
-2019.607910
-2254.902099
-1676.470581
-303.921569
19.607843
245.098037
509.803924
1058.823608
1656.862792
2088.235351
1117.647094
490.196075
107.843139
-127.450981
-392.156860
-892.156860
-1558.823608
-2137.254882
-1343.137329
-754.901977
-245.098037
29.411766
274.509796
607.843139
1990.196166
2245.098144
1774.509887
1107.843139
460.784332
88.235298
-156.862747
-1000.000000
-1549.019653
-2078.431396
-2068.627441
-1441.176513
-705.882385
-254.901962
68.627449
303.921569
647.058837
1284.313720
1941.176513
2225.490234
1784.313720
1107.843139
480.392150
98.039215
-147.058822
-960.784301
-1617.647094
-2107.843261
-2098.039306
-1450.980468
-764.705871
-235.294128
333.333343
754.901977
1450.980468
2058.823486
2254.902099
1686.274536
990.196105
401.960784
49.019607
-166.666671
-1107.843139
-1637.254882
-2117.647216
-1970.588256
-1303.921630
-627.450988
-186.274520
421.568634
872.549011
1607.843139
2098.039306
2166.666748
1568.627441
882.352966
-58.823532
-294.117645
-617.647094
-1245.098022
-1931.372558
-2235.294189
-1803.921630
-421.568634
-68.627449
176.470596
431.372558
941.176513
1607.843139
2088.235351
2088.235351
1450.980468
774.509826
-117.647064
-333.333343
-745.098083
-1362.745117
-2049.019531
-2294.117675
-1598.039184
-303.921569
0.000000
196.078430
490.196075
1039.215698
1774.509887
2147.058837
1294.117675
617.647094
166.666671
-117.647064
-323.529418
-794.117675
-1509.803955
-2225.490234
-1588.235351
-843.137268
-274.509796
0.000000
186.274520
490.196075
1794.117675
2196.078369
1980.392211
1303.921630
607.843139
166.666671
-107.843139
-892.156860
-1627.451049
-2156.862792
-2137.254882
-1382.353027
-794.117675
-264.705902
294.117645
676.470581
1362.745117
1901.960815
2049.019531
1656.862792
1019.607849
421.568634
78.431373
-156.862747
-431.372558
-872.549011
-1568.627441
-2019.607910
-2068.627441
-1480.392211
-813.725524
-274.509796
352.941192
725.490234
1392.156860
1980.392211
2245.098144
1715.686279
1009.803955
0.000000
-215.686279
-480.392150
-1039.215698
-1774.509887
-2068.627441
-1941.176513
-539.215698
-147.058822
98.039215
333.333343
774.509826
1441.176513
2049.019531
1607.843139
931.372558
333.333343
-9.803922
-205.882354
-490.196075
-1068.627441
-2117.647216
-1784.313720
-1215.686279
-568.627441
-147.058822
117.647064
352.941192
1529.411743
2029.411743
2058.823486
1450.980468
794.117675
254.901962
-49.019607
-666.666687
-1372.549072
-1862.745117
-2156.862792
-1725.490234
-1068.627441
-29.411766
186.274520
470.588256
980.392150
1627.451049
1990.196166
1980.392211
539.215698
127.450981
-107.843139
-362.745117
-784.313720
-1460.784301
-1911.764770
-1460.784301
-823.529418
-294.117645
9.803922
235.294128
519.607849
1147.058837
